0 80
1 2
2 650
3 590
4 906
5 601
6 886
7 925
8 381
9 685
10 850
11 147
12 738
13 942
14 797
15 198
16 264
17 180
18 81
19 693
20 282
21 668
22 720
23 121
24 671
25 585
26 987
27 257
28 906
29 648
30 87
31 372
32 947
33 528
34 335
35 72
36 763
37 827
38 456
39 400
40 860
41 663
42 68
43 74
44 838
45 685
46 157
47 345
48 803
49 799
50 157
51 438
52 999
53 130
54 15
55 336
56 940
57 459
58 370
59 143
60 625
61 21
62 614
63 379
64 678
65 253
66 433
67 797
68 444
69 41
70 883
71 798
72 609
73 196
74 509
75 960
76 570
77 979
78 717
79 364
80 285
81 115
82 720
83 763
84 898
85 581
86 489
87 464
88 608
89 837
90 414
91 103
92 512
93 749
94 365
95 292
96 885
97 979
98 385
99 483
100 589
101 732
102 998
103 857
104 326
105 646
106 760
107 765
108 93
109 485
110 333
111 966
112 497
113 548
114 998
115 701
116 646
117 287
118 860
119 133
120 804
121 545
122 378
123 430
124 105
125 265
126 202
127 306
128 503
129 378
130 158
131 99
132 807
133 210
134 804
135 944
136 306
137 462
138 310
139 273
140 952
141 999
142 724
143 440
144 520
145 246
146 188
147 326
148 598
149 711
150 193
151 768
152 13
153 61
154 294
155 174
156 141
157 407
158 260
159 696
160 357
161 627
162 951
163 593
164 182
165 752
166 894
167 72
168 420
169 456
170 169
171 826
172 647
173 797
174 420
175 131
176 478
177 380
178 293
179 593
180 596
181 116
182 404
183 492
184 905
185 909
186 106
187 942
188 517
189 498
190 669
191 279
192 447
193 931
194 190
195 616
196 725
197 618
198 51
199 561
200 877
201 369
202 491
203 826
204 474
205 795
206 14
207 223
208 548
209 745
210 923
211 653
212 887
213 171
214 710
215 100
216 615
217 816
218 403
219 197
220 805
221 289
222 161
223 315
224 103
225 638
226 876
227 416
228 59
229 535
230 54
231 162
232 355
233 21
234 313
235 490
236 297
237 219
238 805
239 881
240 411
241 919
242 432
243 284
244 219
245 226
246 701
247 795
248 350
249 323
250 987
251 675
252 555
253 504
254 155
255 118
256 844
257 422
258 797
259 188
260 568
261 719
262 971
263 727
264 251
265 251
266 321
267 536
268 676
269 178
270 417
271 872
272 255
273 60
274 88
275 243
276 991
277 415
278 370
279 487
280 412
281 370
282 607
283 623
284 995
285 612
286 162
287 521
288 820
289 897
290 621
291 645
292 222
293 306
294 264
295 468
296 496
297 568
298 49
299 30
300 379
301 421
302 776
303 770
304 79
305 589
306 811
307 661
308 807
309 418
310 791
311 648
312 859
313 665
314 720
315 643
316 28
317 995
318 990
319 141
320 955
321 720
322 808
323 124
324 146
325 895
326 44
327 830
328 354
329 839
330 388
331 111
332 214
333 786
334 438
335 136
336 423
337 487
338 992
339 9
340 145
341 158
342 623
343 86
344 565
345 852
346 960
347 237
348 744
349 155
350 590
351 813
352 209
353 865
354 79
355 291
356 680
357 804
358 837
359 544
360 845
361 369
362 472
363 203
364 366
365 583
366 930
367 229
368 88
369 554
370 519
371 182
372 73
373 504
374 633
375 675
376 891
377 754
378 614
379 901
380 718
381 196
382 278
383 67
384 770
385 889
386 513
387 455
388 849
389 549
390 463
391 722
392 209
393 895
394 108
395 139
396 292
397 966
398 243
399 543
400 289
401 745
402 303
403 989
404 842
405 768
406 629
407 537
408 51
409 8
410 329
411 14
412 944
413 997
414 669
415 814
416 51
417 460
418 457
419 641
420 173
421 716
422 651
423 930
424 600
425 525
426 622
427 52
428 1
429 338
430 749
431 859
432 998
433 490
434 684
435 526
436 35
437 742
438 737
439 719
440 975
441 251
442 949
443 627
444 683
445 546
446 88
447 928
448 800
449 462
450 613
451 992
452 399
453 931
454 832
455 553
456 40
457 771
458 461
459 187
460 657
461 978
462 321
463 182
464 580
465 834
466 200
467 565
468 316
469 913
470 703
471 681
472 468
473 890
474 494
475 235
476 772
477 480
478 884
479 896
480 464
481 672
482 215
483 927
484 890
485 365
486 314
487 507
488 970
489 359
490 512
491 537
492 679
493 87
494 330
495 16
496 911
497 360
498 368
499 936
500 135
501 62
502 970
503 443
504 546
505 892
506 669
507 391
508 555
509 55
510 749
511 803
512 123
513 357
514 161
515 867
516 132
517 655
518 618
519 529
520 81
521 562
522 555
523 801
524 952
525 995
526 1
527 519
528 813
529 305
530 974
531 281
532 435
533 530
534 279
535 347
536 422
537 74
538 943
539 219
540 69
541 120
542 901
543 932
544 689
545 236
546 164
547 270
548 994
549 43
550 133
551 620
552 892
553 931
554 536
555 616
556 837
557 139
558 616
559 449
560 665
561 826
562 107
563 702
564 717
565 330
566 625
567 663
568 743
569 440
570 953
571 393
572 296
573 19
574 91
575 316
576 304
577 451
578 282
579 68
580 579
581 544
582 618
583 704
584 263
585 371
586 827
587 100
588 557
589 375
590 760
591 575
592 288
593 343
594 671
595 286
596 674
597 463
598 878
599 930
600 795
601 469
602 914
603 602
604 532
605 94
606 137
607 315
608 398
609 454
610 195
611 75
612 471
613 952
614 473
615 77
616 75
617 926
618 710
619 719
620 724
621 282
622 264
623 967
624 510
625 694
626 139
627 513
628 645
629 400
630 170
631 630
632 87
633 0
634 106
635 179
636 966
637 947
638 134
639 406
640 477
641 83
642 839
643 37
644 294
645 14
646 428
647 64
648 935
649 608
650 145
651 481
652 69
653 886
654 450
655 87
656 643
657 658
658 455
659 188
660 867
661 189
662 962
663 810
664 452
665 361
666 76
667 402
668 395
669 769
670 879
671 40
672 267
673 796
674 41
675 8
676 380
677 46
678 500
679 157
680 265
681 658
682 544
683 668
684 162
685 421
686 593
687 493
688 797
689 39
690 962
691 45
692 930
693 671
694 259
695 907
696 392
697 474
698 312
699 137
700 431
701 372
702 981
703 375
704 300
705 754
706 306
707 321
708 962
709 236
710 42
711 402
712 862
713 141
714 277
715 37
716 865
717 540
718 878
719 235
720 943
721 194
722 276
723 538
724 344
725 139
726 46
727 410
728 862
729 919
730 623
731 930
732 889
733 448
734 363
735 349
736 558
737 849
738 949
739 220
740 210
741 144
742 573
743 424
744 633
745 808
746 692
747 905
748 615
749 795
750 290
751 724
752 593
753 312
754 570
755 20
756 188
757 600
758 197
759 844
760 193
761 688
762 593
763 20
764 67
765 687
766 855
767 587
768 40
769 79
770 529
771 337
772 128
773 605
774 182
775 702
776 691
777 674
778 317
779 819
780 679
781 785
782 806
783 715
784 876
785 857
786 908
787 781
788 930
789 331
790 133
791 310
792 337
793 629
794 746
795 938
796 720
797 835
798 647
799 483
800 740
801 988
802 995
803 919
804 842
805 126
806 61
807 678
808 613
809 0
810 621
811 468
812 562
813 957
814 761
815 829
816 348
817 902
818 128
819 147
820 7
821 229
822 473
823 44
824 689
825 231
826 160
827 987
828 898
829 78
830 277
831 667
832 327
833 238
834 538
835 254
836 283
837 656
838 969
839 974
840 979
841 539
842 604
843 997
844 533
845 646
846 292
847 422
848 345
849 67
850 741
851 376
852 602
853 182
854 514
855 909
856 414
857 768
858 638
859 983
860 429
861 60
862 602
863 483
864 589
865 551
866 525
867 903
868 738
869 392
870 400
871 237
872 201
873 589
874 862
875 687
876 792
877 418
878 599
879 298
880 454
881 830
882 232
883 925
884 254
885 241
886 788
887 860
888 480
889 363
890 546
891 159
892 770
893 412
894 599
895 640
896 262
897 137
898 0
899 395
900 302
901 844
902 290
903 959
904 890
905 94
906 851
907 610
908 180
909 333
910 82
911 76
912 510
913 578
914 988
915 967
916 481
917 174
918 818
919 868
920 796
921 615
922 969
923 214
924 1
925 440
926 386
927 629
928 360
929 569
930 253
931 805
932 604
933 977
934 220
935 262
936 871
937 569
938 22
939 213
940 150
941 408
942 170
943 700
944 739
945 853
946 931
947 962
948 472
949 512
950 245
951 776
952 909
953 125
954 39
955 514
956 484
957 753
958 512
959 477
960 588
961 998
962 560
963 306
964 560
965 21
966 74
967 716
968 300
969 933
970 62
971 286
972 836
973 234
974 172
975 550
976 168
977 222
978 973
979 427
980 399
981 179
982 222
983 516
984 53
985 346
986 450
987 635
988 124
989 234
990 565
991 801
992 117
993 725
994 861
995 824
996 581
997 148
998 315
999 540
1000 348
1001 151
1002 593
1003 575
1004 676
1005 795
1006 962
1007 560
1008 402
1009 500
1010 807
1011 608
1012 252
1013 840
1014 650
1015 970
1016 526
1017 212
1018 350
1019 69
1020 485
1021 727
1022 653
1023 860
1024 910
1025 995
1026 900
1027 338
1028 997
1029 630
1030 115
1031 321
1032 253
1033 34
1034 491
1035 744
1036 103
1037 821
1038 707
1039 292
1040 246
1041 513
1042 500
1043 865
1044 33
1045 564
1046 712
1047 714
1048 127
1049 806
1050 773
1051 888
1052 387
1053 733
1054 922
1055 614
1056 686
1057 639
1058 369
1059 803
1060 661
1061 805
1062 587
1063 208
1064 265
1065 64
1066 522
1067 301
1068 54
1069 807
1070 993
1071 571
1072 627
1073 696
1074 658
1075 345
1076 455
1077 695
1078 567
1079 840
1080 866
1081 433
1082 631
1083 62
1084 166
1085 781
1086 584
1087 448
1088 533
1089 117
1090 287
1091 420
1092 805
1093 410
1094 768
1095 939
1096 994
1097 180
1098 789
1099 753
1100 682
1101 935
1102 3
1103 601
1104 932
1105 456
1106 883
1107 650
1108 220
1109 379
1110 792
1111 937
1112 229
1113 589
1114 909
1115 171
1116 749
1117 119
1118 985
1119 800
1120 532
1121 211
1122 887
1123 929
1124 744
1125 507
1126 538
1127 900
1128 965
1129 923
1130 328
1131 447
1132 875
1133 429
1134 250
1135 957
1136 168
1137 963
1138 404
1139 703
1140 679
1141 746
1142 84
1143 974
1144 236
1145 239
1146 780
1147 28
1148 283
1149 457
1150 365
1151 520
1152 539
1153 592
1154 770
1155 744
1156 604
1157 878
1158 658
1159 902
1160 554
1161 265
1162 321
1163 638
1164 643
1165 850
1166 666
1167 236
1168 550
1169 7
1170 143
1171 985
1172 783
1173 605
1174 252
1175 148
1176 793
1177 217
1178 240
1179 817
1180 944
1181 824
1182 745
1183 81
1184 709
1185 878
1186 531
1187 691
1188 935
1189 697
1190 787
1191 220
1192 112
1193 341
1194 725
1195 128
1196 864
1197 311
1198 627
1199 133
1200 265
1201 697
1202 704
1203 793
1204 201
1205 108
1206 141
1207 542
1208 318
1209 319
1210 558
1211 56
1212 595
1213 302
1214 500
1215 630
1216 507
1217 391
1218 738
1219 273
1220 473
1221 947
1222 865
1223 600
1224 97
1225 61
1226 380
1227 99
1228 516
1229 191
1230 53
1231 828
1232 560
1233 72
1234 780
1235 56
1236 767
1237 648
1238 338
1239 543
1240 696
1241 928
1242 189
1243 547
1244 609
1245 397
1246 882
1247 745
1248 131
1249 681
1250 120
1251 287
1252 197
1253 60
1254 782
1255 961
1256 314
1257 26
1258 174
1259 988
1260 777
1261 683
1262 938
1263 922
1264 322
1265 55
1266 307
1267 739
1268 923
1269 239
1270 698
1271 207
1272 904
1273 93
1274 976
1275 151
1276 851
1277 877
1278 45
1279 104
1280 629
1281 290
1282 603
1283 675
1284 491
1285 223
1286 898
1287 82
1288 148
1289 891
1290 329
1291 773
1292 384
1293 652
1294 866
1295 879
1296 609
1297 960
1298 869
1299 829
1300 191
1301 135
1302 581
1303 782
1304 281
1305 348
1306 402
1307 194
1308 395
1309 961
1310 179
1311 105
1312 70
1313 550
1314 662
1315 472
1316 990
1317 682
1318 255
1319 212
1320 406
1321 399
1322 123
1323 146
1324 54
1325 53
1326 78
1327 659
1328 118
1329 718
1330 600
1331 600
1332 236
1333 104
1334 616
1335 530
1336 456
1337 891
1338 781
1339 224
1340 20
1341 73
1342 669
1343 202
1344 851
1345 341
1346 984
1347 254
1348 673
1349 644
1350 825
1351 484
1352 65
1353 431
1354 389
1355 62
1356 166
1357 93
1358 653
1359 721
1360 445
1361 868
1362 125
1363 956
1364 942
1365 806
1366 223
1367 458
1368 325
1369 967
1370 714
1371 272
1372 300
1373 901
1374 252
1375 329
1376 273
1377 960
1378 606
1379 562
1380 328
1381 844
1382 120
1383 503
1384 508
1385 646
1386 691
1387 766
1388 900
1389 775
1390 45
1391 242
1392 108
1393 413
1394 474
1395 475
1396 70
1397 101
1398 496
1399 720
1400 432
1401 335
1402 973
1403 201
1404 582
1405 56
1406 359
1407 404
1408 57
1409 482
1410 112
1411 414
1412 361
1413 675
1414 159
1415 926
1416 605
1417 48
1418 122
1419 218
1420 516
1421 379
1422 832
1423 805
1424 608
1425 547
1426 834
1427 183
1428 66
1429 63
1430 26
1431 2
1432 479
1433 129
1434 720
1435 192
1436 935
1437 107
1438 438
1439 97
1440 349
1441 34
1442 846
1443 849
1444 735
1445 189
1446 88
1447 416
1448 622
1449 500
1450 390
1451 611
1452 322
1453 241
1454 634
1455 246
1456 183
1457 143
1458 631
1459 129
1460 880
1461 87
1462 392
1463 101
1464 804
1465 640
1466 156
1467 846
1468 262
1469 336
1470 791
1471 123
1472 356
1473 290
1474 319
1475 575
1476 750
1477 890
1478 291
1479 553
1480 147
1481 199
1482 486
1483 764
1484 419
1485 232
1486 408
1487 15
1488 717
1489 243
1490 952
1491 22
1492 561
1493 489
1494 652
1495 809
1496 304
1497 71
1498 374
1499 617
1500 823
1501 741
1502 251
1503 199
1504 137
1505 765
1506 701
1507 609
1508 799
1509 771
1510 217
1511 811
1512 986
1513 545
1514 761
1515 345
1516 204
1517 791
1518 509
1519 834
1520 513
1521 389
1522 998
1523 941
1524 59
1525 565
1526 40
1527 836
1528 806
1529 486
1530 565
1531 641
1532 314
1533 573
1534 757
1535 589
1536 963
1537 204
1538 844
1539 944
1540 520
1541 827
1542 110
1543 711
1544 584
1545 65
1546 209
1547 983
1548 214
1549 415
1550 3
1551 72
1552 150
1553 461
1554 131
1555 695
1556 278
1557 919
1558 591
1559 360
1560 3
1561 76
1562 698
1563 219
1564 207
1565 163
1566 256
1567 44
1568 290
1569 175
1570 962
1571 283
1572 256
1573 699
1574 486
1575 654
1576 499
1577 844
1578 518
1579 166
1580 820
1581 256
1582 316
1583 706
1584 197
1585 996
1586 316
1587 875
1588 617
1589 400
1590 360
1591 641
1592 64
1593 541
1594 46
1595 405
1596 57
1597 899
1598 319
1599 683
1600 567
1601 420
1602 107
1603 355
1604 993
1605 852
1606 247
1607 1
1608 767
1609 594
1610 994
1611 123
1612 579
1613 729
1614 982
1615 925
1616 568
1617 39
1618 360
1619 320
1620 14
1621 802
1622 443
1623 802
1624 294
1625 694
1626 147
1627 288
1628 320
1629 510
1630 587
1631 305
1632 942
1633 412
1634 283
1635 77
1636 22
1637 655
1638 814
1639 137
1640 705
1641 779
1642 895
1643 504
1644 115
1645 494
1646 518
1647 179
1648 182
1649 144
1650 977
1651 922
1652 633
1653 810
1654 458
1655 536
1656 834
1657 201
1658 546
1659 296
1660 237
1661 777
1662 186
1663 564
1664 286
1665 477
1666 712
1667 776
1668 170
1669 79
1670 552
1671 861
1672 996
1673 762
1674 409
1675 957
1676 772
1677 866
1678 128
1679 732
1680 507
1681 347
1682 379
1683 632
1684 228
1685 240
1686 73
1687 992
1688 189
1689 702
1690 220
1691 940
1692 152
1693 965
1694 974
1695 71
1696 60
1697 353
1698 286
1699 533
1700 470
1701 395
1702 704
1703 445
1704 503
1705 900
1706 679
1707 220
1708 111
1709 897
1710 396
1711 538
1712 777
1713 146
1714 35
1715 382
1716 293
1717 724
1718 792
1719 924
1720 275
1721 779
1722 265
1723 748
1724 299
1725 156
1726 987
1727 339
1728 385
1729 694
1730 137
1731 995
1732 894
1733 506
1734 726
1735 51
1736 890
1737 161
1738 716
1739 438
1740 723
1741 396
1742 523
1743 688
1744 983
1745 559
1746 874
1747 365
1748 553
1749 494
1750 941
1751 736
1752 403
1753 265
1754 808
1755 962
1756 990
1757 373
1758 65
1759 227
1760 13
1761 897
1762 886
1763 639
1764 893
1765 904
1766 32
1767 10
1768 64
1769 241
1770 263
1771 617
1772 341
1773 834
1774 596
1775 279
1776 940
1777 109
1778 275
1779 665
1780 782
1781 518
1782 863
1783 289
1784 878
1785 218
1786 336
1787 559
1788 226
1789 213
1790 932
1791 857
1792 93
1793 544
1794 335
1795 808
1796 466
1797 719
1798 922
1799 727
1800 941
1801 5
1802 605
1803 652
1804 435
1805 973
1806 81
1807 872
1808 813
1809 68
1810 737
1811 127
1812 835
1813 195
1814 408
1815 363
1816 528
1817 467
1818 533
1819 788
1820 277
1821 681
1822 697
1823 818
1824 13
1825 370
1826 963
1827 94
1828 289
1829 130
1830 551
1831 838
1832 223
1833 641
1834 376
1835 529
1836 993
1837 782
1838 892
1839 697
1840 233
1841 456
1842 846
1843 560
1844 416
1845 681
1846 253
1847 167
1848 94
1849 171
1850 827
1851 923
1852 357
1853 332
1854 954
1855 773
1856 920
1857 54
1858 320
1859 593
1860 797
1861 459
1862 466
1863 82
1864 696
1865 895
1866 132
1867 550
1868 734
1869 141
1870 825
1871 314
1872 202
1873 409
1874 260
1875 630
1876 102
1877 358
1878 555
1879 299
1880 710
1881 819
1882 97
1883 8
1884 893
1885 54
1886 673
1887 52
1888 834
1889 83
1890 830
1891 921
1892 432
1893 347
1894 840
1895 607
1896 975
1897 940
1898 473
1899 946
1900 741
1901 70
1902 796
1903 665
1904 633
1905 173
1906 241
1907 802
1908 219
1909 855
1910 706
1911 658
1912 165
1913 967
1914 109
1915 987
1916 615
1917 340
1918 816
1919 642
1920 230
1921 236
1922 446
1923 988
1924 205
1925 113
1926 185
1927 604
1928 4
1929 890
1930 274
1931 334
1932 562
1933 785
1934 819
1935 612
1936 109
1937 244
1938 405
1939 477
1940 65
1941 827
1942 779
1943 914
1944 138
1945 436
1946 217
1947 87
1948 559
1949 870
1950 708
1951 909
1952 627
1953 273
1954 238
1955 399
1956 133
1957 913
1958 448
1959 250
1960 278
1961 756
1962 106
1963 219
1964 837
1965 912
1966 961
1967 631
1968 770
1969 132
1970 373
1971 954
1972 831
1973 242
1974 292
1975 214
1976 414
1977 880
1978 772
1979 529
1980 224
1981 303
1982 782
1983 355
1984 880
1985 977
1986 875
1987 295
1988 522
1989 843
1990 194
1991 571
1992 28
1993 192
1994 880
1995 607
1996 65
1997 361
1998 308
1999 440
2000 462
2001 77
2002 776
2003 299
2004 46
2005 470
2006 940
2007 402
2008 974
2009 501
2010 38
2011 917
2012 972
2013 463
2014 520
2015 751
2016 794
2017 939
2018 978
2019 167
2020 648
2021 181
2022 568
2023 833
2024 685
2025 155
2026 650
2027 351
2028 80
2029 189
2030 686
2031 48
2032 400
2033 548
2034 324
2035 915
2036 683
2037 552
2038 142
2039 927
2040 616
2041 795
2042 93
2043 825
2044 581
2045 45
2046 175
2047 169
2048 385
2049 33
2050 630
2051 979
2052 609
2053 47
2054 384
2055 354
2056 267
2057 968
2058 658
2059 91
2060 673
2061 232
2062 582
2063 2
2064 428
2065 842
2066 123
2067 170
2068 420
2069 555
2070 594
2071 182
2072 788
2073 241
2074 515
2075 34
2076 364
2077 655
2078 586
2079 744
2080 862
2081 123
2082 360
2083 50
2084 947
2085 503
2086 446
2087 423
2088 391
2089 90
2090 78
2091 843
2092 971
2093 214
2094 222
2095 747
2096 328
2097 911
2098 603
2099 963
2100 611
2101 744
2102 583
2103 323
2104 623
2105 397
2106 5
2107 660
2108 771
2109 956
2110 286
2111 466
2112 795
2113 882
2114 508
2115 521
2116 499
2117 669
2118 408
2119 129
2120 190
2121 734
2122 38
2123 769
2124 578
2125 297
2126 714
2127 60
2128 848
2129 845
2130 190
2131 761
2132 708
2133 620
2134 555
2135 946
2136 905
2137 94
2138 520
2139 726
2140 468
2141 822
2142 837
2143 165
2144 621
2145 770
2146 83
2147 880
2148 183
2149 599
2150 739
2151 692
2152 45
2153 166
2154 408
2155 350
2156 891
2157 200
2158 53
2159 781
2160 982
2161 822
2162 176
2163 780
2164 539
2165 399
2166 422
2167 522
2168 754
2169 148
2170 951
2171 503
2172 682
2173 595
2174 873
2175 472
2176 853
2177 230
2178 72
2179 141
2180 692
2181 688
2182 571
2183 370
2184 966
2185 289
2186 429
2187 339
2188 799
2189 975
2190 696
2191 380
2192 796
2193 281
2194 335
2195 441
2196 141
2197 901
2198 326
2199 272
2200 494
2201 848
2202 11
2203 32
2204 777
2205 204
2206 716
2207 262
2208 491
2209 658
2210 905
2211 652
2212 576
2213 67
2214 729
2215 981
2216 450
2217 861
2218 97
2219 778
2220 72
2221 906
2222 111
2223 88
2224 20
2225 937
2226 797
2227 914
2228 592
2229 244
2230 405
2231 237
2232 133
2233 38
2234 485
2235 877
2236 693
2237 267
2238 907
2239 882
2240 157
2241 269
2242 646
2243 146
2244 906
2245 753
2246 919
2247 982
2248 154
2249 275
2250 188
2251 478
2252 663
2253 197
2254 562
2255 460
2256 224
2257 173
2258 755
2259 59
2260 892
2261 502
2262 701
2263 526
2264 106
2265 804
2266 497
2267 581
2268 204
2269 795
2270 670
2271 176
2272 185
2273 463
2274 779
2275 298
2276 302
2277 731
2278 316
2279 359
2280 225
2281 910
2282 57
2283 710
2284 808
2285 777
2286 672
2287 427
2288 970
2289 671
2290 555
2291 324
2292 722
2293 925
2294 409
2295 588
2296 605
2297 179
2298 469
2299 922
2300 93
2301 641
2302 593
2303 488
2304 629
2305 749
2306 382
2307 698
2308 353
2309 963
2310 101
2311 872
2312 361
2313 309
2314 132
2315 952
2316 987
2317 599
2318 989
2319 150
2320 939
2321 707
2322 641
2323 111
2324 865
2325 76
2326 56
2327 861
2328 528
2329 363
2330 839
2331 636
2332 904
2333 569
2334 936
2335 209
2336 300
2337 424
2338 101
2339 156
2340 335
2341 917
2342 162
2343 107
2344 338
2345 494
2346 429
2347 279
2348 889
2349 780
2350 334
2351 401
2352 140
2353 89
2354 103
2355 646
2356 293
2357 181
2358 387
2359 504
2360 943
2361 466
2362 889
2363 4
2364 413
2365 781
2366 147
2367 320
2368 726
2369 876
2370 430
2371 690
2372 455
2373 494
2374 586
2375 43
2376 368
2377 606
2378 709
2379 808
2380 147
2381 44
2382 949
2383 252
2384 100
2385 759
2386 204
2387 929
2388 468
2389 118
2390 807
2391 549
2392 286
2393 630
2394 93
2395 956
2396 345
2397 539
2398 468
2399 360
2400 899
2401 636
2402 556
2403 520
2404 908
2405 853
2406 893
2407 110
2408 973
2409 287
2410 696
2411 788
2412 980
2413 151
2414 812
2415 196
2416 123
2417 590
2418 156
2419 502
2420 821
2421 802
2422 349
2423 8
2424 279
2425 800
2426 591
2427 256
2428 764
2429 90
2430 878
2431 277
2432 950
2433 332
2434 692
2435 94
2436 426
2437 192
2438 184
2439 321
2440 540
2441 555
2442 607
2443 552
2444 721
2445 635
2446 103
2447 206
2448 438
2449 532
2450 799
2451 704
2452 233
2453 200
2454 373
2455 823
2456 648
2457 211
2458 863
2459 505
2460 623
2461 400
2462 66
2463 376
2464 159
2465 823
2466 955
2467 104
2468 238
2469 682
2470 264
2471 285
2472 59
2473 430
2474 716
2475 197
2476 754
2477 627
2478 148
2479 90
2480 371
2481 778
2482 181
2483 623
2484 416
2485 656
2486 170
2487 131
2488 900
2489 667
2490 131
2491 197
2492 467
2493 183
2494 124
2495 982
2496 305
2497 997
2498 452
2499 502
2500 958
2501 809
2502 305
2503 729
2504 552
2505 957
2506 844
2507 971
2508 159
2509 964
2510 779
2511 443
2512 589
2513 341
2514 244
2515 566
2516 388
2517 363
2518 460
2519 384
2520 899
2521 94
2522 923
2523 344
2524 960
2525 583
2526 464
2527 566
2528 657
2529 400
2530 882
2531 988
2532 830
2533 544
2534 359
2535 544
2536 547
2537 597
2538 556
2539 148
2540 138
2541 649
2542 382
2543 106
2544 175
2545 895
2546 588
2547 283
2548 717
2549 38
2550 592
2551 235
2552 105
2553 187
2554 99
2555 929
2556 885
2557 644
2558 755
2559 631
2560 217
2561 772
2562 982
2563 179
2564 949
2565 933
2566 384
2567 326
2568 773
2569 595
2570 904
2571 722
2572 424
2573 958
2574 767
2575 72
2576 317
2577 487
2578 74
2579 627
2580 57
2581 6
2582 190
2583 211
2584 717
2585 827
2586 584
2587 354
2588 600
2589 346
2590 20
2591 705
2592 400
2593 24
2594 735
2595 644
2596 367
2597 190
2598 139
2599 345
2600 607
2601 613
2602 443
2603 637
2604 867
2605 556
2606 317
2607 90
2608 909
2609 680
2610 873
2611 239
2612 52
2613 229
2614 198
2615 2
2616 629
2617 465
2618 251
2619 53
2620 192
2621 578
2622 759
2623 901
2624 580
2625 499
2626 851
2627 687
2628 704
2629 307
2630 99
2631 513
2632 496
2633 740
2634 642
2635 527
2636 127
2637 456
2638 52
2639 624
2640 104
2641 965
2642 676
2643 812
2644 86
2645 65
2646 680
2647 48
2648 757
2649 99
2650 198
2651 726
2652 965
2653 360
2654 276
2655 142
2656 167
2657 827
2658 36
2659 640
2660 406
2661 973
2662 440
2663 61
2664 936
2665 305
2666 377
2667 391
2668 763
2669 348
2670 184
2671 266
2672 758
2673 831
2674 589
2675 501
2676 660
2677 872
2678 865
2679 87
2680 208
2681 247
2682 905
2683 364
2684 224
2685 166
2686 613
2687 743
2688 923
2689 913
2690 373
2691 950
2692 139
2693 563
2694 336
2695 699
2696 564
2697 381
2698 465
2699 743
2700 46
2701 365
2702 713
2703 932
2704 274
2705 609
2706 57
2707 67
2708 370
2709 257
2710 762
2711 607
2712 315
2713 234
2714 972
2715 524
2716 771
2717 243
2718 10
2719 615
2720 271
2721 202
2722 428
2723 831
2724 56
2725 331
2726 126
2727 847
2728 40
2729 953
2730 821
2731 186
2732 911
2733 669
2734 444
2735 310
2736 549
2737 91
2738 990
2739 44
2740 271
2741 729
2742 261
2743 689
2744 928
2745 749
2746 676
2747 574
2748 100
2749 738
2750 734
2751 375
2752 983
2753 329
2754 194
2755 919
2756 881
2757 940
2758 63
2759 324
2760 730
2761 311
2762 764
2763 917
2764 287
2765 546
2766 691
2767 393
2768 785
2769 386
2770 225
2771 107
2772 344
2773 186
2774 822
2775 623
2776 336
2777 867
2778 239
2779 682
2780 312
2781 97
2782 752
2783 309
2784 268
2785 302
2786 647
2787 236
2788 449
2789 642
2790 427
2791 429
2792 508
2793 896
2794 310
2795 299
2796 144
2797 772
2798 389
2799 24
2800 660
2801 191
2802 232
2803 790
2804 715
2805 479
2806 470
2807 414
2808 826
2809 837
2810 884
2811 245
2812 29
2813 544
2814 907
2815 696
2816 858
2817 870
2818 969
2819 909
2820 906
2821 710
2822 518
2823 783
2824 469
2825 188
2826 924
2827 790
2828 807
2829 184
2830 480
2831 400
2832 939
2833 968
2834 331
2835 162
2836 834
2837 241
2838 588
2839 146
2840 741
2841 925
2842 639
2843 367
2844 164
2845 134
2846 85
2847 766
2848 897
2849 82
2850 348
2851 279
2852 197
2853 302
2854 472
2855 640
2856 666
2857 671
2858 16
2859 611
2860 783
2861 530
2862 47
2863 395
2864 22
2865 469
2866 381
2867 478
2868 809
2869 265
2870 732
2871 54
2872 140
2873 334
2874 299
2875 949
2876 710
2877 145
2878 12
2879 872
2880 295
2881 627
2882 230
2883 562
2884 650
2885 785
2886 630
2887 473
2888 886
2889 244
2890 721
2891 159
2892 275
2893 874
2894 272
2895 814
2896 97
2897 649
2898 281
2899 343
2900 843
2901 922
2902 889
2903 393
2904 36
2905 979
2906 352
2907 508
2908 167
2909 813
2910 213
2911 490
2912 831
2913 688
2914 891
2915 334
2916 303
2917 669
2918 223
2919 986
2920 1
2921 569
2922 400
2923 390
2924 526
2925 916
2926 889
2927 865
2928 988
2929 65
2930 711
2931 907
2932 34
2933 708
2934 587
2935 433
2936 82
2937 90
2938 262
2939 133
2940 984
2941 759
2942 916
2943 322
2944 337
2945 544
2946 973
2947 296
2948 882
2949 584
2950 752
2951 774
2952 324
2953 316
2954 777
2955 559
2956 949
2957 290
2958 219
2959 701
2960 158
2961 173
2962 660
2963 46
2964 357
2965 445
2966 215
2967 16
2968 586
2969 535
2970 870
2971 975
2972 694
2973 855
2974 761
2975 997
2976 975
2977 748
2978 404
2979 425
2980 738
2981 236
2982 992
2983 553
2984 206
2985 803
2986 957
2987 376
2988 229
2989 393
2990 522
2991 305
2992 43
2993 665
2994 63
2995 747
2996 619
2997 977
2998 453
2999 711
3000 789
3001 296
3002 32
3003 417
3004 578
3005 220
3006 484
3007 821
3008 677
3009 571
3010 324
3011 973
3012 724
3013 456
3014 592
3015 740
3016 558
3017 53
3018 692
3019 626
3020 775
3021 730
3022 4
3023 189
3024 984
3025 975
3026 383
3027 846
3028 638
3029 786
3030 372
3031 986
3032 277
3033 252
3034 950
3035 778
3036 467
3037 676
3038 949
3039 396
3040 602
3041 636
3042 426
3043 767
3044 258
3045 735
3046 409
3047 194
3048 329
3049 151
3050 94
3051 730
3052 332
3053 771
3054 230
3055 157
3056 173
3057 777
3058 811
3059 383
3060 335
3061 549
3062 358
3063 940
3064 14
3065 250
3066 860
3067 276
3068 479
3069 794
3070 102
3071 229
3072 668
3073 763
3074 269
3075 182
3076 375
3077 532
3078 345
3079 237
3080 353
3081 124
3082 417
3083 282
3084 281
3085 64
3086 183
3087 451
3088 386
3089 486
3090 879
3091 49
3092 319
3093 967
3094 263
3095 470
3096 604
3097 21
3098 635
3099 15
3100 541
3101 110
3102 383
3103 540
3104 657
3105 452
3106 674
3107 370
3108 922
3109 210
3110 811
3111 68
3112 180
3113 135
3114 11
3115 235
3116 740
3117 949
3118 373
3119 448
3120 66
3121 661
3122 435
3123 940
3124 454
3125 758
3126 494
3127 563
3128 866
3129 404
3130 866
3131 88
3132 250
3133 347
3134 598
3135 916
3136 170
3137 16
3138 430
3139 531
3140 948
3141 794
3142 808
3143 210
3144 112
3145 247
3146 342
3147 606
3148 834
3149 195
3150 311
3151 452
3152 460
3153 807
3154 110
3155 525
3156 545
3157 735
3158 360
3159 327
3160 111
3161 72
3162 476
3163 97
3164 32
3165 623
3166 324
3167 80
3168 363
3169 471
3170 445
3171 982
3172 798
3173 676
3174 211
3175 461
3176 143
3177 42
3178 676
3179 967
3180 401
3181 891
3182 902
3183 247
3184 413
3185 349
3186 166
3187 204
3188 701
3189 661
3190 906
3191 680
3192 351
3193 496
3194 263
3195 429
3196 366
3197 274
3198 549
3199 932
3200 89
3201 905
3202 833
3203 201
3204 360
3205 242
3206 880
3207 128
3208 682
3209 411
3210 758
3211 55
3212 904
3213 948
3214 383
3215 57
3216 126
3217 77
3218 383
3219 41
3220 787
3221 256
3222 727
3223 262
3224 692
3225 639
3226 612
3227 942
3228 381
3229 765
3230 77
3231 547
3232 367
3233 808
3234 793
3235 982
3236 632
3237 407
3238 862
3239 711
3240 128
3241 514
3242 870
3243 851
3244 394
3245 888
3246 429
3247 545
3248 847
3249 831
3250 469
3251 394
3252 31
3253 993
3254 412
3255 69
3256 271
3257 400
3258 594
3259 66
3260 606
3261 401
3262 645
3263 980
3264 686
3265 450
3266 449
3267 169
3268 523
3269 198
3270 92
3271 385
3272 662
3273 726
3274 15
3275 225
3276 301
3277 422
3278 482
3279 222
3280 481
3281 120
3282 317
3283 579
3284 900
3285 57
3286 382
3287 51
3288 387
3289 746
3290 415
3291 774
3292 81
3293 121
3294 884
3295 466
3296 276
3297 284
3298 628
3299 76
3300 873
3301 136
3302 176
3303 779
3304 395
3305 248
3306 55
3307 477
3308 301
3309 361
3310 963
3311 560
3312 127
3313 912
3314 944
3315 896
3316 363
3317 288
3318 464
3319 729
3320 31
3321 795
3322 442
3323 849
3324 710
3325 434
3326 114
3327 398
3328 247
3329 776
3330 711
3331 39
3332 170
3333 121
3334 175
3335 275
3336 33
3337 963
3338 545
3339 374
3340 818
3341 372
3342 912
3343 138
3344 1
3345 628
3346 718
3347 444
3348 203
3349 926
3350 738
3351 612
3352 750
3353 820
3354 572
3355 29
3356 800
3357 261
3358 444
3359 798
3360 305
3361 384
3362 743
3363 948
3364 501
3365 768
3366 243
3367 82
3368 225
3369 735
3370 594
3371 658
3372 65
3373 1
3374 361
3375 482
3376 852
3377 136
3378 135
3379 66
3380 635
3381 507
3382 74
3383 281
3384 150
3385 262
3386 713
3387 901
3388 855
3389 939
3390 875
3391 532
3392 75
3393 753
3394 110
3395 948
3396 658
3397 466
3398 274
3399 462
3400 488
3401 981
3402 34
3403 360
3404 0
3405 24
3406 846
3407 56
3408 912
3409 206
3410 927
3411 854
3412 911
3413 411
3414 56
3415 855
3416 910
3417 40
3418 777
3419 355
3420 39
3421 650
3422 851
3423 418
3424 678
3425 668
3426 875
3427 224
3428 308
3429 269
3430 139
3431 423
3432 863
3433 246
3434 128
3435 646
3436 935
3437 273
3438 831
3439 324
3440 995
3441 759
3442 897
3443 482
3444 212
3445 149
3446 132
3447 639
3448 28
3449 258
3450 787
3451 286
3452 641
3453 471
3454 222
3455 120
3456 788
3457 738
3458 52
3459 751
3460 416
3461 568
3462 731
3463 337
3464 107
3465 837
3466 659
3467 361
3468 439
3469 676
3470 7
3471 513
3472 355
3473 916
3474 548
3475 462
3476 162
3477 590
3478 898
3479 280
3480 646
3481 350
3482 412
3483 821
3484 552
3485 768
3486 695
3487 909
3488 527
3489 384
3490 971
3491 878
3492 651
3493 908
3494 371
3495 574
3496 192
3497 27
3498 619
3499 596
3500 508
3501 227
3502 234
3503 833
3504 384
3505 468
3506 744
3507 55
3508 675
3509 974
3510 198
3511 76
3512 403
3513 106
3514 942
3515 630
3516 814
3517 734
3518 572
3519 447
3520 154
3521 264
3522 572
3523 153
3524 401
3525 944
3526 367
3527 232
3528 520
3529 957
3530 205
3531 834
3532 419
3533 261
3534 552
3535 477
3536 66
3537 156
3538 663
3539 829
3540 618
3541 206
3542 872
3543 433
3544 54
3545 51
3546 441
3547 628
3548 428
3549 766
3550 193
3551 813
3552 734
3553 648
3554 224
3555 768
3556 964
3557 649
3558 379
3559 451
3560 627
3561 871
3562 988
3563 953
3564 447
3565 495
3566 410
3567 674
3568 629
3569 587
3570 303
3571 293
3572 121
3573 35
3574 356
3575 380
3576 602
3577 894
3578 215
3579 97
3580 225
3581 680
3582 590
3583 632
3584 842
3585 170
3586 254
3587 448
3588 52
3589 795
3590 950
3591 586
3592 386
3593 339
3594 557
3595 682
3596 470
3597 52
3598 103
3599 792
3600 418
3601 876
3602 909
3603 871
3604 78
3605 935
3606 4
3607 844
3608 302
3609 62
3610 43
3611 120
3612 574
3613 498
3614 723
3615 230
3616 668
3617 951
3618 948
3619 858
3620 27
3621 454
3622 97
3623 52
3624 319
3625 950
3626 662
3627 305
3628 645
3629 494
3630 32
3631 248
3632 700
3633 39
3634 491
3635 599
3636 539
3637 353
3638 296
3639 427
3640 741
3641 110
3642 845
3643 177
3644 444
3645 457
3646 936
3647 682
3648 450
3649 155
3650 929
3651 106
3652 425
3653 245
3654 291
3655 974
3656 827
3657 455
3658 637
3659 325
3660 305
3661 865
3662 280
3663 401
3664 151
3665 65
3666 658
3667 282
3668 84
3669 189
3670 250
3671 753
3672 556
3673 116
3674 972
3675 20
3676 914
3677 893
3678 172
3679 636
3680 439
3681 832
3682 400
3683 44
3684 928
3685 300
3686 382
3687 836
3688 236
3689 232
3690 628
3691 508
3692 935
3693 731
3694 461
3695 645
3696 767
3697 258
3698 9
3699 572
3700 934
3701 471
3702 126
3703 494
3704 352
3705 642
3706 107
3707 502
3708 885
3709 841
3710 523
3711 565
3712 370
3713 161
3714 772
3715 414
3716 163
3717 613
3718 883
3719 749
3720 740
3721 248
3722 666
3723 997
3724 414
3725 545
3726 415
3727 789
3728 491
3729 561
3730 13
3731 420
3732 53
3733 652
3734 753
3735 469
3736 615
3737 922
3738 836
3739 714
3740 306
3741 766
3742 943
3743 252
3744 454
3745 715
3746 448
3747 821
3748 439
3749 300
3750 300
3751 753
3752 836
3753 39
3754 737
3755 668
3756 482
3757 355
3758 908
3759 176
3760 929
3761 418
3762 632
3763 369
3764 959
3765 76
3766 182
3767 14
3768 54
3769 25
3770 759
3771 317
3772 416
3773 974
3774 981
3775 226
3776 557
3777 68
3778 188
3779 916
3780 539
3781 228
3782 941
3783 670
3784 722
3785 754
3786 389
3787 136
3788 9
3789 818
3790 528
3791 55
3792 331
3793 268
3794 919
3795 448
3796 208
3797 966
3798 381
3799 107