0 300
1 7
2 191
3 370
4 689
5 829
6 513
7 872
8 497
9 367
10 640
11 55
12 654
13 249
14 463
15 803
16 426
17 263
18 425
19 32
20 790
21 585
22 263
23 46
24 365
25 358
26 881
27 478
28 153
29 27
30 336
31 314
32 900
33 538
34 8
35 475
36 732
37 885
38 307
39 581
40 785
41 999
42 808
43 322
44 513
45 424
46 916
47 394
48 344
49 312
50 324
51 562
52 906
53 722
54 131
55 393
56 730
57 321
58 145
59 151
60 76
61 910
62 949
63 708
64 113
65 635
66 694
67 311
68 561
69 151
70 889
71 91
72 496
73 668
74 449
75 915
76 299
77 861
78 926
79 372
80 769
81 37
82 94
83 189
84 333
85 754
86 726
87 557
88 152
89 993
90 665
91 5
92 71
93 595
94 96
95 562
96 92
97 409
98 929
99 321
100 966
101 847
102 509
103 30
104 513
105 236
106 684
107 193
108 479
109 968
110 128
111 668
112 615
113 875
114 83
115 597
116 107
117 777
118 281
119 151
120 692
121 419
122 680
123 407
124 609
125 640
126 740
127 9
128 39
129 510
130 279
131 318
132 295
133 65
134 366
135 667
136 353
137 56
138 631
139 661
140 431
141 382
142 35
143 126
144 162
145 263
146 7
147 632
148 245
149 24
150 282
151 620
152 610
153 281
154 927
155 975
156 596
157 589
158 664
159 9
160 236
161 337
162 933
163 104
164 676
165 988
166 977
167 419
168 853
169 228
170 623
171 656
172 386
173 317
174 720
175 748
176 625
177 943
178 532
179 730
180 961
181 232
182 211
183 43
184 237
185 43
186 189
187 563
188 393
189 44
190 827
191 881
192 543
193 947
194 926
195 747
196 853
197 570
198 232
199 205
200 651
201 341
202 449
203 662
204 813
205 181
206 931
207 997
208 149
209 119
210 765
211 33
212 126
213 25
214 44
215 452
216 951
217 834
218 312
219 319
220 112
221 826
222 932
223 626
224 256
225 872
226 593
227 213
228 912
229 567
230 652
231 973
232 215
233 761
234 761
235 537
236 572
237 808
238 369
239 819
240 629
241 743
242 578
243 566
244 221
245 405
246 179
247 944
248 965
249 417
250 353
251 92
252 960
253 325
254 456
255 879
256 834
257 343
258 644
259 571
260 923
261 989
262 2
263 225
264 204
265 283
266 911
267 659
268 880
269 732
270 172
271 524
272 581
273 562
274 102
275 994
276 780
277 849
278 953
279 866
280 413
281 365
282 501
283 860
284 464
285 917
286 164
287 173
288 345
289 445
290 442
291 556
292 897
293 106
294 253
295 948
296 254
297 728
298 722
299 739
300 337
301 85
302 207
303 786
304 392
305 670
306 715
307 103
308 632
309 193
310 51
311 635
312 855
313 491
314 410
315 640
316 580
317 294
318 769
319 737
320 59
321 547
322 688
323 685
324 613
325 470
326 542
327 359
328 539
329 39
330 234
331 378
332 696
333 994
334 538
335 967
336 925
337 341
338 570
339 978
340 505
341 18
342 263
343 922
344 110
345 617
346 488
347 549
348 597
349 282
350 788
351 828
352 34
353 425
354 129
355 898
356 221
357 34
358 913
359 985
360 627
361 947
362 837
363 257
364 705
365 187
366 135
367 36
368 735
369 981
370 324
371 827
372 972
373 173
374 252
375 639
376 172
377 270
378 363
379 21
380 984
381 974
382 827
383 310
384 242
385 885
386 154
387 938
388 675
389 520
390 788
391 470
392 106
393 214
394 839
395 86
396 691
397 800
398 831
399 271
400 513
401 737
402 163
403 289
404 580
405 380
406 725
407 362
408 742
409 581
410 755
411 884
412 69
413 980
414 870
415 782
416 513
417 491
418 205
419 81
420 588
421 200
422 790
423 156
424 507
425 446
426 603
427 980
428 433
429 827
430 230
431 720
432 57
433 442
434 964
435 367
436 928
437 13
438 290
439 337
440 276
441 283
442 975
443 585
444 539
445 854
446 431
447 156
448 304
449 667
450 947
451 562
452 553
453 577
454 836
455 776
456 515
457 806
458 85
459 939
460 578
461 719
462 553
463 201
464 664
465 432
466 687
467 219
468 988
469 352
470 942
471 724
472 973
473 638
474 73
475 127
476 177
477 755
478 393
479 263
480 108
481 303
482 231
483 781
484 242
485 830
486 713
487 523
488 831
489 454
490 588
491 798
492 748
493 509
494 461
495 91
496 745
497 707
498 838
499 717
500 213
501 181
502 659
503 427
504 202
505 646
506 447
507 1
508 630
509 720
510 834
511 31
512 363
513 472
514 430
515 253
516 646
517 580
518 402
519 799
520 685
521 103
522 226
523 898
524 834
525 452
526 554
527 750
528 393
529 413
530 938
531 964
532 607
533 453
534 247
535 490
536 448
537 795
538 364
539 716
540 860
541 622
542 62
543 38
544 658
545 887
546 211
547 961
548 557
549 657
550 737
551 301
552 838
553 276
554 736
555 721
556 50
557 834
558 796
559 573
560 629
561 734
562 455
563 661
564 487
565 735
566 574
567 156
568 336
569 828
570 161
571 678
572 270
573 958
574 942
575 652
576 771
577 156
578 712
579 317
580 216
581 67
582 285
583 281
584 132
585 701
586 380
587 4
588 93
589 299
590 567
591 453
592 501
593 40
594 301
595 466
596 658
597 514
598 84
599 326
600 8
601 810
602 40
603 570
604 737
605 351
606 606
607 186
608 119
609 549
610 439
611 599
612 464
613 248
614 127
615 747
616 591
617 763
618 854
619 452
620 570
621 611
622 255
623 287
624 26
625 971
626 769
627 777
628 942
629 931
630 544
631 913
632 524
633 481
634 946
635 68
636 875
637 287
638 567
639 4
640 446
641 324
642 308
643 128
644 42
645 227
646 774
647 960
648 272
649 95
650 544
651 855
652 384
653 706
654 211
655 45
656 523
657 273
658 624
659 561
660 531
661 413
662 356
663 932
664 386
665 341
666 883
667 145
668 62
669 746
670 131
671 952
672 472
673 757
674 17
675 989
676 565
677 458
678 984
679 588
680 342
681 674
682 1
683 143
684 38
685 458
686 853
687 225
688 415
689 662
690 667
691 448
692 712
693 436
694 944
695 8
696 310
697 977
698 343
699 446
700 747
701 658
702 959
703 565
704 185
705 163
706 562
707 335
708 332
709 617
710 895
711 970
712 651
713 468
714 535
715 522
716 885
717 372
718 141
719 816
720 799
721 784
722 984
723 426
724 966
725 35
726 906
727 885
728 324
729 976
730 139
731 947
732 683
733 635
734 832
735 785
736 198
737 649
738 515
739 971
740 400
741 351
742 994
743 181
744 683
745 376
746 602
747 459
748 784
749 387
750 980
751 8
752 961
753 780
754 119
755 84
756 311
757 301
758 203
759 158
760 430
761 959
762 584
763 13
764 319
765 740
766 424
767 497
768 45
769 734
770 36
771 664
772 620
773 700
774 29
775 519
776 559
777 354
778 391
779 438
780 555
781 410
782 420
783 381
784 16
785 367
786 387
787 812
788 420
789 197
790 655
791 757
792 85
793 557
794 930
795 508
796 632
797 113
798 729
799 445
800 548
801 326
802 62
803 680
804 715
805 88
806 495
807 207
808 404
809 784
810 769
811 430
812 277
813 122
814 793
815 734
816 694
817 394
818 353
819 89
820 311
821 299
822 910
823 52
824 411
825 287
826 863
827 945
828 46
829 653
830 385
831 729
832 303
833 508
834 431
835 498
836 495
837 615
838 249
839 55
840 791
841 558
842 448
843 331
844 29
845 857
846 621
847 952
848 906
849 680
850 585
851 698
852 446
853 922
854 762
855 895
856 114
857 797
858 116
859 516
860 268
861 897
862 58
863 687
864 244
865 498
866 84
867 208
868 592
869 454
870 79
871 930
872 851
873 641
874 181
875 702
876 878
877 956
878 54
879 677
880 718
881 904
882 698
883 397
884 222
885 237
886 427
887 515
888 499
889 917
890 409
891 818
892 182
893 252
894 247
895 306
896 910
897 346
898 538
899 817
900 258
901 470
902 858
903 841
904 596
905 142
906 783
907 495
908 369
909 215
910 630
911 589
912 212
913 656
914 84
915 562
916 135
917 634
918 395
919 847
920 304
921 555
922 257
923 793
924 953
925 802
926 53
927 627
928 732
929 880
930 693
931 914
932 679
933 657
934 987
935 970
936 628
937 156
938 106
939 483
940 631
941 256
942 66
943 924
944 578
945 512
946 390
947 468
948 759
949 372
950 52
951 404
952 913
953 757
954 75
955 217
956 70
957 572
958 125
959 126
960 574
961 323
962 924
963 137
964 662
965 184
966 606
967 441
968 43
969 989
970 410
971 99
972 740
973 972
974 378
975 455
976 632
977 631
978 255
979 193
980 754
981 173
982 358
983 658
984 524
985 706
986 870
987 538
988 493
989 646
990 456
991 227
992 964
993 163
994 648
995 881
996 892
997 657
998 151
999 450
1000 686
1001 629
1002 935
1003 587
1004 845
1005 715
1006 584
1007 2
1008 111
1009 585
1010 775
1011 755
1012 494
1013 28
1014 460
1015 273
1016 862
1017 839
1018 37
1019 265
1020 246
1021 409
1022 171
1023 613
1024 716
1025 13
1026 215
1027 849
1028 903
1029 453
1030 99
1031 547
1032 894
1033 991
1034 657
1035 267
1036 161
1037 904
1038 521
1039 822
1040 798
1041 722
1042 279
1043 372
1044 158
1045 564
1046 170
1047 941
1048 535
1049 193
1050 51
1051 538
1052 897
1053 409
1054 315
1055 832
1056 948
1057 874
1058 409
1059 819
1060 686
1061 960
1062 87
1063 757
1064 157
1065 780
1066 916
1067 144
1068 973
1069 542
1070 220
1071 138
1072 870
1073 710
1074 578
1075 86
1076 59
1077 866
1078 710
1079 827
1080 893
1081 572
1082 134
1083 349
1084 958
1085 215
1086 625
1087 467
1088 287
1089 375
1090 557
1091 328
1092 513
1093 128
1094 271
1095 554
1096 693
1097 360
1098 294
1099 758
1100 389
1101 804
1102 228
1103 174
1104 515
1105 502
1106 606
1107 116
1108 329
1109 7
1110 166
1111 940
1112 981
1113 826
1114 642
1115 12
1116 893
1117 656
1118 554
1119 630
1120 261
1121 783
1122 322
1123 13
1124 317
1125 932
1126 883
1127 374
1128 502
1129 431
1130 408
1131 661
1132 429
1133 413
1134 540
1135 182
1136 911
1137 280
1138 677
1139 488
1140 608
1141 850
1142 629
1143 107
1144 525
1145 951
1146 384
1147 464
1148 503
1149 826
1150 723
1151 307
1152 573
1153 888
1154 885
1155 981
1156 20
1157 376
1158 41
1159 821
1160 882
1161 913
1162 339
1163 921
1164 435
1165 7
1166 15
1167 815
1168 40
1169 610
1170 279
1171 38
1172 851
1173 847
1174 839
1175 69
1176 47
1177 364
1178 763
1179 826
1180 102
1181 228
1182 872
1183 627
1184 29
1185 406
1186 118
1187 194
1188 563
1189 122
1190 526
1191 973
1192 662
1193 865
1194 774
1195 716
1196 64
1197 574
1198 285
1199 290
1200 708
1201 18
1202 884
1203 15
1204 299
1205 410
1206 592
1207 177
1208 361
1209 317
1210 946
1211 363
1212 285
1213 509
1214 835
1215 752
1216 813
1217 823
1218 429
1219 169
1220 453
1221 634
1222 837
1223 106
1224 661
1225 884
1226 862
1227 51
1228 630
1229 389
1230 598
1231 620
1232 811
1233 186
1234 491
1235 120
1236 650
1237 44
1238 675
1239 506
1240 330
1241 953
1242 1
1243 759
1244 351
1245 698
1246 155
1247 958
1248 886
1249 204
1250 820
1251 278
1252 602
1253 561
1254 567
1255 21
1256 119
1257 511
1258 382
1259 277
1260 527
1261 267
1262 871
1263 717
1264 880
1265 808
1266 520
1267 397
1268 232
1269 841
1270 405
1271 176
1272 21
1273 937
1274 741
1275 608
1276 491
1277 263
1278 690
1279 621
1280 77
1281 839
1282 863
1283 725
1284 972
1285 872
1286 58
1287 243
1288 892
1289 991
1290 532
1291 196
1292 466
1293 648
1294 259
1295 504
1296 895
1297 246
1298 90
1299 654
1300 701
1301 724
1302 649
1303 244
1304 220
1305 660
1306 130
1307 730
1308 42
1309 267
1310 88
1311 280
1312 627
1313 94
1314 759
1315 375
1316 963
1317 382
1318 767
1319 423
1320 484
1321 142
1322 351
1323 814
1324 962
1325 378
1326 692
1327 705
1328 325
1329 432
1330 454
1331 1
1332 238
1333 288
1334 771
1335 986
1336 952
1337 775
1338 586
1339 555
1340 377
1341 940
1342 600
1343 943
1344 649
1345 895
1346 953
1347 489
1348 221
1349 375
1350 277
1351 617
1352 903
1353 179
1354 554
1355 886
1356 871
1357 966
1358 624
1359 201
1360 68
1361 280
1362 984
1363 725
1364 1
1365 831
1366 196
1367 851
1368 643
1369 958
1370 624
1371 768
1372 211
1373 819
1374 470
1375 502
1376 179
1377 724
1378 516
1379 494
1380 835
1381 237
1382 463
1383 676
1384 630
1385 264
1386 687
1387 562
1388 232
1389 741
1390 905
1391 42
1392 765
1393 626
1394 264
1395 0
1396 296
1397 593
1398 548
1399 393
1400 872
1401 143
1402 95
1403 430
1404 863
1405 506
1406 722
1407 264
1408 401
1409 520
1410 787
1411 557
1412 410
1413 206
1414 925
1415 73
1416 400
1417 939
1418 621
1419 306
1420 564
1421 610
1422 669
1423 716
1424 419
1425 395
1426 889
1427 736
1428 547
1429 171
1430 23
1431 545
1432 475
1433 437
1434 251
1435 589
1436 654
1437 95
1438 831
1439 38
1440 744
1441 606
1442 256
1443 360
1444 66
1445 798
1446 862
1447 185
1448 509
1449 174
1450 324
1451 384
1452 884
1453 100
1454 377
1455 462
1456 618
1457 756
1458 195
1459 147
1460 412
1461 605
1462 824
1463 743
1464 259
1465 85
1466 496
1467 424
1468 806
1469 890
1470 344
1471 846
1472 125
1473 991
1474 125
1475 756
1476 325
1477 850
1478 291
1479 448
1480 484
1481 477
1482 144
1483 387
1484 369
1485 978
1486 754
1487 80
1488 492
1489 895
1490 32
1491 130
1492 944
1493 674
1494 894
1495 823
1496 929
1497 85
1498 941
1499 695
1500 224
1501 524
1502 577
1503 649
1504 770
1505 914
1506 498
1507 768
1508 83
1509 412
1510 395
1511 610
1512 421
1513 632
1514 539
1515 315
1516 394
1517 584
1518 391
1519 844
1520 841
1521 514
1522 89
1523 353
1524 763
1525 759
1526 538
1527 80
1528 719
1529 228
1530 719
1531 585
1532 568
1533 38
1534 534
1535 851
1536 186
1537 49
1538 815
1539 115
1540 863
1541 729
1542 34
1543 262
1544 451
1545 810
1546 954
1547 677
1548 484
1549 437
1550 737
1551 778
1552 47
1553 910
1554 404
1555 633
1556 228
1557 872
1558 972
1559 305
1560 738
1561 448
1562 173
1563 928
1564 222
1565 544
1566 548
1567 670
1568 236
1569 195
1570 923
1571 983
1572 839
1573 273
1574 472
1575 446
1576 997
1577 64
1578 736
1579 910
1580 876
1581 975
1582 938
1583 210
1584 750
1585 646
1586 646
1587 65
1588 783
1589 406
1590 881
1591 202
1592 461
1593 410
1594 6
1595 778
1596 8
1597 314
1598 0
1599 176
1600 436
1601 250
1602 576
1603 466
1604 70
1605 832
1606 47
1607 703
1608 265
1609 797
1610 40
1611 717
1612 586
1613 935
1614 224
1615 800
1616 195
1617 747
1618 101
1619 22
1620 366
1621 275
1622 421
1623 80
1624 761
1625 473
1626 841
1627 494
1628 101
1629 291
1630 72
1631 539
1632 193
1633 229
1634 558
1635 430
1636 846
1637 905
1638 278
1639 996
1640 949
1641 734
1642 309
1643 771
1644 203
1645 866
1646 896
1647 320
1648 557
1649 136
1650 565
1651 946
1652 218
1653 828
1654 115
1655 647
1656 17
1657 185
1658 176
1659 999
1660 314
1661 34
1662 246
1663 405
1664 952
1665 181
1666 325
1667 19
1668 437
1669 54
1670 312
1671 263
1672 454
1673 580
1674 374
1675 462
1676 702
1677 664
1678 902
1679 20
1680 822
1681 355
1682 530
1683 325
1684 610
1685 611
1686 572
1687 195
1688 812
1689 848
1690 212
1691 264
1692 81
1693 355
1694 971
1695 373
1696 1
1697 21
1698 865
1699 372
1700 400
1701 365
1702 221
1703 393
1704 847
1705 847
1706 653
1707 505
1708 392
1709 45
1710 734
1711 158
1712 842
1713 930
1714 253
1715 267
1716 698
1717 692
1718 273
1719 247
1720 773
1721 671
1722 466
1723 432
1724 612
1725 989
1726 943
1727 110
1728 748
1729 284
1730 202
1731 568
1732 206
1733 73
1734 998
1735 587
1736 152
1737 635
1738 848
1739 181
1740 78
1741 671
1742 164
1743 923
1744 828
1745 216
1746 167
1747 261
1748 290
1749 220
1750 59
1751 365
1752 208
1753 220
1754 858
1755 457
1756 853
1757 729
1758 175
1759 566
1760 532
1761 391
1762 767
1763 26
1764 654
1765 197
1766 558
1767 39
1768 436
1769 935
1770 814
1771 173
1772 705
1773 594
1774 941
1775 348
1776 744
1777 43
1778 594
1779 68
1780 287
1781 751
1782 253
1783 176
1784 175
1785 349
1786 446
1787 788
1788 747
1789 564
1790 135
1791 243
1792 108
1793 968
1794 964
1795 705
1796 241
1797 348
1798 454
1799 173
1800 114
1801 957
1802 889
1803 916
1804 767
1805 725
1806 322
1807 121
1808 517
1809 978
1810 866
1811 730
1812 469
1813 108
1814 755
1815 462
1816 875
1817 201
1818 789
1819 693
1820 949
1821 893
1822 889
1823 233
1824 4
1825 151
1826 155
1827 300
1828 424
1829 985
1830 594
1831 597
1832 854
1833 447
1834 878
1835 786
1836 223
1837 225
1838 407
1839 964
1840 65
1841 525
1842 246
1843 281
1844 151
1845 640
1846 951
1847 686
1848 996
1849 391
1850 704
1851 473
1852 727
1853 268
1854 639
1855 0
1856 421
1857 639
1858 204
1859 50
1860 50
1861 761
1862 880
1863 735
1864 688
1865 109
1866 474
1867 166
1868 944
1869 349
1870 809
1871 985
1872 471
1873 7
1874 269
1875 350
1876 7
1877 716
1878 932
1879 494
1880 99
1881 990
1882 626
1883 193
1884 39
1885 640
1886 605
1887 240
1888 713
1889 131
1890 692
1891 105
1892 661
1893 655
1894 917
1895 437
1896 127
1897 490
1898 848
1899 216
1900 309
1901 903
1902 406
1903 306
1904 839
1905 399
1906 667
1907 489
1908 805
1909 154
1910 295
1911 322
1912 872
1913 966
1914 393
1915 279
1916 847
1917 447
1918 583
1919 607
1920 70
1921 645
1922 557
1923 577
1924 948
1925 71
1926 810
1927 489
1928 946
1929 590
1930 677
1931 107
1932 966
1933 374
1934 161
1935 518
1936 991
1937 547
1938 553
1939 243
1940 704
1941 694
1942 489
1943 794
1944 291
1945 148
1946 263
1947 957
1948 769
1949 571
1950 14
1951 628
1952 300
1953 656
1954 783
1955 46
1956 141
1957 52
1958 259
1959 374
1960 886
1961 733
1962 405
1963 594
1964 381
1965 150
1966 453
1967 268
1968 63
1969 271
1970 449
1971 996
1972 677
1973 21
1974 863
1975 181
1976 313
1977 558
1978 466
1979 57
1980 244
1981 442
1982 235
1983 956
1984 176
1985 504
1986 850
1987 254
1988 450
1989 241
1990 610
1991 678
1992 678
1993 436
1994 8
1995 693
1996 578
1997 852
1998 379
1999 382
2000 458
2001 937
2002 926
2003 420
2004 722
2005 4
2006 36
2007 864
2008 331
2009 343
2010 916
2011 953
2012 504
2013 957
2014 167
2015 221
2016 48
2017 531
2018 811
2019 729
2020 739
2021 928
2022 180
2023 516
2024 522
2025 654
2026 373
2027 599
2028 691
2029 963
2030 417
2031 728
2032 333
2033 424
2034 249
2035 257
2036 766
2037 563
2038 126
2039 50
2040 442
2041 947
2042 54
2043 579
2044 548
2045 656
2046 576
2047 219
2048 49
2049 231
2050 491
2051 5
2052 775
2053 993
2054 785
2055 50
2056 859
2057 585
2058 577
2059 768
2060 798
2061 478
2062 730
2063 178
2064 400
2065 551
2066 903
2067 345
2068 791
2069 387
2070 572
2071 987
2072 637
2073 93
2074 885
2075 620
2076 87
2077 263
2078 578
2079 107
2080 935
2081 986
2082 594
2083 314
2084 880
2085 329
2086 990
2087 358
2088 5
2089 414
2090 398
2091 258
2092 173
2093 32
2094 513
2095 929
2096 142
2097 986
2098 184
2099 761
2100 16
2101 498
2102 929
2103 548
2104 622
2105 757
2106 551
2107 344
2108 147
2109 269
2110 131
2111 247
2112 983
2113 690
2114 491
2115 217
2116 235
2117 986
2118 104
2119 210
2120 897
2121 162
2122 806
2123 312
2124 920
2125 250
2126 898
2127 104
2128 770
2129 7
2130 688
2131 751
2132 544
2133 722
2134 703
2135 618
2136 544
2137 148
2138 606
2139 874
2140 627
2141 142
2142 579
2143 879
2144 805
2145 218
2146 665
2147 72
2148 697
2149 135
2150 838
2151 98
2152 890
2153 588
2154 137
2155 839
2156 659
2157 694
2158 702
2159 431
2160 799
2161 366
2162 12
2163 140
2164 990
2165 188
2166 119
2167 378
2168 618
2169 255
2170 257
2171 852
2172 155
2173 207
2174 434
2175 530
2176 813
2177 36
2178 860
2179 19
2180 652
2181 589
2182 274
2183 448
2184 656
2185 667
2186 708
2187 793
2188 537
2189 21
2190 248
2191 527
2192 453
2193 197
2194 610
2195 229
2196 498
2197 523
2198 393
2199 659
2200 106
2201 838
2202 884
2203 869
2204 222
2205 626
2206 234
2207 910
2208 928
2209 796
2210 627
2211 395
2212 194
2213 449
2214 654
2215 128
2216 943
2217 538
2218 352
2219 184
2220 405
2221 558
2222 828
2223 980
2224 918
2225 672
2226 506
2227 206
2228 442
2229 874
2230 154
2231 298
2232 561
2233 555
2234 252
2235 835
2236 806
2237 565
2238 170
2239 498
2240 210
2241 78
2242 195
2243 743
2244 842
2245 515
2246 822
2247 791
2248 914
2249 318
2250 495
2251 899
2252 642
2253 252
2254 255
2255 371
2256 284
2257 663
2258 859
2259 997
2260 168
2261 391
2262 334
2263 904
2264 37
2265 153
2266 284
2267 716
2268 195
2269 241
2270 107
2271 208
2272 665
2273 942
2274 457
2275 958
2276 376
2277 387
2278 826
2279 554
2280 647
2281 382
2282 20
2283 813
2284 34
2285 789
2286 852
2287 998
2288 683
2289 960
2290 718
2291 164
2292 741
2293 988
2294 709
2295 445
2296 758
2297 976
2298 342
2299 908
2300 214
2301 821
2302 711
2303 844
2304 856
2305 474
2306 887
2307 186
2308 433
2309 647
2310 842
2311 94
2312 71
2313 844
2314 331
2315 914
2316 993
2317 300
2318 41
2319 309
2320 364
2321 73
2322 755
2323 970
2324 954
2325 480
2326 374
2327 975
2328 486
2329 850
2330 832
2331 620
2332 242
2333 717
2334 622
2335 549
2336 411
2337 896
2338 828
2339 59
2340 36
2341 218
2342 796
2343 607
2344 217
2345 855
2346 332
2347 140
2348 496
2349 552
2350 682
2351 205
2352 888
2353 782
2354 835
2355 90
2356 646
2357 939
2358 365
2359 199
2360 111
2361 944
2362 686
2363 277
2364 683
2365 454
2366 876
2367 681
2368 303
2369 619
2370 887
2371 82
2372 452
2373 823
2374 825
2375 539
2376 873
2377 97
2378 732
2379 51
2380 331
2381 978
2382 15
2383 624
2384 852
2385 732
2386 510
2387 277
2388 749
2389 403
2390 682
2391 999
2392 383
2393 756
2394 422
2395 448
2396 102
2397 228
2398 726
2399 171
2400 872
2401 667
2402 877
2403 577
2404 756
2405 38
2406 790
2407 488
2408 770
2409 49
2410 303
2411 902
2412 71
2413 136
2414 502
2415 992
2416 252
2417 599
2418 294
2419 159
2420 991
2421 246
2422 801
2423 124
2424 602
2425 311
2426 315
2427 618
2428 414
2429 984
2430 194
2431 618
2432 264
2433 528
2434 68
2435 247
2436 105
2437 662
2438 4
2439 927
2440 171
2441 543
2442 73
2443 165
2444 925
2445 770
2446 754
2447 804
2448 951
2449 309
2450 230
2451 301
2452 806
2453 332
2454 773
2455 514
2456 96
2457 889
2458 520
2459 937
2460 201
2461 614
2462 644
2463 662
2464 661
2465 986
2466 744
2467 472
2468 796
2469 982
2470 35
2471 968
2472 482
2473 299
2474 425
2475 694
2476 526
2477 696
2478 620
2479 515
2480 715
2481 554
2482 656
2483 773
2484 833
2485 506
2486 766
2487 663
2488 306
2489 439
2490 624
2491 694
2492 36
2493 613
2494 145
2495 420
2496 223
2497 120
2498 893
2499 327
2500 307
2501 950
2502 406
2503 570
2504 241
2505 108
2506 952
2507 211
2508 228
2509 309
2510 998
2511 215
2512 748
2513 939
2514 108
2515 571
2516 712
2517 387
2518 203
2519 272
2520 814
2521 430
2522 92
2523 657
2524 428
2525 389
2526 764
2527 162
2528 668
2529 911
2530 598
2531 834
2532 758
2533 176
2534 551
2535 276
2536 73
2537 353
2538 378
2539 304
2540 801
2541 78
2542 316
2543 888
2544 763
2545 679
2546 205
2547 117
2548 74
2549 882
2550 822
2551 1
2552 275
2553 600
2554 399
2555 50
2556 971
2557 581
2558 283
2559 173
2560 586
2561 679
2562 979
2563 859
2564 770
2565 979
2566 446
2567 923
2568 923
2569 250
2570 926
2571 772
2572 146
2573 86
2574 176
2575 690
2576 863
2577 299
2578 22
2579 361
2580 776
2581 348
2582 941
2583 56
2584 282
2585 328
2586 238
2587 64
2588 535
2589 270
2590 810
2591 822
2592 552
2593 675
2594 955
2595 577
2596 57
2597 577
2598 602
2599 638
2600 840
2601 815
2602 357
2603 386
2604 946
2605 930
2606 429
2607 792
2608 940
2609 222
2610 802
2611 554
2612 275
2613 9
2614 817
2615 111
2616 820
2617 319
2618 924
2619 310
2620 224
2621 495
2622 643
2623 945
2624 185
2625 325
2626 995
2627 380
2628 488
2629 702
2630 537
2631 621
2632 108
2633 90
2634 852
2635 67
2636 120
2637 132
2638 800
2639 600
2640 952
2641 967
2642 871
2643 364
2644 582
2645 942
2646 813
2647 247
2648 687
2649 344