0 208
1 534
2 872
3 329
4 17
5 155
6 91
7 886
8 209
9 549
10 521
11 56
12 866
13 541
14 909
15 754
16 692
17 334
18 956
19 481
20 262
21 242
22 447
23 478
24 778
25 504
26 629
27 471
28 725
29 563
30 37
31 976
32 978
33 269
34 593
35 501
36 715
37 91
38 680
39 840
40 631
41 543
42 814
43 933
44 954
45 817
46 467
47 991
48 18
49 547
50 248
51 877
52 455
53 155
54 974
55 793
56 485
57 132
58 975
59 186
60 857
61 39
62 792
63 477
64 43
65 381
66 736
67 660
68 6
69 678
70 58
71 269
72 385
73 803
74 970
75 121
76 684
77 22
78 603
79 484
80 177
81 935
82 294
83 242
84 924
85 18
86 401
87 57
88 157
89 31
90 475
91 846
92 452
93 721
94 841
95 919
96 23
97 493
98 304
99 466
100 676
101 635
102 68
103 457
104 362
105 839
106 211
107 900
108 559
109 316
110 486
111 405
112 844
113 353
114 598
115 922
116 854
117 301
118 382
119 578
120 542
121 855
122 47
123 266
124 158
125 539
126 574
127 90
128 723
129 334
130 41
131 647
132 744
133 765
134 66
135 550
136 143
137 663
138 96
139 830
140 253
141 80
142 640
143 295
144 266
145 270
146 876
147 504
148 449
149 94
150 887
151 786
152 287
153 115
154 345
155 490
156 298
157 765
158 576
159 123
160 682
161 146
162 281
163 436
164 962
165 901
166 642
167 194
168 424
169 13
170 1
171 774
172 493
173 842
174 613
175 638
176 124
177 988
178 800
179 7
180 304
181 470
182 41
183 911
184 617
185 629
186 488
187 141
188 264
189 913
190 481
191 943
192 609
193 413
194 816
195 159
196 999
197 960
198 246
199 772
200 912
201 315
202 146
203 24
204 181
205 738
206 585
207 548
208 367
209 487
210 343
211 87
212 49
213 119
214 33
215 487
216 651
217 338
218 258
219 12
220 909
221 273
222 930
223 288
224 660
225 196
226 592
227 79
228 747
229 2
230 275
231 554
232 659
233 800
234 896
235 525
236 797
237 9
238 949
239 945
240 250
241 526
242 285
243 306
244 202
245 622
246 692
247 712
248 687
249 324
250 253
251 714
252 150
253 373
254 424
255 896
256 264
257 67
258 382
259 720
260 665
261 399
262 463
263 525
264 219
265 8
266 302
267 991
268 943
269 170
270 278
271 159
272 375
273 135
274 966
275 603
276 454
277 843
278 307
279 719
280 793
281 511
282 447
283 944
284 897
285 862
286 696
287 686
288 911
289 293
290 505
291 649
292 404
293 503
294 599
295 903
296 4
297 970
298 174
299 890
300 863
301 915
302 214
303 566
304 738
305 157
306 360
307 969
308 200
309 265
310 306
311 633
312 623
313 893
314 320
315 444
316 88
317 284
318 254
319 20
320 740
321 688
322 872
323 663
324 688
325 67
326 534
327 577
328 531
329 743
330 59
331 671
332 560
333 925
334 87
335 498
336 352
337 231
338 475
339 263
340 903
341 875
342 863
343 349
344 281
345 903
346 213
347 918
348 469
349 931
350 775
351 674
352 274
353 407
354 594
355 698
356 573
357 334
358 235
359 618
360 306
361 742
362 907
363 522
364 292
365 862
366 111
367 483
368 552
369 540
370 367
371 945
372 10
373 570
374 971
375 175
376 645
377 635
378 854
379 792
380 295
381 196
382 282
383 368
384 427
385 539
386 977
387 917
388 376
389 256
390 868
391 830
392 432
393 556
394 77
395 589
396 300
397 693
398 18
399 780
400 729
401 795
402 888
403 483
404 122
405 568
406 755
407 217
408 934
409 507
410 82
411 328
412 212
413 146
414 496
415 547
416 7
417 772
418 254
419 60
420 636
421 705
422 535
423 262
424 349
425 994
426 235
427 625
428 192
429 843
430 32
431 982
432 207
433 369
434 911
435 150
436 98
437 531
438 652
439 781
440 673
441 634
442 902
443 460
444 338
445 118
446 861
447 511
448 455
449 970