0 600.0 9000.0 30.0 0.12440371475420953 0.04006677796327212 0.001260701431089716 0.43186733958183127 0.03287497156073665 0.0013642006085081552
1 600.0 9000.0 30.0 0.12440371475420953 0.06010016694490818 0.003137190275045336 0.47615262321144675 0.05073342324774593 0.001958419669957259
10 600.0 9000.0 30.0 0.12440371475420953 0.05008347245409015 0.0019445542722618253 0.4423929098966027 0.0397433641286949 0.0016692239290287754
100 600.0 9000.0 30.0 0.12440371475420953 0.045075125208681135 0.0015241733174423285 0.4372262773722628 0.036440690766048514 0.0015166594550646089
101 600.0 9000.0 30.0 0.12440371475420953 0.045075125208681135 0.0017582153240307207 0.4404411764705882 0.03634810777394984 0.001516701757658377
102 600.0 9000.0 30.0 0.12440371475420953 0.05008347245409015 0.001835658151179149 0.44535315985130114 0.04049446888250497 0.0016673738218799072
103 600.0 9000.0 30.0 0.12440371475420953 0.05676126878130217 0.002586317630692927 0.4510542168674699 0.04662237447092426 0.0018646903893477732
104 600.0 9000.0 30.0 0.12440371475420953 0.045075125208681135 0.0016486262012273428 0.4446919079435783 0.036937926914812395 0.001515180908525992
105 600.0 9000.0 30.0 0.12440371475420953 0.05175292153589316 0.00198786710299213 0.4446919079435783 0.04145725255338759 0.0017178210380473708
106 600.0 9000.0 30.0 0.12440371475420953 0.06343906510851419 0.003224342016306954 0.47091194968553457 0.05186209527705168 0.0020636965676317344
107 600.0 9000.0 30.0 0.12440371475420953 0.05175292153589316 0.0022269142661992553 0.45725190839694657 0.04195721612948417 0.0017161110262824317
108 600.0 9000.0 30.0 0.12440371475420953 0.048414023372287146 0.001797750452629677 0.4463487332339791 0.0395702676992804 0.0016153029019022307
109 600.0 9000.0 30.0 0.12440371475420953 0.05008347245409015 0.0021334782870433408 0.4520754716981132 0.04008930576117752 0.0016678643121322127
11 600.0 9000.0 30.0 0.12440371475420953 0.05342237061769616 0.002284945035495385 0.45830145371078806 0.04464010387053142 0.001760983800649775
110 600.0 9000.0 30.0 0.12440371475420953 0.05342237061769616 0.002349827705376553 0.46041506533435816 0.04344972386260379 0.001765526277923638
111 600.0 9000.0 30.0 0.12440371475420953 0.05008347245409015 0.0021591849718645612 0.4562071591774562 0.04097565673287989 0.0016642815397342981
112 600.0 9000.0 30.0 0.12440371475420953 0.04674457429048414 0.0019748257884331885 0.4443620178041543 0.0367581545847828 0.0015694195109469656
113 600.0 9000.0 30.0 0.12440371475420953 0.04340567612687813 0.0012325647804361662 0.4227240649258998 0.03416330865494275 0.001469703375743607
114 600.0 9000.0 30.0 0.12440371475420953 0.05342237061769616 0.0024393611263296895 0.4537878787878788 0.043335959207569455 0.0017656823854273573
115 600.0 9000.0 30.0 0.12440371475420953 0.05676126878130217 0.0024505115689324735 0.46219135802469136 0.046590021101499096 0.0018641597556014991
116 600.0 9000.0 30.0 0.12440371475420953 0.04674457429048414 0.001448519489415632 0.43437273386511965 0.03732478136714267 0.0015682942528498101
117 600.0 9000.0 30.0 0.12440371475420953 0.06010016694490818 0.002835951127911329 0.46326372776488783 0.04928784790569227 0.0019642671550778768
118 600.0 9000.0 30.0 0.12440371475420953 0.041736227045075125 0.0012767166595683407 0.4269422665716322 0.03333254099264361 0.001417772104165235
119 600.0 9000.0 30.0 0.12440371475420953 0.048414023372287146 0.0018652801698999693 0.4440326167531505 0.038802047156863306 0.0016170797760892857
12 600.0 9000.0 30.0 0.12440371475420953 0.05342237061769616 0.00213351520784593 0.4507148231753198 0.04447752946272523 0.0017617365687833488
120 600.0 9000.0 30.0 0.12440371475420953 0.05008347245409015 0.0018195792010790078 0.4410898379970545 0.03938153030213568 0.0016701560276685687
121 600.0 9000.0 30.0 0.12440371475420953 0.05008347245409015 0.002125356131593707 0.45139412207987945 0.04116037109529857 0.0016642537357843042
122 600.0 9000.0 30.0 0.12440371475420953 0.045075125208681135 0.0014522495349314124 0.4381858083394294 0.03630661230480857 0.0015172308097346904
123 600.0 9000.0 30.0 0.12440371475420953 0.05008347245409015 0.001799329274560135 0.44206642066420665 0.03926873532841931 0.001671103416597181
124 600.0 9000.0 30.0 0.12440371475420953 0.048414023372287146 0.0018213487777389312 0.44668158090976884 0.03804729743291598 0.0016202737165888223
125 600.0 9000.0 30.0 0.12440371475420953 0.048414023372287146 0.002087994555245754 0.45003756574004505 0.039177505231000276 0.0016161553176224216
126 600.0 9000.0 30.0 0.12440371475420953 0.04674457429048414 0.0015342244047401176 0.43658892128279886 0.03651392252972415 0.0015711416024221012
127 600.0 9000.0 30.0 0.12440371475420953 0.05175292153589316 0.0020224374375996577 0.44734876773711724 0.040841437869824686 0.0017203833338178954
128 600.0 9000.0 30.0 0.12440371475420953 0.05008347245409015 0.0018861743795114058 0.4446919079435783 0.040145540695075206 0.001667569210996452
129 600.0 9000.0 30.0 0.12440371475420953 0.04674457429048414 0.0018426775855947296 0.4517345399698341 0.0387229490805037 0.0015638031409074995
13 600.0 9000.0 30.0 0.12440371475420953 0.05175292153589316 0.0023740095909039185 0.4548215641609719 0.04221397157961633 0.0017160856234467565
130 600.0 9000.0 30.0 0.12440371475420953 0.04674457429048414 0.0016610307907406268 0.4446919079435783 0.03807760932113617 0.0015661162275557414
131 600.0 9000.0 30.0 0.12440371475420953 0.048414023372287146 0.0019773084566551253 0.45003756574004505 0.03840679348151815 0.0016196908663940702
132 600.0 9000.0 30.0 0.12440371475420953 0.05008347245409015 0.0018748316399254843 0.44337527757216877 0.039622228137841574 0.0016700245394295921
133 600.0 9000.0 30.0 0.12440371475420953 0.048414023372287146 0.001844902011408919 0.44568452380952384 0.03874851484037763 0.0016173911723024936
134 600.0 9000.0 30.0 0.12440371475420953 0.045075125208681135 0.0016013898382902505 0.4437037037037037 0.03673555800656596 0.0015152440293145558
135 600.0 9000.0 30.0 0.12440371475420953 0.05008347245409015 0.002140003835558654 0.4544764795144158 0.040480379223428675 0.0016664707035835584
136 600.0 9000.0 30.0 0.12440371475420953 0.05509181969949917 0.0025517139486038887 0.45725190839694657 0.044533750272743665 0.001818012942242523
137 600.0 9000.0 30.0 0.12440371475420953 0.05843071786310518 0.0030352541508413917 0.46434108527131784 0.046550438351461144 0.0019193489762624849
138 600.0 9000.0 30.0 0.12440371475420953 0.04674457429048414 0.002023292580701524 0.4446919079435783 0.036033466437900695 0.0015731677703210698
139 600.0 9000.0 30.0 0.12440371475420953 0.045075125208681135 0.0016916733832591081 0.442719881744272 0.03620954984845683 0.001518022633413813
14 600.0 9000.0 30.0 0.12440371475420953 0.05008347245409015 0.002131267949575438 0.4496996996996997 0.04067518532703663 0.001666338866992371
140 600.0 9000.0 30.0 0.12440371475420953 0.05175292153589316 0.0024833676533347385 0.46147919876733434 0.04136737954258068 0.001718144643279539
141 600.0 9000.0 30.0 0.12440371475420953 0.05342237061769616 0.002182171636213954 0.45830145371078806 0.044219989168848374 0.0017632609709298296
142 600.0 9000.0 30.0 0.12440371475420953 0.041736227045075125 0.001362581883867544 0.4284692417739628 0.03248548740296691 0.0014218535091735816
143 600.0 9000.0 30.0 0.12440371475420953 0.045075125208681135 0.0020216531212274226 0.4517345399698341 0.03585239210542678 0.0015193431221647113
144 600.0 9000.0 30.0 0.12440371475420953 0.048414023372287146 0.0016457429364786953 0.4463487332339791 0.04056598207114802 0.0016123306498788533
145 600.0 9000.0 30.0 0.12440371475420953 0.05175292153589316 0.0022046505199342496 0.46041506533435816 0.042358010082079005 0.001715125308700971
146 600.0 9000.0 30.0 0.12440371475420953 0.04340567612687813 0.0017635892405028363 0.4496996996996997 0.03506691557510171 0.0014672862794266142
147 600.0 9000.0 30.0 0.12440371475420953 0.05008347245409015 0.0018640553519759285 0.4470149253731343 0.03997615786799766 0.0016693242331423828
148 600.0 9000.0 30.0 0.12440371475420953 0.045075125208681135 0.0017322020586909737 0.4510542168674699 0.03708299362473627 0.0015155607921170321
149 600.0 9000.0 30.0 0.12440371475420953 0.05175292153589316 0.002195769965978613 0.4537878787878788 0.04340073645129965 0.0017117367508004376
15 600.0 9000.0 30.0 0.12440371475420953 0.05008347245409015 0.00193600285122771 0.442719881744272 0.04053906230122007 0.001666343782177776
150 600.0 9000.0 30.0 0.12440371475420953 0.04340567612687813 0.001443976002701921 0.4437037037037037 0.03694496689084502 0.0014605123046567414
151 600.0 9000.0 30.0 0.12440371475420953 0.0651085141903172 0.003566904082106334 0.47767145135566186 0.05135541486312116 0.0021229184345013426
152 600.0 9000.0 30.0 0.12440371475420953 0.05008347245409015 0.0018869705406555826 0.4460163812360387 0.040990639226548886 0.0016657762882360083
153 600.0 9000.0 30.0 0.12440371475420953 0.05676126878130217 0.002610637207836933 0.45865237366003064 0.045147759554914346 0.0018699786275149588
154 600.0 9000.0 30.0 0.12440371475420953 0.05008347245409015 0.001828439744643286 0.4476831091180867 0.04005784806926964 0.0016697053972033584
155 600.0 9000.0 30.0 0.12440371475420953 0.05843071786310518 0.0029664903113216542 0.46578538102643857 0.04617043675630348 0.0019222548550796698
156 600.0 9000.0 30.0 0.12440371475420953 0.07011686143572621 0.004405650434547316 0.47729083665338645 0.05580606355383335 0.002271153145478398
157 600.0 9000.0 30.0 0.12440371475420953 0.04340567612687813 0.0014738481803008472 0.4423929098966027 0.035291746731426356 0.0014663862043326147
158 600.0 9000.0 30.0 0.12440371475420953 0.05676126878130217 0.0025001026949986495 0.4544764795144158 0.044107545580779776 0.0018748681089783142
159 600.0 9000.0 30.0 0.12440371475420953 0.048414023372287146 0.0019505879115913763 0.45037593984962404 0.03938457359668668 0.0016166792992094968
16 600.0 9000.0 30.0 0.12440371475420953 0.05676126878130217 0.002649933995993452 0.46041506533435816 0.04595271943693774 0.001868047566385359
160 600.0 9000.0 30.0 0.12440371475420953 0.048414023372287146 0.0019706196293407 0.4493623405851463 0.038612065182510986 0.0016196370001877944
161 600.0 9000.0 30.0 0.12440371475420953 0.04340567612687813 0.001739971054960732 0.44568452380952384 0.0358392652677668 0.0014645138793539297
162 600.0 9000.0 30.0 0.12440371475420953 0.05676126878130217 0.0026018592115143535 0.45830145371078806 0.0442159950663914 0.0018742450293562636
163 600.0 9000.0 30.0 0.12440371475420953 0.05008347245409015 0.0018063216525697925 0.45037593984962404 0.04141405122415466 0.001664776715391678
164 600.0 9000.0 30.0 0.12440371475420953 0.048414023372287146 0.0019186637237315562 0.4507148231753198 0.03938996016747998 0.0016160617688862414
165 600.0 9000.0 30.0 0.12440371475420953 0.045075125208681135 0.0018989425932822133 0.4541319181197877 0.03733463081499487 0.0015143354576871958
166 600.0 9000.0 30.0 0.12440371475420953 0.05342237061769616 0.0022324114656511055 0.4544764795144158 0.04238672993202905 0.0017699182360639749
167 600.0 9000.0 30.0 0.12440371475420953 0.05509181969949917 0.0026255122512957485 0.46006144393241166 0.04381472518541861 0.0018198242882118093
168 600.0 9000.0 30.0 0.12440371475420953 0.04006677796327212 0.0011618953688844345 0.4269422665716322 0.0311760651986672 0.001372134751414047
169 600.0 9000.0 30.0 0.12440371475420953 0.04340567612687813 0.0017032158408343012 0.4337436640115858 0.0338048031771868 0.0014725904023262714
17 600.0 9000.0 30.0 0.12440371475420953 0.048414023372287146 0.0016126227652825433 0.4404411764705882 0.03937021778605853 0.0016156365976743945
170 600.0 9000.0 30.0 0.12440371475420953 0.045075125208681135 0.0015725835035398505 0.44337527757216877 0.0371048398749115 0.001515396154024747
171 600.0 9000.0 30.0 0.12440371475420953 0.04340567612687813 0.0014661304581443965 0.4315561959654179 0.03241901946301884 0.0014773553637108363
172 600.0 9000.0 30.0 0.12440371475420953 0.05342237061769616 0.0025841935434522826 0.46006144393241166 0.042843201364638615 0.0017690431756352356
173 600.0 9000.0 30.0 0.12440371475420953 0.04340567612687813 0.0016777062952632474 0.43690736688548504 0.03308996989078449 0.0014745151992534198
174 600.0 9000.0 30.0 0.12440371475420953 0.041736227045075125 0.0015697232898386516 0.43690736688548504 0.03205192859633512 0.0014238519625669808
175 600.0 9000.0 30.0 0.12440371475420953 0.041736227045075125 0.0011878765850955651 0.427246790299572 0.032574954882347074 0.0014225058155908788
176 600.0 9000.0 30.0 0.12440371475420953 0.041736227045075125 0.0014930070609680908 0.438506588579795 0.03249558615477335 0.001422190667568637
177 600.0 9000.0 30.0 0.12440371475420953 0.048414023372287146 0.0015020329099106557 0.4378654970760234 0.038113721097385866 0.001622022233122937
178 600.0 9000.0 30.0 0.12440371475420953 0.05008347245409015 0.002185048549238925 0.4490254872563718 0.037417659152505 0.0016792864495178074
179 600.0 9000.0 30.0 0.12440371475420953 0.04340567612687813 0.001523698156126537 0.43500363108206247 0.03393591461711634 0.0014711548692742933
18 600.0 9000.0 30.0 0.12440371475420953 0.05175292153589316 0.0020010897647730294 0.44668158090976884 0.04238288853268853 0.0017139947337765017
180 600.0 9000.0 30.0 0.12440371475420953 0.048414023372287146 0.0020078718034062678 0.45139412207987945 0.039583398875352595 0.0016143520245828638
181 600.0 9000.0 30.0 0.12440371475420953 0.048414023372287146 0.0016497332418058863 0.4388278388278388 0.03779303230143053 0.0016221446620735985
182 600.0 9000.0 30.0 0.12440371475420953 0.04340567612687813 0.0014206001347843499 0.4362709395484341 0.033822728426797295 0.001471474265285423
183 600.0 9000.0 30.0 0.12440371475420953 0.05175292153589316 0.0020398788294599896 0.44568452380952384 0.04020816350684601 0.0017227577878175496
184 600.0 9000.0 30.0 0.12440371475420953 0.048414023372287146 0.002167207151522688 0.44801795063575167 0.037313897729757226 0.0016240961659619467
185 600.0 9000.0 30.0 0.12440371475420953 0.05008347245409015 0.001731981181582937 0.438506588579795 0.03914053528544177 0.0016712903589375548
186 600.0 9000.0 30.0 0.12440371475420953 0.05676126878130217 0.002414936398648619 0.45865237366003064 0.044817763751644826 0.0018700390108630656
187 600.0 9000.0 30.0 0.12440371475420953 0.05342237061769616 0.002681388155018786 0.45795107033639143 0.04136677001296297 0.0017729848393048938
188 600.0 9000.0 30.0 0.12440371475420953 0.048414023372287146 0.0021072087912053163 0.4463487332339791 0.037828053904794164 0.001621621773351419
189 600.0 9000.0 30.0 0.12440371475420953 0.05008347245409015 0.0020266580252807694 0.4490254872563718 0.04078037667120152 0.0016654658763361118
19 600.0 9000.0 30.0 0.12440371475420953 0.038397328881469114 0.0011072204305786761 0.42939068100358424 0.030801544411385242 0.0013167214493541805
190 600.0 9000.0 30.0 0.12440371475420953 0.05342237061769616 0.002393133565592628 0.45795107033639143 0.04199434844892396 0.001771333901381841
191 600.0 9000.0 30.0 0.12440371475420953 0.05008347245409015 0.002101417956787126 0.44801795063575167 0.03929468652380552 0.001671083600521137
192 600.0 9000.0 30.0 0.12440371475420953 0.048414023372287146 0.0017428130964476033 0.4443620178041543 0.03863960355494882 0.0016180046705091189
193 600.0 9000.0 30.0 0.12440371475420953 0.048414023372287146 0.0018622469403988889 0.44206642066420665 0.038171438353294 0.0016207113859840394
194 600.0 9000.0 30.0 0.12440371475420953 0.05843071786310518 0.0027058521376651192 0.4569031273836766 0.045809806622802755 0.0019221372859807026
195 600.0 9000.0 30.0 0.12440371475420953 0.045075125208681135 0.0014265637244977065 0.4372262773722628 0.03648624168833812 0.0015164683314217138
196 600.0 9000.0 30.0 0.12440371475420953 0.05342237061769616 0.002443620137750414 0.46076923076923076 0.043898018316034064 0.001763814150012226
197 600.0 9000.0 30.0 0.12440371475420953 0.045075125208681135 0.001683434205264567 0.4381858083394294 0.036732061608236034 0.0015145978888117763
198 600.0 9000.0 30.0 0.12440371475420953 0.05175292153589316 0.001976715296952923 0.4450222882615156 0.04120576480525439 0.0017185562200456432
199 600.0 9000.0 30.0 0.12440371475420953 0.05676126878130217 0.002643508937151756 0.4618350038550501 0.045909971105339294 0.0018656441393270608
2 600.0 9000.0 30.0 0.12440371475420953 0.05509181969949917 0.0021201379711722566 0.453444360333081 0.04587787811044457 0.0018117242110571303
20 600.0 9000.0 30.0 0.12440371475420953 0.05175292153589316 0.0019563065465995496 0.44835329341317365 0.04200375054905788 0.0017156346281921894
200 600.0 9000.0 30.0 0.12440371475420953 0.04674457429048414 0.001697433041235441 0.4460163812360387 0.038704142363269974 0.0015627210581752498
201 600.0 9000.0 30.0 0.12440371475420953 0.048414023372287146 0.0018769513867285296 0.45037593984962404 0.039036340958663034 0.0016167812015366301
202 600.0 9000.0 30.0 0.12440371475420953 0.041736227045075125 0.0013932157399998105 0.43437273386511965 0.03418197691743509 0.0014143089289340438
203 600.0 9000.0 30.0 0.12440371475420953 0.05342237061769616 0.0023108420337508984 0.4541319181197877 0.04288663862676097 0.0017679315967652114
204 600.0 9000.0 30.0 0.12440371475420953 0.05676126878130217 0.0024093668148822424 0.4555133079847909 0.04494727708688696 0.0018707360117411818
205 600.0 9000.0 30.0 0.12440371475420953 0.05175292153589316 0.002499809141999854 0.4593558282208589 0.04139274235091505 0.0017180377966536627
206 600.0 9000.0 30.0 0.12440371475420953 0.05175292153589316 0.0025085529628269135 0.4654234654234654 0.04245881202025456 0.0017148026454815988
207 600.0 9000.0 30.0 0.12440371475420953 0.04340567612687813 0.0015742206885554818 0.4381858083394294 0.034732349014125696 0.0014684624767567402
208 600.0 9000.0 30.0 0.12440371475420953 0.05509181969949917 0.0020120718934272756 0.4558599695585997 0.04463332696944875 0.00181583568112183
209 600.0 9000.0 30.0 0.12440371475420953 0.05342237061769616 0.002473665920900298 0.46254826254826253 0.04463471505025802 0.001761282085079488
21 600.0 9000.0 30.0 0.12440371475420953 0.04340567612687813 0.0014835781238095491 0.4381858083394294 0.035756157170533494 0.0014640004196815118
210 600.0 9000.0 30.0 0.12440371475420953 0.045075125208681135 0.0018602111033875165 0.45003756574004505 0.036506473603588274 0.00151631473535039
211 600.0 9000.0 30.0 0.12440371475420953 0.04340567612687813 0.0013782778513130708 0.43947175348495965 0.035520194234777785 0.0014647747686598231
212 600.0 9000.0 30.0 0.12440371475420953 0.05008347245409015 0.001901389939013702 0.4510542168674699 0.0400142702342907 0.0016681238832249585
213 600.0 9000.0 30.0 0.12440371475420953 0.045075125208681135 0.0017082851219554626 0.43914956011730205 0.0362760845509095 0.00151707895653805
214 600.0 9000.0 30.0 0.12440371475420953 0.05509181969949917 0.002162001866264795 0.4548215641609719 0.04476010795655194 0.0018151299636291049
215 600.0 9000.0 30.0 0.12440371475420953 0.05008347245409015 0.0019512913353648962 0.4463487332339791 0.0400691544077919 0.001668978430475412
216 600.0 9000.0 30.0 0.12440371475420953 0.05509181969949917 0.0027991262487885474 0.4611239414934565 0.04438244865029297 0.001818237994112605
217 600.0 9000.0 30.0 0.12440371475420953 0.05008347245409015 0.0017203276810227911 0.44535315985130114 0.041637513487732605 0.0016623268955723047
218 600.0 9000.0 30.0 0.12440371475420953 0.05342237061769616 0.002369834413243826 0.4593558282208589 0.04321189708913059 0.0017668914483211415
219 600.0 9000.0 30.0 0.12440371475420953 0.05008347245409015 0.0021781740454876256 0.45970836531082115 0.04097676433547456 0.0016640942580993115
22 600.0 9000.0 30.0 0.12440371475420953 0.05008347245409015 0.0017835228936119963 0.4423929098966027 0.04012232302931015 0.0016677395670563902
220 600.0 9000.0 30.0 0.12440371475420953 0.04006677796327212 0.0013592858771854625 0.4381858083394294 0.03209371844667715 0.0013673244377061158
221 600.0 9000.0 30.0 0.12440371475420953 0.04674457429048414 0.0018221289025584211 0.44734876773711724 0.03712827897932551 0.001569398915218144
222 600.0 9000.0 30.0 0.12440371475420953 0.05175292153589316 0.002423753377680716 0.46326372776488783 0.042042212906263525 0.0017155867470340798
223 600.0 9000.0 30.0 0.12440371475420953 0.05175292153589316 0.002260975953884041 0.4520754716981132 0.041785062171959195 0.0017174439727359841
224 600.0 9000.0 30.0 0.12440371475420953 0.045075125208681135 0.001533911323508456 0.4443620178041543 0.03692489093780184 0.0015145663484387342
225 600.0 9000.0 30.0 0.12440371475420953 0.05342237061769616 0.0022285784136702705 0.46041506533435816 0.04298151485219433 0.0017673684927957964
226 600.0 9000.0 30.0 0.12440371475420953 0.045075125208681135 0.0016161737042971437 0.441740412979351 0.03695573117157804 0.0015152665572955868
227 600.0 9000.0 30.0 0.12440371475420953 0.05008347245409015 0.002143441652027842 0.45795107033639143 0.04046600024239089 0.0016664964977230103
228 600.0 9000.0 30.0 0.12440371475420953 0.04674457429048414 0.0019003010011677522 0.4517345399698341 0.03823428947271221 0.0015652698903808153
229 600.0 9000.0 30.0 0.12440371475420953 0.04674457429048414 0.0016739047412243455 0.4388278388278388 0.03703994395358583 0.001569901861260717
23 600.0 9000.0 30.0 0.12440371475420953 0.04674457429048414 0.001821811846392198 0.43947175348495965 0.03725073823890944 0.001569340986656443
230 600.0 9000.0 30.0 0.12440371475420953 0.05676126878130217 0.002604935142971508 0.4665109034267913 0.046742966259703644 0.0018635412388834788
231 600.0 9000.0 30.0 0.12440371475420953 0.04340567612687813 0.0013791415072820035 0.43186733958183127 0.03406251521649213 0.0014703048776011796
232 600.0 9000.0 30.0 0.12440371475420953 0.04674457429048414 0.001945986051967635 0.4520754716981132 0.03704053865644274 0.0015690794729016182
233 600.0 9000.0 30.0 0.12440371475420953 0.04674457429048414 0.0018655891683510655 0.4548215641609719 0.03911403689558894 0.0015620629584672122
234 600.0 9000.0 30.0 0.12440371475420953 0.0667779632721202 0.0036935144893829293 0.47277032359905286 0.052790692656979554 0.0021725452717654657
235 600.0 9000.0 30.0 0.12440371475420953 0.05008347245409015 0.002394570310511054 0.4555133079847909 0.039043070445215204 0.0016713078914605984
236 600.0 9000.0 30.0 0.12440371475420953 0.05008347245409015 0.001982756063013074 0.4496996996996997 0.03904671764017605 0.0016718341375258237
237 600.0 9000.0 30.0 0.12440371475420953 0.041736227045075125 0.0010309529218008894 0.42755174875089225 0.03409856774621283 0.0014157935585926394
238 600.0 9000.0 30.0 0.12440371475420953 0.04674457429048414 0.0017144393520162925 0.44801795063575167 0.037586472981669554 0.0015677333478974088
239 600.0 9000.0 30.0 0.12440371475420953 0.05342237061769616 0.0022768247346297748 0.45310136157337366 0.042444595010986304 0.0017695380244836453
24 600.0 9000.0 30.0 0.12440371475420953 0.05676126878130217 0.0023021481332144 0.45795107033639143 0.045987597966894736 0.0018663207073389785
240 600.0 9000.0 30.0 0.12440371475420953 0.05509181969949917 0.002738693077243317 0.45795107033639143 0.041955476419711486 0.0018272996966964433
241 600.0 9000.0 30.0 0.12440371475420953 0.04674457429048414 0.0019877443454661917 0.4493623405851463 0.03761029686390539 0.0015676109547601807
242 600.0 9000.0 30.0 0.12440371475420953 0.045075125208681135 0.0017866792954492185 0.4430473372781065 0.0358658799025685 0.0015182739750614445
243 600.0 9000.0 30.0 0.12440371475420953 0.04674457429048414 0.0018229587140300568 0.44734876773711724 0.0379587523018046 0.0015658645375093562
244 600.0 9000.0 30.0 0.12440371475420953 0.05843071786310518 0.0029689610419207668 0.46434108527131784 0.047629632817247206 0.0019158356745505147
245 600.0 9000.0 30.0 0.12440371475420953 0.05175292153589316 0.0020611965098793505 0.45003756574004505 0.041022085928889354 0.0017197038675184398
246 600.0 9000.0 30.0 0.12440371475420953 0.05342237061769616 0.0022197976618266524 0.45037593984962404 0.04290464240971026 0.0017672765684009213
247 600.0 9000.0 30.0 0.12440371475420953 0.05008347245409015 0.0022185202413379157 0.4544764795144158 0.04014334935747778 0.001668337416019289
248 600.0 9000.0 30.0 0.12440371475420953 0.045075125208681135 0.0016739574046669456 0.4430473372781065 0.036387190340283614 0.001517262314850002
249 600.0 9000.0 30.0 0.12440371475420953 0.045075125208681135 0.0013893887392286363 0.4372262773722628 0.036529627278447795 0.001516430984025128
25 600.0 9000.0 30.0 0.12440371475420953 0.05342237061769616 0.0021827802787192027 0.453444360333081 0.043917118780887276 0.0017639797562464263
250 600.0 9000.0 30.0 0.12440371475420953 0.045075125208681135 0.0020433893658149786 0.4541319181197877 0.035645375256137694 0.001519474023700779
251 600.0 9000.0 30.0 0.12440371475420953 0.05175292153589316 0.0022396167093715184 0.4551671732522796 0.04108239726677882 0.0017197747129525597
252 600.0 9000.0 30.0 0.12440371475420953 0.05676126878130217 0.002663013037660748 0.45795107033639143 0.04525301791679253 0.0018691815305867544
253 600.0 9000.0 30.0 0.12440371475420953 0.05008347245409015 0.0017728739144099255 0.4430473372781065 0.03937501227597524 0.0016706114663778342
254 600.0 9000.0 30.0 0.12440371475420953 0.05175292153589316 0.0021787175678865934 0.4490254872563718 0.04131344286016603 0.0017187931645217544
255 600.0 9000.0 30.0 0.12440371475420953 0.041736227045075125 0.0013167146810057326 0.43563636363636365 0.03409536080061673 0.0014147987403146777
256 600.0 9000.0 30.0 0.12440371475420953 0.04674457429048414 0.001566656466293419 0.4423929098966027 0.03809341292739202 0.0015660644972493457
257 600.0 9000.0 30.0 0.12440371475420953 0.05509181969949917 0.0023594879385168926 0.4537878787878788 0.04463150061281109 0.0018171963332317786
258 600.0 9000.0 30.0 0.12440371475420953 0.05175292153589316 0.0022283127963787395 0.4527588813303099 0.04104670017098263 0.001720335161500012
259 600.0 9000.0 30.0 0.12440371475420953 0.05008347245409015 0.0020604569773007516 0.4569031273836766 0.0408050116300861 0.0016657976972358243
26 600.0 9000.0 30.0 0.12440371475420953 0.05175292153589316 0.0020425044962566 0.4520754716981132 0.04308171354946659 0.0017112083371084441
260 600.0 9000.0 30.0 0.12440371475420953 0.06010016694490818 0.0030529482601793006 0.4654234654234654 0.0490777265457179 0.0019657490089311684
261 600.0 9000.0 30.0 0.12440371475420953 0.05008347245409015 0.0020738704793524174 0.44568452380952384 0.04056802097940162 0.0016670175491192646
262 600.0 9000.0 30.0 0.12440371475420953 0.05008347245409015 0.002013955425490117 0.4527588813303099 0.0404503200620601 0.0016664554948347672
263 600.0 9000.0 30.0 0.12440371475420953 0.048414023372287146 0.002048224351817596 0.4517345399698341 0.038271504773280625 0.0016202795496721182
264 600.0 9000.0 30.0 0.12440371475420953 0.038397328881469114 0.001340871418106257 0.4460163812360387 0.03151478680964002 0.00131405053571774
265 600.0 9000.0 30.0 0.12440371475420953 0.04674457429048414 0.001850173076066474 0.4460163812360387 0.037225112629088196 0.001569451939233414
266 600.0 9000.0 30.0 0.12440371475420953 0.05008347245409015 0.0017713094795960725 0.438506588579795 0.039821572441119814 0.0016691542808753507
267 600.0 9000.0 30.0 0.12440371475420953 0.048414023372287146 0.0021248983439203814 0.4548215641609719 0.03924247262807963 0.0016163854048658935
268 600.0 9000.0 30.0 0.12440371475420953 0.05008347245409015 0.0020578706050645543 0.4507148231753198 0.03987486070164512 0.00166923022043502
269 600.0 9000.0 30.0 0.12440371475420953 0.05509181969949917 0.0021201920562188884 0.4437037037037037 0.04360407355270663 0.0018212514128939676
27 600.0 9000.0 30.0 0.12440371475420953 0.05008347245409015 0.0022897174354500273 0.45310136157337366 0.04070826715703444 0.0016655981651650656
270 600.0 9000.0 30.0 0.12440371475420953 0.04340567612687813 0.0014760917120790575 0.4359534206695779 0.03497373525639706 0.0014685238567056585
271 600.0 9000.0 30.0 0.12440371475420953 0.0651085141903172 0.0034536023906318455 0.47767145135566186 0.05427863040704832 0.0021120717954770858
272 600.0 9000.0 30.0 0.12440371475420953 0.045075125208681135 0.0016816968776317146 0.4437037037037037 0.036660006743195556 0.0015162711623583664
273 600.0 9000.0 30.0 0.12440371475420953 0.04674457429048414 0.001791722432286405 0.44568452380952384 0.03664709237378072 0.0015714079294391861
274 600.0 9000.0 30.0 0.12440371475420953 0.05342237061769616 0.002587182913380078 0.4618350038550501 0.0430162897716368 0.0017683298771443857
275 600.0 9000.0 30.0 0.12440371475420953 0.041736227045075125 0.0014371435759484262 0.43947175348495965 0.03381208938961399 0.0014182060851068725
276 600.0 9000.0 30.0 0.12440371475420953 0.05843071786310518 0.002896319459964849 0.46796875 0.046750805168693614 0.0019188942905342685
277 600.0 9000.0 30.0 0.12440371475420953 0.05342237061769616 0.0025571350513418165 0.4665109034267913 0.04402140437176295 0.0017635293382818312
278 600.0 9000.0 30.0 0.12440371475420953 0.05509181969949917 0.0022983345639756504 0.45830145371078806 0.044990609797469425 0.0018165342914970265
279 600.0 9000.0 30.0 0.12440371475420953 0.04340567612687813 0.0017457776131562601 0.43754565376187 0.03344392754890041 0.0014727560584603993
28 600.0 9000.0 30.0 0.12440371475420953 0.05008347245409015 0.0018256622959310633 0.4437037037037037 0.040089032635159456 0.0016679141526617963
280 600.0 9000.0 30.0 0.12440371475420953 0.041736227045075125 0.001354797746456449 0.4312455003599712 0.03357454783534805 0.0014170299591309177
281 600.0 9000.0 30.0 0.12440371475420953 0.041736227045075125 0.0013790331835915569 0.4407652685798381 0.033528298508933956 0.0014181957488968574
282 600.0 9000.0 30.0 0.12440371475420953 0.05843071786310518 0.002818366209597694 0.46006144393241166 0.04641517004825974 0.001920095092075809
283 600.0 9000.0 30.0 0.12440371475420953 0.048414023372287146 0.0018519410476035179 0.4493623405851463 0.039394388485968206 0.0016153031694441373
284 600.0 9000.0 30.0 0.12440371475420953 0.04674457429048414 0.0016866532233601828 0.442719881744272 0.03709194698586619 0.0015694286362118448
285 600.0 9000.0 30.0 0.12440371475420953 0.035058430717863104 0.0009140528267935774 0.425728500355366 0.028495116561926274 0.0012166730650390823
286 600.0 9000.0 30.0 0.12440371475420953 0.04674457429048414 0.001956672266151338 0.4510542168674699 0.03692825226122857 0.001570027240059892
287 600.0 9000.0 30.0 0.12440371475420953 0.05008347245409015 0.0021749464091268245 0.4555133079847909 0.040832785494050616 0.0016655426543997504
288 600.0 9000.0 30.0 0.12440371475420953 0.05175292153589316 0.0024340745232380424 0.46219135802469136 0.041707759907899926 0.0017174978230146362
289 600.0 9000.0 30.0 0.12440371475420953 0.048414023372287146 0.0019499214442802344 0.4470149253731343 0.0386305469247073 0.0016197089763761992
29 600.0 9000.0 30.0 0.12440371475420953 0.06176961602671119 0.0031058186662055146 0.4618350038550501 0.049380154237430925 0.00201929977550274
290 600.0 9000.0 30.0 0.12440371475420953 0.05843071786310518 0.003225332106629424 0.46943573667711597 0.046863518283571014 0.001919026255267697
291 600.0 9000.0 30.0 0.12440371475420953 0.05342237061769616 0.0025253847258069006 0.4555133079847909 0.0409276517337957 0.0017763006136035818
292 600.0 9000.0 30.0 0.12440371475420953 0.041736227045075125 0.0013338331931190084 0.430316091954023 0.03303572491600845 0.0014205059013258914
293 600.0 9000.0 30.0 0.12440371475420953 0.048414023372287146 0.001726300893500846 0.4443620178041543 0.03901719366554268 0.001616291767683727
294 600.0 9000.0 30.0 0.12440371475420953 0.05008347245409015 0.0023249621271127278 0.4593558282208589 0.04002889480960384 0.001667988046599502
295 600.0 9000.0 30.0 0.12440371475420953 0.048414023372287146 0.0020545892177786947 0.45310136157337366 0.038673663081543005 0.0016180219623985808
296 600.0 9000.0 30.0 0.12440371475420953 0.045075125208681135 0.001622015298609368 0.4443620178041543 0.03773795385144455 0.0015115352236048881
297 600.0 9000.0 30.0 0.12440371475420953 0.05175292153589316 0.001975086122517982 0.44801795063575167 0.04033502389952312 0.0017218080174129006
298 600.0 9000.0 30.0 0.12440371475420953 0.05509181969949917 0.0022593014194897646 0.4517345399698341 0.04365982264943659 0.00181883772311246
299 600.0 9000.0 30.0 0.12440371475420953 0.05008347245409015 0.0020916862812370516 0.44535315985130114 0.03952554312332659 0.001669964722584179
3 600.0 9000.0 30.0 0.12440371475420953 0.05008347245409015 0.002193281235632955 0.4470149253731343 0.03997805817141033 0.0016679669529312572
30 600.0 9000.0 30.0 0.12440371475420953 0.05008347245409015 0.001952554940650158 0.4476831091180867 0.04046576968832218 0.0016665460369962091
300 600.0 9000.0 30.0 0.12440371475420953 0.048414023372287146 0.002011539406054279 0.4490254872563718 0.039319322813438605 0.0016161471922291263
301 600.0 9000.0 30.0 0.12440371475420953 0.041736227045075125 0.0014581561866770113 0.4423929098966027 0.03449194533230869 0.0014143106116637802
302 600.0 9000.0 30.0 0.12440371475420953 0.05008347245409015 0.0021185918030455562 0.4551671732522796 0.04109801305196757 0.0016634716457281321
303 600.0 9000.0 30.0 0.12440371475420953 0.048414023372287146 0.0019204215521220985 0.4430473372781065 0.038845579299941146 0.001617207862338983
304 600.0 9000.0 30.0 0.12440371475420953 0.05008347245409015 0.0017847698352624224 0.4430473372781065 0.04120576039466211 0.0016636258630431527
305 600.0 9000.0 30.0 0.12440371475420953 0.05509181969949917 0.002372216236567148 0.4558599695585997 0.04479248887362407 0.0018157164080374161
306 600.0 9000.0 30.0 0.12440371475420953 0.05509181969949917 0.0024600592338785837 0.4562071591774562 0.04426405059968755 0.0018176679676092425
307 600.0 9000.0 30.0 0.12440371475420953 0.05676126878130217 0.002329303114629831 0.45003756574004505 0.04512136558864296 0.0018692879077341863
308 600.0 9000.0 30.0 0.12440371475420953 0.045075125208681135 0.001485285138855874 0.442719881744272 0.037354386496533734 0.0015124144828963983
309 600.0 9000.0 30.0 0.12440371475420953 0.048414023372287146 0.0017719672873098414 0.442719881744272 0.039171611474218986 0.0016163082450551692
31 600.0 9000.0 30.0 0.12440371475420953 0.05342237061769616 0.0026487322582884 0.46006144393241166 0.042839429916955975 0.0017684157821722672
310 600.0 9000.0 30.0 0.12440371475420953 0.05342237061769616 0.0024411851483553742 0.4593558282208589 0.04275321566730939 0.001768196046792315
311 600.0 9000.0 30.0 0.12440371475420953 0.05008347245409015 0.0018426494818812996 0.45139412207987945 0.0417690755311965 0.0016608645336799875
312 600.0 9000.0 30.0 0.12440371475420953 0.045075125208681135 0.001342484238421462 0.43690736688548504 0.03787940199378412 0.0015105134579596444
313 600.0 9000.0 30.0 0.12440371475420953 0.05509181969949917 0.0023394055977992672 0.4611239414934565 0.04527606957479736 0.0018133059203341646
314 600.0 9000.0 30.0 0.12440371475420953 0.06176961602671119 0.003141882751553833 0.4716535433070866 0.05192106116159978 0.002009998346486287
315 600.0 9000.0 30.0 0.12440371475420953 0.05342237061769616 0.0016382252451475395 0.4423929098966027 0.04432466876062301 0.0017622371093870314
316 600.0 9000.0 30.0 0.12440371475420953 0.04006677796327212 0.0013009913225402506 0.44011756061719326 0.03418838970590449 0.0013600289475918454
317 600.0 9000.0 30.0 0.12440371475420953 0.05676126878130217 0.002529138483516906 0.4558599695585997 0.04542767963447655 0.001868822475656277
318 600.0 9000.0 30.0 0.12440371475420953 0.06010016694490818 0.00295530268341699 0.46506211180124224 0.04900519133167488 0.001964128375757461
319 600.0 9000.0 30.0 0.12440371475420953 0.05175292153589316 0.0020881020573057757 0.4548215641609719 0.042397417675100794 0.0017153870205984562
32 600.0 9000.0 30.0 0.12440371475420953 0.05175292153589316 0.0024089213358962163 0.46147919876733434 0.04315003107936785 0.0017114452647181105
320 600.0 9000.0 30.0 0.12440371475420953 0.05342237061769616 0.0021916228729288007 0.4537878787878788 0.04488427282315667 0.0017604129796187752
321 600.0 9000.0 30.0 0.12440371475420953 0.048414023372287146 0.0020533263194419792 0.4551671732522796 0.03929358822997674 0.0016155472408633138
322 600.0 9000.0 30.0 0.12440371475420953 0.05008347245409015 0.0020629317306847163 0.453444360333081 0.04168704794512681 0.001661702177692478
323 600.0 9000.0 30.0 0.12440371475420953 0.05008347245409015 0.002169537054183896 0.4537878787878788 0.04105030328404514 0.0016649081909174942
324 600.0 9000.0 30.0 0.12440371475420953 0.04674457429048414 0.0018035669635280375 0.442719881744272 0.036967607434476114 0.0015691668915476125
325 600.0 9000.0 30.0 0.12440371475420953 0.05175292153589316 0.0022088201064010787 0.45139412207987945 0.04281992364347166 0.0017125837566549502
326 600.0 9000.0 30.0 0.12440371475420953 0.05342237061769616 0.0023283719599023274 0.45795107033639143 0.04364161687706417 0.0017654652958805678
327 600.0 9000.0 30.0 0.12440371475420953 0.06176961602671119 0.003099963719111538 0.4676034348165496 0.05091972474640232 0.0020131219125941635
328 600.0 9000.0 30.0 0.12440371475420953 0.05008347245409015 0.002176080404605362 0.4510542168674699 0.039891080777375916 0.0016691600037695444
329 600.0 9000.0 30.0 0.12440371475420953 0.045075125208681135 0.0019885434250946324 0.45037593984962404 0.0351262452998846 0.0015223056279937775
33 600.0 9000.0 30.0 0.12440371475420953 0.048414023372287146 0.0017633701550711408 0.442719881744272 0.0388504394036718 0.0016186250713079412
330 600.0 9000.0 30.0 0.12440371475420953 0.05342237061769616 0.002506192994730321 0.45760122230710465 0.043184210794283286 0.0017659747610033242
331 600.0 9000.0 30.0 0.12440371475420953 0.05509181969949917 0.002788227832541178 0.46254826254826253 0.04474885939523805 0.0018162411777463104
332 600.0 9000.0 30.0 0.12440371475420953 0.04674457429048414 0.0018628388082466251 0.4562071591774562 0.03898474409775119 0.0015617091170837183
333 600.0 9000.0 30.0 0.12440371475420953 0.05008347245409015 0.0020302787823800457 0.44801795063575167 0.03988310366894222 0.0016693929991528629
334 600.0 9000.0 30.0 0.12440371475420953 0.041736227045075125 0.0013487219620006714 0.43437273386511965 0.03341073465806793 0.0014184167472479237
335 600.0 9000.0 30.0 0.12440371475420953 0.048414023372287146 0.002041580326569008 0.44734876773711724 0.038193226600818794 0.0016190451477357958
336 600.0 9000.0 30.0 0.12440371475420953 0.05676126878130217 0.002750610614093982 0.4558599695585997 0.04539468815350386 0.0018684084465973813
337 600.0 9000.0 30.0 0.12440371475420953 0.04006677796327212 0.0013581167196549694 0.43947175348495965 0.03260963214708079 0.0013656022473862947
338 600.0 9000.0 30.0 0.12440371475420953 0.04674457429048414 0.0017795294645686164 0.4423929098966027 0.03724290256118752 0.001568788067737688
339 600.0 9000.0 30.0 0.12440371475420953 0.048414023372287146 0.0018943987820786966 0.45139412207987945 0.03978652602443678 0.0016142601914152649
34 600.0 9000.0 30.0 0.12440371475420953 0.04674457429048414 0.0018299248578611724 0.442719881744272 0.036813893749421095 0.0015706615659877182
340 600.0 9000.0 30.0 0.12440371475420953 0.04674457429048414 0.0016718513447548811 0.4437037037037037 0.03780570205955908 0.0015660628294297072
341 600.0 9000.0 30.0 0.12440371475420953 0.05676126878130217 0.002775491748194052 0.46398140975987606 0.04570270686519935 0.001867091270919608
342 600.0 9000.0 30.0 0.12440371475420953 0.04006677796327212 0.0010448822812438878 0.42755174875089225 0.03249335360727322 0.001367288022169876
343 600.0 9000.0 30.0 0.12440371475420953 0.04674457429048414 0.0020399270051042907 0.4510542168674699 0.036535733573351416 0.0015717821357409808
344 600.0 9000.0 30.0 0.12440371475420953 0.041736227045075125 0.001425415853860711 0.44011756061719326 0.03364335844162032 0.0014167774793274242
345 600.0 9000.0 30.0 0.12440371475420953 0.038397328881469114 0.0011667971063669344 0.42663817663817666 0.030055577811338892 0.001321168546917148
346 600.0 9000.0 30.0 0.12440371475420953 0.05843071786310518 0.0028344278403440505 0.46219135802469136 0.04771672574322222 0.0019153201105143844
347 600.0 9000.0 30.0 0.12440371475420953 0.05342237061769616 0.0024006254615961706 0.4537878787878788 0.04314859835659525 0.0017675522705459471
348 600.0 9000.0 30.0 0.12440371475420953 0.05008347245409015 0.002177855681771055 0.44801795063575167 0.03877769215379374 0.001673767862326319
349 600.0 9000.0 30.0 0.12440371475420953 0.04674457429048414 0.001892873064070794 0.4517345399698341 0.037927892642879824 0.0015661247845326263
35 600.0 9000.0 30.0 0.12440371475420953 0.05342237061769616 0.0019275468576501558 0.44668158090976884 0.044045383484034424 0.0017641085104380299
350 600.0 9000.0 30.0 0.12440371475420953 0.04674457429048414 0.0017499151786642122 0.44011756061719326 0.0369513045455632 0.0015703102819208782
351 600.0 9000.0 30.0 0.12440371475420953 0.048414023372287146 0.0016602941019743446 0.4397944199706314 0.038140099864641466 0.0016209545660120757
352 600.0 9000.0 30.0 0.12440371475420953 0.05509181969949917 0.002455489421722042 0.4544764795144158 0.04325038126020035 0.0018214729340375892
353 600.0 9000.0 30.0 0.12440371475420953 0.045075125208681135 0.001815106639980999 0.4460163812360387 0.03601192320322584 0.0015197868268597143
354 600.0 9000.0 30.0 0.12440371475420953 0.05342237061769616 0.0022791967486354286 0.4493623405851463 0.041494663260954155 0.001773497672802595
355 600.0 9000.0 30.0 0.12440371475420953 0.05676126878130217 0.0030546480459627853 0.46219135802469136 0.043479002047886316 0.001876943399098076
356 600.0 9000.0 30.0 0.12440371475420953 0.05509181969949917 0.002856812578921397 0.46041506533435816 0.043662163772632254 0.001820574892587243
357 600.0 9000.0 30.0 0.12440371475420953 0.04340567612687813 0.0013369130322776212 0.43000717875089733 0.03348601710062222 0.001472968860257079
358 600.0 9000.0 30.0 0.12440371475420953 0.04674457429048414 0.0015895764463253485 0.4337436640115858 0.03668999934122658 0.0015709668760113312
359 600.0 9000.0 30.0 0.12440371475420953 0.05175292153589316 0.0020787157426130523 0.4450222882615156 0.04102670442639113 0.0017208056941516153
36 600.0 9000.0 30.0 0.12440371475420953 0.05175292153589316 0.0024004517537471086 0.4544764795144158 0.041048731199640406 0.0017200456316290545
360 600.0 9000.0 30.0 0.12440371475420953 0.05509181969949917 0.001966959999456408 0.44568452380952384 0.043633286220043706 0.0018206254312039404
361 600.0 9000.0 30.0 0.12440371475420953 0.04006677796327212 0.001288489863404797 0.4260312944523471 0.03111928498618862 0.0013718181705948914
362 600.0 9000.0 30.0 0.12440371475420953 0.05008347245409015 0.0021074080555864064 0.44801795063575167 0.0393701156379189 0.0016715219703104175
363 600.0 9000.0 30.0 0.12440371475420953 0.05175292153589316 0.002296843477202245 0.4490254872563718 0.041432416112568794 0.0017183411233053824
364 600.0 9000.0 30.0 0.12440371475420953 0.05008347245409015 0.002340732222618701 0.45139412207987945 0.03895405327858931 0.001673441526205925
365 600.0 9000.0 30.0 0.12440371475420953 0.04674457429048414 0.002084866523606096 0.45139412207987945 0.037007578276058 0.001570158656736442
366 600.0 9000.0 30.0 0.12440371475420953 0.04674457429048414 0.0018104766068679646 0.4423929098966027 0.03632464649376633 0.0015726203050020785
367 600.0 9000.0 30.0 0.12440371475420953 0.04340567612687813 0.001642546471012692 0.43249097472924186 0.033525663952795715 0.0014726997648966396
368 600.0 9000.0 30.0 0.12440371475420953 0.045075125208681135 0.001413547063706717 0.43690736688548504 0.035873218850156714 0.0015199527827788016
369 600.0 9000.0 30.0 0.12440371475420953 0.05509181969949917 0.002510316979791879 0.45310136157337366 0.04320920249260841 0.001821853661550053
37 600.0 9000.0 30.0 0.12440371475420953 0.045075125208681135 0.0017579640070150486 0.44734876773711724 0.036660205579844216 0.0015156356247328102
370 600.0 9000.0 30.0 0.12440371475420953 0.04674457429048414 0.0014867091034336663 0.4346879535558781 0.038076884038038925 0.001566447022735673
371 600.0 9000.0 30.0 0.12440371475420953 0.045075125208681135 0.001767356976734878 0.44206642066420665 0.03599291878271079 0.0015189864618689775
372 600.0 9000.0 30.0 0.12440371475420953 0.05676126878130217 0.0028037455606903113 0.4541319181197877 0.04397678072182247 0.0018746957973967506
373 600.0 9000.0 30.0 0.12440371475420953 0.048414023372287146 0.001736287467264109 0.442719881744272 0.039759817688402456 0.0016147793828116897
374 600.0 9000.0 30.0 0.12440371475420953 0.05843071786310518 0.0029379305710701908 0.4590038314176245 0.045513248764343414 0.0019251824552457327
375 600.0 9000.0 30.0 0.12440371475420953 0.045075125208681135 0.001570149157950824 0.42633451957295376 0.03521392081361486 0.001522248082425293
376 600.0 9000.0 30.0 0.12440371475420953 0.05676126878130217 0.0025161832385460084 0.4541319181197877 0.043672843538065345 0.001876225060122009
377 600.0 9000.0 30.0 0.12440371475420953 0.06176961602671119 0.0023077339843994875 0.45795107033639143 0.05001665016526198 0.0020171025324758566
378 600.0 9000.0 30.0 0.12440371475420953 0.045075125208681135 0.001663245826608492 0.4410898379970545 0.03522782530377471 0.0015219854124603337
379 600.0 9000.0 30.0 0.12440371475420953 0.045075125208681135 0.0016888643394060983 0.438506588579795 0.03628243724174809 0.0015182267136549955
38 600.0 9000.0 30.0 0.12440371475420953 0.04006677796327212 0.0012357445297849505 0.427246790299572 0.031147967796953554 0.001371859733529017
380 600.0 9000.0 30.0 0.12440371475420953 0.05342237061769616 0.0020683076948319213 0.4446919079435783 0.04181618919682824 0.001773392519776231
381 600.0 9000.0 30.0 0.12440371475420953 0.05509181969949917 0.002603554416491287 0.46006144393241166 0.04423886864000079 0.0018185935350628953
382 600.0 9000.0 30.0 0.12440371475420953 0.05008347245409015 0.0022390112108097407 0.44835329341317365 0.03871471331073308 0.0016734087298037226
383 600.0 9000.0 30.0 0.12440371475420953 0.045075125208681135 0.0013682341345034005 0.4287759484609878 0.035280701589773894 0.001522439973121572
384 600.0 9000.0 30.0 0.12440371475420953 0.05676126878130217 0.002922950610947009 0.46398140975987606 0.0457979396812439 0.0018683224143315473
385 600.0 9000.0 30.0 0.12440371475420953 0.04340567612687813 0.0015825798799043726 0.44568452380952384 0.0361253064385314 0.0014647152334965646
386 600.0 9000.0 30.0 0.12440371475420953 0.048414023372287146 0.001667587722838376 0.43658892128279886 0.037497746686112866 0.0016242348876618082
387 600.0 9000.0 30.0 0.12440371475420953 0.06010016694490818 0.0029004241020742926 0.46076923076923076 0.0478834661689491 0.0019706002603326737
388 600.0 9000.0 30.0 0.12440371475420953 0.045075125208681135 0.0018131469418817782 0.4423929098966027 0.03566713820264155 0.0015202244143295652
389 600.0 9000.0 30.0 0.12440371475420953 0.04674457429048414 0.0019132041222883064 0.4372262773722628 0.036481944067653004 0.0015720234399191177
39 600.0 9000.0 30.0 0.12440371475420953 0.04006677796327212 0.0013565308169730872 0.43914956011730205 0.03301916988811036 0.001365772792469305
390 600.0 9000.0 30.0 0.12440371475420953 0.04006677796327212 0.0013931869936898297 0.4328034682080925 0.032097512857001666 0.0013684539807638884
391 600.0 9000.0 30.0 0.12440371475420953 0.038397328881469114 0.001291413443352837 0.4315561959654179 0.030740689859934445 0.0013191012509268648
392 600.0 9000.0 30.0 0.12440371475420953 0.05175292153589316 0.0023401286206198627 0.4490254872563718 0.04087434322749434 0.001720223935088781
393 600.0 9000.0 30.0 0.12440371475420953 0.041736227045075125 0.0013075918122466468 0.4306254493170381 0.032812688023418426 0.001421334167862256
394 600.0 9000.0 30.0 0.12440371475420953 0.05342237061769616 0.00261199325571076 0.4590038314176245 0.04242570311654561 0.0017715700745366113
395 600.0 9000.0 30.0 0.12440371475420953 0.04340567612687813 0.001569109278953562 0.4397944199706314 0.03384110253245886 0.001471807281305334
396 600.0 9000.0 30.0 0.12440371475420953 0.05008347245409015 0.002112499646830216 0.4537878787878788 0.04049575967907086 0.0016675923434778632
397 600.0 9000.0 30.0 0.12440371475420953 0.04340567612687813 0.0015921180443426055 0.44141488577745025 0.03495219344817895 0.001469215767443645
398 600.0 9000.0 30.0 0.12440371475420953 0.048414023372287146 0.0017014524421345237 0.4410898379970545 0.03825926486110951 0.0016207820856644671
399 600.0 9000.0 30.0 0.12440371475420953 0.045075125208681135 0.0019506105867017108 0.45139412207987945 0.03686503456257997 0.0015151141965568937
4 600.0 9000.0 30.0 0.12440371475420953 0.04674457429048414 0.0018116506426911255 0.45139412207987945 0.03898012576406728 0.0015614652249497092
40 600.0 9000.0 30.0 0.12440371475420953 0.05008347245409015 0.0021947768407687145 0.4565548780487805 0.0412830179904506 0.0016639103615916514
400 600.0 9000.0 30.0 0.12440371475420953 0.05008347245409015 0.001828861711810623 0.44535315985130114 0.03974247867576936 0.0016709305899062997
401 600.0 9000.0 30.0 0.12440371475420953 0.04006677796327212 0.0012910107481302632 0.4306254493170381 0.03180149054679291 0.001369222683367222
402 600.0 9000.0 30.0 0.12440371475420953 0.04340567612687813 0.0010099347942360726 0.4212376933895921 0.03445289655693531 0.00146924831273726
403 600.0 9000.0 30.0 0.12440371475420953 0.048414023372287146 0.001825072750942544 0.4423929098966027 0.038750590050228684 0.0016177059832529865
404 600.0 9000.0 30.0 0.12440371475420953 0.048414023372287146 0.0018289173754773892 0.4388278388278388 0.03751226356971767 0.0016238082499346698
405 600.0 9000.0 30.0 0.12440371475420953 0.05509181969949917 0.002503547068968937 0.4517345399698341 0.04289940525671973 0.001823318160509711
406 600.0 9000.0 30.0 0.12440371475420953 0.05008347245409015 0.0020734482228044566 0.4510542168674699 0.039721930316934384 0.0016704418610870284
407 600.0 9000.0 30.0 0.12440371475420953 0.048414023372287146 0.002075854924328226 0.45865237366003064 0.03948253014136826 0.0016155608495123032
408 600.0 9000.0 30.0 0.12440371475420953 0.05509181969949917 0.0024558873963113925 0.45830145371078806 0.04474391712698419 0.0018159390953397204
409 600.0 9000.0 30.0 0.12440371475420953 0.05008347245409015 0.0018272277294881746 0.4460163812360387 0.03924267144487405 0.0016717675700698748
41 600.0 9000.0 30.0 0.12440371475420953 0.04674457429048414 0.0016908174572428773 0.44535315985130114 0.039501526519375586 0.0015609374312300479
410 600.0 9000.0 30.0 0.12440371475420953 0.05175292153589316 0.0019398818696998775 0.44141488577745025 0.0408040655235439 0.001720948396040218
411 600.0 9000.0 30.0 0.12440371475420953 0.05342237061769616 0.0024685522762931756 0.45865237366003064 0.04354725724659092 0.0017656307656919038
412 600.0 9000.0 30.0 0.12440371475420953 0.06010016694490818 0.0032311202639033324 0.46578538102643857 0.04781514601277021 0.0019706728369907607
413 600.0 9000.0 30.0 0.12440371475420953 0.048414023372287146 0.0012348552176990877 0.4312455003599712 0.03780019102316342 0.0016215551714798856
414 600.0 9000.0 30.0 0.12440371475420953 0.048414023372287146 0.0018233209646192 0.4446919079435783 0.03855326229817274 0.0016187433234890565
415 600.0 9000.0 30.0 0.12440371475420953 0.05175292153589316 0.002612322644352853 0.4593558282208589 0.04039871394950166 0.001722025573905561
416 600.0 9000.0 30.0 0.12440371475420953 0.04674457429048414 0.0015222662238879605 0.4404411764705882 0.03753187276348453 0.0015680340554091554
417 600.0 9000.0 30.0 0.12440371475420953 0.05342237061769616 0.002298400871044101 0.45760122230710465 0.04263208286055399 0.001768927684858622
418 600.0 9000.0 30.0 0.12440371475420953 0.05175292153589316 0.00222198446445783 0.4520754716981132 0.041615662784205164 0.0017174495375637572
419 600.0 9000.0 30.0 0.12440371475420953 0.04674457429048414 0.0019587257729286613 0.452416918429003 0.037899061627542 0.0015666570008644942
42 600.0 9000.0 30.0 0.12440371475420953 0.05008347245409015 0.0022865141539470265 0.45310136157337366 0.039599695574352285 0.001669667880602683
420 600.0 9000.0 30.0 0.12440371475420953 0.05175292153589316 0.0023832444747780173 0.45865237366003064 0.04167974865370275 0.0017182090718396202
421 600.0 9000.0 30.0 0.12440371475420953 0.04340567612687813 0.0016315581121700404 0.43947175348495965 0.03514609231736588 0.0014665545639570197
422 600.0 9000.0 30.0 0.12440371475420953 0.05843071786310518 0.003002104423965598 0.45865237366003064 0.04610270817671954 0.0019205540035817674
423 600.0 9000.0 30.0 0.12440371475420953 0.05342237061769616 0.002445170504918327 0.4537878787878788 0.04204361541835352 0.0017703244612235253
424 600.0 9000.0 30.0 0.12440371475420953 0.05342237061769616 0.002416695591996398 0.4618350038550501 0.04438303227403922 0.001761843606149639
425 600.0 9000.0 30.0 0.12440371475420953 0.041736227045075125 0.00141831524405169 0.43217893217893216 0.03320210665868098 0.001418635019966356
426 600.0 9000.0 30.0 0.12440371475420953 0.04674457429048414 0.0018575029442788145 0.44206642066420665 0.0379856558017625 0.0015659309720160064
427 600.0 9000.0 30.0 0.12440371475420953 0.041736227045075125 0.0014009786447013192 0.4296987087517934 0.03216415149722385 0.0014232492117898597
428 600.0 9000.0 30.0 0.12440371475420953 0.05509181969949917 0.002703912060435205 0.46006144393241166 0.04434220907428776 0.0018176768506329806
429 600.0 9000.0 30.0 0.12440371475420953 0.05008347245409015 0.0020733004345980604 0.45139412207987945 0.04092246292381263 0.0016650249277720148
43 600.0 9000.0 30.0 0.12440371475420953 0.041736227045075125 0.0014204760216079196 0.4423929098966027 0.03593142216189452 0.0014095141754028235
430 600.0 9000.0 30.0 0.12440371475420953 0.05676126878130217 0.0027254935710011603 0.46147919876733434 0.04541267091745281 0.001867883431823981
431 600.0 9000.0 30.0 0.12440371475420953 0.05175292153589316 0.0024308910958222014 0.46041506533435816 0.0413898024976599 0.0017191626816759958
432 600.0 9000.0 30.0 0.12440371475420953 0.05342237061769616 0.0023201162814980476 0.45310136157337366 0.0432769551601202 0.0017666778523159842
433 600.0 9000.0 30.0 0.12440371475420953 0.04340567612687813 0.0016519842590496637 0.4430473372781065 0.034487686992524864 0.001468587125722042
434 600.0 9000.0 30.0 0.12440371475420953 0.04674457429048414 0.0018742365008959515 0.4404411764705882 0.03597455585773542 0.0015737157748066484
435 600.0 9000.0 30.0 0.12440371475420953 0.048414023372287146 0.0018693443702359914 0.4410898379970545 0.038435855466418034 0.0016194656101850354
436 600.0 9000.0 30.0 0.12440371475420953 0.038397328881469114 0.0009442144731680995 0.4180041870202373 0.029619941940987396 0.0013229489011638107
437 600.0 9000.0 30.0 0.12440371475420953 0.05175292153589316 0.00203909228092516 0.45003756574004505 0.041665759501268246 0.00171756370913654
438 600.0 9000.0 30.0 0.12440371475420953 0.05008347245409015 0.0019274437898785554 0.441740412979351 0.038836082297279105 0.0016731320148609045
439 600.0 9000.0 30.0 0.12440371475420953 0.05509181969949917 0.002484718081236114 0.45760122230710465 0.04365479829972716 0.0018204427405648167
44 600.0 9000.0 30.0 0.12440371475420953 0.06343906510851419 0.003509748422763639 0.47277032359905286 0.05208972918265015 0.0020641458312388983
440 600.0 9000.0 30.0 0.12440371475420953 0.05175292153589316 0.0022644515418892893 0.4507148231753198 0.04122468684331023 0.0017189284191720974
441 600.0 9000.0 30.0 0.12440371475420953 0.05008347245409015 0.001843951168040543 0.448689138576779 0.04088254848651564 0.0016655643801822338
442 600.0 9000.0 30.0 0.12440371475420953 0.04674457429048414 0.0013326225916814173 0.4312455003599712 0.036933112768241065 0.0015706100689223635
443 600.0 9000.0 30.0 0.12440371475420953 0.045075125208681135 0.0015350064196801622 0.43947175348495965 0.03656825429308839 0.0015162483977949706
444 600.0 9000.0 30.0 0.12440371475420953 0.05843071786310518 0.0027053733596777846 0.4593558282208589 0.04812881771859525 0.0019133973996211823
445 600.0 9000.0 30.0 0.12440371475420953 0.045075125208681135 0.0017114301891565998 0.4496996996996997 0.03753470524968247 0.0015129359441839558
446 600.0 9000.0 30.0 0.12440371475420953 0.04340567612687813 0.0014623209337481123 0.4410898379970545 0.035402451435345976 0.0014659529439788091
447 600.0 9000.0 30.0 0.12440371475420953 0.05342237061769616 0.002451960449000084 0.4555133079847909 0.041583396703967594 0.0017734548018873229
448 600.0 9000.0 30.0 0.12440371475420953 0.048414023372287146 0.002062163144487818 0.4404411764705882 0.03769133018785542 0.0016226682548992175
449 600.0 9000.0 30.0 0.12440371475420953 0.04006677796327212 0.0012883762307992642 0.4337436640115858 0.032295969422063794 0.0013672020682956748
45 600.0 9000.0 30.0 0.12440371475420953 0.045075125208681135 0.0016491202484945709 0.4507148231753198 0.0381466497368457 0.0015110363333716453
450 600.0 9000.0 30.0 0.12440371475420953 0.05342237061769616 0.002255269363336173 0.448689138576779 0.04372280281200977 0.0017652853340083272
451 600.0 9000.0 30.0 0.12440371475420953 0.06010016694490818 0.003222895082455722 0.46796875 0.048955628618891564 0.001965758066148071
452 600.0 9000.0 30.0 0.12440371475420953 0.04674457429048414 0.0015764162291720468 0.4372262773722628 0.03856715907312233 0.0015638027263205736
453 600.0 9000.0 30.0 0.12440371475420953 0.05509181969949917 0.0025880895039593578 0.45725190839694657 0.04493767451621435 0.00181591486531253
454 600.0 9000.0 30.0 0.12440371475420953 0.05676126878130217 0.0028061187833938205 0.4665109034267913 0.04570034534730253 0.0018672035209157545
455 600.0 9000.0 30.0 0.12440371475420953 0.06176961602671119 0.0032779021585819545 0.4716535433070866 0.05051097908546692 0.0020149666234057307
456 600.0 9000.0 30.0 0.12440371475420953 0.04340567612687813 0.001513805567492863 0.4407652685798381 0.03555889008980475 0.0014639757416761035
457 600.0 9000.0 30.0 0.12440371475420953 0.05843071786310518 0.0029631138793650303 0.46290571870170016 0.046531048273008004 0.0019197648212841262
458 600.0 9000.0 30.0 0.12440371475420953 0.05175292153589316 0.002129580627878035 0.45139412207987945 0.04217008616797454 0.0017152941876987324
459 600.0 9000.0 30.0 0.12440371475420953 0.05676126878130217 0.002626523441051196 0.45865237366003064 0.0463819341467334 0.0018653771540087243
46 600.0 9000.0 30.0 0.12440371475420953 0.05175292153589316 0.002059639932439582 0.4470149253731343 0.04270813569066086 0.0017146786943001242
460 600.0 9000.0 30.0 0.12440371475420953 0.05342237061769616 0.002637939322791949 0.46219135802469136 0.043426281257142714 0.0017659255864053139
461 600.0 9000.0 30.0 0.12440371475420953 0.04674457429048414 0.0013151316124898203 0.43437273386511965 0.037097678945373594 0.0015693745917403404
462 600.0 9000.0 30.0 0.12440371475420953 0.045075125208681135 0.0015143570693477468 0.43437273386511965 0.035234242667904 0.0015214019790402871
463 600.0 9000.0 30.0 0.12440371475420953 0.05008347245409015 0.0019242980966977066 0.4423929098966027 0.03929388571444043 0.0016711400991225025
464 600.0 9000.0 30.0 0.12440371475420953 0.05008347245409015 0.0019159526183105326 0.44668158090976884 0.040321837062837804 0.001666979569927568
465 600.0 9000.0 30.0 0.12440371475420953 0.05342237061769616 0.002128028288622885 0.4520754716981132 0.043319261596541245 0.0017655426989615737
466 600.0 9000.0 30.0 0.12440371475420953 0.04674457429048414 0.001785373800466402 0.4423929098966027 0.037492802270593206 0.0015681628893066584
467 600.0 9000.0 30.0 0.12440371475420953 0.04674457429048414 0.00192333581755442 0.4440326167531505 0.03700058127428861 0.0015687117563429839
468 600.0 9000.0 30.0 0.12440371475420953 0.05342237061769616 0.0025042438024295475 0.4569031273836766 0.042288068916202556 0.0017699347974500265
469 600.0 9000.0 30.0 0.12440371475420953 0.04674457429048414 0.001478954331183198 0.441740412979351 0.039418376971432786 0.0015606396313754501
47 600.0 9000.0 30.0 0.12440371475420953 0.045075125208681135 0.0014862031093139908 0.441740412979351 0.03776934408077643 0.0015119586470823025
470 600.0 9000.0 30.0 0.12440371475420953 0.048414023372287146 0.0020927321081983933 0.4493623405851463 0.04029998585572964 0.001612096431539168
471 600.0 9000.0 30.0 0.12440371475420953 0.04674457429048414 0.0012811544023555545 0.4309352517985611 0.03793442222060081 0.001565750392547167
472 600.0 9000.0 30.0 0.12440371475420953 0.04340567612687813 0.0015561496283169856 0.4359534206695779 0.03480024792456868 0.00146791792354999
473 600.0 9000.0 30.0 0.12440371475420953 0.048414023372287146 0.0017828270530853155 0.44337527757216877 0.03901314774437328 0.0016169458371396595
474 600.0 9000.0 30.0 0.12440371475420953 0.04006677796327212 0.001494164995232277 0.4359534206695779 0.031491047340006 0.0013696763861647337
475 600.0 9000.0 30.0 0.12440371475420953 0.05008347245409015 0.002296962557033888 0.46076923076923076 0.04149788949704915 0.001662445618503722
476 600.0 9000.0 30.0 0.12440371475420953 0.05175292153589316 0.002275530507877255 0.4510542168674699 0.041305537969020145 0.001718823615332795
477 600.0 9000.0 30.0 0.12440371475420953 0.04674457429048414 0.0017056747657014618 0.4337436640115858 0.03692545796798508 0.0015702004916657549
478 600.0 9000.0 30.0 0.12440371475420953 0.05342237061769616 0.0021328324869742798 0.4450222882615156 0.041872205086040455 0.0017709873418112069
479 600.0 9000.0 30.0 0.12440371475420953 0.05008347245409015 0.0021855814683620508 0.4460163812360387 0.03900890955165483 0.0016713896107052395
48 600.0 9000.0 30.0 0.12440371475420953 0.04340567612687813 0.0011635616485313413 0.425728500355366 0.03519821396440781 0.0014664547090354873
480 600.0 9000.0 30.0 0.12440371475420953 0.041736227045075125 0.0012676577095167725 0.42633451957295376 0.03247923410785426 0.0014205796835605627
481 600.0 9000.0 30.0 0.12440371475420953 0.06176961602671119 0.0032228774830617736 0.46470131885182314 0.04850859761348033 0.0020213347409407624
482 600.0 9000.0 30.0 0.12440371475420953 0.045075125208681135 0.0015119042807490578 0.4359534206695779 0.03533088968087803 0.001519564854728303
483 600.0 9000.0 30.0 0.12440371475420953 0.045075125208681135 0.0015623463888343996 0.4359534206695779 0.03639514216168269 0.0015160996118446018
484 600.0 9000.0 30.0 0.12440371475420953 0.05175292153589316 0.0020554011443378 0.45003756574004505 0.04097881331300905 0.001718696646903088
485 600.0 9000.0 30.0 0.12440371475420953 0.05175292153589316 0.0022342690570057084 0.44668158090976884 0.04105110927623283 0.0017197172946433535
486 600.0 9000.0 30.0 0.12440371475420953 0.045075125208681135 0.0013056799295569177 0.43217893217893216 0.03580204935295165 0.0015178234170659796
487 600.0 9000.0 30.0 0.12440371475420953 0.05676126878130217 0.0029544427224139093 0.46290571870170016 0.04536900677582412 0.0018673575168344945
488 600.0 9000.0 30.0 0.12440371475420953 0.05008347245409015 0.001961792246967722 0.4446919079435783 0.03933005166458683 0.0016702258459148369
489 600.0 9000.0 30.0 0.12440371475420953 0.05008347245409015 0.0018914177879454225 0.448689138576779 0.039946687629991234 0.0016684780275933028
49 600.0 9000.0 30.0 0.12440371475420953 0.041736227045075125 0.0015560802985162539 0.44011756061719326 0.03308931198499565 0.0014199240237635024
490 600.0 9000.0 30.0 0.12440371475420953 0.048414023372287146 0.0019361990389460985 0.4381858083394294 0.03778855451955225 0.001620461705497085
491 600.0 9000.0 30.0 0.12440371475420953 0.05175292153589316 0.001995116364692364 0.452416918429003 0.041792827845225845 0.0017156705111715542
492 600.0 9000.0 30.0 0.12440371475420953 0.05509181969949917 0.002247508018439405 0.4490254872563718 0.0447550981604629 0.0018145252498678439
493 600.0 9000.0 30.0 0.12440371475420953 0.05008347245409015 0.0020023226987808374 0.45310136157337366 0.040765822954587076 0.0016646726927146411
494 600.0 9000.0 30.0 0.12440371475420953 0.05008347245409015 0.0021527036848346948 0.4507148231753198 0.0403576283848597 0.0016664043774433385
495 600.0 9000.0 30.0 0.12440371475420953 0.04674457429048414 0.0018305778989699793 0.44668158090976884 0.03760677212083429 0.0015664541918747814
496 600.0 9000.0 30.0 0.12440371475420953 0.05342237061769616 0.002347214583688893 0.448689138576779 0.04333260393107691 0.0017657726238148714
497 600.0 9000.0 30.0 0.12440371475420953 0.05342237061769616 0.002070669096794758 0.4493623405851463 0.04361819999164979 0.0017640564145815249
498 600.0 9000.0 30.0 0.12440371475420953 0.05342237061769616 0.0025212610179497857 0.4541319181197877 0.04173109770017496 0.0017720827769983631
499 600.0 9000.0 30.0 0.12440371475420953 0.05175292153589316 0.002429683567551177 0.45830145371078806 0.04176729529113236 0.0017163204398963129
5 600.0 9000.0 30.0 0.12440371475420953 0.04674457429048414 0.0020107990615917913 0.45139412207987945 0.03752284513911106 0.0015677366561181
50 600.0 9000.0 30.0 0.12440371475420953 0.05676126878130217 0.002617001811329054 0.46076923076923076 0.04611689940042305 0.0018664682259260622
500 600.0 9000.0 30.0 0.12440371475420953 0.045075125208681135 0.001777908849906432 0.4490254872563718 0.03759464093877815 0.0015119055125544147
501 600.0 9000.0 30.0 0.12440371475420953 0.048414023372287146 0.0016671482336502762 0.4404411764705882 0.039773659862103225 0.0016136009366814023
502 600.0 9000.0 30.0 0.12440371475420953 0.04340567612687813 0.0016635805108531551 0.44801795063575167 0.035969826137498676 0.001463269850507147
503 600.0 9000.0 30.0 0.12440371475420953 0.05342237061769616 0.0023888114232798927 0.45760122230710465 0.044511296138885534 0.0017619437405576345
504 600.0 9000.0 30.0 0.12440371475420953 0.04674457429048414 0.001728654902351141 0.4496996996996997 0.03913343252547313 0.0015617710931117908
505 600.0 9000.0 30.0 0.12440371475420953 0.04674457429048414 0.00169554449996686 0.4470149253731343 0.038880178052661925 0.0015623939303103995
506 600.0 9000.0 30.0 0.12440371475420953 0.05175292153589316 0.001809613136394622 0.4541319181197877 0.04445722239827805 0.0017072053606619363
507 600.0 9000.0 30.0 0.12440371475420953 0.05342237061769616 0.0024341817900086662 0.4558599695585997 0.04395178775908841 0.0017645345183487692
508 600.0 9000.0 30.0 0.12440371475420953 0.05175292153589316 0.0020679208989975214 0.4490254872563718 0.04309751966093425 0.0017107014259218198
509 600.0 9000.0 30.0 0.12440371475420953 0.041736227045075125 0.0011593585778545998 0.43437273386511965 0.035405340217708935 0.0014103469435288352
51 600.0 9000.0 30.0 0.12440371475420953 0.05342237061769616 0.002640832071108064 0.46470131885182314 0.04349493011718804 0.001765456658159656
510 600.0 9000.0 30.0 0.12440371475420953 0.05509181969949917 0.0024640537020080796 0.46076923076923076 0.04567354923945723 0.001811863308536403
511 600.0 9000.0 30.0 0.12440371475420953 0.045075125208681135 0.0014405454641912105 0.4446919079435783 0.03948941975118565 0.00150479451516732
512 600.0 9000.0 30.0 0.12440371475420953 0.06176961602671119 0.003253025305555188 0.46578538102643857 0.05040663699511208 0.0020148401511750416
513 600.0 9000.0 30.0 0.12440371475420953 0.048414023372287146 0.001812502856746071 0.4470149253731343 0.04042584267309948 0.0016111226422707643
514 600.0 9000.0 30.0 0.12440371475420953 0.05175292153589316 0.0017969058627666326 0.4476831091180867 0.044569266551823465 0.001705969584711733
515 600.0 9000.0 30.0 0.12440371475420953 0.05843071786310518 0.002583492856598655 0.46147919876733434 0.04918948309639812 0.0019090048996020861
516 600.0 9000.0 30.0 0.12440371475420953 0.04674457429048414 0.0014954215902930022 0.44337527757216877 0.039655091600824775 0.0015587605415722534
517 600.0 9000.0 30.0 0.12440371475420953 0.05843071786310518 0.0025923500346162246 0.4590038314176245 0.049065101649741455 0.0019099295738789525
518 600.0 9000.0 30.0 0.12440371475420953 0.05676126878130217 0.0025747228626144267 0.46470131885182314 0.048812869049864864 0.0018552911687712927
519 600.0 9000.0 30.0 0.12440371475420953 0.07011686143572621 0.00457397774600644 0.4897792313982011 0.05888596775090263 0.0022595312703839908
52 600.0 9000.0 30.0 0.12440371475420953 0.05008347245409015 0.001888781417736908 0.448689138576779 0.04142348495739368 0.0016640609090831406
520 600.0 9000.0 30.0 0.12440371475420953 0.05509181969949917 0.002089382119750757 0.4510542168674699 0.04668434383782732 0.001808158080782077
521 600.0 9000.0 30.0 0.12440371475420953 0.05342237061769616 0.002084506236244487 0.45310136157337366 0.0462691859360093 0.001755181710646083
522 600.0 9000.0 30.0 0.12440371475420953 0.04340567612687813 0.0015123315504804613 0.4346879535558781 0.03531532405128492 0.0014654393245453804
523 600.0 9000.0 30.0 0.12440371475420953 0.05676126878130217 0.0024392850052664433 0.4520754716981132 0.04804515160682152 0.0018588329574260654
524 600.0 9000.0 30.0 0.12440371475420953 0.05342237061769616 0.0023463531170907787 0.4541319181197877 0.04470437770708889 0.001760661733110585
525 600.0 9000.0 30.0 0.12440371475420953 0.048414023372287146 0.0017215754722991583 0.44141488577745025 0.041133480459789803 0.001609230837713561
526 600.0 9000.0 30.0 0.12440371475420953 0.05342237061769616 0.002266476523222029 0.44734876773711724 0.0457464107910203 0.001758024494292579
527 600.0 9000.0 30.0 0.12440371475420953 0.048414023372287146 0.001785448803234027 0.44734876773711724 0.041510814427215895 0.0016077293701877706
528 600.0 9000.0 30.0 0.12440371475420953 0.05175292153589316 0.001962532243653338 0.44801795063575167 0.04431966768504493 0.001707052510356322
529 600.0 9000.0 30.0 0.12440371475420953 0.05008347245409015 0.0016507178339620883 0.44801795063575167 0.043142429511605074 0.0016562771061634143
53 600.0 9000.0 30.0 0.12440371475420953 0.05342237061769616 0.002307712173173908 0.4527588813303099 0.04314462471414512 0.00176842803938598
530 600.0 9000.0 30.0 0.12440371475420953 0.05175292153589316 0.0017926603057376786 0.4490254872563718 0.04374700871936638 0.0017087359016150043
531 600.0 9000.0 30.0 0.12440371475420953 0.05342237061769616 0.0024078394099996112 0.4551671732522796 0.045443506154360415 0.00175838756034713
532 600.0 9000.0 30.0 0.12440371475420953 0.05008347245409015 0.0019371586999523192 0.45865237366003064 0.04348173307584129 0.0016554954144568346
533 600.0 9000.0 30.0 0.12440371475420953 0.04674457429048414 0.0015935857454728406 0.4460163812360387 0.04125592303894639 0.0015547748035577348
534 600.0 9000.0 30.0 0.12440371475420953 0.06343906510851419 0.003227212486503744 0.47128245476003144 0.0548173724103553 0.002054279453410084
535 600.0 9000.0 30.0 0.12440371475420953 0.048414023372287146 0.0015010629526504128 0.438506588579795 0.04153894969007722 0.0016074606797249823
536 600.0 9000.0 30.0 0.12440371475420953 0.06343906510851419 0.002978817028078797 0.4676034348165496 0.05344041036866505 0.002057873059373663
537 600.0 9000.0 30.0 0.12440371475420953 0.05008347245409015 0.0016451016181410955 0.4440326167531505 0.042503914491931784 0.00165951995713756
538 600.0 9000.0 30.0 0.12440371475420953 0.0651085141903172 0.003464115075407574 0.47091194968553457 0.055743999259048604 0.0021048637612884344
539 600.0 9000.0 30.0 0.12440371475420953 0.05008347245409015 0.002026354995469191 0.4463487332339791 0.04171903876808069 0.0016622193272989236
54 600.0 9000.0 30.0 0.12440371475420953 0.04674457429048414 0.0019094836167953635 0.44337527757216877 0.037421835484046866 0.0015690941207169916
540 600.0 9000.0 30.0 0.12440371475420953 0.04674457429048414 0.0016764111548033763 0.4443620178041543 0.03936197070366715 0.0015607898151963387
541 600.0 9000.0 30.0 0.12440371475420953 0.048414023372287146 0.0016545896015292226 0.43914956011730205 0.04014654369674209 0.001612298171069519
542 600.0 9000.0 30.0 0.12440371475420953 0.05676126878130217 0.0027061556241244874 0.46796875 0.04820770952873973 0.0018572288956819846
543 600.0 9000.0 30.0 0.12440371475420953 0.048414023372287146 0.0016996537007770245 0.442719881744272 0.04168212992900039 0.0016065282078692815
544 600.0 9000.0 30.0 0.12440371475420953 0.05008347245409015 0.002180591289897152 0.4548215641609719 0.041127160423016104 0.0016636816842950574
545 600.0 9000.0 30.0 0.12440371475420953 0.05676126878130217 0.002544279016087525 0.466147859922179 0.0489388322853125 0.0018555548108686285
546 600.0 9000.0 30.0 0.12440371475420953 0.05175292153589316 0.001962213003028806 0.4517345399698341 0.04378802034009784 0.0017089275692446049
547 600.0 9000.0 30.0 0.12440371475420953 0.05676126878130217 0.002764029209047663 0.4676034348165496 0.04785476210490627 0.0018600420372961919
548 600.0 9000.0 30.0 0.12440371475420953 0.05008347245409015 0.0018262754155296268 0.4463487332339791 0.04238347134437234 0.0016599142022185966
549 600.0 9000.0 30.0 0.12440371475420953 0.048414023372287146 0.001703340858421661 0.44801795063575167 0.041422763305755075 0.0016089197452195361
55 600.0 9000.0 30.0 0.12440371475420953 0.05509181969949917 0.0024091755866490774 0.46041506533435816 0.04592107015747977 0.0018126499194631366
550 600.0 9000.0 30.0 0.12440371475420953 0.06343906510851419 0.00303636464332499 0.46980392156862744 0.053260083802409756 0.0020592803020755487
551 600.0 9000.0 30.0 0.12440371475420953 0.05008347245409015 0.002195727359436979 0.4544764795144158 0.04192012921368985 0.0016617136292655806
552 600.0 9000.0 30.0 0.12440371475420953 0.04674457429048414 0.0017577847803534159 0.4496996996996997 0.03883082595313165 0.001562222040350926
553 600.0 9000.0 30.0 0.12440371475420953 0.05342237061769616 0.002507086973073114 0.45830145371078806 0.04321311871841098 0.0017663918086536223
554 600.0 9000.0 30.0 0.12440371475420953 0.05509181969949917 0.0021368431513473112 0.44801795063575167 0.046172420573303424 0.0018093854770300866
555 600.0 9000.0 30.0 0.12440371475420953 0.048414023372287146 0.001758184431947566 0.453444360333081 0.04131687496249918 0.0016084011681830263
556 600.0 9000.0 30.0 0.12440371475420953 0.05008347245409015 0.00214501184554285 0.46006144393241166 0.04165676795788224 0.0016617382861082615
557 600.0 9000.0 30.0 0.12440371475420953 0.05509181969949917 0.0024295709989756633 0.45830145371078806 0.0459759010416349 0.0018101621364964896
558 600.0 9000.0 30.0 0.12440371475420953 0.041736227045075125 0.0014992735982484336 0.44011756061719326 0.034352628752136474 0.0014142353716962955
559 600.0 9000.0 30.0 0.12440371475420953 0.04674457429048414 0.0017090677861867532 0.44337527757216877 0.03783101136359551 0.0015662506913955028
56 600.0 9000.0 30.0 0.12440371475420953 0.04674457429048414 0.0015795341720134084 0.4407652685798381 0.03770817651176249 0.001567581539757014
560 600.0 9000.0 30.0 0.12440371475420953 0.05008347245409015 0.0019003537529873344 0.4443620178041543 0.04129830258968273 0.0016636013213558085
561 600.0 9000.0 30.0 0.12440371475420953 0.045075125208681135 0.0013483256365485353 0.438506588579795 0.038118703676083096 0.001510572158261963
562 600.0 9000.0 30.0 0.12440371475420953 0.04340567612687813 0.0016130449709931577 0.44568452380952384 0.03565602366218887 0.0014646723926471663
563 600.0 9000.0 30.0 0.12440371475420953 0.05342237061769616 0.002205578640023937 0.4537878787878788 0.044498280505989606 0.0017626414803942779
564 600.0 9000.0 30.0 0.12440371475420953 0.06176961602671119 0.0034837601519100364 0.47091194968553457 0.049756267319245526 0.002017758732020523
565 600.0 9000.0 30.0 0.12440371475420953 0.05175292153589316 0.002318372051372277 0.46076923076923076 0.042869961764048295 0.0017132129593827408
566 600.0 9000.0 30.0 0.12440371475420953 0.048414023372287146 0.0020244810059853206 0.4507148231753198 0.03947682007549044 0.001616093190737029
567 600.0 9000.0 30.0 0.12440371475420953 0.05342237061769616 0.00246090942600056 0.4611239414934565 0.04393290475151285 0.0017641418861562238
568 600.0 9000.0 30.0 0.12440371475420953 0.05509181969949917 0.0027177466234890473 0.46906812842599843 0.04610962309700315 0.0018112735370627406
569 600.0 9000.0 30.0 0.12440371475420953 0.048414023372287146 0.0019524589335656796 0.4565548780487805 0.04065515587459519 0.0016117633018676372
57 600.0 9000.0 30.0 0.12440371475420953 0.05509181969949917 0.002413403209730696 0.45865237366003064 0.044281108160018255 0.0018189226171595229
570 600.0 9000.0 30.0 0.12440371475420953 0.05342237061769616 0.0025011419803973142 0.46362229102167185 0.0445333600426774 0.0017611195446480526
571 600.0 9000.0 30.0 0.12440371475420953 0.048414023372287146 0.0018034226955443357 0.4460163812360387 0.04001729532070525 0.0016130192882808855
572 600.0 9000.0 30.0 0.12440371475420953 0.05175292153589316 0.002305076264019434 0.45830145371078806 0.0426219385058189 0.0017141261430126046
573 600.0 9000.0 30.0 0.12440371475420953 0.041736227045075125 0.0014438484514976157 0.438506588579795 0.03465974657558464 0.001412761006601699
574 600.0 9000.0 30.0 0.12440371475420953 0.03672787979966611 0.0009206367098004354 0.42362093352192365 0.030573945767901976 0.0012631715135069527
575 600.0 9000.0 30.0 0.12440371475420953 0.05843071786310518 0.0026779750630284045 0.4593558282208589 0.04752359294179027 0.0019159567988928866
576 600.0 9000.0 30.0 0.12440371475420953 0.05175292153589316 0.0017246029302425312 0.4460163812360387 0.04413324334579218 0.0017081664442187335
577 600.0 9000.0 30.0 0.12440371475420953 0.05676126878130217 0.002831392896228601 0.46870109546165883 0.04677818217621511 0.001864197212355242
578 600.0 9000.0 30.0 0.12440371475420953 0.06010016694490818 0.0030509057998530337 0.472397476340694 0.05090834223819007 0.0019583075519629665
579 600.0 9000.0 30.0 0.12440371475420953 0.05843071786310518 0.00260009650624746 0.46362229102167185 0.048750741001888136 0.0019119025080467913
58 600.0 9000.0 30.0 0.12440371475420953 0.05342237061769616 0.002051310349205453 0.453444360333081 0.043674907908537904 0.0017665926839234274
580 600.0 9000.0 30.0 0.12440371475420953 0.05509181969949917 0.002516763319623095 0.46254826254826253 0.04641076016226333 0.0018101571194625707
581 600.0 9000.0 30.0 0.12440371475420953 0.045075125208681135 0.0016823782494481186 0.4372262773722628 0.03578610280372459 0.0015199162651573263
582 600.0 9000.0 30.0 0.12440371475420953 0.04340567612687813 0.0013531608194752092 0.43500363108206247 0.036376566560450053 0.001461936153978197
583 600.0 9000.0 30.0 0.12440371475420953 0.05175292153589316 0.001980106777505568 0.4493623405851463 0.043286490334642394 0.0017112250032540232
584 600.0 9000.0 30.0 0.12440371475420953 0.05008347245409015 0.0019532925234287254 0.44835329341317365 0.04132057813701695 0.0016638502213413698
585 600.0 9000.0 30.0 0.12440371475420953 0.05342237061769616 0.002026165798727208 0.4470149253731343 0.04435398180986443 0.0017627895227799498
586 600.0 9000.0 30.0 0.12440371475420953 0.05509181969949917 0.0025449340673469657 0.4510542168674699 0.04456707531184009 0.0018170649245538325
587 600.0 9000.0 30.0 0.12440371475420953 0.05509181969949917 0.002483810664582858 0.46219135802469136 0.04575865726859279 0.0018120335996499991
588 600.0 9000.0 30.0 0.12440371475420953 0.05342237061769616 0.002087184318819196 0.4569031273836766 0.0462831407934976 0.0017555243120963718
589 600.0 9000.0 30.0 0.12440371475420953 0.05008347245409015 0.001900269512748164 0.45310136157337366 0.04187956935669617 0.0016613319613014601
59 600.0 9000.0 30.0 0.12440371475420953 0.04006677796327212 0.0012895892401322275 0.438506588579795 0.033132683639044605 0.0013643804202271778
590 600.0 9000.0 30.0 0.12440371475420953 0.05342237061769616 0.0021390552300435376 0.4517345399698341 0.044517856139571016 0.0017620126392023593
591 600.0 9000.0 30.0 0.12440371475420953 0.05509181969949917 0.002366851590423067 0.4593558282208589 0.04658377302322446 0.0018083143024712196
592 600.0 9000.0 30.0 0.12440371475420953 0.05175292153589316 0.0019295111585873837 0.448689138576779 0.04313893683973679 0.0017126528522701172
593 600.0 9000.0 30.0 0.12440371475420953 0.041736227045075125 0.0012786705198609143 0.4346879535558781 0.034491248082666834 0.0014136368361246428
594 600.0 9000.0 30.0 0.12440371475420953 0.06010016694490818 0.0029095610626749028 0.4654234654234654 0.05013058185461368 0.0019612022962522836
595 600.0 9000.0 30.0 0.12440371475420953 0.05175292153589316 0.002294056513925211 0.45725190839694657 0.04232879480204332 0.0017147236635516854
596 600.0 9000.0 30.0 0.12440371475420953 0.05509181969949917 0.0025833512436896668 0.4565548780487805 0.044796911274074896 0.0018159485842396844
597 600.0 9000.0 30.0 0.12440371475420953 0.05843071786310518 0.002989989697785044 0.466147859922179 0.04882251336081182 0.0019122007118111267
598 600.0 9000.0 30.0 0.12440371475420953 0.05008347245409015 0.0020067104735724184 0.44734876773711724 0.04065245556048979 0.0016659187800464308
599 600.0 9000.0 30.0 0.12440371475420953 0.048414023372287146 0.0020318825949853002 0.452416918429003 0.0398168152985819 0.0016131708827548052
6 600.0 9000.0 30.0 0.12440371475420953 0.05175292153589316 0.0021638972098262737 0.4490254872563718 0.0419888685593848 0.0017164216418874946
60 600.0 9000.0 30.0 0.12440371475420953 0.05843071786310518 0.0029204029078711445 0.46796875 0.04765408046127725 0.0019165442106495066
61 600.0 9000.0 30.0 0.12440371475420953 0.05342237061769616 0.002462466527149713 0.44801795063575167 0.0427187892859484 0.0017689350466236838
62 600.0 9000.0 30.0 0.12440371475420953 0.035058430717863104 0.0008734862795434334 0.42064606741573035 0.02866100322188023 0.001216367854235993
63 600.0 9000.0 30.0 0.12440371475420953 0.05175292153589316 0.0021478040145185536 0.45037593984962404 0.0419411902253643 0.001717448498391035
64 600.0 9000.0 30.0 0.12440371475420953 0.06844741235392321 0.003945480274475161 0.4746434231378764 0.05551451516636457 0.002217964627778322
65 600.0 9000.0 30.0 0.12440371475420953 0.05175292153589316 0.0022474557418375118 0.45003756574004505 0.03960815709441835 0.0017269080227332945
66 600.0 9000.0 30.0 0.12440371475420953 0.04340567612687813 0.0013885782315918391 0.4346879535558781 0.03500419351922515 0.001468767530146025
67 600.0 9000.0 30.0 0.12440371475420953 0.05509181969949917 0.002396502720848573 0.46147919876733434 0.045591703103459856 0.0018150827317029183
68 600.0 9000.0 30.0 0.12440371475420953 0.04674457429048414 0.0018592037722731795 0.44835329341317365 0.03634333371128379 0.001572597396085125
69 600.0 9000.0 30.0 0.12440371475420953 0.05509181969949917 0.0024907000273268393 0.45830145371078806 0.044956640956032266 0.0018165826170581881
7 600.0 9000.0 30.0 0.12440371475420953 0.05008347245409015 0.0017059793209074027 0.4410898379970545 0.04000994734986851 0.001668178505641207
70 600.0 9000.0 30.0 0.12440371475420953 0.05843071786310518 0.002519746475675977 0.46398140975987606 0.04820958774631601 0.0019148468762769737
71 600.0 9000.0 30.0 0.12440371475420953 0.05008347245409015 0.0025563844674048493 0.46219135802469136 0.03893137484037114 0.001673993883265289
72 600.0 9000.0 30.0 0.12440371475420953 0.04674457429048414 0.0018687051631121677 0.4490254872563718 0.03879529236992166 0.0015645985959972211
73 600.0 9000.0 30.0 0.12440371475420953 0.05175292153589316 0.002120461444566024 0.4493623405851463 0.043262531540510914 0.001713700958766343
74 600.0 9000.0 30.0 0.12440371475420953 0.041736227045075125 0.0013001119647769997 0.4278571428571429 0.032598415793605375 0.0014221661469774054
75 600.0 9000.0 30.0 0.12440371475420953 0.041736227045075125 0.001625288505545271 0.4407652685798381 0.03268813919307359 0.0014213367780644762
76 600.0 9000.0 30.0 0.12440371475420953 0.038397328881469114 0.001144959350904392 0.42663817663817666 0.03089829707206359 0.0013175335546789292
77 600.0 9000.0 30.0 0.12440371475420953 0.048414023372287146 0.002037450103335125 0.4520754716981132 0.03936887153257434 0.0016162015883186428
78 600.0 9000.0 30.0 0.12440371475420953 0.05175292153589316 0.0021737542805304044 0.4551671732522796 0.042658621518295865 0.0017148904595750314
79 600.0 9000.0 30.0 0.12440371475420953 0.041736227045075125 0.001214242055455899 0.4328034682080925 0.035023225845194315 0.0014122323726098182
8 600.0 9000.0 30.0 0.12440371475420953 0.038397328881469114 0.0012077544324030566 0.43186733958183127 0.03153660575622234 0.001314679218256821
80 600.0 9000.0 30.0 0.12440371475420953 0.05843071786310518 0.0026408491332617465 0.46006144393241166 0.04800002077690345 0.0019143452586941334
81 600.0 9000.0 30.0 0.12440371475420953 0.05175292153589316 0.0019534966356736954 0.4507148231753198 0.04265013775450237 0.0017139171398442093
82 600.0 9000.0 30.0 0.12440371475420953 0.04340567612687813 0.0014872824426355451 0.44206642066420665 0.03504635749909853 0.0014673149019870909
83 600.0 9000.0 30.0 0.12440371475420953 0.048414023372287146 0.0017864439743432285 0.4460163812360387 0.039694662101616304 0.0016149782373614356
84 600.0 9000.0 30.0 0.12440371475420953 0.05342237061769616 0.002458300897981552 0.46219135802469136 0.04422629191960036 0.001763813205365726
85 600.0 9000.0 30.0 0.12440371475420953 0.05342237061769616 0.0020267544092284185 0.4463487332339791 0.04277606657804764 0.0017701557179970544
86 600.0 9000.0 30.0 0.12440371475420953 0.05008347245409015 0.0021885351595369025 0.4555133079847909 0.040681658952320676 0.00166668027376437
87 600.0 9000.0 30.0 0.12440371475420953 0.05342237061769616 0.0024094734215118303 0.4611239414934565 0.0437560843527969 0.0017648045399281786
88 600.0 9000.0 30.0 0.12440371475420953 0.04340567612687813 0.001832465484758209 0.44337527757216877 0.03374135149242071 0.001471871456384861
89 600.0 9000.0 30.0 0.12440371475420953 0.05175292153589316 0.00221771673187249 0.44568452380952384 0.04079555130217552 0.0017210432229633255
9 600.0 9000.0 30.0 0.12440371475420953 0.05342237061769616 0.00224597575532761 0.4496996996996997 0.043129991667684504 0.0017669768048729257
90 600.0 9000.0 30.0 0.12440371475420953 0.06010016694490818 0.0030457670959986656 0.4654234654234654 0.04769790213609721 0.0019707199997677943
91 600.0 9000.0 30.0 0.12440371475420953 0.045075125208681135 0.001609710646710052 0.43437273386511965 0.036403609100081405 0.0015166515155052292
92 600.0 9000.0 30.0 0.12440371475420953 0.05175292153589316 0.002319725557567456 0.4569031273836766 0.04200095390502083 0.001716003660550169
93 600.0 9000.0 30.0 0.12440371475420953 0.05342237061769616 0.0025088586804225227 0.4665109034267913 0.043797066177124755 0.001764024555089329
94 600.0 9000.0 30.0 0.12440371475420953 0.05175292153589316 0.002231350015481419 0.4510542168674699 0.04137355874243806 0.0017182787615835546
95 600.0 9000.0 30.0 0.12440371475420953 0.05008347245409015 0.002110541194686799 0.44801795063575167 0.040442835681389636 0.0016665284500232101
96 600.0 9000.0 30.0 0.12440371475420953 0.045075125208681135 0.0016667265191860456 0.4423929098966027 0.03656265228242461 0.001515594688268403
97 600.0 9000.0 30.0 0.12440371475420953 0.05342237061769616 0.0025015132917487197 0.45970836531082115 0.04194343143270205 0.0017708813690724685
98 600.0 9000.0 30.0 0.12440371475420953 0.04340567612687813 0.0014339823586517794 0.4407652685798381 0.03566670755927883 0.0014640699904119358
99 600.0 9000.0 30.0 0.12440371475420953 0.05175292153589316 0.001959190937935896 0.4460163812360387 0.04181282919521977 0.0017162986676302026