0 87
1 669
2 882
3 488
4 312
5 791
6 148
7 583
8 18
9 529
10 125
11 877
12 720
13 741
14 685
15 752
16 67
17 693
18 435
19 409
20 79
21 55
22 879
23 715
24 564
25 912
26 876
27 675
28 216
29 336
30 6
31 537
32 106
33 572
34 285
35 232
36 331
37 129
38 726
39 99
40 73
41 161
42 0
43 47
44 91
45 95
46 352
47 892
48 648
49 668
50 806
51 931
52 844
53 970
54 674
55 388
56 470
57 497
58 638
59 537
60 377
61 923
62 58
63 786
64 884
65 604
66 222
67 160
68 206
69 258
70 407
71 947
72 861
73 515
74 895
75 687
76 515
77 934
78 763
79 489
80 129
81 323
82 505
83 205
84 598
85 759
86 732
87 118
88 769
89 903
90 6
91 591
92 797
93 583
94 693
95 535
96 957
97 289
98 78
99 549
100 498
101 967
102 994
103 716
104 592
105 689
106 577
107 374
108 322
109 646
110 671
111 100
112 655
113 625
114 804
115 113
116 324
117 133
118 681
119 254
120 627
121 250
122 863
123 679
124 676
125 612
126 171
127 451
128 927
129 473
130 321
131 648
132 911
133 498
134 243
135 603
136 187
137 428
138 625
139 405
140 684
141 123
142 780
143 751
144 465
145 276
146 483
147 515
148 496
149 748
150 166
151 725
152 33
153 445
154 409
155 529
156 103
157 373
158 590
159 102
160 215
161 668
162 870
163 845
164 123
165 321
166 853
167 918
168 855
169 487
170 640
171 468
172 827
173 24
174 112
175 236
176 216
177 682
178 207
179 934
180 455
181 757
182 217
183 404
184 762
185 63
186 160
187 424
188 410
189 648
190 213
191 885
192 693
193 303
194 64
195 167
196 950
197 641
198 21
199 640
200 29
201 158
202 321
203 329
204 320
205 33
206 925
207 912
208 623
209 507
210 607
211 473
212 821
213 709
214 795
215 179
216 408
217 336
218 171
219 192
220 335
221 363
222 381
223 778
224 969
225 734
226 610
227 228
228 138
229 511
230 738
231 943
232 58
233 777
234 948
235 857
236 436
237 427
238 617
239 799
240 419
241 436
242 559
243 940
244 332
245 579
246 25
247 117
248 183
249 596
250 143
251 789
252 117
253 852
254 377
255 918
256 529
257 472
258 150
259 802
260 287
261 629
262 627
263 725
264 969
265 33
266 48
267 187
268 316
269 874
270 772
271 897
272 169
273 306
274 122
275 572
276 402
277 138
278 850
279 695
280 524
281 728
282 106
283 35
284 201
285 28
286 137
287 96
288 533
289 444
290 46
291 72
292 647
293 656
294 207
295 718
296 524
297 536
298 907
299 768
300 791
301 756
302 302
303 155
304 584
305 819
306 404
307 509
308 588
309 505
310 611
311 237
312 170
313 474
314 845
315 481
316 689
317 56
318 499
319 804
320 145
321 383
322 848
323 916
324 856
325 494
326 423
327 86
328 384
329 402
330 284
331 330
332 792
333 298
334 277
335 996
336 718
337 836
338 2
339 207
340 548
341 19
342 154
343 587
344 665
345 163
346 862
347 176
348 602
349 416
350 191
351 862
352 977
353 499
354 34
355 30
356 139
357 885
358 919
359 890
360 101
361 44
362 474
363 936
364 533
365 376
366 504
367 797
368 122
369 344
370 878
371 249
372 825
373 656
374 876
375 448
376 237
377 338
378 363
379 892
380 124
381 714
382 673
383 2
384 983
385 7
386 113
387 389
388 356
389 477
390 5
391 380
392 423
393 264
394 624
395 733
396 431
397 286
398 818
399 954
400 358
401 160
402 36
403 22
404 97
405 118
406 954
407 381
408 704
409 973
410 833
411 160
412 266
413 850
414 905
415 774
416 259
417 966
418 309
419 371
420 253
421 575
422 502
423 224
424 472
425 101
426 349
427 8
428 331
429 202
430 723
431 116
432 433
433 927
434 764
435 912
436 85
437 444
438 296
439 934
440 538
441 51
442 361
443 27
444 917
445 996
446 765
447 482
448 463
449 653
450 514
451 300
452 924
453 837
454 797
455 249
456 832
457 140
458 136
459 939
460 625
461 356
462 238
463 153
464 722
465 640
466 309
467 613
468 920
469 493
470 821
471 339
472 801
473 614
474 192
475 609
476 704
477 313
478 627
479 479
480 224
481 481
482 973
483 714
484 468
485 556
486 767
487 552
488 764
489 596
490 434
491 882
492 606
493 162
494 538
495 721
496 704
497 827
498 556
499 254
500 665
501 330
502 553
503 482
504 14
505 42
506 822
507 54
508 55
509 532
510 737
511 728
512 272
513 136
514 623
515 368
516 816
517 529
518 894
519 617
520 521
521 592
522 12
523 515
524 653
525 258
526 492
527 159
528 913
529 362
530 81
531 954
532 97
533 708
534 658
535 393
536 894
537 59
538 281
539 263
540 107
541 668
542 548
543 949
544 421
545 233
546 421
547 413
548 637
549 143
550 538
551 145
552 588
553 698
554 112
555 727
556 926
557 277
558 370
559 58
560 238
561 309
562 532
563 322
564 449
565 495
566 98
567 613
568 48
569 215
570 584
571 206
572 944
573 330
574 264
575 753
576 451
577 227
578 316
579 825
580 207
581 776
582 616
583 617
584 120
585 875
586 966
587 815
588 912
589 202
590 283
591 982
592 886
593 334
594 208
595 112
596 304
597 339
598 29
599 149
600 325
601 448
602 857
603 865
604 670
605 142
606 818
607 280
608 941
609 881
610 689
611 999
612 309
613 852
614 229
615 901
616 245
617 327
618 798
619 978
620 874
621 335
622 20
623 255
624 22
625 293
626 528
627 503
628 150
629 390
630 842
631 872
632 978
633 262
634 218
635 284
636 449
637 337
638 744
639 796
640 968
641 569
642 7
643 521
644 552
645 13
646 224
647 437
648 139
649 835
650 476
651 619
652 742
653 543
654 10
655 871
656 86
657 534
658 436
659 164
660 704
661 467
662 57
663 125
664 50
665 898
666 906
667 241
668 89
669 644
670 897
671 191
672 852
673 995
674 715
675 355
676 805
677 65
678 855
679 706
680 470
681 950
682 454
683 879
684 499
685 698
686 137
687 787
688 119
689 506
690 447
691 829
692 461
693 775
694 223
695 963
696 484
697 226
698 308
699 52
700 198
701 309
702 384
703 466
704 783
705 616
706 815
707 522
708 111
709 563
710 293
711 603
712 584
713 908
714 314
715 299
716 679
717 390
718 393
719 603
720 964
721 324
722 336
723 878
724 426
725 947
726 377
727 976
728 807
729 989
730 19
731 245
732 908
733 645
734 815
735 551
736 169
737 395
738 478
739 864
740 982
741 706
742 167
743 658
744 551
745 791
746 863
747 163
748 639
749 451
750 325
751 290
752 867
753 201
754 245
755 60
756 541
757 394
758 791
759 524
760 644
761 646
762 616
763 848
764 225
765 183
766 70
767 238
768 502
769 245
770 696
771 507
772 89
773 791
774 8
775 23
776 687
777 924
778 754
779 159
780 778
781 879
782 587
783 310
784 408
785 909
786 183
787 985
788 682
789 539
790 611
791 880
792 618
793 601
794 613
795 830
796 546
797 671
798 839
799 927
800 630
801 50
802 73
803 313
804 711
805 413
806 12
807 680
808 285
809 380
810 211
811 925
812 565
813 80
814 733
815 353
816 40
817 523
818 719
819 576
820 763
821 339
822 931
823 392
824 745
825 534
826 632
827 765
828 341
829 831
830 203
831 174
832 459
833 204
834 269
835 877
836 853
837 262
838 272
839 120
840 632
841 329
842 545
843 793
844 362
845 838
846 17
847 735
848 882
849 67
850 892
851 358
852 697
853 281
854 782
855 143
856 68
857 697
858 469
859 676
860 34
861 683
862 645
863 388
864 116
865 516
866 609
867 537
868 639
869 453
870 91
871 80
872 402
873 489
874 318
875 261
876 891
877 85
878 70
879 825
880 609
881 822
882 457
883 694
884 44
885 773
886 208
887 441
888 594
889 527
890 191
891 723
892 17
893 551
894 620
895 881
896 528
897 557
898 763
899 327
900 868
901 784
902 411
903 158
904 419
905 909
906 920
907 813
908 663
909 812
910 695
911 487
912 170
913 929
914 757
915 427
916 191
917 332
918 399
919 319
920 732
921 284
922 224
923 377
924 708
925 155
926 333
927 467
928 953
929 98
930 381
931 157
932 287
933 696
934 102
935 681
936 39
937 1
938 199
939 856
940 458
941 452
942 809
943 540
944 680
945 74
946 38
947 396
948 557
949 280
950 642
951 180
952 703
953 494
954 228
955 598
956 252
957 862
958 648
959 674
960 376
961 334
962 881
963 958
964 5
965 697
966 827
967 611
968 137
969 279
970 926
971 159
972 448
973 254
974 93
975 163
976 69
977 321
978 337
979 931
980 772
981 179
982 754
983 456
984 766
985 745
986 859
987 594
988 558
989 855
990 703
991 413
992 446
993 793
994 295
995 158
996 371
997 966
998 385
999 195
1000 555
1001 784
1002 294
1003 267
1004 105
1005 405
1006 858
1007 15
1008 397
1009 823
1010 848
1011 163
1012 494
1013 201
1014 359
1015 304
1016 851
1017 111
1018 12
1019 779
1020 14
1021 213
1022 757
1023 617
1024 411
1025 611
1026 387
1027 397
1028 742
1029 574
1030 890
1031 683
1032 575
1033 948
1034 299
1035 945
1036 196
1037 502
1038 107
1039 142
1040 927
1041 88
1042 27
1043 532
1044 512
1045 513
1046 118
1047 593
1048 658
1049 728
1050 252
1051 286
1052 752
1053 194
1054 763
1055 801
1056 675
1057 454
1058 803
1059 776
1060 373
1061 673
1062 153
1063 479
1064 788
1065 794
1066 905
1067 390
1068 411
1069 318
1070 921
1071 851
1072 987
1073 186
1074 267
1075 167
1076 433
1077 457
1078 843
1079 330
1080 92
1081 14
1082 58
1083 367
1084 669
1085 57
1086 342
1087 727
1088 622
1089 612
1090 816
1091 216
1092 132
1093 642
1094 591
1095 652
1096 180
1097 890
1098 959
1099 151
1100 187
1101 209
1102 152
1103 114
1104 840
1105 61
1106 112
1107 136
1108 871
1109 777
1110 736
1111 456
1112 79
1113 903
1114 713
1115 662
1116 927
1117 43
1118 99
1119 692
1120 616
1121 288
1122 589
1123 942
1124 472
1125 615
1126 234
1127 409
1128 779
1129 438
1130 797
1131 689
1132 913
1133 741
1134 81
1135 437
1136 889
1137 766
1138 563
1139 116
1140 758
1141 121
1142 873
1143 324
1144 807
1145 32
1146 205
1147 743
1148 11
1149 857
1150 422
1151 351
1152 981
1153 6
1154 336
1155 286
1156 769
1157 161
1158 76
1159 571
1160 114
1161 611
1162 364
1163 91
1164 482
1165 79
1166 915
1167 414
1168 576
1169 990
1170 933
1171 428
1172 451
1173 672
1174 111
1175 724
1176 833
1177 493
1178 83
1179 38
1180 532
1181 569
1182 69
1183 423
1184 114
1185 113
1186 655
1187 279
1188 858
1189 42
1190 749
1191 969
1192 18
1193 384
1194 555
1195 924
1196 66
1197 634
1198 740
1199 982
1200 966
1201 735
1202 905
1203 543
1204 53
1205 520
1206 350
1207 669
1208 997
1209 329
1210 644
1211 778
1212 680
1213 575
1214 501
1215 831
1216 437
1217 963
1218 643
1219 330
1220 326
1221 728
1222 978
1223 490
1224 851
1225 145
1226 79
1227 406
1228 400
1229 689
1230 721
1231 817
1232 621
1233 755
1234 538
1235 528
1236 762
1237 100
1238 160
1239 944
1240 650
1241 882
1242 877
1243 841
1244 796
1245 269
1246 429
1247 931
1248 611
1249 125
1250 298
1251 33
1252 210
1253 952
1254 217
1255 412
1256 245
1257 557
1258 204
1259 536
1260 341
1261 973
1262 703
1263 934
1264 909
1265 178
1266 160
1267 458
1268 175
1269 378
1270 370
1271 877
1272 192
1273 603
1274 802
1275 286
1276 860
1277 773
1278 701
1279 393
1280 827
1281 89
1282 781
1283 901
1284 455
1285 897
1286 524
1287 318
1288 640
1289 147
1290 524
1291 355
1292 68
1293 969
1294 954
1295 43
1296 338
1297 739
1298 998
1299 391
1300 98
1301 842
1302 866
1303 147
1304 976
1305 103
1306 396
1307 656
1308 506
1309 259
1310 653
1311 526
1312 15
1313 534
1314 216
1315 99
1316 754
1317 588
1318 800
1319 557
1320 275
1321 853
1322 807
1323 529
1324 909
1325 774
1326 613
1327 591
1328 889
1329 679
1330 782
1331 537
1332 28
1333 826
1334 180
1335 87
1336 420
1337 917
1338 377
1339 788
1340 985
1341 54
1342 419
1343 577
1344 936
1345 431
1346 696
1347 77
1348 748
1349 125
1350 804
1351 488
1352 799
1353 114
1354 159
1355 764
1356 535
1357 714
1358 672
1359 862
1360 418
1361 942
1362 429
1363 744
1364 792
1365 178
1366 52
1367 4
1368 326
1369 510
1370 488
1371 187
1372 735
1373 735
1374 704
1375 308
1376 968
1377 241
1378 821
1379 610
1380 195
1381 578
1382 841
1383 726
1384 233
1385 197
1386 859
1387 819
1388 201
1389 432
1390 826
1391 995
1392 328
1393 233
1394 775
1395 401
1396 936
1397 93
1398 555
1399 88
1400 169
1401 567
1402 834
1403 36
1404 120
1405 877
1406 186
1407 78
1408 92
1409 560
1410 452
1411 464
1412 626
1413 72
1414 759
1415 989
1416 33
1417 834
1418 434
1419 893
1420 72
1421 17
1422 255
1423 455
1424 339
1425 348
1426 367
1427 839
1428 514
1429 998
1430 942
1431 879
1432 915
1433 805
1434 43
1435 441
1436 959
1437 226
1438 348
1439 886
1440 201
1441 629
1442 583
1443 175
1444 456
1445 748
1446 657
1447 167
1448 407
1449 961
1450 726
1451 768
1452 97
1453 995
1454 976
1455 625
1456 76
1457 666
1458 534
1459 276
1460 118
1461 29
1462 191
1463 184
1464 926
1465 454
1466 699
1467 926
1468 915
1469 565
1470 28
1471 9
1472 960
1473 762
1474 94
1475 753
1476 132
1477 761
1478 17
1479 804
1480 124
1481 855
1482 901
1483 606
1484 323
1485 504
1486 765
1487 928
1488 394
1489 400
1490 84
1491 643
1492 937
1493 189
1494 170
1495 527
1496 14
1497 791
1498 81
1499 413
1500 153
1501 421
1502 632
1503 473
1504 310
1505 229
1506 749
1507 443
1508 668
1509 49
1510 701
1511 590
1512 910
1513 954
1514 603
1515 773
1516 143
1517 279
1518 252
1519 536
1520 420
1521 930
1522 490
1523 675
1524 897
1525 379
1526 239
1527 271
1528 107
1529 960
1530 756
1531 382
1532 250
1533 240
1534 282
1535 858
1536 599
1537 445
1538 294
1539 427
1540 518
1541 242
1542 262
1543 447
1544 245
1545 554
1546 247
1547 273
1548 260
1549 389
1550 587
1551 112
1552 398
1553 899
1554 370
1555 614
1556 624
1557 729
1558 24
1559 510
1560 578
1561 379
1562 250
1563 641
1564 314
1565 562
1566 820
1567 273
1568 906
1569 672
1570 824
1571 788
1572 899
1573 921
1574 688
1575 611
1576 824
1577 71
1578 662
1579 765
1580 506
1581 387
1582 377
1583 680
1584 788
1585 251
1586 625
1587 809
1588 921
1589 905
1590 337
1591 284
1592 493
1593 241
1594 79
1595 903
1596 358
1597 890
1598 240
1599 60
1600 81
1601 772
1602 135
1603 425
1604 216
1605 561
1606 831
1607 473
1608 262
1609 783
1610 93
1611 653
1612 490
1613 802
1614 741
1615 199
1616 856
1617 511
1618 717
1619 147
1620 381
1621 235
1622 367
1623 353
1624 754
1625 534
1626 264
1627 181
1628 6
1629 312
1630 384
1631 708
1632 959
1633 556
1634 93
1635 863
1636 758
1637 79
1638 140
1639 570
1640 801
1641 735
1642 731
1643 284
1644 215
1645 9
1646 586
1647 691
1648 895
1649 139
1650 285
1651 393
1652 775
1653 986
1654 481
1655 851
1656 178
1657 289
1658 844
1659 500
1660 334
1661 605
1662 701
1663 890
1664 171
1665 106
1666 872
1667 682
1668 773
1669 996
1670 370
1671 697
1672 905
1673 731
1674 434
1675 620
1676 584
1677 416
1678 145
1679 592
1680 244
1681 448
1682 238
1683 24
1684 150
1685 667
1686 351
1687 128
1688 455
1689 957
1690 915
1691 586
1692 916
1693 119
1694 608
1695 160
1696 485
1697 460
1698 982
1699 302
1700 566
1701 815
1702 265
1703 783
1704 196
1705 732
1706 443
1707 932
1708 89
1709 680
1710 51
1711 229
1712 441
1713 266
1714 67
1715 306
1716 589
1717 247
1718 297
1719 157
1720 696
1721 901
1722 776
1723 167
1724 449
1725 702
1726 541
1727 501
1728 734
1729 971
1730 555
1731 119
1732 114
1733 858
1734 407
1735 942
1736 888
1737 566
1738 422
1739 723
1740 133
1741 41
1742 985
1743 971
1744 914
1745 724
1746 964
1747 222
1748 77
1749 347
1750 3
1751 114
1752 23
1753 602
1754 104
1755 64
1756 827
1757 469
1758 462
1759 406
1760 344
1761 999
1762 888
1763 404
1764 750
1765 40
1766 878
1767 26
1768 405
1769 176
1770 854
1771 425
1772 832
1773 994
1774 495
1775 199
1776 866
1777 693
1778 135
1779 79
1780 794
1781 586
1782 33
1783 977
1784 348
1785 595
1786 407
1787 16
1788 277
1789 199
1790 922
1791 250
1792 798
1793 520
1794 7
1795 108
1796 410
1797 959
1798 829
1799 461
1800 446
1801 672
1802 631
1803 762
1804 709
1805 173
1806 38
1807 275
1808 784
1809 459
1810 909
1811 629
1812 245
1813 213
1814 169
1815 5
1816 466
1817 142
1818 457
1819 31
1820 598
1821 871
1822 565
1823 236
1824 331
1825 886
1826 31
1827 503
1828 829
1829 645
1830 358
1831 134
1832 430
1833 920
1834 851
1835 197
1836 743
1837 544
1838 350
1839 135
1840 191
1841 478
1842 954
1843 492
1844 911
1845 555
1846 261
1847 207
1848 904
1849 270
1850 655
1851 135
1852 502
1853 763
1854 292
1855 948
1856 398
1857 574
1858 2
1859 633
1860 964
1861 333
1862 447
1863 814
1864 385
1865 167
1866 295
1867 222
1868 942
1869 917
1870 72
1871 495
1872 500
1873 476
1874 734
1875 140
1876 43
1877 270
1878 149
1879 419
1880 180
1881 644
1882 94
1883 635
1884 501
1885 431
1886 964
1887 335
1888 184
1889 421
1890 83
1891 799
1892 462
1893 720
1894 518
1895 544
1896 925
1897 945
1898 667
1899 409
1900 199
1901 699
1902 210
1903 556
1904 362
1905 822
1906 896
1907 58
1908 804
1909 956
1910 94
1911 897
1912 302
1913 193
1914 283
1915 511
1916 20
1917 316
1918 625
1919 804
1920 905
1921 736
1922 955
1923 299
1924 190
1925 163
1926 539
1927 396
1928 345
1929 132
1930 674
1931 70
1932 419
1933 60
1934 736
1935 699
1936 564
1937 946
1938 271
1939 262
1940 969
1941 349
1942 458
1943 721
1944 451
1945 563
1946 701
1947 792
1948 521
1949 569
1950 554
1951 735
1952 712
1953 41
1954 212
1955 820
1956 746
1957 173
1958 273
1959 418
1960 917
1961 98
1962 905
1963 816
1964 319
1965 699
1966 735
1967 640
1968 615
1969 328
1970 87
1971 177
1972 420
1973 451
1974 756
1975 276
1976 367
1977 541
1978 268
1979 72
1980 813
1981 124
1982 959
1983 590
1984 62
1985 588
1986 566
1987 554
1988 178
1989 575
1990 78
1991 4
1992 169
1993 363
1994 964
1995 382
1996 67
1997 709
1998 707
1999 329
2000 544
2001 143
2002 457
2003 422
2004 193
2005 861
2006 981
2007 170
2008 430
2009 441
2010 781
2011 947
2012 710
2013 924
2014 933
2015 691
2016 187
2017 220
2018 358
2019 678
2020 52
2021 442
2022 829
2023 25
2024 439
2025 166
2026 699
2027 661
2028 721
2029 132
2030 156
2031 788
2032 89
2033 618
2034 708
2035 699
2036 776
2037 988
2038 938
2039 191
2040 414
2041 704
2042 160
2043 734
2044 701
2045 550
2046 939
2047 631
2048 700
2049 484
2050 370
2051 459
2052 687
2053 978
2054 935
2055 217
2056 116
2057 377
2058 540
2059 773
2060 582
2061 893
2062 182
2063 116
2064 154
2065 129
2066 5
2067 354
2068 326
2069 749
2070 9
2071 909
2072 285
2073 296
2074 781
2075 724
2076 287
2077 81
2078 554
2079 847
2080 911
2081 181
2082 655
2083 340
2084 856
2085 461
2086 959
2087 18
2088 679
2089 447
2090 356
2091 409
2092 721
2093 590
2094 570
2095 950
2096 284
2097 635
2098 40
2099 774
2100 209
2101 172
2102 398
2103 58
2104 682
2105 581
2106 581
2107 263
2108 279
2109 610
2110 925
2111 140
2112 972
2113 631
2114 732
2115 652
2116 740
2117 84
2118 819
2119 651
2120 712
2121 516
2122 922
2123 384
2124 77
2125 405
2126 575
2127 938
2128 52
2129 560
2130 712
2131 35
2132 742
2133 573
2134 505
2135 386
2136 695
2137 179
2138 273
2139 364
2140 951
2141 162
2142 713
2143 331
2144 22
2145 667
2146 225
2147 706
2148 990
2149 604
2150 360
2151 740
2152 985
2153 126
2154 907
2155 579
2156 594
2157 808
2158 434
2159 327
2160 847
2161 278
2162 385
2163 187
2164 858
2165 550
2166 762
2167 246
2168 362
2169 209
2170 780
2171 308
2172 133
2173 977
2174 750
2175 707
2176 55
2177 266
2178 174
2179 692
2180 159
2181 987
2182 494
2183 205
2184 255
2185 617
2186 642
2187 493
2188 813
2189 198
2190 16
2191 142
2192 382
2193 851
2194 669
2195 989
2196 748
2197 791
2198 128
2199 891
2200 792
2201 678
2202 532
2203 277
2204 17
2205 653
2206 615
2207 103
2208 577
2209 529
2210 873
2211 739
2212 816
2213 9
2214 957
2215 595
2216 660
2217 583
2218 691
2219 818
2220 765
2221 839
2222 686
2223 882
2224 931
2225 549
2226 645
2227 752
2228 482
2229 70
2230 120
2231 963
2232 792
2233 434
2234 341
2235 451
2236 39
2237 387
2238 673
2239 145
2240 997
2241 415
2242 871
2243 630
2244 794
2245 4
2246 710
2247 725
2248 917
2249 930
2250 231
2251 267
2252 939
2253 332
2254 820
2255 578
2256 669
2257 467
2258 762
2259 813
2260 250
2261 852
2262 999
2263 960
2264 891
2265 701
2266 509
2267 850
2268 443
2269 78
2270 865
2271 238
2272 770
2273 860
2274 933
2275 530
2276 320
2277 707
2278 879
2279 454
2280 627
2281 293
2282 925
2283 664
2284 694
2285 930
2286 545
2287 582
2288 538
2289 376
2290 844
2291 258
2292 125
2293 178
2294 25
2295 967
2296 73
2297 238
2298 548
2299 783
2300 889
2301 438
2302 633
2303 832
2304 299
2305 462
2306 684
2307 2
2308 624
2309 520
2310 148
2311 287
2312 789
2313 40
2314 781
2315 789
2316 55
2317 8
2318 938
2319 226
2320 505
2321 562
2322 426
2323 876
2324 261
2325 807
2326 149
2327 210
2328 997
2329 859
2330 148
2331 45
2332 70
2333 620
2334 175
2335 394
2336 904
2337 528
2338 711
2339 230
2340 813
2341 585
2342 259
2343 37
2344 841
2345 337
2346 930
2347 522
2348 244
2349 256
2350 293
2351 891
2352 129
2353 174
2354 767
2355 526
2356 528
2357 630
2358 186
2359 972
2360 917
2361 292
2362 674
2363 197
2364 510
2365 416
2366 508
2367 299
2368 879
2369 302
2370 473
2371 25
2372 610
2373 64
2374 572
2375 165
2376 808
2377 392
2378 723
2379 859
2380 435
2381 80
2382 477
2383 17
2384 827
2385 206
2386 449
2387 447
2388 792
2389 226
2390 509
2391 670
2392 897
2393 782
2394 19
2395 86
2396 932
2397 303
2398 710
2399 670