0 1
0 2
0 3
0 4
0 5
0 6
0 7
0 8
0 9
0 10
0 11
0 12
0 13
0 14
0 15
0 16
0 18
0 20
0 21
0 24
0 26
0 27
0 28
0 29
0 30
0 32
0 33
0 34
0 35
0 37
0 38
0 39
0 40
0 43
0 45
0 46
0 49
0 52
0 55
0 56
0 57
0 61
0 66
0 67
0 68
0 70
0 72
0 74
0 76
0 77
0 79
0 81
0 82
0 84
0 86
0 87
0 89
0 91
0 104
0 106
0 111
0 112
0 113
0 116
0 117
0 118
0 119
0 125
0 141
0 153
0 166
0 170
0 178
0 201
0 221
0 223
0 230
0 232
0 235
0 237
0 239
0 246
0 248
0 259
0 266
0 275
0 277
0 287
0 294
0 295
0 317
0 323
0 325
0 326
0 349
0 350
0 351
0 362
0 369
0 381
0 382
0 385
0 389
0 395
0 404
0 406
0 411
0 419
0 421
0 426
0 436
0 439
0 444
0 458
0 474
0 488
0 496
0 498
0 504
0 521
0 527
0 549
0 560
0 569
0 575
0 577
0 593
0 595
0 629
0 636
0 656
0 658
0 673
0 689
0 693
0 704
0 707
0 740
0 757
0 758
0 779
0 782
0 792
0 793
0 796
0 799
0 816
0 848
0 854
0 865
0 874
0 875
0 892
0 912
0 913
0 931
0 938
0 948
0 954
0 957
0 968
0 1006
0 1008
0 1010
0 1032
0 1034
0 1043
0 1069
0 1089
0 1111
0 1114
0 1117
0 1120
0 1144
0 1145
0 1151
0 1155
0 1177
0 1182
0 1193
0 1212
0 1216
0 1242
0 1244
0 1246
1 8
1 10
1 16
1 17
1 60
1 96
1 154
1 181
1 195
1 251
1 491
1 748
1 870
1 907
1 911
1 1242
2 8
2 9
2 11
2 13
2 15
2 16
2 17
2 18
2 19
2 21
2 22
2 25
2 26
2 31
2 33
2 43
2 45
2 53
2 58
2 84
2 90
2 92
2 95
2 97
2 106
2 112
2 117
2 124
2 127
2 135
2 152
2 159
2 175
2 176
2 177
2 182
2 186
2 195
2 222
2 232
2 266
2 290
2 295
2 314
2 320
2 330
2 332
2 336
2 354
2 363
2 377
2 380
2 390
2 407
2 408
2 415
2 422
2 484
2 486
2 545
2 568
2 585
2 588
2 589
2 594
2 607
2 609
2 638
2 680
2 699
2 737
2 745
2 748
2 751
2 761
2 784
2 810
2 856
2 862
2 896
2 915
2 919
2 940
2 954
2 1001
2 1081
2 1145
2 1156
2 1175
2 1208
2 1215
3 8
3 9
3 10
3 11
3 12
3 13
3 16
3 18
3 22
3 23
3 29
3 36
3 38
3 40
3 41
3 42
3 45
3 50
3 62
3 70
3 72
3 77
3 80
3 87
3 89
3 92
3 93
3 94
3 97
3 103
3 107
3 116
3 118
3 122
3 124
3 126
3 130
3 154
3 159
3 160
3 179
3 187
3 188
3 219
3 230
3 234
3 235
3 254
3 269
3 277
3 286
3 287
3 289
3 302
3 331
3 339
3 403
3 409
3 438
3 457
3 469
3 492
3 498
3 516
3 528
3 533
3 560
3 562
3 578
3 590
3 595
3 648
3 659
3 727
3 742
3 762
3 781
3 826
3 834
3 835
3 845
3 859
3 878
3 902
3 905
3 907
3 932
3 956
3 970
3 1015
3 1032
3 1041
3 1081
3 1096
3 1112
3 1137
3 1148
3 1149
3 1181
4 8
4 9
4 10
4 11
4 15
4 19
4 21
4 24
4 26
4 27
4 33
4 36
4 44
4 60
4 61
4 66
4 69
4 78
4 95
4 101
4 120
4 134
4 138
4 140
4 142
4 159
4 173
4 174
4 175
4 198
4 209
4 212
4 213
4 215
4 218
4 235
4 318
4 324
4 329
4 330
4 339
4 362
4 371
4 382
4 399
4 402
4 415
4 423
4 426
4 427
4 433
4 465
4 480
4 481
4 530
4 571
4 631
4 654
4 673
4 707
4 713
4 734
4 737
4 741
4 742
4 754
4 775
4 811
4 826
4 832
4 853
4 952
4 997
4 1133
4 1140
4 1208
4 1224
4 1240
5 8
5 9
5 10
5 13
5 19
5 23
5 25
5 42
5 46
5 47
5 53
5 54
5 56
5 59
5 61
5 64
5 67
5 70
5 71
5 75
5 83
5 89
5 92
5 106
5 129
5 132
5 148
5 155
5 156
5 166
5 169
5 178
5 196
5 204
5 215
5 217
5 224
5 228
5 262
5 263
5 264
5 280
5 287
5 293
5 301
5 332
5 335
5 336
5 349
5 350
5 355
5 365
5 432
5 437
5 439
5 446
5 454
5 456
5 466
5 488
5 521
5 540
5 546
5 580
5 605
5 615
5 658
5 690
5 722
5 744
5 780
5 787
5 817
5 821
5 833
5 919
5 982
5 983
5 990
5 1008
5 1037
5 1122
5 1204
5 1220
5 1222
5 1246
6 9
6 10
6 12
6 14
6 17
6 18
6 24
6 28
6 30
6 35
6 36
6 48
6 98
6 108
6 125
6 156
6 183
6 220
6 273
6 335
6 339
6 348
6 394
6 397
6 427
6 473
6 494
6 497
6 549
6 590
6 592
6 622
6 640
6 668
6 685
6 691
6 716
6 772
6 836
6 904
6 905
6 921
6 941
6 983
6 1080
6 1118
6 1147
6 1235
7 8
7 11
7 85
7 98
7 239
7 277
7 302
7 324
7 371
7 395
7 399
7 580
7 829
7 881
7 890
7 1029
8 9
8 10
8 11
8 12
8 13
8 14
8 15
8 17
8 18
8 19
8 20
8 22
8 23
8 24
8 31
8 35
8 42
8 50
8 51
8 52
8 55
8 57
8 59
8 61
8 65
8 71
8 80
8 81
8 83
8 87
8 88
8 91
8 102
8 106
8 107
8 108
8 109
8 113
8 117
8 123
8 126
8 129
8 130
8 132
8 133
8 140
8 144
8 154
8 166
8 167
8 170
8 175
8 183
8 185
8 187
8 190
8 193
8 199
8 211
8 216
8 220
8 221
8 222
8 224
8 234
8 238
8 239
8 240
8 242
8 243
8 246
8 250
8 256
8 268
8 277
8 291
8 292
8 300
8 316
8 321
8 332
8 335
8 346
8 356
8 359
8 382
8 388
8 392
8 403
8 405
8 412
8 414
8 426
8 431
8 435
8 438
8 446
8 453
8 468
8 482
8 489
8 509
8 524
8 530
8 531
8 532
8 558
8 560
8 572
8 579
8 581
8 584
8 659
8 666
8 674
8 687
8 692
8 701
8 703
8 704
8 709
8 710
8 735
8 738
8 779
8 794
8 841
8 843
8 850
8 858
8 892
8 915
8 918
8 930
8 991
8 1002
8 1014
8 1042
8 1055
8 1070
8 1149
8 1153
8 1155
8 1187
8 1189
8 1190
8 1203
8 1230
9 12
9 14
9 20
9 22
9 23
9 24
9 30
9 31
9 37
9 45
9 46
9 48
9 54
9 55
9 56
9 71
9 85
9 91
9 97
9 100
9 114
9 130
9 131
9 137
9 145
9 151
9 159
9 161
9 165
9 170
9 172
9 191
9 198
9 202
9 207
9 211
9 218
9 244
9 257
9 268
9 272
9 275
9 314
9 315
9 317
9 332
9 333
9 339
9 352
9 369
9 371
9 391
9 413
9 419
9 449
9 452
9 492
9 516
9 534
9 537
9 543
9 576
9 579
9 655
9 677
9 692
9 706
9 707
9 746
9 760
9 767
9 769
9 779
9 783
9 792
9 827
9 843
9 847
9 866
9 885
9 900
9 920
9 1050
9 1190
9 1227
10 11
10 12
10 13
10 14
10 16
10 19
10 22
10 25
10 26
10 29
10 30
10 31
10 36
10 41
10 42
10 51
10 52
10 55
10 62
10 64
10 65
10 67
10 73
10 89
10 94
10 97
10 98
10 101
10 102
10 104
10 119
10 123
10 124
10 131
10 136
10 138
10 143
10 151
10 159
10 171
10 172
10 178
10 184
10 189
10 195
10 196
10 199
10 201
10 210
10 218
10 219
10 226
10 241
10 244
10 245
10 246
10 259
10 275
10 302
10 303
10 319
10 332
10 369
10 370
10 377
10 387
10 391
10 411
10 422
10 430
10 476
10 477
10 512
10 534
10 552
10 566
10 575
10 584
10 619
10 638
10 640
10 641
10 642
10 653
10 685
10 737
10 743
10 781
10 819
10 820
10 823
10 849
10 854
10 858
10 859
10 892
10 903
10 914
10 952
10 964
10 965
10 994
10 1001
10 1087
10 1114
10 1129
10 1141
10 1146
10 1171
10 1181
10 1223
10 1228
10 1236
11 12
11 14
11 15
11 17
11 18
11 22
11 24
11 27
11 30
11 32
11 34
11 39
11 41
11 53
11 55
11 58
11 61
11 76
11 100
11 112
11 120
11 139
11 162
11 166
11 175
11 176
11 177
11 179
11 184
11 197
11 215
11 223
11 240
11 245
11 268
11 274
11 279
11 289
11 299
11 320
11 322
11 366
11 437
11 448
11 457
11 461
11 462
11 470
11 475
11 480
11 482
11 520
11 523
11 534
11 535
11 538
11 540
11 584
11 599
11 614
11 663
11 671
11 673
11 686
11 693
11 698
11 718
11 757
11 774
11 791
11 812
11 829
11 858
11 864
11 872
11 881
11 898
11 905
11 982
11 998
11 1000
11 1012
11 1021
11 1059
11 1062
11 1064
11 1083
11 1098
11 1111
11 1139
11 1142
11 1152
11 1224
11 1233
12 13
12 15
12 16
12 25
12 36
12 42
12 43
12 45
12 62
12 95
12 112
12 131
12 142
12 157
12 164
12 180
12 198
12 258
12 263
12 271
12 301
12 316
12 337
12 344
12 355
12 359
12 361
12 399
12 406
12 413
12 428
12 463
12 488
12 559
12 566
12 646
12 652
12 670
12 738
12 803
12 822
12 827
12 851
12 877
12 940
12 975
12 977
12 1050
12 1097
12 1104
12 1129
12 1184
13 14
13 15
13 17
13 19
13 20
13 21
13 23
13 26
13 27
13 29
13 34
13 38
13 40
13 41
13 43
13 48
13 51
13 54
13 55
13 57
13 68
13 69
13 77
13 83
13 87
13 98
13 104
13 113
13 128
13 137
13 140
13 158
13 187
13 191
13 222
13 229
13 264
13 265
13 279
13 300
13 306
13 338
13 388
13 394
13 400
13 413
13 495
13 510
13 546
13 575
13 598
13 626
13 644
13 675
13 678
13 709
13 742
13 762
13 789
13 802
13 839
13 887
13 942
13 948
13 1004
13 1074
13 1088
13 1122
13 1144
13 1156
13 1168
13 1195
13 1224
14 16
14 17
14 21
14 23
14 25
14 26
14 27
14 38
14 39
14 45
14 49
14 52
14 53
14 54
14 56
14 57
14 66
14 67
14 79
14 89
14 101
14 110
14 117
14 128
14 179
14 193
14 202
14 204
14 213
14 273
14 292
14 295
14 297
14 377
14 387
14 440
14 448
14 457
14 487
14 496
14 497
14 506
14 509
14 538
14 581
14 601
14 614
14 641
14 653
14 702
14 712
14 748
14 753
14 759
14 764
14 783
14 795
14 826
14 849
14 867
14 893
14 910
14 955
14 985
14 1031
14 1072
14 1108
14 1118
14 1222
15 36
15 40
15 45
15 46
15 63
15 74
15 78
15 79
15 80
15 82
15 86
15 94
15 115
15 126
15 151
15 188
15 190
15 201
15 203
15 208
15 210
15 221
15 248
15 249
15 251
15 252
15 331
15 376
15 392
15 436
15 441
15 462
15 496
15 512
15 541
15 560
15 583
15 631
15 635
15 660
15 678
15 696
15 725
15 817
15 857
15 884
15 918
15 1017
15 1027
15 1053
15 1069
15 1151
15 1223
15 1227
16 20
16 21
16 22
16 28
16 35
16 38
16 39
16 42
16 46
16 52
16 66
16 110
16 123
16 129
16 132
16 149
16 155
16 157
16 159
16 173
16 174
16 189
16 198
16 217
16 297
16 322
16 329
16 333
16 366
16 381
16 396
16 431
16 454
16 500
16 502
16 564
16 592
16 620
16 627
16 674
16 680
16 682
16 766
16 772
16 793
16 906
16 1033
16 1039
16 1072
16 1110
16 1119
16 1155
16 1174
16 1201
16 1221
16 1236
17 18
17 19
17 20
17 25
17 30
17 32
17 33
17 34
17 35
17 39
17 44
17 46
17 48
17 49
17 50
17 53
17 58
17 64
17 67
17 68
17 71
17 72
17 73
17 75
17 76
17 77
17 78
17 82
17 86
17 91
17 93
17 113
17 133
17 141
17 145
17 157
17 160
17 165
17 177
17 183
17 185
17 192
17 205
17 225
17 228
17 237
17 244
17 248
17 259
17 265
17 267
17 268
17 270
17 277
17 281
17 291
17 296
17 310
17 319
17 329
17 335
17 364
17 367
17 376
17 391
17 397
17 399
17 422
17 431
17 457
17 482
17 485
17 493
17 533
17 570
17 586
17 589
17 607
17 609
17 629
17 645
17 656
17 682
17 688
17 696
17 705
17 719
17 723
17 746
17 762
17 763
17 782
17 795
17 808
17 814
17 817
17 827
17 844
17 846
17 897
17 916
17 953
17 969
17 992
17 1015
17 1068
17 1078
17 1079
17 1089
17 1113
17 1145
17 1165
17 1181
17 1191
17 1229
17 1234
17 1237
18 20
18 21
18 33
18 34
18 35
18 36
18 37
18 47
18 48
18 62
18 65
18 69
18 73
18 74
18 76
18 77
18 100
18 110
18 114
18 115
18 132
18 137
18 139
18 147
18 152
18 157
18 167
18 174
18 200
18 201
18 222
18 265
18 272
18 294
18 304
18 309
18 315
18 354
18 359
18 383
18 402
18 449
18 453
18 459
18 471
18 476
18 485
18 487
18 489
18 491
18 502
18 537
18 600
18 613
18 624
18 630
18 664
18 667
18 669
18 701
18 752
18 770
18 795
18 796
18 826
18 856
18 886
18 912
18 927
18 1001
18 1028
18 1029
18 1061
18 1065
18 1082
18 1123
18 1128
18 1141
18 1158
18 1167
18 1174
18 1211
19 23
19 28
19 29
19 31
19 33
19 49
19 50
19 56
19 67
19 69
19 82
19 83
19 85
19 95
19 100
19 105
19 108
19 116
19 118
19 119
19 121
19 133
19 134
19 139
19 150
19 155
19 157
19 162
19 163
19 168
19 170
19 172
19 179
19 190
19 230
19 242
19 247
19 250
19 260
19 269
19 273
19 280
19 285
19 316
19 330
19 333
19 337
19 358
19 360
19 364
19 375
19 378
19 397
19 406
19 415
19 416
19 429
19 438
19 444
19 445
19 450
19 459
19 466
19 468
19 480
19 507
19 587
19 592
19 613
19 618
19 623
19 629
19 647
19 669
19 677
19 684
19 703
19 705
19 744
19 750
19 775
19 815
19 832
19 838
19 839
19 858
19 883
19 885
19 896
19 933
19 937
19 949
19 971
19 974
19 980
19 984
19 985
19 1003
19 1008
19 1013
19 1023
19 1043
19 1048
19 1067
19 1110
19 1142
19 1161
19 1180
19 1204
19 1205
20 26
20 27
20 32
20 34
20 51
20 58
20 59
20 60
20 64
20 65
20 68
20 80
20 92
20 95
20 142
20 144
20 145
20 154
20 155
20 170
20 172
20 174
20 176
20 184
20 207
20 210
20 214
20 221
20 239
20 248
20 251
20 257
20 259
20 267
20 304
20 328
20 330
20 387
20 415
20 476
20 482
20 483
20 486
20 497
20 501
20 519
20 564
20 571
20 581
20 596
20 636
20 677
20 686
20 695
20 715
20 768
20 771
20 803
20 820
20 853
20 855
20 869
20 870
20 897
20 906
20 1050
20 1095
20 1099
20 1115
20 1175
20 1197
20 1228
21 25
21 29
21 34
21 43
21 51
21 53
21 70
21 74
21 75
21 80
21 92
21 133
21 146
21 149
21 163
21 167
21 205
21 261
21 294
21 298
21 351
21 358
21 378
21 380
21 405
21 408
21 417
21 479
21 489
21 499
21 501
21 522
21 553
21 626
21 629
21 668
21 694
21 707
21 751
21 778
21 844
21 886
21 937
21 960
21 971
21 1023
21 1125
21 1196
21 1214
21 1217
22 24
22 28
22 54
22 96
22 146
22 156
22 174
22 213
22 240
22 353
22 355
22 419
22 475
22 481
22 725
22 738
22 765
22 812
22 844
22 899
22 1035
22 1041
22 1115
23 28
23 29
23 38
23 40
23 47
23 65
23 72
23 75
23 115
23 154
23 180
23 199
23 206
23 297
23 301
23 392
23 421
23 433
23 492
23 508
23 544
23 575
23 586
23 695
23 721
23 788
23 864
23 891
23 948
24 32
24 33
24 41
24 47
24 68
24 74
24 76
24 116
24 145
24 146
24 270
24 303
24 334
24 370
24 384
24 407
24 410
24 418
24 442
24 520
24 539
24 579
24 598
24 612
24 655
24 740
24 788
24 825
24 966
24 999
24 1019
24 1054
24 1098
25 27
25 49
25 52
25 73
25 88
25 91
25 94
25 113
25 129
25 136
25 149
25 173
25 209
25 241
25 243
25 253
25 305
25 312
25 398
25 434
25 448
25 474
25 476
25 519
25 553
25 561
25 594
25 627
25 635
25 654
25 679
25 738
25 749
25 750
25 759
25 766
25 795
25 796
25 811
25 858
25 895
25 897
25 899
25 964
25 1003
25 1116
25 1202
25 1230
26 28
26 30
26 31
26 32
26 71
26 86
26 88
26 108
26 134
26 135
26 164
26 201
26 240
26 278
26 293
26 323
26 328
26 371
26 451
26 488
26 496
26 505
26 515
26 522
26 578
26 586
26 605
26 621
26 757
26 888
26 929
26 982
26 1119
26 1135
27 79
27 87
27 114
27 117
27 137
27 229
27 244
27 456
27 497
27 503
27 572
27 577
27 588
27 596
27 625
27 726
27 733
27 754
27 792
27 868
27 991
27 1109
28 31
28 37
28 43
28 47
28 56
28 69
28 125
28 142
28 220
28 305
28 306
28 324
28 327
28 346
28 361
28 430
28 447
28 507
28 519
28 583
28 595
28 730
28 794
28 803
28 964
28 1082
28 1225
28 1239
29 37
29 58
29 120
29 151
29 160
29 164
29 193
29 200
29 240
29 257
29 266
29 272
29 273
29 288
29 297
29 310
29 320
29 327
29 343
29 435
29 441
29 472
29 531
29 550
29 605
29 616
29 692
29 712
29 748
29 761
29 771
29 814
29 921
29 925
29 1039
29 1079
29 1216
29 1231
29 1232
29 1244
30 32
30 35
30 37
30 40
30 42
30 44
30 57
30 58
30 84
30 101
30 123
30 139
30 142
30 143
30 150
30 152
30 154
30 161
30 175
30 187
30 216
30 221
30 256
30 286
30 311
30 336
30 372
30 421
30 431
30 446
30 628
30 638
30 670
30 711
30 726
30 786
30 818
30 877
30 881
30 884
30 922
30 928
30 942
30 978
30 979
30 1073
30 1088
30 1127
30 1180
30 1184
30 1189
31 48
31 54
31 59
31 81
31 85
31 96
31 163
31 165
31 172
31 193
31 194
31 206
31 209
31 217
31 222
31 230
31 231
31 260
31 261
31 269
31 304
31 339
31 348
31 379
31 383
31 414
31 476
31 494
31 506
31 526
31 543
31 626
31 660
31 663
31 664
31 672
31 676
31 704
31 712
31 742
31 747
31 781
31 833
31 851
31 942
31 1007
31 1200
32 64
32 72
32 74
32 126
32 129
32 162
32 164
32 225
32 238
32 268
32 365
32 387
32 420
32 469
32 565
32 712
32 789
32 810
32 871
32 946
32 948
32 1039
32 1053
32 1158
32 1212
33 47
33 63
33 94
33 115
33 162
33 167
33 192
33 206
33 213
33 220
33 233
33 260
33 261
33 276
33 364
33 379
33 402
33 455
33 495
33 531
33 597
33 598
33 621
33 635
33 678
33 716
33 725
33 731
33 838
33 893
33 896
33 908
33 968
33 1018
33 1047
33 1065
33 1077
33 1089
33 1205
34 103
34 124
34 145
34 161
34 165
34 253
34 296
34 358
34 390
34 419
34 461
34 527
34 600
34 603
34 611
34 612
34 619
34 620
34 718
34 733
34 860
34 868
34 879
34 947
34 996
34 1010
34 1011
34 1045
34 1075
34 1147
34 1170
35 39
35 40
35 44
35 50
35 54
35 57
35 59
35 63
35 64
35 70
35 84
35 86
35 97
35 101
35 109
35 120
35 137
35 147
35 171
35 187
35 189
35 194
35 233
35 275
35 282
35 284
35 290
35 309
35 322
35 343
35 344
35 349
35 355
35 361
35 372
35 374
35 383
35 388
35 394
35 428
35 443
35 453
35 463
35 466
35 467
35 498
35 518
35 530
35 534
35 543
35 576
35 593
35 607
35 617
35 630
35 634
35 663
35 708
35 782
35 806
35 809
35 830
35 855
35 857
35 882
35 999
35 1004
35 1015
35 1107
35 1119
35 1134
35 1137
35 1138
35 1163
35 1193
35 1212
35 1214
35 1223
35 1240
36 37
36 41
36 44
36 50
36 51
36 62
36 63
36 100
36 104
36 109
36 134
36 144
36 148
36 166
36 171
36 182
36 196
36 199
36 235
36 252
36 254
36 256
36 270
36 276
36 293
36 313
36 354
36 411
36 428
36 458
36 465
36 490
36 548
36 551
36 607
36 645
36 717
36 722
36 723
36 724
36 726
36 728
36 739
36 740
36 758
36 766
36 849
36 882
36 917
36 919
36 958
36 987
36 1016
36 1022
36 1025
36 1046
36 1225
36 1237
37 38
37 43
37 44
37 81
37 128
37 188
37 196
37 220
37 230
37 242
37 266
37 311
37 325
37 335
37 400
37 460
37 516
37 603
37 622
37 702
37 785
37 862
37 877
38 39
38 78
38 81
38 85
38 99
38 108
38 111
38 133
38 135
38 136
38 150
38 152
38 176
38 189
38 214
38 216
38 232
38 280
38 335
38 390
38 396
38 397
38 417
38 449
38 492
38 519
38 520
38 573
38 574
38 621
38 661
38 674
38 723
38 750
38 752
38 871
38 929
38 947
38 983
38 1003
38 1013
38 1021
38 1243
39 73
39 93
39 133
39 148
39 173
39 206
39 284
39 300
39 307
39 320
39 341
39 344
39 502
39 783
39 908
39 944
39 968
39 992
39 1026
39 1066
39 1121
40 41
40 76
40 138
40 166
40 173
40 214
40 267
40 283
40 297
40 319
40 416
40 428
40 464
40 494
40 533
40 555
40 564
40 607
40 608
40 622
40 625
40 637
40 673
40 711
40 721
40 785
40 795
40 807
40 815
40 894
40 987
40 990
40 1007
40 1014
40 1027
40 1068
41 44
41 47
41 49
41 57
41 58
41 102
41 118
41 129
41 141
41 143
41 166
41 171
41 178
41 210
41 249
41 253
41 256
41 258
41 284
41 291
41 318
41 332
41 371
41 374
41 401
41 422
41 441
41 459
41 467
41 490
41 499
41 535
41 541
41 554
41 580
41 587
41 616
41 634
41 636
41 642
41 700
41 770
41 903
41 926
41 943
41 1045
41 1105
41 1160
41 1207
41 1214
41 1245
42 55
42 60
42 70
42 78
42 87
42 105
42 109
42 121
42 137
42 207
42 228
42 264
42 270
42 310
42 370
42 420
42 454
42 461
42 524
42 536
42 613
42 616
42 629
42 714
42 831
42 970
42 1111
42 1156
42 1158
43 65
43 71
43 83
43 89
43 100
43 117
43 120
43 148
43 182
43 208
43 209
43 218
43 227
43 239
43 242
43 250
43 260
43 312
43 350
43 391
43 414
43 422
43 424
43 496
43 512
43 522
43 539
43 569
43 586
43 648
43 694
43 712
43 714
43 769
43 804
43 832
43 844
43 855
43 883
43 955
43 1041
43 1042
43 1134
43 1164
43 1208
44 59
44 73
44 88
44 103
44 106
44 107
44 122
44 123
44 124
44 125
44 155
44 167
44 197
44 212
44 223
44 224
44 244
44 289
44 293
44 304
44 318
44 333
44 384
44 422
44 433
44 445
44 457
44 491
44 513
44 551
44 553
44 596
44 622
44 689
44 754
44 867
44 901
44 912
44 940
44 1067
44 1072
44 1092
44 1117
44 1152
44 1178
44 1182
44 1189
45 46
45 63
45 86
45 99
45 128
45 130
45 164
45 167
45 288
45 325
45 350
45 458
45 471
45 559
45 584
45 652
45 675
45 695
45 750
45 837
45 1066
45 1079
45 1197
46 82
46 90
46 93
46 99
46 103
46 115
46 134
46 170
46 181
46 198
46 227
46 281
46 327
46 334
46 348
46 380
46 383
46 392
46 424
46 427
46 503
46 529
46 542
46 599
46 659
46 670
46 722
46 746
46 864
46 877
46 911
46 1010
46 1219
46 1228
46 1236
46 1249
47 48
47 49
47 50
47 56
47 69
47 72
47 80
47 93
47 103
47 104
47 141
47 152
47 158
47 186
47 191
47 234
47 247
47 274
47 285
47 295
47 317
47 322
47 338
47 349
47 357
47 365
47 487
47 527
47 531
47 550
47 665
47 676
47 742
47 743
47 769
47 817
47 855
47 960
47 962
47 971
47 974
47 989
47 1058
47 1170
48 51
48 63
48 65
48 82
48 96
48 105
48 107
48 118
48 127
48 135
48 181
48 243
48 246
48 250
48 301
48 338
48 357
48 362
48 367
48 374
48 375
48 436
48 447
48 519
48 528
48 541
48 763
48 782
48 784
48 785
48 791
48 799
48 823
48 825
48 1036
48 1041
48 1124
48 1136
48 1149
48 1175
48 1192
48 1207
48 1208
49 60
49 68
49 78
49 83
49 84
49 87
49 93
49 95
49 106
49 169
49 286
49 298
49 363
49 447
49 473
49 475
49 540
49 796
49 799
49 856
49 874
49 923
49 968
49 993
50 53
50 63
50 75
50 79
50 101
50 116
50 131
50 143
50 193
50 198
50 200
50 204
50 210
50 253
50 276
50 305
50 344
50 345
50 366
50 368
50 395
50 420
50 467
50 478
50 542
50 558
50 577
50 588
50 593
50 655
50 664
50 685
50 700
50 707
50 732
50 751
50 786
50 835
50 854
50 976
50 980
50 1011
50 1012
50 1021
50 1040
50 1093
50 1114
50 1168
50 1169
50 1214
51 52
51 61
51 62
51 70
51 78
51 84
51 88
51 92
51 118
51 190
51 296
51 369
51 391
51 395
51 411
51 481
51 687
51 826
51 841
51 996
51 1101
52 109
52 162
52 203
52 880
53 61
53 62
53 84
53 98
53 102
53 125
53 130
53 161
53 175
53 192
53 200
53 229
53 262
53 282
53 357
53 373
53 389
53 417
53 452
53 462
53 490
53 577
53 614
53 615
53 657
53 694
53 710
53 741
53 776
53 798
53 869
53 895
53 939
53 969
53 1087
53 1195
54 66
54 90
54 96
54 119
54 127
54 128
54 130
54 158
54 160
54 182
54 186
54 202
54 229
54 253
54 282
54 315
54 377
54 384
54 388
54 401
54 404
54 454
54 464
54 480
54 492
54 510
54 526
54 610
54 805
54 894
54 906
54 924
54 939
54 956
54 977
54 990
54 999
54 1133
54 1135
54 1186
55 73
55 74
55 81
55 90
55 94
55 116
55 119
55 259
55 327
55 331
55 363
55 381
55 384
55 393
55 407
55 499
55 618
55 720
55 776
55 887
55 966
55 1013
55 1034
55 1048
55 1049
55 1066
55 1179
55 1235
56 59
56 64
56 66
56 81
56 136
56 157
56 238
56 261
56 265
56 374
56 389
56 420
56 434
56 474
56 477
56 536
56 549
56 563
56 724
56 791
56 930
56 931
56 950
56 996
56 1026
56 1126
56 1128
56 1150
56 1161
56 1247
57 66
57 79
57 82
57 99
57 118
57 126
57 138
57 143
57 151
57 199
57 211
57 237
57 321
57 345
57 360
57 400
57 465
57 490
57 536
57 577
57 585
57 593
57 721
57 729
57 771
57 784
57 788
57 1044
57 1068
57 1107
57 1215
58 60
58 85
58 88
58 111
58 121
58 138
58 142
58 181
58 208
58 213
58 270
58 282
58 283
58 297
58 336
58 357
58 359
58 430
58 445
58 510
58 599
58 678
58 693
58 749
58 805
58 900
58 976
58 992
58 1089
58 1119
58 1199
59 60
59 76
59 79
59 98
59 99
59 100
59 112
59 121
59 152
59 193
59 199
59 285
59 412
59 438
59 455
59 500
59 511
59 529
59 704
59 797
59 811
59 881
59 897
59 925
59 934
59 1059
59 1060
59 1102
59 1133
59 1147
59 1194
59 1245
60 104
60 119
60 168
60 177
60 181
60 205
60 216
60 243
60 274
60 294
60 302
60 332
60 366
60 402
60 408
60 429
60 432
60 433
60 560
60 569
60 581
60 625
60 637
60 646
60 652
60 657
60 690
60 696
60 708
60 716
60 786
60 824
60 904
60 921
60 934
60 1020
60 1038
60 1057
60 1094
60 1138
60 1157
61 67
61 77
61 80
61 83
61 103
61 111
61 114
61 131
61 168
61 214
61 223
61 254
61 262
61 317
61 326
61 342
61 347
61 471
61 526
61 544
61 559
61 567
61 594
61 612
61 746
61 752
61 860
61 890
61 928
61 975
61 982
61 1007
61 1033
61 1057
61 1101
61 1165
62 91
62 94
62 107
62 171
62 283
62 516
62 582
62 644
62 702
63 72
63 90
63 97
63 105
63 176
63 255
63 293
63 334
63 367
63 370
63 397
63 505
63 510
63 721
63 757
63 794
63 816
63 850
63 934
63 938
63 1191
64 69
64 77
64 85
64 89
64 122
64 144
64 190
64 211
64 268
64 318
64 324
64 402
64 445
64 450
64 503
64 504
64 518
64 571
64 582
64 686
64 773
64 819
64 850
64 1014
64 1065
64 1116
64 1120
64 1131
64 1210
64 1219
64 1227
65 75
65 92
65 198
65 203
65 227
65 262
65 335
65 375
65 518
65 604
65 660
65 665
65 694
65 706
65 839
65 865
65 866
65 879
65 1030
65 1057
65 1130
65 1169
65 1194
66 75
66 105
66 121
66 127
66 155
66 224
66 323
66 347
66 410
66 488
66 552
66 564
66 567
66 646
66 664
66 960
66 1014
66 1038
66 1060
66 1206
66 1241
67 68
67 71
67 141
67 307
67 327
67 342
67 443
67 517
67 692
67 715
67 825
67 930
67 1005
67 1171
67 1177
68 96
68 103
68 104
68 112
68 153
68 163
68 196
68 480
68 610
68 703
68 798
68 818
68 862
68 907
68 1203
68 1238
69 114
69 125
69 150
69 161
69 191
69 200
69 459
69 596
69 611
69 628
69 647
69 662
69 833
69 1011
69 1074
69 1214
70 122
70 126
70 127
70 227
70 267
70 304
70 337
70 352
70 376
70 574
70 631
70 714
70 729
70 753
70 1035
70 1136
70 1137
70 1164
70 1184
71 114
71 137
71 153
71 186
71 195
71 197
71 202
71 243
71 256
71 266
71 375
71 412
71 506
71 535
71 556
71 565
71 595
71 658
71 660
71 724
71 838
71 929
71 940
71 947
71 1049
71 1187
71 1203
71 1210
71 1218
72 88
72 91
72 204
72 231
72 265
72 328
72 390
72 405
72 408
72 555
72 658
72 680
72 887
72 907
72 946
72 1121
72 1248
73 86
73 119
73 128
73 141
73 249
73 262
73 275
73 305
73 308
73 316
73 323
73 360
73 365
73 428
73 485
73 517
73 541
73 586
73 646
73 702
73 751
73 807
73 839
73 1194
74 133
74 140
74 148
74 169
74 223
74 247
74 307
74 359
74 380
74 442
74 477
74 493
74 714
74 780
74 799
74 847
74 972
74 1024
74 1159
74 1172
75 97
75 102
75 190
75 241
75 277
75 290
75 318
75 346
75 386
75 451
75 469
75 471
75 512
75 531
75 563
75 593
75 625
75 691
75 776
75 997
75 1100
75 1200
75 1211
75 1218
76 111
76 121
76 129
76 324
76 510
76 592
76 666
76 675
76 956
76 981
76 1195
77 113
77 149
77 172
77 189
77 217
77 226
77 253
77 271
77 278
77 283
77 306
77 318
77 340
77 342
77 367
77 386
77 461
77 485
77 581
77 738
77 779
77 802
77 825
77 860
77 963
77 1007
77 1074
77 1141
77 1154
77 1231
78 123
78 124
78 180
78 232
78 290
78 296
78 367
78 467
78 559
78 612
78 649
78 909
78 941
79 93
79 148
79 168
79 196
79 204
79 207
79 246
79 340
79 344
79 474
79 501
79 521
79 705
79 770
79 904
79 956
79 972
79 1040
79 1150
79 1175
79 1178
80 109
80 123
80 165
80 205
80 225
80 231
80 241
80 255
80 270
80 292
80 310
80 372
80 383
80 419
80 433
80 482
80 484
80 585
80 611
80 743
80 878
80 912
80 931
80 942
80 989
80 1043
80 1194
81 168
81 192
81 202
81 214
81 245
81 255
81 262
81 423
81 476
81 545
81 549
81 563
81 640
81 646
81 728
81 736
81 843
81 887
81 909
81 928
81 970
81 1028
81 1164
81 1200
81 1224
81 1227
82 90
82 101
82 139
82 143
82 153
82 189
82 200
82 203
82 453
82 591
82 670
82 672
82 782
82 928
82 995
83 111
83 139
83 140
83 222
83 273
83 385
83 440
83 452
83 490
83 511
83 740
83 861
83 1070
84 122
84 150
84 158
84 194
84 243
84 261
84 299
84 308
84 336
84 341
84 508
84 685
84 761
84 1063
84 1164
85 152
85 254
85 306
85 307
85 313
85 356
85 389
85 394
85 446
85 472
85 500
85 501
85 511
85 522
85 551
85 553
85 597
85 615
85 697
85 705
85 738
85 771
85 819
85 840
85 857
85 883
85 959
85 986
85 1087
85 1115
86 111
86 163
86 193
86 207
86 208
86 247
86 279
86 285
86 286
86 358
86 375
86 425
86 479
86 524
86 652
86 736
86 780
86 792
86 808
86 830
86 916
86 959
86 1048
86 1065
86 1110
86 1213
86 1225
87 90
87 102
87 106
87 121
87 132
87 183
87 185
87 234
87 320
87 338
87 343
87 363
87 390
87 407
87 433
87 449
87 499
87 513
87 524
87 541
87 546
87 558
87 697
87 714
87 725
87 742
87 748
87 767
87 793
87 834
87 835
87 947
87 950
87 953
87 980
87 985
87 992
87 1023
87 1040
87 1067
87 1141
87 1176
88 95
88 96
88 134
88 136
88 294
88 392
88 426
88 459
88 477
88 485
88 684
88 921
88 1050
89 98
89 110
89 138
89 147
89 173
89 177
89 274
89 291
89 448
89 513
89 540
89 630
89 632
89 667
89 685
89 756
89 766
89 770
89 815
89 864
89 1035
89 1065
89 1093
89 1108
89 1115
90 107
90 108
90 116
90 145
90 188
90 203
90 213
90 214
90 218
90 224
90 271
90 280
90 343
90 350
90 379
90 400
90 406
90 449
90 555
90 562
90 584
90 595
90 602
90 644
90 671
90 700
90 761
90 794
90 830
90 867
90 931
90 1094
90 1097
90 1154
90 1155
90 1162
90 1240
91 167
91 180
91 456
91 499
91 549
91 654
91 979
91 1016
91 1178
91 1234
92 110
92 156
92 161
92 196
92 219
92 263
92 537
92 573
92 574
92 677
92 892
92 940
92 1010
93 99
93 257
93 372
93 435
93 439
93 450
93 878
93 997
93 1069
93 1108
93 1138
94 153
94 194
94 299
94 302
94 303
94 315
94 340
94 496
94 574
94 593
94 594
94 648
94 854
94 989
94 1106
94 1120
94 1163
94 1234
95 102
95 105
95 135
95 191
95 248
95 268
95 338
95 429
95 486
95 583
95 588
95 644
95 846
95 921
95 967
95 1012
95 1019
95 1070
95 1100
95 1176
96 113
96 115
96 117
96 122
96 128
96 132
96 140
96 195
96 202
96 225
96 247
96 250
96 313
96 330
96 331
96 362
96 376
96 409
96 431
96 509
96 519
96 521
96 529
96 552
96 567
96 568
96 571
96 576
96 602
96 604
96 607
96 639
96 690
96 698
96 701
96 726
96 735
96 817
96 838
96 902
96 1017
96 1082
96 1151
96 1216
96 1245
97 125
97 130
97 165
97 184
97 237
97 399
97 470
97 511
97 520
97 622
97 623
97 737
97 868
97 887
97 904
97 1157
98 99
98 105
98 112
98 120
98 151
98 155
98 162
98 178
98 209
98 217
98 226
98 227
98 235
98 257
98 284
98 313
98 317
98 398
98 432
98 472
98 515
98 548
98 557
98 566
98 573
98 587
98 600
98 651
98 656
98 679
98 723
98 752
98 806
98 873
98 971
98 972
98 980
98 1040
98 1049
98 1108
98 1114
98 1122
98 1150
98 1157
99 136
99 144
99 158
99 160
99 163
99 180
99 212
99 266
99 281
99 404
99 600
99 621
99 657
99 788
99 915
99 935
99 1197
99 1233
100 110
100 114
100 207
100 245
100 319
100 379
100 384
100 419
100 425
100 473
100 528
100 557
100 582
100 583
100 589
100 622
100 710
100 745
100 754
100 834
100 933
100 956
100 1085
101 110
101 158
101 160
101 205
101 221
101 236
101 252
101 323
101 535
101 661
101 844
101 924
101 1030
101 1226
101 1234
102 120
102 122
102 124
102 153
102 169
102 185
102 245
102 280
102 287
102 340
102 386
102 506
102 555
102 711
102 819
102 822
102 870
102 885
102 900
102 945
102 1034
102 1059
102 1080
102 1093
103 126
103 149
103 181
103 192
103 252
103 275
103 326
103 328
103 345
103 443
103 451
103 561
103 582
103 645
103 747
103 869
103 1086
103 1096
103 1220
103 1229
104 107
104 108
104 149
104 165
104 216
104 228
104 257
104 261
104 288
104 306
104 311
104 319
104 336
104 358
104 366
104 379
104 404
104 418
104 437
104 440
104 455
104 582
104 596
104 606
104 671
104 673
104 696
104 719
104 724
104 732
104 739
104 848
104 873
104 877
104 911
104 925
104 929
104 980
104 1000
104 1008
104 1067
104 1074
104 1123
105 109
105 153
105 226
105 228
105 307
105 315
105 382
105 412
105 483
105 556
105 616
105 684
105 703
105 707
105 746
105 796
105 798
105 811
105 884
105 945
105 965
105 967
105 1002
105 1024
105 1052
105 1085
106 279
106 301
106 360
106 374
106 572
106 678
106 704
106 951
106 1115
107 134
107 148
107 184
107 206
107 211
107 219
107 238
107 246
107 259
107 291
107 312
107 326
107 364
107 367
107 423
107 454
107 550
107 561
107 685
107 735
107 763
107 834
107 977
107 1045
107 1163
107 1243
108 127
108 136
108 157
108 174
108 183
108 242
108 267
108 321
108 343
108 441
108 535
108 642
108 816
108 878
108 1027
108 1195
109 135
109 139
109 150
109 249
109 265
109 282
109 359
109 404
109 478
109 500
109 507
109 527
109 546
109 569
109 633
109 655
109 702
109 750
109 761
109 795
109 846
109 866
109 885
109 945
109 1001
109 1044
109 1140
110 161
110 181
110 251
110 309
110 446
110 447
110 624
110 823
110 827
110 830
110 902
110 908
110 916
110 1108
111 144
111 263
111 264
111 269
111 272
111 375
111 427
111 448
111 531
111 536
111 563
111 807
111 880
111 900
111 1075
111 1248
112 156
112 186
112 216
112 303
112 423
112 459
112 568
112 611
112 630
112 950
112 960
112 1037
112 1048
112 1084
112 1168
112 1171
112 1188
113 115
113 141
113 195
113 231
113 477
113 643
113 644
113 815
113 1104
113 1236
114 135
114 147
114 149
114 164
114 187
114 189
114 201
114 215
114 221
114 235
114 242
114 321
114 322
114 342
114 368
114 429
114 539
114 547
114 548
114 617
114 686
114 713
114 831
114 874
114 901
114 927
114 1031
114 1172
114 1175
114 1184
115 168
115 174
115 206
115 220
115 236
115 238
115 384
115 405
115 519
115 731
115 852
115 861
115 970
115 987
115 991
115 1003
115 1173
115 1189
116 131
116 143
116 163
116 235
116 236
116 303
116 358
116 373
116 534
116 564
116 667
116 685
116 744
116 935
116 949
116 1226
116 1229
116 1246
117 145
117 146
117 212
117 342
117 361
117 394
117 432
117 600
117 711
117 733
117 765
117 1231
117 1241
118 132
118 203
118 236
118 256
118 258
118 272
118 287
118 314
118 323
118 341
118 342
118 347
118 363
118 383
118 416
118 420
118 441
118 478
118 567
118 580
118 659
118 705
118 739
118 765
118 774
118 776
118 798
118 913
118 956
118 1041
118 1045
118 1114
118 1166
118 1179
118 1181
119 156
119 176
119 180
119 183
119 244
119 278
119 352
119 408
119 447
119 451
119 563
119 587
119 703
119 835
119 893
119 1043
119 1164
120 140
120 142
120 203
120 219
120 245
120 269
120 278
120 292
120 360
120 399
120 480
120 568
120 579
120 587
120 681
120 878
120 946
120 959
120 978
120 1056
120 1076
120 1118
120 1131
120 1148
120 1232
121 507
121 648
121 816
121 1081
121 1122
121 1148
122 127
122 164
122 186
122 298
122 339
122 356
122 371
122 400
122 403
122 462
122 530
122 575
122 592
122 606
122 662
122 772
122 967
123 276
123 325
123 424
123 469
123 483
123 617
123 773
123 859
123 884
123 929
123 936
123 960
123 1020
123 1029
123 1194
123 1205
123 1230
124 146
124 147
124 159
124 162
124 208
124 352
124 392
124 494
124 545
124 570
124 608
124 653
124 739
124 807
124 870
124 923
124 1011
125 160
125 240
125 256
125 362
125 416
125 486
125 562
125 686
125 852
125 875
125 883
125 966
125 1054
125 1108
125 1197
126 144
126 197
126 347
126 788
126 797
126 927
126 961
127 131
127 147
127 229
127 472
127 484
127 524
127 557
127 561
127 803
127 849
127 871
127 930
127 965
127 1018
127 1157
127 1178
127 1213
128 179
128 211
128 450
128 902
128 970
129 138
129 180
129 194
129 227
129 241
129 245
129 271
129 286
129 336
129 369
129 370
129 396
129 434
129 457
129 520
129 793
129 850
129 857
129 876
129 1097
129 1111
129 1193
130 178
130 199
130 302
130 334
130 447
130 532
130 615
130 666
130 747
130 811
130 923
130 939
130 963
130 1049
130 1153
131 197
131 413
131 432
131 455
131 846
131 1010
131 1155
132 209
132 250
132 255
132 260
132 313
132 333
132 361
132 403
132 544
132 708
132 749
132 1028
133 168
133 186
133 188
133 218
133 252
133 287
133 378
133 408
133 411
133 642
133 646
133 649
133 850
133 853
133 894
133 915
133 1038
133 1042
133 1100
133 1113
134 257
134 409
134 624
134 636
134 697
134 705
134 855
134 916
134 938
134 1030
134 1050
134 1072
134 1109
135 183
135 233
135 294
135 437
135 468
135 539
135 569
135 651
135 668
135 919
135 969
135 1196
136 206
136 207
136 233
136 444
136 506
136 565
136 692
136 736
136 746
136 789
136 1090
137 147
137 188
137 204
137 327
137 393
137 406
137 443
137 481
137 512
137 518
137 529
137 555
137 650
137 658
137 675
137 837
137 1162
138 150
138 151
138 154
138 337
138 495
138 523
138 591
138 664
138 704
138 758
138 817
138 911
139 146
139 158
139 226
139 263
139 314
139 339
139 353
139 366
139 492
139 539
139 561
139 676
139 720
139 756
139 762
139 835
139 881
139 942
139 966
139 1038
139 1093
139 1241
140 170
140 177
140 192
140 204
140 208
140 222
140 254
140 289
140 311
140 372
140 424
140 471
140 481
140 484
140 547
140 596
140 601
140 670
140 681
140 727
140 775
140 810
140 899
140 901
140 1055
140 1209
141 187
141 201
141 226
141 297
141 397
141 574
141 829
141 838
141 899
141 996
141 1005
141 1020
141 1022
141 1124
141 1131
141 1168
142 184
142 286
142 346
142 605
142 905
142 910
142 983
142 1222
143 252
143 271
143 283
143 337
143 354
143 386
143 479
143 633
143 660
143 773
143 793
143 851
143 964
143 990
143 1025
143 1053
143 1100
143 1157
143 1232
143 1247
144 171
144 229
144 232
144 253
144 261
144 284
144 299
144 310
144 364
144 426
144 430
144 547
144 578
144 656
144 664
144 719
144 797
144 932
144 1101
144 1147
144 1151
144 1246
145 146
145 171
145 179
145 217
145 295
145 311
145 334
145 477
145 663
145 715
145 717
145 732
145 783
145 870
145 895
145 1017
145 1159
145 1199
146 169
146 229
146 310
146 338
146 340
146 367
146 377
146 410
146 472
146 516
146 792
146 886
146 958
147 172
147 182
147 378
147 385
147 424
147 532
147 548
147 632
147 639
147 665
147 700
147 799
147 823
147 1062
148 266
148 279
148 347
148 393
148 460
148 517
148 655
148 1073
148 1078
149 156
149 309
149 333
149 487
149 647
149 789
149 950
150 169
150 248
150 369
150 385
150 405
150 464
150 479
150 527
150 557
150 599
150 648
150 768
150 789
150 833
150 910
150 1073
151 307
151 393
151 537
151 677
151 695
151 791
151 830
151 864
151 903
151 904
151 1021
151 1091
152 239
152 263
152 308
152 464
152 544
152 571
152 585
152 651
152 700
152 856
152 1203
152 1248
153 182
153 228
153 315
153 417
153 438
153 642
153 1050
153 1074
154 173
154 185
154 288
154 351
154 387
154 429
154 453
154 603
154 667
154 882
154 1033
154 1064
154 1076
154 1173
155 182
155 254
155 264
155 288
155 388
155 452
155 513
155 539
155 553
155 623
155 1062
156 177
156 178
156 247
156 282
156 350
156 366
156 390
156 425
156 562
156 567
156 587
156 865
156 1020
156 1071
156 1151
157 184
157 191
157 210
157 225
157 251
157 277
157 305
157 385
157 776
157 852
157 893
157 903
157 974
158 205
158 225
158 249
158 263
158 276
158 334
158 372
158 374
158 381
158 567
158 683
158 697
158 700
158 901
158 1004
158 1188
159 340
159 354
159 399
159 430
159 460
159 604
159 606
159 643
159 672
160 255
160 288
160 426
160 730
160 754
160 988
160 1051
161 169
161 188
161 209
161 236
161 246
161 278
161 283
161 303
161 305
161 351
161 352
161 444
161 503
161 535
161 583
161 679
161 866
161 924
161 938
161 986
161 1056
161 1094
161 1100
161 1138
161 1245
162 212
162 255
162 365
162 458
162 468
162 485
162 493
162 675
162 800
162 820
162 978
162 1025
162 1097
162 1236
163 234
163 299
163 301
163 382
163 414
163 538
163 543
163 786
163 814
163 836
163 992
164 176
164 179
164 212
164 465
164 656
164 768
164 832
164 1044
165 215
165 311
165 312
165 525
165 528
165 1107
166 185
166 460
166 489
166 504
166 541
166 551
166 606
166 721
166 730
166 740
166 797
166 876
166 926
166 1046
166 1099
166 1153
166 1162
166 1179
166 1182
166 1201
167 244
167 296
167 347
167 352
167 465
167 478
167 717
167 738
167 776
167 1011
167 1092
167 1173
167 1219
168 208
168 237
168 284
168 585
168 938
168 954
168 1047
169 185
169 322
169 351
169 425
169 448
169 576
169 743
169 764
169 778
169 806
169 820
169 822
169 868
169 927
169 974
169 1005
169 1011
169 1016
169 1039
169 1043
170 348
170 395
170 514
170 526
170 637
170 818
170 860
170 977
170 1001
170 1034
170 1187
171 194
171 216
171 223
171 232
171 285
171 300
171 421
171 509
171 530
171 544
171 633
171 773
171 847
171 908
171 976
171 989
171 1044
171 1179
171 1249
172 175
172 330
172 351
172 370
172 409
172 434
172 511
172 547
172 608
172 616
172 620
172 917
172 957
172 1080
172 1243
173 197
173 243
173 260
173 264
173 419
173 577
173 790
173 908
173 914
173 981
173 1030
173 1031
173 1069
173 1151
174 290
174 381
174 460
174 548
174 571
174 633
174 691
174 1156
175 231
175 237
175 280
175 287
175 329
175 368
175 395
175 421
175 431
175 517
175 545
175 650
175 740
175 769
175 951
175 977
175 1185
175 1236
176 210
176 341
176 388
176 777
176 905
176 922
176 1097
176 1199
177 265
177 269
177 292
177 496
177 505
177 552
177 726
177 833
177 888
177 1141
178 197
178 215
178 361
178 439
178 468
178 524
178 554
178 588
178 661
178 772
178 901
178 943
178 951
179 200
179 304
179 356
179 401
179 404
179 414
179 435
179 443
179 478
179 537
179 594
179 724
179 747
179 798
179 801
179 823
179 845
179 903
179 943
179 1085
179 1183
180 191
180 195
180 393
180 604
180 638
180 732
180 975
180 1060
180 1090
180 1211
180 1227
181 192
181 219
181 220
181 271
181 303
181 492
181 493
181 570
181 642
181 759
181 874
181 1156
182 549
182 590
182 612
182 1047
182 1113
182 1185
183 408
183 546
183 558
183 580
183 632
183 651
183 688
183 693
183 837
183 888
183 889
183 1098
184 223
184 406
184 420
184 432
184 563
185 258
185 276
185 301
185 653
185 976
186 215
186 241
186 248
186 280
186 281
186 365
186 454
186 473
186 633
186 763
186 805
186 821
186 1096
186 1233
187 205
187 254
187 308
187 345
187 401
187 404
187 431
187 435
187 453
187 461
187 525
187 541
187 573
187 575
187 589
187 676
187 759
187 806
187 813
187 943
187 944
187 1016
187 1202
188 190
188 218
188 230
188 274
188 312
188 349
188 400
188 500
188 501
188 502
188 632
188 986
188 1002
188 1223
189 211
189 217
189 230
189 238
189 330
189 338
189 368
189 389
189 550
189 602
189 672
189 675
189 733
189 790
189 863
189 995
189 1036
190 227
190 281
190 295
190 320
190 392
190 523
190 618
190 774
190 1237
191 325
191 1013
191 1046
191 1058
191 1167
191 1170
192 236
192 249
192 351
192 504
192 649
192 1087
192 1093
192 1193
193 194
193 233
193 239
193 240
193 424
193 553
193 568
193 657
193 687
193 765
193 878
193 996
193 1078
193 1083
193 1091
193 1103
193 1238
194 321
194 497
194 682
194 684
194 955
194 1040
194 1118
194 1128
194 1136
195 262
195 298
195 417
195 497
195 505
195 514
195 570
195 590
195 610
195 618
195 651
195 719
195 983
195 1018
195 1057
195 1064
195 1142
195 1164
196 202
196 238
196 451
196 593
196 765
196 779
196 786
196 902
196 1061
196 1208
197 362
197 679
197 775
198 224
198 228
198 317
198 364
198 527
198 768
198 792
198 816
198 955
198 960
198 992
198 1183
199 719
199 926
199 937
199 1009
200 275
200 288
200 293
200 453
200 537
200 601
200 641
200 687
200 720
200 893
200 898
200 993
200 1167
201 373
201 720
201 1211
202 298
202 690
202 695
202 846
202 884
203 212
203 258
203 296
203 349
203 533
203 543
203 629
203 688
203 708
203 718
203 1246
204 213
204 224
204 258
204 267
204 290
204 316
204 509
204 512
204 572
204 591
204 597
204 706
204 985
204 1145
204 1175
204 1217
205 214
205 269
205 292
205 316
205 436
205 440
205 530
205 691
205 783
205 1209
206 264
206 329
206 521
207 281
207 466
207 510
207 525
207 552
207 602
207 627
207 657
207 698
208 236
208 241
208 272
208 357
208 455
208 471
208 688
208 807
208 899
208 1200
208 1223
209 285
209 325
209 329
209 440
209 488
209 517
209 741
209 787
210 305
210 403
210 444
210 486
210 665
210 668
210 694
210 847
210 1132
211 232
211 252
211 290
211 363
211 381
211 386
211 439
211 442
211 485
211 645
211 750
211 829
211 862
211 883
211 922
211 1091
211 1097
212 380
212 430
212 437
212 627
212 640
212 678
212 905
212 979
212 1000
212 1025
212 1048
213 255
213 558
213 578
213 650
213 790
213 837
213 918
213 1046
214 233
214 272
214 389
214 432
214 511
214 609
214 898
215 219
215 226
215 233
215 318
215 423
215 487
215 686
215 753
215 895
215 995
215 1047
216 237
216 251
216 260
216 450
216 474
216 732
216 813
216 1045
216 1055
216 1072
216 1140
217 249
217 315
217 323
217 337
217 385
217 494
217 697
217 728
217 837
217 967
218 250
218 267
218 654
218 669
218 1029
219 234
219 251
219 667
219 691
219 703
219 733
219 810
219 886
219 1038
220 225
220 328
220 329
220 337
220 370
220 500
220 594
220 614
220 707
220 730
220 757
220 828
220 875
220 1102
220 1212
221 412
221 469
221 576
221 646
221 762
221 785
221 794
221 818
221 879
221 920
221 1018
221 1247
222 247
222 271
222 274
222 294
222 314
222 346
222 479
222 768
222 863
223 325
223 884
223 1146
224 278
224 289
224 306
224 326
224 345
224 413
224 414
224 504
224 540
224 598
224 657
224 684
224 722
224 903
224 915
224 936
224 1002
224 1076
224 1129
224 1174
224 1180
224 1192
225 234
225 388
225 1054
226 340
226 373
226 379
226 441
226 551
226 718
227 313
227 540
227 562
227 590
227 607
227 609
227 623
227 679
227 830
227 868
227 1000
227 1075
227 1095
227 1096
227 1128
228 353
228 634
228 731
228 741
228 748
228 755
228 840
228 889
228 932
228 1212
229 231
229 289
229 308
229 380
229 458
229 600
229 627
229 665
229 772
229 808
229 853
229 1004
229 1105
229 1122
229 1179
230 231
230 292
230 314
230 390
230 494
230 552
230 713
230 773
230 966
230 1076
230 1148
231 680
231 1121
231 1160
231 1188
232 278
232 393
232 406
232 495
232 653
232 994
233 309
233 727
233 960
234 308
234 381
234 396
234 403
234 410
234 442
234 554
234 586
234 590
234 694
234 699
234 701
234 804
234 876
234 910
234 1133
234 1210
234 1240
235 306
235 461
235 463
235 475
235 604
235 618
235 741
235 781
235 973
235 1035
235 1066
235 1176
236 331
236 341
236 433
236 632
236 900
236 943
236 1026
237 242
237 321
237 766
237 813
237 1107
238 273
238 274
238 276
238 283
238 298
238 343
238 409
238 451
238 626
238 634
238 657
238 828
238 835
238 875
238 910
238 975
238 1228
239 291
239 481
239 608
239 619
239 774
239 873
239 875
240 328
240 528
240 933
241 448
241 550
241 698
241 861
242 483
242 634
242 674
242 683
242 692
242 933
242 1071
243 426
243 473
243 687
243 759
243 1228
244 320
244 324
244 415
244 425
244 554
244 716
244 742
244 751
244 847
244 930
244 946
244 1197
244 1211
245 376
245 610
245 623
245 643
245 721
245 727
245 814
245 1106
246 295
246 628
246 851
246 988
246 1166
247 259
247 273
247 310
247 405
247 566
247 852
247 901
247 955
247 1037
247 1207
247 1232
248 356
248 442
248 460
248 484
248 542
248 666
248 799
249 281
249 299
249 322
249 465
249 467
249 474
249 598
249 887
249 948
249 954
249 1074
249 1079
249 1095
249 1123
250 300
250 374
250 515
250 591
250 752
250 1018
251 302
251 327
251 407
251 491
251 505
251 651
251 728
251 766
251 853
251 863
251 899
251 907
251 1088
251 1125
251 1208
252 285
252 398
252 413
252 418
252 463
252 538
252 566
252 619
252 713
252 765
252 891
252 1013
252 1019
252 1049
252 1080
252 1125
253 284
253 377
253 468
253 525
253 843
253 962
253 1143
254 355
254 484
254 556
254 1128
255 258
255 286
255 317
255 420
255 723
255 882
255 932
256 352
256 357
256 377
256 414
256 466
256 470
256 503
256 668
256 758
256 1046
256 1081
256 1093
256 1196
257 312
257 486
257 637
257 652
257 1206
258 398
258 515
258 656
258 745
258 816
258 991
258 1230
259 291
259 375
259 391
259 488
259 509
259 522
259 668
259 673
259 899
259 1091
259 1239
260 1139
261 312
261 373
261 379
261 417
261 650
261 745
261 812
261 871
261 926
261 932
261 933
261 998
262 279
262 940
262 988
262 1072
262 1077
262 1187
263 470
263 575
263 777
263 886
263 1019
264 321
264 736
264 1051
264 1125
265 270
265 355
265 394
265 514
265 538
265 811
265 924
265 1014
265 1206
265 1238
266 493
266 802
266 967
266 1121
266 1206
267 536
267 688
267 815
267 1024
268 279
268 296
268 396
268 467
268 504
268 1002
268 1047
268 1181
268 1185
269 282
269 326
269 345
269 384
269 529
269 686
269 822
269 924
269 1000
270 333
270 396
270 412
270 416
270 573
270 725
270 745
270 754
270 1157
271 304
271 356
271 359
271 528
271 633
271 671
271 825
271 1045
271 1177
272 380
272 418
272 451
272 504
272 523
272 558
272 767
272 866
272 895
272 1064
272 1070
272 1076
272 1102
273 423
273 463
273 491
273 1142
273 1149
273 1172
274 334
274 427
274 446
274 530
274 649
274 729
274 796
274 1136
275 387
275 612
275 751
275 758
275 882
276 289
276 382
276 595
276 1027
277 328
277 386
277 502
277 584
277 642
277 1078
277 1187
277 1229
278 353
278 457
278 598
278 602
278 672
278 807
278 860
278 950
278 953
278 1237
279 342
279 353
279 363
279 413
279 444
279 533
279 562
279 637
279 1073
279 1153
279 1169
280 341
280 354
280 626
280 862
280 1086
280 1111
280 1161
280 1224
281 309
281 355
281 356
281 360
281 415
281 429
281 518
281 569
281 603
281 638
281 752
281 953
281 1017
281 1127
281 1133
281 1202
281 1227
282 313
282 412
282 509
282 585
282 645
282 722
282 922
282 1022
283 969
284 393
284 438
284 446
284 493
284 655
284 684
284 821
284 928
284 964
284 1027
284 1220
285 293
285 319
285 418
285 439
285 549
285 641
285 660
285 1202
286 1073
287 469
287 470
287 570
287 571
287 649
287 716
287 801
287 914
287 1198
288 467
288 726
288 729
288 1049
289 353
289 462
289 466
289 498
289 508
289 514
289 526
289 606
289 737
289 822
289 843
289 858
289 934
289 995
289 1198
289 1200
289 1202
290 498
290 628
290 692
290 730
290 736
290 741
290 828
290 848
290 854
290 862
290 1009
290 1159
290 1209
291 298
291 300
291 483
291 495
291 861
291 1129
291 1160
291 1205
292 307
292 311
292 364
292 612
292 709
292 842
292 875
292 977
293 299
293 300
293 314
293 319
293 347
293 720
293 1135
294 348
294 517
294 551
294 1162
295 814
295 849
295 1186
296 350
296 354
296 494
296 495
296 695
296 739
296 840
296 872
296 890
296 1053
296 1079
296 1130
296 1181
297 411
297 427
297 491
297 594
297 623
297 1209
298 308
298 331
298 459
298 508
298 699
298 800
298 882
298 912
298 1028
298 1083
298 1213
299 331
299 348
299 407
299 560
299 615
299 788
299 867
299 1006
299 1230
300 650
300 819
300 1084
300 1216
301 410
301 500
301 891
301 936
302 368
302 495
302 554
302 580
302 677
302 740
302 892
302 1126
303 489
303 860
303 1037
303 1173
304 316
304 341
304 410
304 440
304 499
305 346
305 386
305 421
305 513
305 522
305 556
305 680
305 848
305 962
305 984
305 1110
306 378
306 425
306 466
306 769
306 1054
306 1120
306 1197
306 1240
307 309
307 376
307 378
307 444
307 483
307 561
307 597
307 611
307 760
307 976
307 1029
307 1031
308 344
308 346
308 348
308 400
308 456
308 477
308 487
308 681
308 811
308 857
308 953
308 1166
309 382
309 427
309 520
309 576
309 640
309 800
309 843
309 853
309 1165
309 1191
310 456
310 501
310 542
311 440
311 454
311 614
311 767
311 783
311 836
311 893
311 948
311 994
311 1125
312 369
312 757
313 417
313 442
313 523
313 543
313 887
313 988
313 1108
314 503
314 573
314 621
314 718
314 780
314 1241
315 373
315 423
315 505
315 587
315 630
315 662
315 808
315 911
315 1042
315 1052
315 1089
315 1126
316 673
316 1208
317 383
317 394
317 416
317 430
317 478
317 784
317 802
317 901
317 953
317 1133
317 1249
318 662
318 690
318 846
319 784
319 936
319 1192
320 389
320 710
320 1069
320 1124
321 343
321 402
321 591
321 978
321 1239
322 464
322 489
322 525
322 637
322 665
322 756
322 872
322 906
322 1197
323 324
323 326
323 497
323 589
323 698
323 737
323 853
323 896
323 939
323 1158
324 362
324 405
324 435
324 654
324 763
324 814
325 349
325 473
325 572
325 597
325 611
325 620
325 676
325 697
325 783
325 787
325 876
325 910
325 999
325 1180
326 397
326 445
326 620
326 744
326 865
326 991
326 1062
327 410
327 605
328 372
328 395
328 524
328 525
328 562
328 933
328 1152
329 437
329 452
329 518
329 522
329 532
329 537
329 538
329 589
329 631
329 708
329 744
329 827
329 1147
330 411
330 436
330 455
330 546
330 572
330 647
330 734
330 1104
330 1219
331 344
331 358
331 361
331 368
331 371
331 550
331 666
331 764
331 975
331 1054
331 1059
331 1198
332 456
332 1090
333 416
333 565
333 569
333 1077
334 533
334 596
334 641
334 764
334 1231
335 368
335 813
336 462
336 699
336 711
336 717
336 1023
336 1083
336 1194
336 1231
337 378
337 650
337 689
337 791
337 832
337 861
337 914
337 1184
338 628
338 902
338 1173
338 1248
339 722
339 767
340 345
340 353
340 465
340 473
340 526
340 548
340 691
340 724
340 760
340 931
340 1063
341 365
341 449
341 513
341 556
341 636
341 801
341 935
341 947
342 401
342 514
342 591
342 649
342 794
342 841
342 851
342 1113
343 357
343 373
343 391
343 606
343 688
343 710
343 712
343 807
343 822
343 848
343 939
343 1031
343 1160
343 1195
344 505
344 507
344 804
344 961
344 1160
345 434
345 809
345 1128
346 577
346 627
346 891
346 1006
346 1014
346 1152
347 770
347 1008
348 396
348 422
348 441
348 615
348 801
348 944
348 1044
349 626
349 639
350 472
350 480
350 610
350 959
350 997
350 1015
352 428
352 810
352 831
353 387
353 734
353 926
353 947
353 1207
353 1219
354 564
354 632
354 636
354 753
354 973
355 669
355 676
355 706
355 1213
356 790
356 805
356 821
356 881
356 1137
357 445
357 843
357 967
358 528
358 564
358 583
358 814
358 865
358 1174
358 1186
358 1202
359 360
359 376
359 518
359 690
360 415
360 583
360 588
360 595
360 609
360 669
360 706
360 739
360 863
360 944
360 965
361 401
361 502
361 578
361 599
361 639
361 675
361 702
361 757
361 889
361 964
361 1077
361 1130
362 398
362 487
362 501
362 547
362 756
362 866
362 948
362 1141
362 1238
363 403
363 436
363 439
363 460
363 468
363 514
363 601
363 661
363 940
363 945
363 1023
363 1116
364 458
364 527
364 734
364 871
364 1171
365 418
365 462
365 464
365 697
365 791
365 1186
366 579
366 855
366 978
366 1019
366 1129
366 1137
366 1185
366 1193
366 1206
366 1244
367 398
367 447
367 490
367 601
367 647
367 710
367 838
367 845
367 1048
367 1182
368 863
368 945
369 599
369 674
369 728
369 779
369 829
369 867
369 909
369 934
369 1247
370 830
370 994
370 1158
371 547
371 823
371 1125
372 402
372 435
372 762
372 780
372 1061
372 1112
372 1200
373 450
373 479
373 515
373 545
373 548
373 768
373 801
373 824
373 833
373 983
373 1037
373 1153
374 909
374 981
374 990
375 619
376 539
377 407
377 409
377 631
377 719
377 805
377 911
377 933
377 975
377 1034
377 1240
378 775
378 845
378 1025
378 1126
378 1138
379 398
379 482
379 582
379 615
379 701
379 777
379 827
379 979
379 1068
380 385
380 557
380 634
380 828
380 840
380 1038
380 1226
380 1240
380 1249
381 484
382 729
382 950
383 506
383 563
383 630
383 852
383 913
383 935
384 455
384 590
384 928
384 1082
384 1126
385 579
385 1071
385 1246
386 570
386 718
386 1185
387 409
387 429
387 498
387 578
387 601
387 647
387 1112
388 574
388 753
388 789
389 544
389 581
389 654
389 682
389 709
389 756
389 1196
390 499
390 561
390 1158
390 1243
391 531
391 848
391 906
391 919
391 1008
392 434
392 529
392 550
392 831
392 955
392 984
393 442
393 781
393 1087
394 772
394 1012
395 652
395 877
395 908
395 983
395 1126
395 1219
396 773
396 1087
396 1218
397 841
398 516
398 551
398 568
398 696
398 793
398 879
398 888
398 1089
398 1135
398 1158
398 1176
399 401
399 452
399 567
399 604
399 897
399 953
399 987
399 1060
399 1137
399 1150
399 1207
399 1221
400 482
400 614
400 778
400 986
400 1245
401 458
401 532
401 671
401 688
401 800
401 834
401 1183
401 1214
402 437
402 475
402 586
402 972
403 617
403 817
403 1203
404 428
404 445
404 526
404 658
404 786
405 421
405 470
405 534
405 761
405 1170
406 603
406 929
406 958
406 1052
406 1070
406 1183
407 483
407 557
407 709
407 768
407 810
407 889
407 982
407 990
408 727
409 418
409 471
409 894
409 938
409 1044
410 927
410 1026
410 1033
411 680
411 722
411 808
411 879
411 1217
412 436
412 450
412 521
412 552
412 555
412 653
412 856
412 1219
412 1239
413 632
413 666
413 713
413 832
413 859
413 1070
413 1167
414 1201
415 1016
415 1036
416 475
416 559
416 689
416 1159
416 1220
417 880
418 660
418 747
418 850
418 1006
418 1092
419 613
419 661
419 815
419 844
419 869
419 1056
419 1091
419 1093
419 1095
420 478
420 874
420 902
421 889
422 452
423 424
423 425
423 597
423 640
423 659
423 728
423 754
423 797
423 1041
424 481
424 486
424 625
424 767
424 994
424 1034
424 1218
425 873
425 1118
426 434
426 438
426 545
426 978
427 491
427 545
427 616
427 905
427 1103
427 1226
428 620
429 475
429 490
429 840
429 844
429 927
429 958
429 1058
429 1091
430 461
430 568
430 572
430 589
430 608
430 734
430 753
430 1062
430 1103
430 1110
430 1161
430 1165
430 1196
431 558
431 624
431 625
431 630
431 652
431 681
431 841
431 952
431 956
431 1167
431 1226
433 1099
434 469
434 669
434 725
434 749
434 896
434 1009
435 1022
436 443
436 507
436 523
436 624
436 631
436 781
436 854
436 861
436 989
437 443
437 479
437 592
437 662
437 693
437 913
437 1094
437 1183
438 556
438 601
438 643
438 644
438 880
438 894
438 957
438 958
438 962
438 980
438 1075
438 1131
439 581
439 661
439 753
439 787
439 847
439 898
439 1083
439 1235
440 463
440 584
440 674
440 747
440 964
440 1132
440 1177
440 1213
440 1235
441 625
441 973
442 731
442 849
442 1026
442 1074
442 1239
443 456
443 547
444 683
444 1150
445 837
445 939
445 942
445 963
445 1002
445 1012
445 1032
445 1114
445 1225
446 760
446 832
446 1159
446 1169
446 1187
447 449
447 727
447 1184
447 1248
448 464
448 536
448 715
448 926
448 1066
449 542
449 643
449 711
449 717
449 913
449 1134
449 1237
450 682
450 787
450 1127
450 1132
451 463
451 476
451 662
451 684
451 708
451 767
451 778
451 868
451 959
451 1154
451 1242
452 622
452 633
452 709
453 597
453 666
453 876
453 885
453 1090
453 1190
454 894
455 472
455 613
455 878
456 565
456 654
456 802
456 895
456 896
456 994
456 1144
456 1145
457 542
457 1061
458 663
458 828
459 489
459 617
459 648
459 825
459 1066
460 529
460 605
460 618
460 781
460 937
460 951
460 999
460 1031
460 1047
460 1061
461 961
461 963
461 1178
462 687
462 743
462 803
462 1165
463 554
463 1055
463 1222
464 508
464 1083
465 523
465 1035
465 1135
466 521
466 525
466 683
466 746
466 758
466 841
467 540
467 574
467 970
467 1061
467 1206
468 474
468 650
468 1033
469 470
469 498
469 532
469 681
469 785
469 800
470 554
470 627
470 671
471 493
471 559
471 770
471 785
471 934
471 975
471 1055
471 1056
471 1090
471 1105
471 1232
473 520
473 534
473 745
473 891
473 1230
474 546
474 603
474 842
475 503
475 836
475 839
475 906
475 907
475 1054
475 1111
475 1140
476 513
476 553
476 573
476 731
476 809
476 1127
477 510
477 803
477 1113
478 780
478 831
479 588
479 710
479 729
479 763
479 827
479 888
480 755
480 900
481 538
481 621
481 985
482 578
482 602
482 698
482 721
482 1056
483 812
484 582
484 690
484 782
484 965
484 1095
484 1097
484 1168
485 506
485 508
485 1026
485 1096
486 514
486 592
486 609
486 735
486 777
486 787
486 852
486 864
486 869
486 1098
487 766
487 1052
488 1101
488 1212
489 532
489 617
489 624
489 638
489 672
489 891
489 1190
490 618
490 665
490 696
490 732
490 769
490 1055
490 1100
490 1144
491 694
491 1016
491 1058
491 1191
492 752
492 1000
493 804
493 916
493 1084
493 1099
493 1144
494 565
494 667
494 755
494 1068
494 1106
495 508
495 777
495 918
495 998
496 502
496 511
496 565
496 872
496 892
496 972
496 1040
496 1123
497 889
498 512
498 533
498 772
498 1127
499 507
499 635
499 698
499 765
499 886
499 1184
500 605
500 664
500 1101
501 898
502 649
502 682
503 515
503 819
503 908
504 515
504 1220
504 1221
505 755
505 952
505 987
506 542
506 854
506 917
506 1152
506 1177
507 1123
508 696
508 773
508 904
508 999
508 1235
508 1249
509 674
509 680
509 801
509 834
509 962
510 543
510 778
510 962
510 1214
511 626
511 1052
512 555
512 720
512 1215
513 535
513 560
513 643
513 782
513 979
513 1080
513 1094
513 1138
514 516
514 617
514 751
514 845
514 925
514 1069
514 1179
514 1186
515 517
515 616
515 733
515 913
515 1047
515 1143
515 1226
516 613
516 669
517 662
517 934
517 1146
517 1192
518 645
518 944
518 991
519 585
519 1178
520 700
520 809
520 857
520 867
520 965
520 1100
520 1188
521 557
521 608
522 536
522 659
522 720
522 764
522 873
522 1123
523 695
523 928
523 1007
523 1145
524 580
524 888
525 699
525 1033
526 613
526 1195
527 598
527 635
527 709
527 818
527 920
527 1015
527 1104
527 1120
527 1122
528 1183
529 602
529 744
529 806
529 816
530 609
530 1084
530 1124
533 623
533 636
533 917
533 1105
534 777
534 834
535 566
535 576
535 954
536 689
536 723
536 877
536 1205
537 699
537 824
537 949
537 1053
537 1153
538 611
538 1024
539 856
540 967
541 867
541 930
542 544
542 559
542 804
542 1014
543 620
543 711
543 880
543 1172
544 566
544 705
544 802
544 1129
545 648
545 714
545 813
545 1117
545 1143
546 1111
546 1132
547 797
547 824
547 927
547 1057
548 645
548 728
548 1201
549 663
549 708
549 717
549 924
549 1015
549 1140
550 599
550 1223
551 655
551 787
551 1167
552 724
552 879
552 969
552 1228
553 667
553 693
553 788
553 973
553 1004
553 1104
554 556
554 639
554 656
554 759
554 980
554 1198
555 644
555 715
555 981
555 1072
555 1242
557 619
557 670
557 865
557 890
557 1157
560 579
560 818
560 1058
561 600
561 641
563 687
563 755
563 1005
563 1239
564 591
564 608
564 941
564 1090
564 1131
565 570
565 961
566 1110
566 1248
567 716
567 921
567 952
567 995
568 631
568 987
569 818
569 1099
570 935
571 703
571 779
571 786
571 913
571 977
571 1243
572 624
572 883
573 641
573 763
573 833
573 881
573 917
573 1001
573 1075
574 619
574 677
574 725
574 824
574 880
574 1112
574 1173
574 1201
575 1139
575 1233
577 659
577 689
577 762
577 1063
577 1183
577 1189
578 858
578 979
578 1078
579 638
579 683
579 701
579 792
579 936
579 1166
580 1130
581 643
581 1143
582 661
582 683
582 732
582 739
582 789
582 1092
583 714
583 957
583 986
584 606
584 726
585 610
585 776
585 809
585 1004
585 1051
585 1116
586 639
586 764
586 870
587 718
587 821
587 918
587 958
587 1005
587 1211
588 681
588 784
589 689
589 813
589 916
590 637
590 982
591 653
591 969
591 991
591 1009
591 1155
592 603
592 635
592 863
592 954
592 1075
594 715
594 900
594 1030
594 1032
595 804
595 1215
596 639
597 780
597 988
598 706
598 743
598 745
598 809
598 839
599 658
599 670
599 759
599 799
599 848
599 1119
600 809
600 898
600 1107
600 1188
600 1228
600 1243
601 749
601 774
601 879
601 888
601 1032
601 1150
602 1067
603 604
603 651
603 1031
603 1188
603 1238
604 614
604 621
604 635
604 727
604 749
605 610
605 629
606 842
606 1026
606 1061
606 1118
608 840
609 668
609 699
609 790
609 871
609 891
609 895
609 945
609 1167
609 1206
609 1209
609 1229
610 679
610 826
610 1032
610 1078
610 1235
611 735
611 777
611 1101
612 805
612 986
612 1068
615 813
615 1193
616 1133
617 640
617 771
617 1106
617 1113
617 1145
618 628
618 808
618 952
620 1166
621 729
621 806
622 794
622 876
622 945
622 1127
622 1168
623 683
623 1109
623 1136
624 1173
624 1215
626 628
626 723
626 750
626 870
626 946
627 634
627 747
627 863
627 1058
627 1248
629 691
629 758
629 963
629 969
629 1105
629 1198
630 1233
631 836
631 906
632 647
632 730
632 869
632 954
632 1146
633 1029
634 719
634 731
635 676
635 735
635 755
635 839
635 1180
635 1215
636 701
636 702
636 859
636 1003
636 1121
637 897
637 918
637 1119
639 671
639 679
639 896
639 1105
640 748
640 771
640 914
640 915
640 1045
640 1221
641 682
641 734
641 1064
641 1146
642 800
642 821
642 941
642 997
643 1092
644 1063
644 1092
645 880
645 1010
645 1162
645 1236
645 1249
646 1048
647 736
647 904
647 1107
648 923
650 741
650 840
650 849
650 959
651 1085
652 663
652 872
652 1205
653 784
653 935
653 1005
653 1198
654 995
656 706
656 800
657 859
657 938
657 998
657 1019
657 1109
657 1151
657 1180
658 672
658 949
658 1001
658 1006
658 1016
658 1150
658 1199
658 1218
659 712
659 1057
659 1058
659 1068
660 804
660 917
660 1027
660 1082
660 1215
660 1247
661 704
661 734
661 1137
662 774
663 823
663 1017
663 1040
663 1160
664 733
664 771
664 920
664 1202
665 1156
666 1126
667 897
667 915
667 989
667 1165
668 842
668 936
668 1020
668 1049
668 1086
669 829
669 1012
669 1039
669 1218
670 1210
671 681
671 820
671 992
671 1189
671 1199
671 1225
672 678
673 774
673 1024
673 1038
673 1140
674 1122
675 716
675 775
675 889
675 907
675 1009
675 1050
675 1076
675 1149
675 1190
676 717
676 819
676 944
677 764
678 922
679 775
679 924
679 1204
680 920
681 791
681 821
682 730
682 796
682 842
682 884
682 1007
682 1125
682 1244
683 778
683 820
683 961
683 1103
683 1144
684 1071
684 1163
684 1244
685 693
685 798
685 947
685 1035
685 1109
685 1132
685 1155
685 1239
686 756
686 856
686 882
686 1046
687 974
688 1082
688 1244
689 790
689 841
690 846
690 943
690 961
690 1021
691 1092
691 1131
691 1136
691 1176
692 749
692 812
692 855
693 1132
693 1141
694 713
694 874
694 936
695 812
695 861
695 1006
695 1080
696 921
696 984
696 1076
696 1124
696 1136
696 1169
697 890
697 931
697 1095
698 1039
698 1060
698 1241
699 1081
700 769
701 731
701 798
701 951
702 1037
703 770
703 797
703 872
704 812
704 919
705 715
705 937
705 1042
705 1117
707 778
708 822
708 1142
709 826
709 909
709 1025
709 1194
710 760
710 803
710 1242
711 736
711 743
711 842
712 713
712 824
713 836
714 801
714 1109
715 805
715 1170
716 931
716 968
716 1148
716 1210
718 850
718 1021
718 1028
719 735
719 909
719 965
719 979
719 996
721 761
721 1041
721 1112
721 1148
722 873
722 1035
723 756
723 838
723 851
723 971
723 1029
723 1147
723 1180
724 737
724 744
724 760
724 1036
725 1106
726 974
726 976
726 1051
727 1168
727 1207
728 923
728 946
728 1091
731 1177
732 806
732 845
732 914
732 959
732 993
732 1174
732 1238
735 1114
736 785
736 988
737 909
738 973
739 852
739 1070
741 937
742 808
742 820
742 842
742 1117
743 755
743 828
743 1110
744 802
745 836
745 942
745 1052
746 760
746 1119
747 920
748 1025
748 1185
750 974
750 1098
751 1128
754 815
754 824
754 1052
756 949
756 998
756 1075
757 1178
758 1066
758 1221
758 1245
759 837
759 1043
759 1143
760 941
761 845
762 922
762 968
762 1051
762 1080
763 831
763 857
763 929
763 1078
764 795
764 862
764 920
764 962
764 993
764 1073
765 793
765 987
766 1019
767 919
767 1094
767 1210
768 925
768 1012
768 1217
769 939
769 1203
771 995
773 950
774 1017
775 825
775 869
775 1036
776 865
776 951
776 1127
776 1199
777 810
779 892
780 851
780 890
780 1175
781 1234
782 860
782 866
782 982
782 1028
782 1245
783 1064
783 1134
783 1216
784 941
784 1056
785 831
785 1022
785 1149
785 1201
786 966
786 1163
786 1181
787 988
788 790
788 847
788 898
788 1085
789 923
789 1053
790 1003
791 1218
793 1011
793 1222
794 1077
795 917
795 949
795 1147
795 1224
796 1003
796 1087
798 958
799 1063
799 1182
801 1166
802 874
803 984
803 1082
803 1166
803 1234
805 890
805 1006
805 1113
805 1217
806 1020
806 1043
807 985
807 1051
810 984
810 1096
810 1161
810 1192
812 981
812 1020
814 1027
815 912
815 976
815 1187
815 1205
816 835
816 973
816 1067
816 1247
817 868
818 864
818 886
818 1249
819 828
819 1018
819 1030
819 1200
820 1077
820 1142
822 1115
823 1065
824 1226
826 883
826 885
826 1039
826 1139
826 1196
827 1124
828 829
830 914
830 1023
830 1077
830 1102
832 1095
833 893
834 875
834 1079
834 1216
835 993
835 1159
837 1060
838 923
839 930
839 966
839 1118
839 1217
840 1034
840 1121
840 1174
841 1135
841 1152
842 957
843 1013
843 1112
845 1116
847 1030
847 1123
848 1057
849 926
850 912
851 894
851 1018
851 1107
852 1241
853 873
853 937
853 1088
854 1207
855 876
855 943
855 1101
855 1131
856 859
856 872
856 1036
856 1056
856 1063
857 925
857 972
858 916
858 935
859 1007
861 1163
862 871
862 1176
862 1201
863 971
863 1085
864 1051
864 1179
865 885
865 990
871 972
871 998
872 946
874 910
874 911
874 944
874 1139
876 1023
877 925
877 932
877 986
878 981
879 1182
880 932
881 949
883 973
883 1009
884 997
884 1071
884 1086
884 1174
884 1227
885 1033
885 1192
886 1112
887 952
887 1129
887 1220
888 1231
889 1221
890 918
891 941
891 963
891 971
891 993
891 1086
893 1081
894 1138
895 903
895 1059
895 1098
895 1103
897 1046
898 1143
899 963
899 1024
899 1170
901 1013
901 1231
902 922
903 1134
904 1064
904 1225
908 1010
908 1088
909 998
909 1161
909 1191
909 1244
910 985
910 1193
911 1102
911 1106
913 1161
913 1171
914 1032
914 1086
916 1028
916 1067
918 1004
919 997
919 1103
919 1203
922 999
924 1115
925 955
925 1185
925 1188
926 968
927 1002
927 1062
927 1229
928 1086
929 1117
931 957
931 1008
931 1124
932 1022
934 1044
936 1053
936 1182
936 1186
936 1213
937 984
938 1165
940 1121
941 951
941 1144
942 1021
942 1160
943 1017
943 1037
947 996
948 957
948 1099
953 1139
954 961
954 1055
954 1090
955 978
956 1005
956 1243
957 1042
957 1204
958 970
958 1195
958 1223
961 1071
961 1140
961 1198
962 1054
962 1169
963 1116
963 1143
965 994
966 1024
966 1084
966 1120
966 1192
967 1042
969 1062
969 1162
972 993
972 1247
973 1009
974 981
974 1233
978 1000
980 1104
980 1146
982 1063
982 1210
983 1015
983 1081
986 989
987 1088
987 1132
989 1084
989 1085
992 1059
992 1191
994 1094
994 1186
995 1079
996 1059
996 1224
998 1036
998 1189
1001 1106
1004 1022
1005 1134
1005 1170
1008 1153
1009 1088
1009 1149
1012 1199
1013 1156
1014 1083
1014 1116
1017 1146
1017 1169
1020 1084
1022 1065
1030 1130
1033 1232
1035 1212
1035 1213
1037 1060
1037 1096
1037 1105
1038 1120
1040 1142
1040 1163
1041 1069
1042 1073
1043 1102
1044 1204
1048 1152
1049 1154
1050 1148
1050 1238
1051 1225
1053 1130
1056 1220
1061 1099
1061 1109
1061 1154
1063 1071
1064 1172
1066 1204
1071 1139
1072 1104
1074 1103
1075 1172
1076 1154
1076 1171
1076 1229
1077 1234
1078 1130
1082 1089
1088 1098
1096 1102
1100 1117
1103 1191
1104 1135
1109 1209
1115 1134
1118 1159
1118 1171
1120 1242
1122 1190
1123 1176
1124 1196
1126 1154
1126 1162
1128 1221
1131 1216
1135 1237
1135 1246
1136 1204
1138 1172
1151 1164
1151 1211
1152 1190
1152 1235
1152 1237
1155 1222
1159 1177
1161 1209
1179 1241
1187 1230
1192 1242
1196 1217
1207 1222
1215 1232
1216 1233