0 1.0
1 0.09333333333333334
10 0.28
100 0.09333333333333334
101 0.04
102 0.14
103 0.05333333333333334
104 0.2
105 0.16666666666666666
106 0.11333333333333333
107 0.06
108 0.05333333333333334
109 0.09333333333333334
11 0.34
110 0.08666666666666667
111 0.04666666666666667
112 0.08
113 0.06
114 0.06666666666666667
115 0.13333333333333333
116 0.04666666666666667
117 0.14
118 0.02666666666666667
119 0.14
12 0.18666666666666668
120 0.06
121 0.09333333333333334
122 0.05333333333333334
123 0.08666666666666667
124 0.1
125 0.03333333333333333
126 0.06666666666666667
127 0.03333333333333333
128 0.08
129 0.10666666666666667
13 0.22666666666666666
130 0.04
131 0.08
132 0.14
133 0.11333333333333333
134 0.10666666666666667
135 0.02666666666666667
136 0.08666666666666667
137 0.04
138 0.08
139 0.05333333333333334
14 0.17333333333333334
140 0.03333333333333333
141 0.04666666666666667
142 0.04666666666666667
143 0.06666666666666667
144 0.04
145 0.06666666666666667
146 0.09333333333333334
147 0.06
148 0.09333333333333334
149 0.02
15 0.14666666666666667
150 0.13333333333333333
151 0.06666666666666667
152 0.07333333333333333
153 0.11333333333333333
154 0.03333333333333333
155 0.06666666666666667
156 0.04
157 0.04666666666666667
158 0.12
159 0.08
16 0.16
160 0.06
161 0.07333333333333333
162 0.05333333333333334
163 0.10666666666666667
164 0.08
165 0.08666666666666667
166 0.06666666666666667
167 0.02
168 0.06666666666666667
169 0.04
17 0.08666666666666667
170 0.02666666666666667
171 0.05333333333333334
172 0.04
173 0.06
174 0.06
175 0.06
176 0.06
177 0.06
178 0.02666666666666667
179 0.07333333333333333
18 0.06
180 0.07333333333333333
181 0.06
182 0.02666666666666667
183 0.07333333333333333
184 0.07333333333333333
185 0.06666666666666667
186 0.07333333333333333
187 0.06666666666666667
188 0.06
189 0.10666666666666667
19 0.28
190 0.07333333333333333
191 0.03333333333333333
192 0.08
193 0.06666666666666667
194 0.06
195 0.04
196 0.06
197 0.1
198 0.1
199 0.08
2 0.1
20 0.13333333333333333
200 0.06
201 0.08666666666666667
202 0.04666666666666667
203 0.05333333333333334
204 0.06
205 0.06666666666666667
206 0.06
207 0.03333333333333333
208 0.02666666666666667
209 0.04
21 0.12
210 0.10666666666666667
211 0.02666666666666667
212 0.04666666666666667
213 0.03333333333333333
214 0.07333333333333333
215 0.03333333333333333
216 0.04
217 0.03333333333333333
218 0.03333333333333333
219 0.07333333333333333
22 0.31333333333333335
220 0.05333333333333334
221 0.05333333333333334
222 0.04666666666666667
223 0.1
224 0.06
225 0.06
226 0.08666666666666667
227 0.02666666666666667
228 0.03333333333333333
229 0.08
23 0.04666666666666667
230 0.12
231 0.05333333333333334
232 0.06
233 0.03333333333333333
234 0.05333333333333334
235 0.02666666666666667
236 0.1
237 0.06
238 0.08666666666666667
239 0.02666666666666667
24 0.12
240 0.03333333333333333
241 0.06
242 0.04
243 0.03333333333333333
244 0.08
245 0.04666666666666667
246 0.06666666666666667
247 0.04666666666666667
248 0.03333333333333333
249 0.05333333333333334
25 0.04666666666666667
250 0.04666666666666667
251 0.02
252 0.02666666666666667
253 0.06
254 0.06
255 0.06
256 0.06666666666666667
257 0.04
258 0.03333333333333333
259 0.06
26 0.10666666666666667
260 0.06
261 0.04666666666666667
262 0.04
263 0.05333333333333334
264 0.05333333333333334
265 0.04
266 0.08
267 0.07333333333333333
268 0.08
269 0.02666666666666667
27 0.08
270 0.04666666666666667
271 0.04
272 0.08
273 0.06666666666666667
274 0.06
275 0.05333333333333334
276 0.06666666666666667
277 0.04666666666666667
278 0.06666666666666667
279 0.04
28 0.16666666666666666
280 0.04666666666666667
281 0.04
282 0.06
283 0.06
284 0.04
285 0.07333333333333333
286 0.07333333333333333
287 0.04
288 0.06666666666666667
289 0.06
29 0.08
290 0.04
291 0.05333333333333334
292 0.06
293 0.06
294 0.03333333333333333
295 0.03333333333333333
296 0.04666666666666667
297 0.08
298 0.05333333333333334
299 0.02666666666666667
3 0.08
30 0.20666666666666667
300 0.06
301 0.013333333333333334
302 0.09333333333333334
303 0.03333333333333333
304 0.03333333333333333
305 0.08666666666666667
306 0.06666666666666667
307 0.03333333333333333
308 0.05333333333333334
309 0.03333333333333333
31 0.17333333333333334
310 0.07333333333333333
311 0.04
312 0.04
313 0.04666666666666667
314 0.03333333333333333
315 0.04
316 0.04666666666666667
317 0.06666666666666667
318 0.07333333333333333
319 0.05333333333333334
32 0.07333333333333333
320 0.06666666666666667
321 0.06666666666666667
322 0.04
323 0.04666666666666667
324 0.04
325 0.04
326 0.07333333333333333
327 0.06
328 0.07333333333333333
329 0.06666666666666667
33 0.06
330 0.08
331 0.04
332 0.04666666666666667
333 0.06
334 0.03333333333333333
335 0.03333333333333333
336 0.04
337 0.07333333333333333
338 0.08666666666666667
339 0.09333333333333334
34 0.24
340 0.04666666666666667
341 0.03333333333333333
342 0.08666666666666667
343 0.08666666666666667
344 0.05333333333333334
345 0.06
346 0.05333333333333334
347 0.05333333333333334
348 0.04
349 0.08
35 0.14
350 0.06
351 0.07333333333333333
352 0.013333333333333334
353 0.06666666666666667
354 0.05333333333333334
355 0.06
356 0.02666666666666667
357 0.05333333333333334
358 0.02
359 0.05333333333333334
36 0.12
360 0.04666666666666667
361 0.02666666666666667
362 0.05333333333333334
363 0.06666666666666667
364 0.04
365 0.04
366 0.05333333333333334
367 0.06
368 0.04666666666666667
369 0.02666666666666667
37 0.08666666666666667
370 0.04666666666666667
371 0.06
372 0.04666666666666667
373 0.04
374 0.04666666666666667
375 0.02666666666666667
376 0.06
377 0.08666666666666667
378 0.04
379 0.013333333333333334
38 0.12
380 0.05333333333333334
381 0.02666666666666667
382 0.06666666666666667
383 0.04
384 0.10666666666666667
385 0.06
386 0.02666666666666667
387 0.02
388 0.04
389 0.03333333333333333
39 0.08
390 0.04
391 0.04
392 0.02
393 0.05333333333333334
394 0.03333333333333333
395 0.04
396 0.04
397 0.04
398 0.02
399 0.06
4 0.06666666666666667
40 0.08
400 0.04
401 0.03333333333333333
402 0.02666666666666667
403 0.04666666666666667
404 0.04666666666666667
405 0.04666666666666667
406 0.04
407 0.04666666666666667
408 0.04
409 0.04
41 0.15333333333333332
410 0.04
411 0.04666666666666667
412 0.04
413 0.02666666666666667
414 0.04
415 0.05333333333333334
416 0.03333333333333333
417 0.04666666666666667
418 0.02666666666666667
419 0.03333333333333333
42 0.1
420 0.04
421 0.02
422 0.03333333333333333
423 0.05333333333333334
424 0.03333333333333333
425 0.04
426 0.04
427 0.07333333333333333
428 0.04
429 0.03333333333333333
43 0.09333333333333334
430 0.06
431 0.02666666666666667
432 0.06666666666666667
433 0.02666666666666667
434 0.04666666666666667
435 0.05333333333333334
436 0.03333333333333333
437 0.07333333333333333
438 0.04
439 0.04666666666666667
44 0.06
440 0.06666666666666667
441 0.04
442 0.05333333333333334
443 0.05333333333333334
444 0.02666666666666667
445 0.02
446 0.06666666666666667
447 0.03333333333333333
448 0.02666666666666667
449 0.03333333333333333
45 0.17333333333333334
450 0.08
451 0.04666666666666667
452 0.05333333333333334
453 0.04
454 0.02666666666666667
455 0.013333333333333334
456 0.02666666666666667
457 0.04666666666666667
458 0.04666666666666667
459 0.05333333333333334
46 0.18666666666666668
460 0.05333333333333334
461 0.04
462 0.06
463 0.05333333333333334
464 0.04
465 0.04
466 0.04666666666666667
467 0.04
468 0.04666666666666667
469 0.05333333333333334
47 0.04666666666666667
470 0.02666666666666667
471 0.04
472 0.04
473 0.03333333333333333
474 0.04
475 0.06
476 0.04
477 0.04666666666666667
478 0.013333333333333334
479 0.06666666666666667
48 0.07333333333333333
480 0.05333333333333334
481 0.02666666666666667
482 0.03333333333333333
483 0.02
484 0.02666666666666667
485 0.05333333333333334
486 0.03333333333333333
487 0.03333333333333333
488 0.04666666666666667
489 0.04666666666666667
49 0.12666666666666668
490 0.04
491 0.08
492 0.04666666666666667
493 0.04
494 0.04
495 0.02666666666666667
496 0.03333333333333333
497 0.02666666666666667
498 0.04
499 0.013333333333333334
5 0.04666666666666667
50 0.19333333333333333
500 0.04666666666666667
501 0.06
502 0.03333333333333333
503 0.03333333333333333
504 0.03333333333333333
505 0.05333333333333334
506 0.04
507 0.02
508 0.02666666666666667
509 0.06
51 0.08
510 0.04
511 0.03333333333333333
512 0.05333333333333334
513 0.03333333333333333
514 0.02
515 0.05333333333333334
516 0.04
517 0.04666666666666667
518 0.05333333333333334
519 0.05333333333333334
52 0.06
520 0.04
521 0.04
522 0.02
523 0.013333333333333334
524 0.04
525 0.04
526 0.05333333333333334
527 0.02666666666666667
528 0.04
529 0.03333333333333333
53 0.16
530 0.06
531 0.02
532 0.03333333333333333
533 0.02
534 0.04
535 0.04
536 0.02666666666666667
537 0.02666666666666667
538 0.03333333333333333
539 0.04666666666666667
54 0.09333333333333334
540 0.04
541 0.05333333333333334
542 0.04
543 0.04666666666666667
544 0.03333333333333333
545 0.04
546 0.04666666666666667
547 0.06
548 0.04
549 0.04
55 0.12
550 0.04666666666666667
551 0.04666666666666667
552 0.04666666666666667
553 0.04
554 0.02666666666666667
555 0.03333333333333333
556 0.04666666666666667
557 0.04
558 0.03333333333333333
559 0.04666666666666667
56 0.13333333333333333
560 0.02666666666666667
561 0.02666666666666667
562 0.02666666666666667
563 0.04
564 0.05333333333333334
565 0.05333333333333334
566 0.02666666666666667
567 0.02666666666666667
568 0.006666666666666667
569 0.04
57 0.07333333333333333
570 0.05333333333333334
571 0.03333333333333333
572 0.03333333333333333
573 0.05333333333333334
574 0.03333333333333333
575 0.04666666666666667
576 0.04666666666666667
577 0.03333333333333333
578 0.05333333333333334
579 0.03333333333333333
58 0.15333333333333332
580 0.02
581 0.04666666666666667
582 0.04
583 0.03333333333333333
584 0.02666666666666667
585 0.04666666666666667
586 0.04
587 0.05333333333333334
588 0.03333333333333333
589 0.02666666666666667
59 0.07333333333333333
590 0.04
591 0.04
592 0.0
593 0.04
594 0.04
595 0.03333333333333333
596 0.02666666666666667
597 0.04
598 0.04666666666666667
599 0.03333333333333333
6 0.2
60 0.09333333333333334
600 0.05333333333333334
601 0.05333333333333334
602 0.04
603 0.04
604 0.04
605 0.06
606 0.04666666666666667
607 0.02666666666666667
608 0.04
609 0.02666666666666667
61 0.14666666666666667
610 0.04666666666666667
611 0.04666666666666667
612 0.05333333333333334
613 0.04666666666666667
614 0.04666666666666667
615 0.06
616 0.04
617 0.04
618 0.04
619 0.04
62 0.08666666666666667
620 0.04
621 0.05333333333333334
622 0.03333333333333333
623 0.02666666666666667
624 0.04
625 0.04
626 0.06666666666666667
627 0.04
628 0.04
629 0.04
63 0.10666666666666667
630 0.05333333333333334
631 0.02666666666666667
632 0.04
633 0.02
634 0.02666666666666667
635 0.03333333333333333
636 0.02666666666666667
637 0.03333333333333333
638 0.02
639 0.02666666666666667
64 0.05333333333333334
640 0.013333333333333334
641 0.04
642 0.04
643 0.04666666666666667
644 0.05333333333333334
645 0.03333333333333333
646 0.04
647 0.03333333333333333
648 0.03333333333333333
649 0.02
65 0.17333333333333334
650 0.04666666666666667
651 0.03333333333333333
652 0.04
653 0.04
654 0.02666666666666667
655 0.04666666666666667
656 0.04666666666666667
657 0.03333333333333333
658 0.02666666666666667
659 0.04666666666666667
66 0.06
660 0.03333333333333333
661 0.04666666666666667
662 0.03333333333333333
663 0.04
664 0.04
665 0.02
666 0.04
667 0.04
668 0.04
669 0.02666666666666667
67 0.03333333333333333
670 0.006666666666666667
671 0.03333333333333333
672 0.03333333333333333
673 0.02666666666666667
674 0.04666666666666667
675 0.02666666666666667
676 0.04
677 0.04
678 0.02666666666666667
679 0.013333333333333334
68 0.16666666666666666
680 0.05333333333333334
681 0.03333333333333333
682 0.03333333333333333
683 0.04
684 0.03333333333333333
685 0.04
686 0.02666666666666667
687 0.04666666666666667
688 0.04666666666666667
689 0.02666666666666667
69 0.10666666666666667
690 0.03333333333333333
691 0.04
692 0.03333333333333333
693 0.04
694 0.05333333333333334
695 0.04
696 0.03333333333333333
697 0.03333333333333333
698 0.04666666666666667
699 0.02666666666666667
7 0.06666666666666667
70 0.11333333333333333
700 0.04666666666666667
701 0.02
702 0.02666666666666667
703 0.02666666666666667
704 0.04
705 0.03333333333333333
706 0.04666666666666667
707 0.04
708 0.02666666666666667
709 0.04666666666666667
71 0.06666666666666667
710 0.02
711 0.04666666666666667
712 0.04
713 0.04
714 0.04
715 0.03333333333333333
716 0.02666666666666667
717 0.02666666666666667
718 0.03333333333333333
719 0.04
72 0.11333333333333333
720 0.02666666666666667
721 0.04666666666666667
722 0.02666666666666667
723 0.04666666666666667
724 0.04
725 0.04
726 0.04
727 0.03333333333333333
728 0.04
729 0.03333333333333333
73 0.13333333333333333
730 0.02
731 0.03333333333333333
732 0.04
733 0.02666666666666667
734 0.03333333333333333
735 0.03333333333333333
736 0.03333333333333333
737 0.04
738 0.04666666666666667
739 0.02
74 0.06666666666666667
740 0.02666666666666667
741 0.03333333333333333
742 0.03333333333333333
743 0.03333333333333333
744 0.04
745 0.04
746 0.03333333333333333
747 0.02
748 0.02666666666666667
749 0.04
75 0.1
750 0.03333333333333333
751 0.03333333333333333
752 0.03333333333333333
753 0.03333333333333333
754 0.04
755 0.04
756 0.02666666666666667
757 0.04
758 0.02666666666666667
759 0.02666666666666667
76 0.1
760 0.04
761 0.02666666666666667
762 0.03333333333333333
763 0.02
764 0.03333333333333333
765 0.03333333333333333
766 0.03333333333333333
767 0.03333333333333333
768 0.04
769 0.03333333333333333
77 0.08666666666666667
770 0.04
771 0.02
772 0.02666666666666667
773 0.02666666666666667
774 0.03333333333333333
775 0.02666666666666667
776 0.03333333333333333
777 0.02666666666666667
778 0.02666666666666667
779 0.02666666666666667
78 0.06666666666666667
780 0.04
781 0.04
782 0.04
783 0.03333333333333333
784 0.02
785 0.04
786 0.04
787 0.04
788 0.02
789 0.04
79 0.05333333333333334
790 0.02666666666666667
791 0.02
792 0.04
793 0.04
794 0.03333333333333333
795 0.04
796 0.04
797 0.013333333333333334
798 0.03333333333333333
799 0.04
8 0.38
80 0.02666666666666667
81 0.05333333333333334
82 0.18666666666666668
83 0.08666666666666667
84 0.09333333333333334
85 0.16
86 0.09333333333333334
87 0.08666666666666667
88 0.08
89 0.05333333333333334
9 0.7266666666666667
90 0.16666666666666666
91 0.04
92 0.12
93 0.1
94 0.08
95 0.04
96 0.05333333333333334
97 0.05333333333333334
98 0.1
99 0.1