0 1
1 1
10 1
100 1
101 1
102 1
103 0
104 0
105 0
106 0
107 0
108 0
109 0
11 1
110 1
111 0
112 0
113 1
114 0
115 1
116 0
117 0
118 1
119 1
12 1
120 0
121 1
122 0
123 0
124 1
125 0
126 1
127 1
128 1
129 1
13 1
130 0
131 0
132 0
133 0
134 0
135 0
136 1
137 0
138 0
139 0
14 1
140 1
141 1
142 1
143 0
144 1
145 1
146 0
147 1
148 1
149 0
15 1
150 0
151 1
152 0
153 0
154 0
155 0
156 0
157 1
158 0
159 1
16 1
160 0
161 1
162 0
163 0
164 1
165 1
166 0
167 0
168 1
169 1
17 1
170 1
171 0
172 1
173 0
174 0
175 0
176 0
177 0
178 0
179 1
18 1
180 0
181 0
182 0
183 1
184 1
185 0
186 0
187 0
188 0
189 0
19 1
190 1
191 0
192 0
193 0
194 1
195 0
196 1
197 1
198 0
199 1
2 1
20 1
200 0
201 1
202 1
203 0
204 1
205 1
206 1
207 1
208 1
209 1
21 1
210 1
211 0
212 1
213 0
214 0
215 0
216 1
217 0
218 0
219 1
22 1
220 0
221 1
222 0
223 0
224 1
225 0
226 1
227 1
228 1
229 1
23 1
230 0
231 0
232 1
233 1
234 1
235 1
236 1
237 1
238 1
239 1
24 1
240 1
241 0
242 0
243 0
244 1
245 1
246 0
247 0
248 1
249 1
25 1
250 0
251 1
252 1
253 1
254 0
255 0
256 1
257 0
258 0
259 0
26 1
260 1
261 0
262 1
263 0
264 0
265 1
266 0
267 0
268 0
269 1
27 1
270 0
271 1
272 0
273 1
274 1
275 0
276 0
277 0
278 0
279 0
28 1
280 0
281 0
282 0
283 0
284 0
285 1
286 0
287 0
288 0
289 0
29 1
290 1
291 0
292 1
293 1
294 0
295 0
296 0
297 1
298 1
299 1
3 1
30 1
300 1
301 0
302 0
303 1
304 0
305 0
306 0
307 1
308 0
309 1
31 1
310 0
311 1
312 1
313 1
314 0
315 1
316 0
317 1
318 0
319 0
32 1
320 0
321 1
322 0
323 1
324 1
325 1
326 0
327 1
328 0
329 0
33 1
330 1
331 0
332 1
333 0
334 0
335 0
336 1
337 0
338 0
339 1
34 1
340 1
341 1
342 0
343 0
344 0
345 1
346 1
347 1
348 1
349 0
35 1
350 0
351 0
352 0
353 0
354 1
355 1
356 0
357 1
358 0
359 1
36 1
360 1
361 0
362 1
363 1
364 0
365 1
366 0
367 0
368 0
369 1
37 1
370 0
371 0
372 1
373 0
374 0
375 0
376 1
377 0
378 1
379 0
38 1
380 1
381 1
382 0
383 0
384 1
385 1
386 0
387 1
388 1
389 0
39 1
390 0
391 1
392 1
393 0
394 0
395 1
396 1
397 1
398 1
399 0
4 1
40 1
400 1
401 0
402 0
403 0
404 1
405 1
406 1
407 1
408 1
409 1
41 0
410 1
411 0
412 0
413 1
414 1
415 1
416 1
417 1
418 0
419 0
42 0
420 0
421 1
422 0
423 0
424 0
425 0
426 1
427 0
428 0
429 1
43 0
430 0
431 0
432 0
433 1
434 1
435 0
436 1
437 1
438 0
439 0
44 1
440 0
441 1
442 0
443 0
444 1
445 1
446 1
447 1
448 1
449 0
45 0
450 0
451 0
452 0
453 0
454 0
455 1
456 0
457 1
458 0
459 1
46 0
460 0
461 1
462 1
463 1
464 0
465 0
466 0
467 1
468 1
469 0
47 1
470 0
471 0
472 0
473 1
474 1
475 1
476 0
477 1
478 0
479 0
48 0
480 1
481 0
482 1
483 1
484 0
485 0
486 1
487 0
488 1
489 0
49 1
490 0
491 1
492 1
493 0
494 0
495 1
496 0
497 1
498 1
499 1
5 1
50 1
500 0
501 1
502 1
503 0
504 1
505 0
506 0
507 0
508 0
509 1
51 1
510 0
511 0
512 0
513 0
514 0
515 0
516 0
517 0
518 0
519 0
52 1
520 0
521 1
522 1
523 0
524 0
525 0
526 1
527 0
528 0
529 0
53 1
530 0
531 0
532 0
533 1
534 1
535 0
536 1
537 0
538 1
539 0
54 0
540 1
541 0
542 1
543 0
544 0
545 0
546 1
547 0
548 0
549 0
55 1
550 0
551 0
552 1
553 1
554 0
555 1
556 1
557 0
558 0
559 1
56 0
560 0
561 0
562 1
563 1
564 1
565 1
566 0
567 1
568 0
569 0
57 1
570 1
571 0
572 1
573 0
574 1
575 1
576 1
577 1
578 1
579 0
58 0
580 0
581 0
582 1
583 0
584 0
585 0
586 0
587 0
588 0
589 1
59 0
590 0
591 1
592 0
593 1
594 0
595 0
596 1
597 1
598 1
599 1
6 1
60 1
600 1
601 1
602 0
603 0
604 1
605 0
606 0
607 1
608 0
609 0
61 0
610 1
611 1
612 1
613 0
614 0
615 1
616 1
617 1
618 1
619 1
62 1
620 0
621 0
622 1
623 1
624 1
625 1
626 1
627 1
628 0
629 0
63 0
630 0
631 0
632 0
633 0
634 0
635 0
636 0
637 1
638 0
639 0
64 1
640 1
641 1
642 0
643 1
644 0
645 1
646 0
647 1
648 0
649 1
65 1
650 1
651 0
652 0
653 1
654 0
655 1
656 0
657 0
658 0
659 1
66 1
660 0
661 0
662 1
663 0
664 1
665 1
666 1
667 1
668 1
669 0
67 0
670 1
671 0
672 1
673 0
674 0
675 1
676 1
677 0
678 0
679 0
68 0
680 1
681 0
682 1
683 0
684 0
685 1
686 1
687 1
688 1
689 1
69 0
690 1
691 1
692 1
693 1
694 1
695 1
696 1
697 1
698 1
699 1
7 1
70 0
71 0
72 0
73 1
74 0
75 0
76 0
77 0
78 1
79 0
8 1
80 1
81 1
82 1
83 1
84 1
85 0
86 1
87 1
88 0
89 1
9 1
90 1
91 0
92 1
93 1
94 0
95 0
96 0
97 0
98 0
99 1