0 1.0
1 0.3150684931506849
10 0.0958904109589041
100 0.1506849315068493
101 0.1095890410958904
102 0.136986301369863
103 0.0821917808219178
104 0.0547945205479452
105 0.1232876712328767
106 0.1506849315068493
107 0.1506849315068493
108 0.1232876712328767
109 0.136986301369863
11 0.7534246575342466
110 0.136986301369863
111 0.0684931506849315
112 0.0273972602739726
113 0.0821917808219178
114 0.0958904109589041
115 0.273972602739726
116 0.2054794520547945
117 0.2054794520547945
118 0.1506849315068493
119 0.0821917808219178
12 0.0410958904109589
120 0.0410958904109589
121 0.0684931506849315
122 0.1780821917808219
123 0.1095890410958904
124 0.2191780821917808
125 0.0684931506849315
126 0.0958904109589041
127 0.136986301369863
128 0.0410958904109589
129 0.0958904109589041
13 0.6301369863013698
130 0.0410958904109589
131 0.1917808219178082
132 0.1095890410958904
133 0.0547945205479452
134 0.0958904109589041
135 0.1506849315068493
136 0.1095890410958904
137 0.1095890410958904
138 0.0410958904109589
139 0.0547945205479452
14 0.1780821917808219
140 0.1232876712328767
141 0.0684931506849315
142 0.0958904109589041
143 0.2054794520547945
144 0.1643835616438356
145 0.0547945205479452
146 0.1780821917808219
147 0.0547945205479452
148 0.1232876712328767
149 0.0958904109589041
15 0.3698630136986301
150 0.1095890410958904
151 0.1780821917808219
152 0.0273972602739726
153 0.0958904109589041
154 0.0821917808219178
155 0.0684931506849315
156 0.1095890410958904
157 0.0410958904109589
158 0.0684931506849315
159 0.0684931506849315
16 0.1506849315068493
160 0.1643835616438356
161 0.0958904109589041
162 0.0958904109589041
163 0.0684931506849315
164 0.0684931506849315
165 0.0273972602739726
166 0.0410958904109589
167 0.136986301369863
168 0.0958904109589041
169 0.0958904109589041
17 0.0547945205479452
170 0.1095890410958904
171 0.0273972602739726
172 0.136986301369863
173 0.0
174 0.0958904109589041
175 0.1232876712328767
176 0.0547945205479452
177 0.136986301369863
178 0.0547945205479452
179 0.0958904109589041
18 0.684931506849315
180 0.0958904109589041
181 0.0821917808219178
182 0.0958904109589041
183 0.0547945205479452
184 0.1506849315068493
185 0.0821917808219178
186 0.0547945205479452
187 0.0684931506849315
188 0.0821917808219178
189 0.0821917808219178
19 0.3698630136986301
190 0.0958904109589041
191 0.1095890410958904
192 0.0136986301369863
193 0.0547945205479452
194 0.0958904109589041
195 0.1095890410958904
196 0.0410958904109589
197 0.1095890410958904
198 0.0684931506849315
199 0.0958904109589041
2 0.1232876712328767
20 0.4794520547945205
200 0.0821917808219178
201 0.0410958904109589
202 0.0547945205479452
203 0.0547945205479452
204 0.136986301369863
205 0.136986301369863
206 0.0410958904109589
207 0.0821917808219178
208 0.1506849315068493
209 0.0273972602739726
21 0.4246575342465753
210 0.0958904109589041
211 0.0821917808219178
212 0.136986301369863
213 0.0684931506849315
214 0.1232876712328767
215 0.0684931506849315
216 0.1232876712328767
217 0.0273972602739726
218 0.0821917808219178
219 0.0547945205479452
22 0.9726027397260274
220 0.1095890410958904
221 0.136986301369863
222 0.0958904109589041
223 0.0958904109589041
224 0.0821917808219178
225 0.0273972602739726
226 0.1917808219178082
227 0.0136986301369863
228 0.1095890410958904
229 0.1643835616438356
23 0.2602739726027397
230 0.0684931506849315
231 0.0547945205479452
232 0.0821917808219178
233 0.0684931506849315
234 0.0136986301369863
235 0.1506849315068493
236 0.136986301369863
237 0.0684931506849315
238 0.0821917808219178
239 0.1780821917808219
24 0.3013698630136986
240 0.0547945205479452
241 0.0684931506849315
242 0.0136986301369863
243 0.0684931506849315
244 0.1095890410958904
245 0.0821917808219178
246 0.136986301369863
247 0.0547945205479452
248 0.0684931506849315
249 0.0958904109589041
25 0.0684931506849315
250 0.0410958904109589
251 0.0547945205479452
252 0.0547945205479452
253 0.0
254 0.0821917808219178
255 0.0273972602739726
256 0.0821917808219178
257 0.0821917808219178
258 0.0821917808219178
259 0.0410958904109589
26 0.1643835616438356
260 0.0684931506849315
261 0.1232876712328767
262 0.0684931506849315
263 0.0684931506849315
264 0.0821917808219178
265 0.0547945205479452
266 0.0684931506849315
267 0.0684931506849315
268 0.0547945205479452
269 0.0547945205479452
27 0.1643835616438356
270 0.0410958904109589
271 0.0547945205479452
272 0.0684931506849315
273 0.0684931506849315
274 0.0410958904109589
275 0.0684931506849315
276 0.0410958904109589
277 0.0821917808219178
278 0.0410958904109589
279 0.1095890410958904
28 0.1095890410958904
280 0.0684931506849315
281 0.0273972602739726
282 0.0684931506849315
283 0.0684931506849315
284 0.0684931506849315
285 0.136986301369863
286 0.0958904109589041
287 0.1095890410958904
288 0.1643835616438356
289 0.0821917808219178
29 0.4657534246575342
290 0.136986301369863
291 0.0410958904109589
292 0.136986301369863
293 0.0684931506849315
294 0.0547945205479452
295 0.0684931506849315
296 0.0684931506849315
297 0.0821917808219178
298 0.1095890410958904
299 0.1506849315068493
3 0.0136986301369863
30 0.0547945205479452
300 0.0958904109589041
301 0.0958904109589041
302 0.0821917808219178
303 0.0821917808219178
304 0.1095890410958904
305 0.0410958904109589
306 0.1095890410958904
307 0.0821917808219178
308 0.0684931506849315
309 0.0684931506849315
31 0.1780821917808219
310 0.0821917808219178
311 0.0547945205479452
312 0.0684931506849315
313 0.0821917808219178
314 0.0821917808219178
315 0.0273972602739726
316 0.1095890410958904
317 0.0273972602739726
318 0.0547945205479452
319 0.0821917808219178
32 0.2465753424657534
320 0.0410958904109589
321 0.0684931506849315
322 0.0958904109589041
323 0.0958904109589041
324 0.0273972602739726
325 0.0410958904109589
326 0.0410958904109589
327 0.0684931506849315
328 0.0547945205479452
329 0.0136986301369863
33 0.3424657534246575
330 0.0684931506849315
331 0.0273972602739726
332 0.1232876712328767
333 0.0410958904109589
334 0.0547945205479452
335 0.0684931506849315
336 0.0821917808219178
337 0.0410958904109589
338 0.0684931506849315
339 0.0547945205479452
34 0.0821917808219178
340 0.0410958904109589
341 0.0958904109589041
342 0.1095890410958904
343 0.0821917808219178
344 0.0410958904109589
345 0.0547945205479452
346 0.0684931506849315
347 0.0821917808219178
348 0.0821917808219178
349 0.0684931506849315
35 0.1917808219178082
350 0.0684931506849315
351 0.0684931506849315
352 0.1095890410958904
353 0.0
354 0.0684931506849315
355 0.0821917808219178
356 0.0684931506849315
357 0.0410958904109589
358 0.0821917808219178
359 0.0684931506849315
36 0.1917808219178082
360 0.1095890410958904
361 0.0684931506849315
362 0.0684931506849315
363 0.0684931506849315
364 0.0684931506849315
365 0.0821917808219178
366 0.0821917808219178
367 0.0410958904109589
368 0.0547945205479452
369 0.1232876712328767
37 0.1643835616438356
370 0.0547945205479452
371 0.0547945205479452
372 0.0410958904109589
373 0.0273972602739726
374 0.0821917808219178
375 0.0547945205479452
376 0.0684931506849315
377 0.0410958904109589
378 0.0684931506849315
379 0.0684931506849315
38 0.2054794520547945
380 0.0684931506849315
381 0.0684931506849315
382 0.0410958904109589
383 0.0684931506849315
384 0.0684931506849315
385 0.0684931506849315
386 0.0958904109589041
387 0.0684931506849315
388 0.0684931506849315
389 0.0547945205479452
39 0.1095890410958904
390 0.0958904109589041
391 0.0410958904109589
392 0.0273972602739726
393 0.0136986301369863
394 0.0547945205479452
395 0.0273972602739726
396 0.0684931506849315
397 0.0410958904109589
398 0.0821917808219178
399 0.0821917808219178
4 0.3287671232876712
40 0.1643835616438356
400 0.0821917808219178
401 0.0547945205479452
402 0.0684931506849315
403 0.0410958904109589
404 0.0821917808219178
405 0.0684931506849315
406 0.0547945205479452
407 0.0410958904109589
408 0.0273972602739726
409 0.0410958904109589
41 0.0273972602739726
410 0.0547945205479452
411 0.0410958904109589
412 0.0
413 0.0547945205479452
414 0.0547945205479452
415 0.0547945205479452
416 0.0136986301369863
417 0.0410958904109589
418 0.0684931506849315
419 0.0273972602739726
42 0.0958904109589041
420 0.0273972602739726
421 0.0958904109589041
422 0.1095890410958904
423 0.0684931506849315
424 0.0410958904109589
425 0.0273972602739726
426 0.0684931506849315
427 0.0410958904109589
428 0.0273972602739726
429 0.0547945205479452
43 0.410958904109589
430 0.0273972602739726
431 0.0684931506849315
432 0.0821917808219178
433 0.0547945205479452
434 0.0684931506849315
435 0.0547945205479452
436 0.0684931506849315
437 0.0547945205479452
438 0.0821917808219178
439 0.0410958904109589
44 0.1095890410958904
440 0.0547945205479452
441 0.0410958904109589
442 0.0547945205479452
443 0.0547945205479452
444 0.0410958904109589
445 0.0684931506849315
446 0.0547945205479452
447 0.0684931506849315
448 0.0410958904109589
449 0.0684931506849315
45 0.0547945205479452
450 0.0684931506849315
451 0.0821917808219178
452 0.0410958904109589
453 0.0136986301369863
454 0.0547945205479452
455 0.0410958904109589
456 0.0547945205479452
457 0.0273972602739726
458 0.0684931506849315
459 0.0547945205479452
46 0.1780821917808219
460 0.0821917808219178
461 0.0684931506849315
462 0.0410958904109589
463 0.0410958904109589
464 0.0410958904109589
465 0.0410958904109589
466 0.0547945205479452
467 0.0547945205479452
468 0.0547945205479452
469 0.0684931506849315
47 0.2191780821917808
470 0.0821917808219178
471 0.0273972602739726
472 0.0547945205479452
473 0.0273972602739726
474 0.0547945205479452
475 0.0684931506849315
476 0.0547945205479452
477 0.0547945205479452
478 0.0547945205479452
479 0.0136986301369863
48 0.0958904109589041
480 0.0273972602739726
481 0.0410958904109589
482 0.0273972602739726
483 0.0410958904109589
484 0.0547945205479452
485 0.0547945205479452
486 0.0547945205479452
487 0.0547945205479452
488 0.0410958904109589
489 0.0410958904109589
49 0.3150684931506849
490 0.0410958904109589
491 0.0410958904109589
492 0.0684931506849315
493 0.0136986301369863
494 0.0410958904109589
495 0.0684931506849315
496 0.0547945205479452
497 0.0410958904109589
498 0.0410958904109589
499 0.0684931506849315
5 0.547945205479452
50 0.2876712328767123
51 0.3287671232876712
52 0.2328767123287671
53 0.2465753424657534
54 0.2328767123287671
55 0.0821917808219178
56 0.0684931506849315
57 0.1917808219178082
58 0.0547945205479452
59 0.1232876712328767
6 0.0684931506849315
60 0.0958904109589041
61 0.2328767123287671
62 0.2328767123287671
63 0.2054794520547945
64 0.0684931506849315
65 0.1643835616438356
66 0.1780821917808219
67 0.1643835616438356
68 0.1506849315068493
69 0.0958904109589041
7 0.3424657534246575
70 0.0410958904109589
71 0.0273972602739726
72 0.1232876712328767
73 0.2876712328767123
74 0.1095890410958904
75 0.1506849315068493
76 0.0821917808219178
77 0.2054794520547945
78 0.1095890410958904
79 0.0958904109589041
8 0.0547945205479452
80 0.0547945205479452
81 0.0958904109589041
82 0.0547945205479452
83 0.136986301369863
84 0.1232876712328767
85 0.0136986301369863
86 0.1232876712328767
87 0.136986301369863
88 0.0410958904109589
89 0.0684931506849315
9 0.2328767123287671
90 0.0684931506849315
91 0.1780821917808219
92 0.1232876712328767
93 0.1917808219178082
94 0.0684931506849315
95 0.0958904109589041
96 0.0958904109589041
97 0.1232876712328767
98 0.0136986301369863
99 0.0547945205479452