0 1.0
1 0.20689655172413793
10 0.034482758620689655
100 0.05747126436781609
101 0.05747126436781609
102 0.2988505747126437
103 0.04597701149425287
104 0.04597701149425287
105 0.034482758620689655
106 0.04597701149425287
107 0.10344827586206896
108 0.04597701149425287
109 0.08045977011494253
11 0.42528735632183906
110 0.08045977011494253
111 0.13793103448275862
112 0.11494252873563218
113 0.08045977011494253
114 0.11494252873563218
115 0.08045977011494253
116 0.10344827586206896
117 0.034482758620689655
118 0.0
119 0.08045977011494253
12 0.27586206896551724
120 0.06896551724137931
121 0.10344827586206896
122 0.034482758620689655
123 0.12643678160919541
124 0.11494252873563218
125 0.04597701149425287
126 0.10344827586206896
127 0.04597701149425287
128 0.06896551724137931
129 0.034482758620689655
13 0.05747126436781609
130 0.16091954022988506
131 0.05747126436781609
132 0.11494252873563218
133 0.08045977011494253
134 0.08045977011494253
135 0.12643678160919541
136 0.05747126436781609
137 0.08045977011494253
138 0.04597701149425287
139 0.09195402298850575
14 0.04597701149425287
140 0.1839080459770115
141 0.06896551724137931
142 0.08045977011494253
143 0.05747126436781609
144 0.08045977011494253
145 0.06896551724137931
146 0.05747126436781609
147 0.09195402298850575
148 0.06896551724137931
149 0.05747126436781609
15 0.12643678160919541
150 0.09195402298850575
151 0.09195402298850575
152 0.08045977011494253
153 0.09195402298850575
154 0.05747126436781609
155 0.04597701149425287
156 0.09195402298850575
157 0.06896551724137931
158 0.09195402298850575
159 0.022988505747126436
16 0.08045977011494253
160 0.09195402298850575
161 0.04597701149425287
162 0.14942528735632185
163 0.06896551724137931
164 0.06896551724137931
165 0.09195402298850575
166 0.04597701149425287
167 0.11494252873563218
168 0.12643678160919541
169 0.09195402298850575
17 0.06896551724137931
170 0.13793103448275862
171 0.034482758620689655
172 0.04597701149425287
173 0.13793103448275862
174 0.12643678160919541
175 0.10344827586206896
176 0.11494252873563218
177 0.08045977011494253
178 0.034482758620689655
179 0.04597701149425287
18 0.10344827586206896
180 0.12643678160919541
181 0.05747126436781609
182 0.10344827586206896
183 0.14942528735632185
184 0.08045977011494253
185 0.08045977011494253
186 0.05747126436781609
187 0.06896551724137931
188 0.08045977011494253
189 0.05747126436781609
19 0.4482758620689655
190 0.04597701149425287
191 0.05747126436781609
192 0.04597701149425287
193 0.08045977011494253
194 0.10344827586206896
195 0.05747126436781609
196 0.06896551724137931
197 0.08045977011494253
198 0.10344827586206896
199 0.06896551724137931
2 0.05747126436781609
20 0.5517241379310345
200 0.034482758620689655
201 0.06896551724137931
202 0.09195402298850575
203 0.06896551724137931
204 0.034482758620689655
205 0.05747126436781609
206 0.09195402298850575
207 0.09195402298850575
208 0.04597701149425287
209 0.034482758620689655
21 0.011494252873563218
210 0.04597701149425287
211 0.05747126436781609
212 0.08045977011494253
213 0.09195402298850575
214 0.034482758620689655
215 0.06896551724137931
216 0.04597701149425287
217 0.06896551724137931
218 0.08045977011494253
219 0.10344827586206896
22 0.12643678160919541
220 0.034482758620689655
221 0.034482758620689655
222 0.09195402298850575
223 0.04597701149425287
224 0.04597701149425287
225 0.09195402298850575
226 0.022988505747126436
227 0.05747126436781609
228 0.022988505747126436
229 0.08045977011494253
23 0.25287356321839083
230 0.06896551724137931
231 0.06896551724137931
232 0.04597701149425287
233 0.05747126436781609
234 0.04597701149425287
235 0.06896551724137931
236 0.05747126436781609
237 0.09195402298850575
238 0.034482758620689655
239 0.06896551724137931
24 0.14942528735632185
240 0.06896551724137931
241 0.04597701149425287
242 0.022988505747126436
243 0.08045977011494253
244 0.06896551724137931
245 0.04597701149425287
246 0.06896551724137931
247 0.022988505747126436
248 0.06896551724137931
249 0.06896551724137931
25 0.14942528735632185
250 0.06896551724137931
251 0.11494252873563218
252 0.06896551724137931
253 0.10344827586206896
254 0.06896551724137931
255 0.034482758620689655
256 0.09195402298850575
257 0.06896551724137931
258 0.06896551724137931
259 0.04597701149425287
26 0.19540229885057472
260 0.04597701149425287
261 0.06896551724137931
262 0.05747126436781609
263 0.022988505747126436
264 0.05747126436781609
265 0.09195402298850575
266 0.05747126436781609
267 0.04597701149425287
268 0.09195402298850575
269 0.08045977011494253
27 0.14942528735632185
270 0.034482758620689655
271 0.09195402298850575
272 0.034482758620689655
273 0.05747126436781609
274 0.08045977011494253
275 0.04597701149425287
276 0.034482758620689655
277 0.06896551724137931
278 0.05747126436781609
279 0.06896551724137931
28 0.06896551724137931
280 0.04597701149425287
281 0.05747126436781609
282 0.034482758620689655
283 0.06896551724137931
284 0.04597701149425287
285 0.04597701149425287
286 0.05747126436781609
287 0.11494252873563218
288 0.034482758620689655
289 0.05747126436781609
29 0.04597701149425287
290 0.06896551724137931
291 0.05747126436781609
292 0.04597701149425287
293 0.06896551724137931
294 0.06896551724137931
295 0.09195402298850575
296 0.06896551724137931
297 0.04597701149425287
298 0.04597701149425287
299 0.04597701149425287
3 0.09195402298850575
30 0.011494252873563218
300 0.034482758620689655
301 0.08045977011494253
302 0.06896551724137931
303 0.12643678160919541
304 0.05747126436781609
305 0.06896551724137931
306 0.05747126436781609
307 0.034482758620689655
308 0.06896551724137931
309 0.05747126436781609
31 0.367816091954023
310 0.05747126436781609
311 0.034482758620689655
312 0.04597701149425287
313 0.06896551724137931
314 0.06896551724137931
315 0.04597701149425287
316 0.06896551724137931
317 0.05747126436781609
318 0.04597701149425287
319 0.06896551724137931
32 0.08045977011494253
320 0.05747126436781609
321 0.05747126436781609
322 0.05747126436781609
323 0.034482758620689655
324 0.06896551724137931
325 0.09195402298850575
326 0.04597701149425287
327 0.05747126436781609
328 0.04597701149425287
329 0.011494252873563218
33 0.09195402298850575
330 0.011494252873563218
331 0.06896551724137931
332 0.06896551724137931
333 0.06896551724137931
334 0.022988505747126436
335 0.034482758620689655
336 0.04597701149425287
337 0.05747126436781609
338 0.04597701149425287
339 0.04597701149425287
34 0.08045977011494253
340 0.04597701149425287
341 0.04597701149425287
342 0.04597701149425287
343 0.09195402298850575
344 0.04597701149425287
345 0.06896551724137931
346 0.04597701149425287
347 0.05747126436781609
348 0.022988505747126436
349 0.05747126436781609
35 0.10344827586206896
350 0.05747126436781609
351 0.05747126436781609
352 0.06896551724137931
353 0.08045977011494253
354 0.04597701149425287
355 0.04597701149425287
356 0.034482758620689655
357 0.022988505747126436
358 0.06896551724137931
359 0.08045977011494253
36 0.14942528735632185
360 0.05747126436781609
361 0.05747126436781609
362 0.04597701149425287
363 0.08045977011494253
364 0.05747126436781609
365 0.06896551724137931
366 0.08045977011494253
367 0.05747126436781609
368 0.08045977011494253
369 0.04597701149425287
37 0.14942528735632185
370 0.04597701149425287
371 0.034482758620689655
372 0.022988505747126436
373 0.06896551724137931
374 0.034482758620689655
375 0.05747126436781609
376 0.05747126436781609
377 0.05747126436781609
378 0.05747126436781609
379 0.034482758620689655
38 0.034482758620689655
380 0.034482758620689655
381 0.022988505747126436
382 0.06896551724137931
383 0.05747126436781609
384 0.06896551724137931
385 0.034482758620689655
386 0.05747126436781609
387 0.04597701149425287
388 0.04597701149425287
389 0.04597701149425287
39 0.05747126436781609
390 0.04597701149425287
391 0.06896551724137931
392 0.04597701149425287
393 0.06896551724137931
394 0.05747126436781609
395 0.05747126436781609
396 0.05747126436781609
397 0.06896551724137931
398 0.04597701149425287
399 0.06896551724137931
4 0.08045977011494253
40 0.16091954022988506
41 0.20689655172413793
42 0.04597701149425287
43 0.08045977011494253
44 0.04597701149425287
45 0.05747126436781609
46 0.14942528735632185
47 0.022988505747126436
48 0.04597701149425287
49 0.08045977011494253
5 0.20689655172413793
50 0.09195402298850575
51 0.08045977011494253
52 0.034482758620689655
53 0.04597701149425287
54 0.11494252873563218
55 0.1724137931034483
56 0.09195402298850575
57 0.11494252873563218
58 0.12643678160919541
59 0.25287356321839083
6 0.3448275862068966
60 0.06896551724137931
61 0.034482758620689655
62 0.06896551724137931
63 0.13793103448275862
64 0.12643678160919541
65 0.14942528735632185
66 0.20689655172413793
67 0.06896551724137931
68 0.034482758620689655
69 0.1724137931034483
7 0.10344827586206896
70 0.04597701149425287
71 0.022988505747126436
72 0.06896551724137931
73 0.05747126436781609
74 0.16091954022988506
75 0.1724137931034483
76 0.06896551724137931
77 0.10344827586206896
78 0.25287356321839083
79 0.1839080459770115
8 0.6551724137931034
80 0.1724137931034483
81 0.06896551724137931
82 0.05747126436781609
83 0.05747126436781609
84 0.11494252873563218
85 0.16091954022988506
86 0.05747126436781609
87 0.12643678160919541
88 0.09195402298850575
89 0.16091954022988506
9 0.3103448275862069
90 0.12643678160919541
91 0.1724137931034483
92 0.12643678160919541
93 0.09195402298850575
94 0.10344827586206896
95 0.21839080459770116
96 0.09195402298850575
97 0.034482758620689655
98 0.08045977011494253
99 0.11494252873563218