0 1
0 2
0 3
0 4
0 5
0 6
0 7
0 8
0 9
0 10
0 11
0 12
0 13
0 14
0 15
0 16
0 17
0 18
0 19
0 20
0 21
0 22
0 23
0 24
0 25
0 26
0 27
0 28
0 29
0 30
0 31
0 34
0 35
0 36
0 38
0 39
0 40
0 43
0 46
0 51
0 52
0 53
0 54
0 55
0 56
0 57
0 59
0 62
0 63
0 64
0 65
0 66
0 70
0 71
0 73
0 75
0 79
0 83
0 86
0 88
0 91
0 96
0 97
0 98
0 100
0 101
0 104
0 105
0 107
0 109
0 116
0 120
0 130
0 133
0 134
0 136
0 139
0 142
0 146
0 149
0 157
0 163
0 166
0 173
0 176
0 180
0 191
0 195
0 196
0 197
1 18
1 19
1 20
1 21
1 23
1 27
1 28
1 32
1 34
1 35
1 36
1 38
1 41
1 44
1 55
1 56
1 57
1 59
1 75
1 81
1 86
1 90
1 92
1 96
1 105
1 111
1 114
1 123
1 126
1 129
1 132
1 149
1 151
1 152
1 160
1 170
1 172
1 174
1 190
1 194
1 196
1 198
2 18
2 19
2 20
2 21
2 22
2 23
2 24
2 25
2 27
2 29
2 30
2 31
2 33
2 35
2 37
2 38
2 39
2 40
2 42
2 46
2 47
2 48
2 49
2 50
2 52
2 53
2 54
2 57
2 58
2 63
2 65
2 68
2 69
2 72
2 74
2 81
2 87
2 91
2 93
2 94
2 102
2 105
2 107
2 108
2 117
2 124
2 126
2 128
2 143
2 146
2 163
2 168
2 171
2 175
2 177
2 180
2 182
2 185
2 187
2 188
2 198
3 18
3 19
3 20
3 21
3 24
3 25
3 26
3 27
3 28
3 29
3 30
3 31
3 32
3 33
3 36
3 38
3 45
3 47
3 48
3 57
3 59
3 67
3 69
3 70
3 74
3 80
3 83
3 84
3 85
3 91
3 94
3 96
3 102
3 111
3 112
3 115
3 116
3 122
3 125
3 131
3 136
3 138
3 157
3 167
3 169
3 170
3 180
3 184
3 191
3 194
4 18
4 19
4 20
4 21
4 23
4 24
4 25
4 27
4 32
4 34
4 35
4 36
4 38
4 44
4 46
4 47
4 49
4 50
4 51
4 52
4 54
4 68
4 72
4 73
4 76
4 87
4 90
4 95
4 96
4 98
4 101
4 114
4 117
4 127
4 128
4 132
4 139
4 162
4 165
4 174
4 177
4 184
4 186
5 18
5 19
5 21
5 22
5 23
5 25
5 26
5 28
5 29
5 33
5 35
5 36
5 37
5 39
5 42
5 44
5 50
5 53
5 55
5 57
5 65
5 77
5 78
5 85
5 90
5 96
5 107
5 110
5 111
5 112
5 118
5 119
5 123
5 124
5 126
5 137
5 148
5 172
5 179
5 183
5 196
6 18
6 19
6 20
6 21
6 22
6 23
6 26
6 27
6 28
6 29
6 31
6 34
6 35
6 36
6 46
6 47
6 51
6 58
6 60
6 62
6 64
6 66
6 67
6 73
6 75
6 80
6 82
6 83
6 88
6 92
6 95
6 96
6 121
6 126
6 130
6 134
6 148
6 164
6 165
6 176
6 177
6 181
6 199
7 18
7 19
7 21
7 22
7 23
7 29
7 32
7 33
7 37
7 39
7 41
7 54
7 55
7 56
7 61
7 68
7 70
7 74
7 78
7 89
7 91
7 105
7 109
7 119
7 120
7 135
7 147
7 148
7 154
7 168
7 170
7 174
8 18
8 19
8 20
8 21
8 22
8 24
8 25
8 33
8 34
8 36
8 41
8 42
8 45
8 47
8 50
8 53
8 55
8 56
8 64
8 68
8 74
8 82
8 94
8 98
8 122
8 131
8 143
8 155
8 158
8 159
8 160
8 176
8 184
8 188
9 18
9 20
9 21
9 22
9 23
9 24
9 27
9 28
9 30
9 32
9 33
9 34
9 39
9 41
9 42
9 44
9 49
9 54
9 55
9 56
9 62
9 63
9 65
9 68
9 72
9 77
9 81
9 88
9 95
9 97
9 98
9 101
9 103
9 104
9 106
9 111
9 113
9 114
9 116
9 122
9 123
9 128
9 150
9 164
9 167
9 179
9 194
9 198
10 18
10 19
10 20
10 21
10 22
10 23
10 24
10 26
10 36
10 39
10 40
10 41
10 43
10 46
10 48
10 60
10 63
10 64
10 73
10 81
10 82
10 87
10 93
10 97
10 108
10 111
10 133
10 140
10 153
10 160
10 185
10 197
11 18
11 20
11 22
11 23
11 26
11 28
11 29
11 35
11 51
11 52
11 56
11 65
11 71
11 74
11 77
11 83
11 94
11 98
11 123
11 124
11 130
11 131
11 148
11 156
11 164
11 173
12 19
12 21
12 22
12 24
12 25
12 26
12 28
12 30
12 31
12 32
12 34
12 37
12 44
12 46
12 48
12 49
12 57
12 62
12 75
12 81
12 84
12 86
12 109
12 118
12 158
12 167
12 171
12 178
12 197
13 18
13 19
13 20
13 22
13 23
13 24
13 26
13 27
13 29
13 32
13 35
13 36
13 37
13 40
13 43
13 44
13 46
13 53
13 56
13 58
13 73
13 75
13 76
13 79
13 80
13 86
13 88
13 89
13 109
13 116
13 123
13 140
13 141
13 146
13 166
13 182
13 185
13 187
14 18
14 19
14 20
14 21
14 22
14 23
14 24
14 25
14 37
14 38
14 57
14 70
14 74
14 75
14 78
14 84
14 99
14 142
14 162
15 18
15 19
15 20
15 21
15 22
15 24
15 25
15 26
15 27
15 28
15 29
15 31
15 32
15 36
15 37
15 38
15 41
15 42
15 43
15 45
15 46
15 47
15 49
15 51
15 56
15 60
15 63
15 65
15 66
15 68
15 70
15 81
15 92
15 100
15 101
15 107
15 113
15 116
15 118
15 119
15 120
15 122
15 123
15 125
15 126
15 129
15 130
15 135
15 137
15 139
15 141
15 144
15 145
15 149
15 163
15 167
15 175
15 181
15 184
15 185
15 189
15 190
15 197
16 18
16 19
16 20
16 25
16 26
16 34
16 35
16 38
16 39
16 40
16 41
16 48
16 49
16 50
16 63
16 70
16 72
16 73
16 77
16 78
16 91
16 112
16 115
16 121
16 125
16 127
16 130
16 133
16 138
16 153
16 154
16 155
16 174
16 191
16 195
17 18
17 19
17 20
17 24
17 25
17 26
17 30
17 31
17 32
17 35
17 43
17 55
17 59
17 66
17 74
17 76
17 80
17 81
17 82
17 84
17 98
17 114
17 115
17 122
17 129
17 134
17 145
17 151
17 156
17 159
17 162
17 196
18 19
18 20
18 21
18 22
18 23
18 24
18 25
18 26
18 27
18 28
18 29
18 30
18 32
18 34
18 35
18 36
18 37
18 38
18 40
18 41
18 43
18 44
18 45
18 47
18 48
18 49
18 50
18 60
18 66
18 69
18 72
18 73
18 77
18 78
18 79
18 80
18 87
18 88
18 98
18 99
18 103
18 106
18 110
18 112
18 113
18 121
18 123
18 131
18 132
18 133
18 135
18 136
18 138
18 139
18 142
18 144
18 145
18 150
18 155
18 156
18 163
18 165
18 166
18 172
18 176
18 181
18 182
18 189
18 192
18 196
18 197
18 199
19 20
19 21
19 22
19 23
19 24
19 25
19 27
19 28
19 29
19 30
19 31
19 32
19 33
19 34
19 35
19 36
19 39
19 40
19 41
19 42
19 43
19 44
19 45
19 46
19 50
19 51
19 52
19 53
19 54
19 55
19 56
19 60
19 61
19 62
19 63
19 64
19 66
19 67
19 71
19 75
19 77
19 79
19 80
19 82
19 83
19 84
19 85
19 86
19 87
19 89
19 92
19 96
19 97
19 100
19 101
19 107
19 108
19 111
19 112
19 115
19 117
19 124
19 129
19 132
19 133
19 135
19 137
19 142
19 144
19 146
19 149
19 150
19 158
19 162
19 172
19 177
19 178
19 188
19 195
19 199
20 21
20 22
20 23
20 24
20 25
20 26
20 27
20 28
20 29
20 30
20 31
20 32
20 33
20 34
20 35
20 36
20 40
20 41
20 42
20 44
20 46
20 47
20 51
20 54
20 55
20 57
20 58
20 59
20 62
20 63
20 68
20 69
20 71
20 76
20 77
20 81
20 83
20 85
20 88
20 91
20 94
20 97
20 99
20 100
20 101
20 104
20 105
20 109
20 112
20 114
20 117
20 118
20 119
20 120
20 121
20 122
20 123
20 127
20 130
20 137
20 141
20 143
20 145
20 152
20 156
20 157
20 160
20 163
20 164
20 165
20 167
20 169
20 170
20 171
20 173
20 179
20 181
20 186
20 191
20 195
20 198
21 22
21 23
21 24
21 25
21 26
21 27
21 28
21 30
21 31
21 32
21 33
21 35
21 39
21 40
21 41
21 45
21 49
21 50
21 51
21 53
21 56
21 57
21 60
21 61
21 64
21 67
21 70
21 71
21 78
21 79
21 85
21 100
21 102
21 107
21 117
21 123
21 124
21 126
21 141
21 152
21 153
21 154
21 156
21 183
21 185
21 190
21 192
21 193
22 23
22 24
22 25
22 27
22 28
22 29
22 30
22 31
22 33
22 34
22 39
22 40
22 45
22 47
22 48
22 49
22 50
22 52
22 53
22 58
22 61
22 65
22 66
22 69
22 71
22 72
22 84
22 89
22 90
22 93
22 97
22 103
22 104
22 108
22 112
22 114
22 115
22 116
22 121
22 122
22 126
22 130
22 131
22 140
22 144
22 149
22 153
22 161
22 168
22 175
22 182
23 26
23 27
23 28
23 29
23 30
23 31
23 34
23 35
23 37
23 39
23 40
23 42
23 43
23 45
23 49
23 53
23 57
23 60
23 64
23 67
23 68
23 69
23 75
23 78
23 80
23 87
23 89
23 101
23 104
23 105
23 111
23 112
23 114
23 116
23 117
23 120
23 121
23 125
23 127
23 131
23 137
23 139
23 140
23 145
23 148
23 150
23 154
23 165
23 172
23 174
23 175
23 177
23 183
23 187
23 192
23 199
24 25
24 26
24 27
24 29
24 30
24 31
24 33
24 38
24 39
24 41
24 42
24 43
24 46
24 59
24 62
24 65
24 67
24 70
24 79
24 84
24 86
24 90
24 91
24 93
24 101
24 102
24 103
24 106
24 112
24 114
24 119
24 126
24 165
24 166
24 172
24 175
24 178
24 194
24 196
24 198
25 26
25 28
25 30
25 31
25 32
25 33
25 34
25 37
25 38
25 41
25 43
25 44
25 45
25 46
25 48
25 51
25 55
25 57
25 58
25 59
25 70
25 72
25 75
25 77
25 78
25 80
25 81
25 82
25 87
25 89
25 97
25 100
25 101
25 109
25 113
25 115
25 120
25 122
25 128
25 129
25 147
25 150
25 151
25 152
25 157
25 162
25 171
25 176
25 185
25 192
25 194
25 198
26 27
26 29
26 31
26 33
26 34
26 35
26 36
26 37
26 42
26 43
26 45
26 49
26 58
26 59
26 62
26 65
26 66
26 67
26 68
26 69
26 70
26 72
26 73
26 78
26 79
26 81
26 83
26 85
26 86
26 89
26 92
26 100
26 102
26 106
26 113
26 118
26 119
26 128
26 132
26 134
26 137
26 138
26 139
26 143
26 146
26 151
26 154
26 158
26 169
26 178
26 184
26 194
26 196
27 28
27 29
27 30
27 31
27 33
27 37
27 42
27 44
27 45
27 46
27 51
27 59
27 61
27 68
27 69
27 70
27 75
27 80
27 86
27 92
27 94
27 103
27 108
27 111
27 119
27 123
27 127
27 134
27 137
27 142
27 144
27 149
27 155
27 166
27 174
27 175
27 179
27 180
27 181
27 190
27 191
28 30
28 32
28 36
28 37
28 43
28 48
28 52
28 53
28 54
28 58
28 59
28 61
28 65
28 66
28 67
28 72
28 83
28 87
28 88
28 99
28 105
28 109
28 110
28 111
28 120
28 124
28 125
28 132
28 134
28 135
28 149
28 152
28 159
28 161
28 171
28 177
28 179
28 183
28 186
28 190
29 30
29 37
29 38
29 41
29 42
29 43
29 44
29 46
29 48
29 50
29 51
29 52
29 53
29 54
29 55
29 57
29 58
29 61
29 62
29 64
29 71
29 79
29 82
29 85
29 87
29 89
29 96
29 98
29 102
29 105
29 106
29 118
29 120
29 123
29 127
29 128
29 134
29 141
29 149
29 164
29 168
29 181
29 187
29 188
29 197
30 31
30 32
30 33
30 34
30 37
30 39
30 40
30 41
30 43
30 44
30 45
30 47
30 48
30 49
30 52
30 53
30 54
30 55
30 58
30 60
30 64
30 65
30 69
30 70
30 73
30 76
30 79
30 82
30 83
30 84
30 85
30 87
30 98
30 104
30 107
30 109
30 110
30 117
30 124
30 137
30 141
30 142
30 143
30 147
30 149
30 150
30 151
30 152
30 153
30 182
30 187
30 193
30 194
30 196
30 199
31 32
31 33
31 35
31 38
31 40
31 42
31 45
31 49
31 50
31 52
31 59
31 61
31 62
31 67
31 68
31 71
31 74
31 81
31 87
31 89
31 93
31 94
31 95
31 97
31 99
31 103
31 115
31 129
31 135
31 136
31 139
31 140
31 147
31 148
31 160
31 163
31 165
31 169
31 183
31 187
31 197
32 33
32 34
32 36
32 38
32 40
32 43
32 45
32 47
32 48
32 52
32 53
32 54
32 57
32 58
32 60
32 62
32 64
32 71
32 75
32 78
32 80
32 88
32 89
32 91
32 92
32 93
32 95
32 99
32 100
32 102
32 107
32 115
32 120
32 121
32 127
32 128
32 131
32 133
32 134
32 142
32 143
32 148
32 151
32 152
32 158
32 160
32 173
32 176
32 183
32 190
32 195
32 198
33 38
33 39
33 47
33 48
33 52
33 57
33 61
33 63
33 73
33 74
33 76
33 79
33 88
33 91
33 93
33 102
33 112
33 125
33 126
33 132
33 135
33 138
33 155
33 169
33 173
33 175
34 39
34 43
34 44
34 49
34 50
34 51
34 58
34 78
34 82
34 85
34 86
34 88
34 95
34 99
34 105
34 115
34 123
34 136
34 138
34 139
34 162
34 166
34 178
34 180
34 196
35 36
35 37
35 40
35 42
35 45
35 47
35 48
35 49
35 58
35 59
35 60
35 61
35 62
35 68
35 71
35 75
35 76
35 89
35 101
35 104
35 108
35 119
35 127
35 133
35 141
35 149
35 154
35 159
35 165
35 168
35 170
35 171
35 185
35 193
35 198
36 37
36 38
36 44
36 45
36 47
36 60
36 61
36 65
36 66
36 72
36 76
36 81
36 84
36 85
36 90
36 94
36 98
36 101
36 102
36 106
36 127
36 129
36 133
36 135
36 159
36 160
36 161
36 166
36 169
36 171
36 174
36 183
36 184
36 185
36 198
37 38
37 39
37 41
37 44
37 47
37 51
37 55
37 56
37 59
37 63
37 64
37 65
37 70
37 76
37 80
37 96
37 101
37 104
37 107
37 110
37 120
37 126
37 130
37 131
37 136
37 157
37 169
37 176
37 178
37 192
37 194
37 195
38 39
38 40
38 45
38 46
38 47
38 49
38 50
38 51
38 52
38 55
38 57
38 60
38 64
38 71
38 72
38 76
38 79
38 80
38 85
38 88
38 90
38 102
38 109
38 119
38 125
38 147
38 150
38 155
38 158
38 160
38 163
39 40
39 41
39 42
39 52
39 53
39 54
39 56
39 58
39 66
39 67
39 69
39 72
39 74
39 77
39 82
39 87
39 90
39 101
39 104
39 106
39 127
39 129
39 141
39 147
39 149
39 159
39 162
39 182
39 184
39 187
39 191
40 42
40 48
40 50
40 62
40 63
40 67
40 72
40 87
40 96
40 101
40 110
40 112
40 128
40 156
40 159
40 171
40 176
40 182
40 194
41 42
41 43
41 46
41 47
41 51
41 56
41 61
41 63
41 67
41 68
41 69
41 73
41 76
41 78
41 79
41 82
41 92
41 98
41 100
41 103
41 108
41 115
41 116
41 118
41 119
41 120
41 121
41 129
41 132
41 139
41 140
41 144
41 151
41 154
41 157
41 168
41 173
41 178
41 192
41 198
42 48
42 49
42 50
42 51
42 59
42 62
42 63
42 64
42 74
42 75
42 76
42 81
42 83
42 89
42 91
42 94
42 104
42 106
42 109
42 112
42 113
42 122
42 125
42 126
42 142
42 148
42 160
42 174
42 175
42 186
42 187
42 188
42 189
42 191
43 44
43 53
43 54
43 56
43 60
43 65
43 66
43 69
43 74
43 76
43 77
43 83
43 85
43 86
43 95
43 96
43 101
43 102
43 105
43 113
43 120
43 126
43 128
43 135
43 137
43 151
43 153
43 154
43 155
43 158
43 163
43 174
43 179
43 180
43 193
44 48
44 52
44 59
44 63
44 65
44 67
44 69
44 77
44 80
44 84
44 90
44 95
44 106
44 109
44 111
44 115
44 117
44 125
44 128
44 133
44 143
44 145
44 153
44 157
44 159
44 165
44 174
45 46
45 50
45 54
45 56
45 57
45 58
45 61
45 66
45 68
45 73
45 74
45 80
45 91
45 92
45 100
45 102
45 103
45 109
45 110
45 113
45 115
45 118
45 121
45 124
45 125
45 132
45 139
45 148
45 168
45 171
45 184
45 185
46 61
46 62
46 71
46 75
46 77
46 79
46 86
46 98
46 111
46 113
46 132
46 141
46 147
46 159
46 160
46 161
46 169
46 173
46 175
46 190
47 50
47 53
47 54
47 55
47 61
47 63
47 64
47 67
47 75
47 78
47 80
47 85
47 87
47 89
47 90
47 102
47 105
47 109
47 124
47 126
47 133
47 146
47 154
47 168
47 171
47 182
47 193
47 199
48 52
48 53
48 54
48 57
48 60
48 62
48 66
48 71
48 72
48 73
48 84
48 89
48 93
48 97
48 108
48 109
48 112
48 122
48 135
48 142
48 143
48 152
48 156
48 158
48 166
48 167
48 171
48 173
48 177
48 179
48 188
48 191
48 197
48 199
49 51
49 59
49 60
49 63
49 66
49 69
49 76
49 77
49 82
49 90
49 91
49 94
49 99
49 108
49 112
49 119
49 122
49 128
49 137
49 138
49 141
49 142
49 150
49 154
49 163
49 164
49 170
49 180
49 198
50 55
50 64
50 69
50 92
50 100
50 110
50 117
50 119
50 126
50 137
50 138
50 140
50 150
50 152
50 158
50 167
50 169
50 174
51 52
51 54
51 56
51 58
51 60
51 70
51 71
51 73
51 75
51 81
51 86
51 96
51 113
51 116
51 118
51 128
51 137
51 138
51 143
51 152
51 154
51 170
51 183
51 193
51 194
52 56
52 63
52 67
52 70
52 72
52 77
52 78
52 97
52 111
52 122
52 134
52 144
52 153
52 196
53 58
53 59
53 61
53 68
53 69
53 71
53 78
53 90
53 94
53 98
53 103
53 106
53 107
53 111
53 112
53 115
53 120
53 131
53 134
53 140
53 144
53 146
53 153
53 154
53 163
53 168
53 172
53 185
53 193
54 55
54 61
54 65
54 72
54 76
54 79
54 83
54 89
54 92
54 117
54 120
54 121
54 124
54 128
54 147
54 148
54 149
54 155
54 166
54 169
54 190
54 199
55 60
55 62
55 64
55 81
55 93
55 99
55 103
55 104
55 105
55 106
55 109
55 118
55 135
55 142
55 150
55 157
55 160
55 164
55 171
55 188
55 192
56 71
56 84
56 91
56 100
56 104
56 123
56 145
56 148
56 151
56 160
56 163
56 170
56 172
56 174
56 176
56 184
57 64
57 67
57 68
57 71
57 85
57 91
57 95
57 116
57 117
57 122
57 126
57 136
57 139
57 142
57 153
57 164
57 170
57 181
57 192
58 74
58 88
58 90
58 94
58 97
58 103
58 104
58 112
58 114
58 118
58 127
58 130
58 139
58 147
58 152
58 156
58 157
58 158
58 173
58 181
58 182
58 185
58 191
58 194
59 66
59 75
59 90
59 95
59 99
59 100
59 113
59 124
59 127
59 135
59 136
59 141
59 162
59 169
59 189
59 197
60 79
60 93
60 96
60 108
60 112
60 116
60 117
60 120
60 130
60 134
60 160
60 161
60 165
60 168
60 186
60 190
61 65
61 88
61 89
61 92
61 108
61 110
61 114
61 125
61 131
61 133
61 137
61 152
61 155
61 156
61 170
61 176
61 179
61 180
62 66
62 67
62 73
62 82
62 88
62 99
62 105
62 109
62 140
62 142
62 147
62 168
62 180
62 186
62 194
63 86
63 110
63 161
64 68
64 73
64 74
64 82
64 91
64 93
64 94
64 95
64 99
64 104
64 111
64 114
64 116
64 122
64 123
64 125
64 133
64 139
64 148
64 155
64 165
64 167
64 179
64 186
64 187
65 78
65 92
65 104
65 107
65 114
65 124
65 130
65 133
65 150
65 186
65 198
66 70
66 73
66 76
66 77
66 85
66 88
66 97
66 107
66 124
66 136
66 143
66 155
66 172
66 173
66 177
66 188
66 199
67 69
67 77
67 80
67 83
67 87
67 100
67 101
67 106
67 114
67 118
67 120
67 128
67 131
67 136
67 147
67 149
67 153
67 155
67 158
67 174
67 179
67 183
67 190
68 72
68 74
68 79
68 83
68 93
68 94
68 96
68 97
68 107
68 110
68 114
68 115
68 138
68 142
68 150
68 152
68 159
68 161
68 164
68 188
69 70
69 82
69 83
69 86
69 95
69 97
69 101
69 113
69 118
69 131
69 132
69 137
69 141
69 144
69 145
69 168
69 171
69 172
69 178
69 190
69 199
70 80
70 84
70 86
70 93
70 103
70 110
70 113
70 116
70 121
70 122
70 124
70 131
70 144
70 145
70 156
70 159
70 161
70 188
70 191
71 77
71 78
71 79
71 81
71 88
71 92
71 93
71 98
71 102
71 111
71 125
71 130
71 131
71 176
71 198
72 74
72 98
72 128
72 147
72 157
72 161
72 163
72 177
73 76
73 84
73 97
73 104
73 105
73 121
73 127
73 138
73 157
73 162
73 167
73 185
73 197
74 82
74 93
74 94
74 95
74 99
74 105
74 114
74 137
74 145
74 178
74 182
75 96
75 98
75 99
75 108
75 115
75 125
75 159
75 175
75 199
76 85
76 107
76 121
76 133
76 144
76 163
76 190
76 193
76 196
77 82
77 84
77 89
77 90
77 102
77 125
77 127
77 135
77 151
77 169
77 173
77 175
77 181
77 187
77 189
77 190
77 191
77 195
78 84
78 87
78 91
78 93
78 97
78 100
78 106
78 108
78 113
78 122
78 134
78 146
78 147
78 151
78 169
78 170
78 177
78 189
79 81
79 87
79 98
79 111
79 119
79 132
79 141
79 153
79 157
79 160
79 164
79 166
79 177
79 197
80 86
80 90
80 92
80 99
80 100
80 108
80 138
80 148
80 158
80 159
80 165
80 186
80 198
81 83
81 92
81 96
81 107
81 147
81 156
81 189
82 83
82 84
82 85
82 90
82 91
82 100
82 106
82 108
82 116
82 136
82 146
82 147
82 149
82 154
82 175
82 183
83 96
83 109
83 110
83 117
83 124
83 145
83 156
83 175
83 189
83 196
83 199
84 99
84 106
84 108
84 130
84 137
84 141
84 146
84 154
84 172
84 191
84 196
85 86
85 94
85 97
85 99
85 110
85 118
85 126
85 143
85 164
85 180
85 181
85 191
85 199
86 95
86 116
86 123
86 149
86 187
86 193
87 88
87 92
87 94
87 95
87 106
87 129
87 130
87 134
87 136
87 146
87 149
87 153
87 161
87 172
87 180
87 185
87 195
88 105
88 107
88 111
88 113
88 159
88 162
88 163
88 195
89 115
89 128
89 129
89 166
89 169
89 188
89 194
90 93
90 95
90 102
90 103
90 118
90 136
90 138
90 144
90 158
90 178
90 179
90 193
90 195
91 103
91 134
92 117
92 129
92 132
92 136
92 151
92 174
92 177
92 185
92 195
93 95
93 102
93 113
93 115
93 118
93 132
93 161
93 163
93 172
93 173
93 189
94 103
94 117
94 123
94 131
94 138
94 151
94 154
94 177
94 180
94 183
94 197
95 106
95 135
95 137
95 144
95 157
95 159
95 182
95 186
95 196
96 108
96 130
96 133
96 134
96 142
96 182
96 196
97 105
97 114
97 124
97 131
97 143
97 146
97 149
97 157
97 162
97 175
97 185
97 188
97 189
97 192
98 113
98 122
98 139
98 150
98 152
98 157
98 158
98 167
98 195
99 103
99 110
99 133
99 136
99 162
99 164
99 165
99 168
99 176
99 179
100 126
100 176
101 119
101 130
101 135
101 138
101 150
101 155
101 156
101 186
101 193
102 103
102 116
102 135
102 145
102 174
103 104
103 110
103 140
103 151
103 155
103 161
103 181
103 187
104 110
104 117
104 148
104 180
104 190
104 193
105 107
105 134
105 154
105 170
105 178
105 187
106 134
106 162
106 196
107 117
107 119
107 125
107 131
107 139
107 145
107 181
108 129
108 158
108 161
108 162
108 164
108 166
108 167
108 170
108 176
108 177
109 120
109 121
109 127
109 130
109 158
109 177
109 181
109 185
109 199
110 114
110 121
110 145
110 153
110 166
110 190
111 123
111 129
111 132
111 140
111 151
111 178
111 183
111 191
112 119
112 127
112 140
112 144
112 147
112 166
112 184
112 186
112 190
112 199
113 129
113 136
113 139
113 146
113 153
113 170
113 171
113 178
113 185
113 192
114 118
114 124
114 140
114 155
114 161
114 178
114 194
115 116
115 128
115 143
115 173
115 194
116 119
116 129
116 146
116 148
116 164
116 172
116 173
116 175
116 176
116 189
117 121
117 167
117 179
117 187
118 175
118 180
118 184
118 188
119 121
119 125
119 142
119 154
119 160
119 184
119 195
120 150
120 152
120 165
120 166
120 177
121 161
121 164
121 182
122 138
122 157
122 163
123 135
123 140
123 192
124 129
124 136
124 140
124 141
124 144
124 145
124 150
124 155
124 156
124 160
124 176
124 179
124 189
125 127
125 152
125 166
125 174
125 180
125 184
126 143
126 157
126 161
126 195
127 132
127 143
127 147
127 167
128 132
128 133
128 140
128 143
128 146
128 164
128 187
129 150
129 176
129 182
130 162
130 171
130 182
130 187
130 192
130 197
131 141
131 183
131 197
132 138
132 142
132 151
132 170
133 148
133 173
133 187
133 192
133 194
134 139
134 153
134 164
134 169
134 180
134 192
135 146
135 155
135 162
135 173
135 182
135 188
136 140
136 144
136 145
136 152
136 167
136 189
137 143
137 169
137 170
137 195
137 197
138 165
138 172
138 181
139 156
139 179
139 183
140 141
142 144
142 163
142 174
142 181
142 182
142 183
142 196
143 145
143 146
143 151
143 193
144 153
144 159
144 168
144 179
145 148
145 161
146 167
147 167
147 172
147 192
148 160
148 170
148 181
148 189
149 165
150 159
150 178
150 190
151 156
151 169
151 188
153 198
154 156
155 191
156 158
156 177
157 167
157 171
158 191
158 193
160 188
160 189
161 162
161 165
161 171
161 183
162 168
163 175
163 186
164 166
165 199
166 168
166 178
166 183
166 186
166 198
167 168
167 172
167 173
167 179
167 189
168 189
169 186
170 191
170 192
171 178
171 195
172 184
172 197
173 180
173 193
175 184
175 198
176 184
177 181
177 186
178 192
179 197
181 184
181 186
181 193
181 194
181 199
184 188
191 195
192 193