0 1
1 1
10 1
100 0
101 1
102 1
103 1
104 1
105 1
106 0
107 0
108 0
109 0
11 1
110 1
111 0
112 0
113 1
114 1
115 1
116 1
117 0
118 0
119 1
12 1
120 0
121 0
122 1
123 0
124 1
125 0
126 1
127 0
128 0
129 1
13 1
130 1
131 0
132 1
133 0
134 0
135 1
136 1
137 1
138 1
139 1
14 1
140 1
141 1
142 0
143 1
144 1
145 0
146 1
147 1
148 0
149 1
15 1
150 1
151 1
152 0
153 0
154 1
155 1
156 0
157 0
158 0
159 0
16 1
160 0
161 1
162 1
163 1
164 1
165 0
166 1
167 0
168 0
169 0
17 1
170 0
171 1
172 0
173 0
174 1
175 1
176 1
177 1
178 0
179 1
18 1
180 1
181 1
182 1
183 0
184 0
185 1
186 1
187 0
188 0
189 0
19 1
190 0
191 1
192 1
193 0
194 0
195 1
196 0
197 1
198 1
199 0
2 1
20 1
200 0
201 1
202 1
203 0
204 0
205 0
206 1
207 0
208 0
209 1
21 1
210 1
211 0
212 0
213 0
214 0
215 1
216 1
217 0
218 0
219 0
22 1
220 0
221 1
222 0
223 0
224 0
225 1
226 0
227 0
228 0
229 0
23 1
230 1
231 1
232 0
233 0
234 0
235 1
236 1
237 1
238 1
239 0
24 1
240 0
241 0
242 0
243 0
244 1
245 0
246 1
247 0
248 0
249 0
25 1
250 1
251 0
252 1
253 1
254 0
255 1
256 1
257 1
258 1
259 1
26 1
260 0
261 0
262 1
263 0
264 1
265 0
266 1
267 0
268 1
269 1
27 1
270 0
271 1
272 1
273 0
274 0
275 0
276 0
277 0
278 0
279 0
28 1
280 1
281 1
282 0
283 0
284 1
285 1
286 0
287 1
288 1
289 1
29 1
290 0
291 0
292 1
293 1
294 1
295 1
296 1
297 1
298 0
299 0
3 1
30 1
300 1
301 0
302 1
303 0
304 1
305 0
306 0
307 1
308 1
309 0
31 1
310 0
311 0
312 1
313 1
314 0
315 0
316 1
317 1
318 0
319 0
32 1
320 0
321 1
322 0
323 0
324 1
325 0
326 0
327 0
328 1
329 0
33 1
330 1
331 0
332 0
333 0
334 1
335 0
336 0
337 0
338 0
339 0
34 1
340 0
341 0
342 0
343 0
344 0
345 1
346 1
347 1
348 1
349 0
35 1
350 1
351 1
352 0
353 0
354 1
355 1
356 0
357 0
358 0
359 0
36 1
360 0
361 0
362 0
363 0
364 0
365 1
366 0
367 0
368 1
369 1
37 1
370 0
371 0
372 1
373 0
374 1
375 1
376 0
377 1
378 1
379 0
38 1
380 1
381 0
382 0
383 1
384 1
385 0
386 1
387 1
388 1
389 0
39 1
390 0
391 0
392 0
393 0
394 0
395 1
396 0
397 1
398 0
399 0
4 1
40 1
400 1
401 1
402 0
403 0
404 0
405 0
406 1
407 0
408 0
409 0
41 1
410 1
411 0
412 0
413 0
414 1
415 1
416 0
417 0
418 0
419 1
42 1
420 0
421 0
422 1
423 1
424 0
425 0
426 1
427 1
428 1
429 0
43 1
430 1
431 1
432 1
433 1
434 0
435 0
436 1
437 1
438 1
439 1
44 1
440 0
441 1
442 1
443 0
444 1
445 0
446 1
447 1
448 0
449 0
45 0
450 0
451 0
452 0
453 1
454 0
455 0
456 0
457 1
458 1
459 1
46 1
460 1
461 1
462 0
463 0
464 1
465 0
466 0
467 1
468 0
469 0
47 0
470 1
471 0
472 0
473 0
474 1
475 1
476 1
477 0
478 0
479 1
48 1
480 1
481 1
482 1
483 1
484 1
485 1
486 0
487 0
488 1
489 1
49 0
490 0
491 0
492 0
493 1
494 1
495 0
496 0
497 1
498 0
499 0
5 1
50 1
500 0
501 0
502 0
503 1
504 1
505 1
506 1
507 0
508 0
509 1
51 0
510 1
511 0
512 0
513 1
514 0
515 0
516 1
517 1
518 0
519 0
52 0
520 1
521 0
522 0
523 0
524 0
525 0
526 1
527 0
528 1
529 0
53 1
530 0
531 1
532 1
533 1
534 0
535 0
536 0
537 0
538 0
539 1
54 0
540 0
541 1
542 1
543 0
544 0
545 0
546 0
547 0
548 0
549 0
55 1
550 0
551 0
552 1
553 0
554 0
555 0
556 0
557 0
558 0
559 0
56 0
560 0
561 1
562 0
563 0
564 1
565 0
566 1
567 1
568 0
569 0
57 1
570 1
571 1
572 0
573 1
574 1
575 0
576 0
577 0
578 1
579 1
58 1
580 0
581 0
582 1
583 1
584 1
585 1
586 0
587 1
588 1
589 1
59 0
590 0
591 0
592 1
593 1
594 0
595 1
596 1
597 0
598 1
599 0
6 1
60 1
600 0
601 0
602 1
603 1
604 1
605 1
606 1
607 1
608 0
609 1
61 0
610 0
611 1
612 0
613 1
614 0
615 1
616 0
617 1
618 0
619 0
62 0
620 0
621 0
622 1
623 1
624 1
625 0
626 1
627 1
628 0
629 1
63 1
630 1
631 1
632 1
633 0
634 0
635 1
636 0
637 1
638 1
639 0
64 1
640 1
641 0
642 1
643 0
644 1
645 0
646 1
647 0
648 0
649 1
65 1
650 0
651 1
652 0
653 0
654 0
655 1
656 0
657 1
658 1
659 0
66 0
660 1
661 1
662 1
663 0
664 1
665 0
666 0
667 1
668 0
669 0
67 0
670 1
671 0
672 0
673 0
674 1
675 1
676 0
677 1
678 1
679 0
68 1
680 1
681 1
682 0
683 1
684 0
685 1
686 0
687 0
688 1
689 0
69 1
690 1
691 0
692 0
693 0
694 0
695 1
696 1
697 1
698 1
699 0
7 1
70 0
700 0
701 1
702 0
703 0
704 1
705 0
706 0
707 1
708 0
709 0
71 1
710 0
711 1
712 0
713 0
714 0
715 0
716 1
717 0
718 0
719 0
72 1
720 0
721 0
722 0
723 1
724 1
725 0
726 1
727 0
728 0
729 0
73 0
730 1
731 0
732 1
733 0
734 0
735 0
736 1
737 1
738 1
739 1
74 1
740 1
741 1
742 1
743 1
744 1
745 1
746 1
747 1
748 1
749 1
75 1
76 0
77 0
78 0
79 1
8 1
80 0
81 0
82 0
83 0
84 0
85 0
86 1
87 0
88 1
89 0
9 1
90 1
91 0
92 1
93 0
94 1
95 1
96 1
97 0
98 1
99 1