0 400.0 6511.0 32.555 0.1538213145457972 0.3358395989974937 0.03063157842115987 0.6009036144578314 0.17687673288081865 0.009505640995322027
1 400.0 6511.0 32.555 0.1538213145457972 0.12531328320802004 0.004190821392423493 0.5312916111850865 0.07328602438102441 0.003691074314980423
10 400.0 6511.0 32.555 0.1538213145457972 0.19548872180451127 0.00993085566609386 0.5541666666666667 0.10447810097904797 0.005621575944284999
100 400.0 6511.0 32.555 0.1538213145457972 0.08020050125313283 0.0016353942230993475 0.5095785440613027 0.041876348065297976 0.0024547196538594663
101 400.0 6511.0 32.555 0.1538213145457972 0.11027568922305764 0.004260198820497878 0.51953125 0.04945825126948353 0.0033327451033243853
102 400.0 6511.0 32.555 0.1538213145457972 0.07518796992481203 0.0011567421414842723 0.510230179028133 0.04976299037044237 0.0022920804832493517
103 400.0 6511.0 32.555 0.1538213145457972 0.07518796992481203 0.0012815860097362426 0.5115384615384615 0.045649334673622734 0.002299171619618842
104 400.0 6511.0 32.555 0.1538213145457972 0.10526315789473684 0.003690817998546031 0.52088772845953 0.0519078594157059 0.0031855122838410177
105 400.0 6511.0 32.555 0.1538213145457972 0.11528822055137844 0.004099489617700356 0.5263852242744064 0.059100133855278854 0.0034452914927240335
106 400.0 6511.0 32.555 0.1538213145457972 0.08771929824561403 0.0024529291657279855 0.5050632911392405 0.04190338665300949 0.002688702322292752
107 400.0 6511.0 32.555 0.1538213145457972 0.08521303258145363 0.0018080851358230352 0.5082802547770701 0.04414373914594869 0.002588751308696351
108 400.0 6511.0 32.555 0.1538213145457972 0.08020050125313283 0.0019105622060913302 0.5 0.03703294175917527 0.0024735280037453335
109 400.0 6511.0 32.555 0.1538213145457972 0.10025062656641603 0.003001421375364097 0.5188556566970091 0.04757039182710247 0.003026326743784945
11 400.0 6511.0 32.555 0.1538213145457972 0.14536340852130325 0.006132425876497047 0.5370121130551817 0.07384175125114226 0.004260524867462947
110 400.0 6511.0 32.555 0.1538213145457972 0.07017543859649122 0.00103026557761483 0.5050632911392405 0.04462314862283042 0.0021626776748108747
111 400.0 6511.0 32.555 0.1538213145457972 0.07268170426065163 0.001201256770565515 0.5018867924528302 0.03938959012975549 0.0022416644006328437
112 400.0 6511.0 32.555 0.1538213145457972 0.11278195488721804 0.0038603444860908706 0.5243101182654402 0.05560903558678491 0.003373067281784519
113 400.0 6511.0 32.555 0.1538213145457972 0.08020050125313283 0.0016344225770856605 0.5108834827144686 0.04548488085242769 0.002445521731070261
114 400.0 6511.0 32.555 0.1538213145457972 0.06766917293233082 0.0007417373810618664 0.5063451776649747 0.0439612294853214 0.0020754021132950067
115 400.0 6511.0 32.555 0.1538213145457972 0.09273182957393483 0.0025535988469053933 0.5108834827144686 0.04318282003757218 0.0028226865104938837
116 400.0 6511.0 32.555 0.1538213145457972 0.09523809523809523 0.0032120374663329484 0.5115384615384615 0.0427429950256423 0.00291068864193362
117 400.0 6511.0 32.555 0.1538213145457972 0.09273182957393483 0.002415735098735555 0.5168393782383419 0.051356606676693395 0.0028142354517403617
118 400.0 6511.0 32.555 0.1538213145457972 0.07017543859649122 0.0010235334681730057 0.5 0.03825246620394789 0.0021651099008250657
119 400.0 6511.0 32.555 0.1538213145457972 0.08521303258145363 0.002167577955695806 0.5082802547770701 0.03935655936294945 0.0026118541133414433
12 400.0 6511.0 32.555 0.1538213145457972 0.14786967418546365 0.0052215224220580995 0.5391891891891892 0.08276599113883315 0.004294790579177445
120 400.0 6511.0 32.555 0.1538213145457972 0.10526315789473684 0.0038095412240163632 0.51953125 0.04754079862655614 0.0031921954766893947
121 400.0 6511.0 32.555 0.1538213145457972 0.07769423558897243 0.0018560558013843646 0.5082802547770701 0.039828276567036164 0.002401492824787987
122 400.0 6511.0 32.555 0.1538213145457972 0.06766917293233082 0.0010425704489068776 0.4975062344139651 0.04029950322321949 0.002101802621676602
123 400.0 6511.0 32.555 0.1538213145457972 0.13283208020050125 0.006893719332205207 0.528476821192053 0.052162389436363865 0.003989827668506057
124 400.0 6511.0 32.555 0.1538213145457972 0.08270676691729323 0.001959085459889198 0.5050632911392405 0.03656839004108557 0.002544413874005767
125 400.0 6511.0 32.555 0.1538213145457972 0.09523809523809523 0.0029414148621644816 0.512853470437018 0.04413895542355652 0.002901124658739405
126 400.0 6511.0 32.555 0.1538213145457972 0.06015037593984962 0.0006864535961625717 0.4975062344139651 0.0401355166492439 0.0018719244255946809
127 400.0 6511.0 32.555 0.1538213145457972 0.09523809523809523 0.00318260740375302 0.512853470437018 0.04393509626682135 0.0029090683295616
128 400.0 6511.0 32.555 0.1538213145457972 0.09523809523809523 0.003189587092518225 0.5141752577319587 0.045396853377898755 0.0029054623937584435
129 400.0 6511.0 32.555 0.1538213145457972 0.06516290726817042 0.0007962797298262432 0.5018867924528302 0.040734609816219826 0.0020143925500611896
13 400.0 6511.0 32.555 0.1538213145457972 0.21553884711779447 0.012479148480988132 0.5603932584269663 0.11227028226904909 0.006173437830589653
130 400.0 6511.0 32.555 0.1538213145457972 0.08771929824561403 0.0023370250364169636 0.5095785440613027 0.0408835947694535 0.002679908616777749
131 400.0 6511.0 32.555 0.1538213145457972 0.08521303258145363 0.0021314454405854757 0.5018867924528302 0.037256351834477064 0.0026153447383929517
132 400.0 6511.0 32.555 0.1538213145457972 0.07769423558897243 0.0015463895984596358 0.5057034220532319 0.04211504691775673 0.0023843821054906115
133 400.0 6511.0 32.555 0.1538213145457972 0.09774436090225563 0.003212136658660388 0.5135135135135135 0.042395981031986135 0.002972343616500886
134 400.0 6511.0 32.555 0.1538213145457972 0.08020050125313283 0.0020261832912184595 0.5076335877862596 0.042091394174240335 0.0024641269333789636
135 400.0 6511.0 32.555 0.1538213145457972 0.08521303258145363 0.0021839378864130015 0.5121951219512195 0.040527377416721286 0.0026150842816753854
136 400.0 6511.0 32.555 0.1538213145457972 0.08270676691729323 0.0018941642258182526 0.5063451776649747 0.042195109938503984 0.002535670181058942
137 400.0 6511.0 32.555 0.1538213145457972 0.06516290726817042 0.0010513048065094906 0.49503722084367247 0.034410278679872015 0.00203756096181645
138 400.0 6511.0 32.555 0.1538213145457972 0.07017543859649122 0.0011816947384384248 0.5050632911392405 0.037448190919966 0.0021783762841340367
139 400.0 6511.0 32.555 0.1538213145457972 0.09273182957393483 0.0025527506321974857 0.5108834827144686 0.045712026368438075 0.0028210516266817917
14 400.0 6511.0 32.555 0.1538213145457972 0.19047619047619047 0.01041253395534585 0.5511049723756906 0.10153414413099694 0.005501286126491117
140 400.0 6511.0 32.555 0.1538213145457972 0.08020050125313283 0.0016063840513827114 0.510230179028133 0.04336613877084971 0.002455423530260609
141 400.0 6511.0 32.555 0.1538213145457972 0.08521303258145363 0.0020645939071217 0.5089285714285714 0.04287368511781612 0.002604312330703989
142 400.0 6511.0 32.555 0.1538213145457972 0.07268170426065163 0.001337581335928744 0.5012562814070352 0.03907252570885846 0.002243207342728404
143 400.0 6511.0 32.555 0.1538213145457972 0.05263157894736842 0.0004422202365779741 0.49812734082397003 0.035732118946732117 0.0016661782238649424
144 400.0 6511.0 32.555 0.1538213145457972 0.06516290726817042 0.0008120202844729624 0.49875 0.03984107392864643 0.002023751159907442
145 400.0 6511.0 32.555 0.1538213145457972 0.06265664160401002 0.0009121564832394373 0.4925925925925926 0.035134236291642744 0.0019646932353538185
146 400.0 6511.0 32.555 0.1538213145457972 0.06015037593984962 0.0007652058312305095 0.49137931034482757 0.03449776509817161 0.0018902113904853781
147 400.0 6511.0 32.555 0.1538213145457972 0.07518796992481203 0.001560737997899477 0.5050632911392405 0.038177238644699185 0.00232625077745835
148 400.0 6511.0 32.555 0.1538213145457972 0.07268170426065163 0.0016772311836583764 0.4944237918215613 0.03508780618849612 0.0022660345856010886
149 400.0 6511.0 32.555 0.1538213145457972 0.08020050125313283 0.0020487392042226452 0.5076335877862596 0.037422682927992355 0.0024749821685083628
15 400.0 6511.0 32.555 0.1538213145457972 0.05012531328320802 0.00047693558059777683 0.48957055214723927 0.034027469648169 0.001616261350271747
150 400.0 6511.0 32.555 0.1538213145457972 0.08521303258145363 0.002678361057435657 0.5063451776649747 0.03520419582305139 0.002636883522154107
151 400.0 6511.0 32.555 0.1538213145457972 0.08270676691729323 0.0021386991044884604 0.5063451776649747 0.039245431952274125 0.0025453914933885003
152 400.0 6511.0 32.555 0.1538213145457972 0.05764411027568922 0.0005930134199825785 0.49937421777221525 0.03543194707333332 0.0018137818229768904
153 400.0 6511.0 32.555 0.1538213145457972 0.06015037593984962 0.0007775549877881719 0.4956521739130435 0.033532207917420384 0.0018901077976741355
154 400.0 6511.0 32.555 0.1538213145457972 0.07017543859649122 0.0015062631721151584 0.5012562814070352 0.03501909704334779 0.0021943920472436897
155 400.0 6511.0 32.555 0.1538213145457972 0.07017543859649122 0.0013580206111564058 0.49137931034482757 0.03088491388363249 0.0021881582532607296
156 400.0 6511.0 32.555 0.1538213145457972 0.07017543859649122 0.0013527801858814583 0.5012562814070352 0.037796417605466134 0.0021877716927809275
157 400.0 6511.0 32.555 0.1538213145457972 0.06516290726817042 0.0012178607547538762 0.4907749077490775 0.028973687699033024 0.002057779970704224
158 400.0 6511.0 32.555 0.1538213145457972 0.06516290726817042 0.0011072842621365658 0.4944237918215613 0.03266162613603553 0.0020379271519098277
159 400.0 6511.0 32.555 0.1538213145457972 0.09022556390977443 0.0024525295151030047 0.5168393782383419 0.046570410448436454 0.002752187418962342
16 400.0 6511.0 32.555 0.1538213145457972 0.12781954887218044 0.003659469825790439 0.5341365461847389 0.07433402428436912 0.0037380206701673594
160 400.0 6511.0 32.555 0.1538213145457972 0.09022556390977443 0.0026240360061709324 0.5161707632600259 0.04412202168486345 0.002761267303753817
161 400.0 6511.0 32.555 0.1538213145457972 0.06516290726817042 0.0011660427232233486 0.49503722084367247 0.032735640398406395 0.00204545295644149
162 400.0 6511.0 32.555 0.1538213145457972 0.06015037593984962 0.0008209486858680224 0.4877750611246944 0.03318873716444879 0.0018910959321193188
163 400.0 6511.0 32.555 0.1538213145457972 0.06766917293233082 0.0015502611397561579 0.4962686567164179 0.03160794674379047 0.0021308570349153175
164 400.0 6511.0 32.555 0.1538213145457972 0.05764411027568922 0.0007247391995392674 0.48957055214723927 0.03266347498400415 0.0018264842150615035
165 400.0 6511.0 32.555 0.1538213145457972 0.08020050125313283 0.00202700401215701 0.5037878787878788 0.037850930994779326 0.0024807190566540917
166 400.0 6511.0 32.555 0.1538213145457972 0.07518796992481203 0.0015276151282915223 0.504424778761062 0.0399415761193942 0.0023239802406918456
167 400.0 6511.0 32.555 0.1538213145457972 0.05263157894736842 0.0005123437123451408 0.48363636363636364 0.03161315794739789 0.0016774100000691414
168 400.0 6511.0 32.555 0.1538213145457972 0.06766917293233082 0.0012560764375844056 0.4932014833127318 0.033047415098324824 0.0021139461747722594
169 400.0 6511.0 32.555 0.1538213145457972 0.06265664160401002 0.0008444314557549253 0.49812734082397003 0.03487329652619254 0.001958185100052857
17 400.0 6511.0 32.555 0.1538213145457972 0.16040100250626566 0.008767643061383135 0.5421195652173914 0.0752055540137708 0.004719019954414638
170 400.0 6511.0 32.555 0.1538213145457972 0.05263157894736842 0.0006259549072778124 0.4854014598540146 0.027628769860089206 0.0016907508454079771
171 400.0 6511.0 32.555 0.1538213145457972 0.06766917293233082 0.0012461943361880689 0.5 0.037225139053697516 0.002111778102152952
172 400.0 6511.0 32.555 0.1538213145457972 0.06766917293233082 0.0013967071463345325 0.49688667496886674 0.03575097671493439 0.002124229841164607
173 400.0 6511.0 32.555 0.1538213145457972 0.06766917293233082 0.0013419685422337057 0.49503722084367247 0.03272854356628493 0.0021295858225723954
174 400.0 6511.0 32.555 0.1538213145457972 0.05012531328320802 0.0004382990348199588 0.48599269183922045 0.02871762077973312 0.0016117946986197202
175 400.0 6511.0 32.555 0.1538213145457972 0.06516290726817042 0.0009890699528731655 0.49503722084367247 0.03289724410445081 0.00203834806405101
176 400.0 6511.0 32.555 0.1538213145457972 0.07017543859649122 0.0012640912781526135 0.4975062344139651 0.03793746150566009 0.0021802621316875347
177 400.0 6511.0 32.555 0.1538213145457972 0.08521303258145363 0.0026222624567749887 0.5 0.03656853544036765 0.0026404899058422725
178 400.0 6511.0 32.555 0.1538213145457972 0.07268170426065163 0.001812624824586765 0.49503722084367247 0.033408373027105746 0.0022761377191349123
179 400.0 6511.0 32.555 0.1538213145457972 0.06015037593984962 0.0009978954091756887 0.48599269183922045 0.028605135686736803 0.0019108777721409142
18 400.0 6511.0 32.555 0.1538213145457972 0.2857142857142857 0.021834242635312896 0.5833333333333334 0.1485626149487355 0.008111645458040842
180 400.0 6511.0 32.555 0.1538213145457972 0.10275689223057644 0.004109413337078817 0.5148387096774194 0.0416263135354217 0.0031479786134176327
181 400.0 6511.0 32.555 0.1538213145457972 0.07268170426065163 0.0017191499457097424 0.4938118811881188 0.030447869986664607 0.0022824547310114273
182 400.0 6511.0 32.555 0.1538213145457972 0.07017543859649122 0.0012887834057396107 0.5025188916876574 0.036069981408617925 0.002186364205093611
183 400.0 6511.0 32.555 0.1538213145457972 0.05263157894736842 0.0005460093436499144 0.4919852034525277 0.031709647575944175 0.0016798306039213125
184 400.0 6511.0 32.555 0.1538213145457972 0.06015037593984962 0.0009470823381100229 0.4925925925925926 0.029764640475780247 0.0019064565318402348
185 400.0 6511.0 32.555 0.1538213145457972 0.06265664160401002 0.0008924593420140557 0.5 0.03869635451598112 0.0019621481744178933
186 400.0 6511.0 32.555 0.1538213145457972 0.06766917293233082 0.0013992677278902028 0.4938118811881188 0.0329948567916942 0.0021307203620445758
187 400.0 6511.0 32.555 0.1538213145457972 0.06015037593984962 0.0008712532888713138 0.4842233009708738 0.02885214157101057 0.0019115055691647463
188 400.0 6511.0 32.555 0.1538213145457972 0.06516290726817042 0.0010993205114206586 0.4889705882352941 0.032265347184624545 0.0020489206191092414
189 400.0 6511.0 32.555 0.1538213145457972 0.06516290726817042 0.0014141015965584071 0.47613365155131265 0.028120074781569315 0.0020721271217127818
19 400.0 6511.0 32.555 0.1538213145457972 0.2857142857142857 0.01837080761930177 0.5833333333333334 0.1593293587375057 0.008041793473878756
190 400.0 6511.0 32.555 0.1538213145457972 0.06015037593984962 0.0011537655714514883 0.4944237918215613 0.027577665755106156 0.0019225764720396032
191 400.0 6511.0 32.555 0.1538213145457972 0.07017543859649122 0.0018582370600439037 0.49017199017199015 0.02855086762028002 0.0022196375004878174
192 400.0 6511.0 32.555 0.1538213145457972 0.08020050125313283 0.002069591318484951 0.5063451776649747 0.0417129625279726 0.002479662181643849
193 400.0 6511.0 32.555 0.1538213145457972 0.06766917293233082 0.0013461340315704994 0.4919852034525277 0.03210495731999832 0.0021333198437273617
194 400.0 6511.0 32.555 0.1538213145457972 0.06766917293233082 0.0013624290109270178 0.4962686567164179 0.03317185499133031 0.0021227027604477865
195 400.0 6511.0 32.555 0.1538213145457972 0.06516290726817042 0.0011965789536884923 0.4842233009708738 0.02827147898886851 0.0020604218452066124
196 400.0 6511.0 32.555 0.1538213145457972 0.07268170426065163 0.0017746507086633407 0.4956521739130435 0.030717054308679798 0.0022877435189086405
197 400.0 6511.0 32.555 0.1538213145457972 0.06516290726817042 0.0013504678557975523 0.4932014833127318 0.030400037589505352 0.0020660413951101293
198 400.0 6511.0 32.555 0.1538213145457972 0.05513784461152882 0.0005980334561060201 0.4932014833127318 0.03111243851202001 0.001753278968990499
199 400.0 6511.0 32.555 0.1538213145457972 0.06015037593984962 0.001048039200653079 0.4932014833127318 0.03353172459238849 0.0019110065987662198
2 400.0 6511.0 32.555 0.1538213145457972 0.08521303258145363 0.0017196173426106862 0.5155038759689923 0.05174387843472195 0.002579437826078382
20 400.0 6511.0 32.555 0.1538213145457972 0.2807017543859649 0.020428428211163533 0.5816326530612245 0.14839898143222569 0.007962398227229675
200 400.0 6511.0 32.555 0.1538213145457972 0.05012531328320802 0.00046792813476408167 0.48957055214723927 0.03141876080181029 0.0016066429596604814
201 400.0 6511.0 32.555 0.1538213145457972 0.047619047619047616 0.00043773584449102363 0.4848116646415553 0.02563392822920198 0.0015498362158061789
202 400.0 6511.0 32.555 0.1538213145457972 0.07518796992481203 0.0019311902341338826 0.49875 0.03399361876052219 0.002348949021157891
203 400.0 6511.0 32.555 0.1538213145457972 0.05513784461152882 0.0005941077773968958 0.4789915966386555 0.02843950249317565 0.001758445894210857
204 400.0 6511.0 32.555 0.1538213145457972 0.07017543859649122 0.0013877733986280443 0.4962686567164179 0.03451873169266525 0.0021955147377453236
205 400.0 6511.0 32.555 0.1538213145457972 0.07518796992481203 0.001916306000672225 0.4956521739130435 0.03358993812825732 0.00235380902542336
206 400.0 6511.0 32.555 0.1538213145457972 0.06015037593984962 0.0008151678910812836 0.4932014833127318 0.03256708222387178 0.0018977837718574344
207 400.0 6511.0 32.555 0.1538213145457972 0.07017543859649122 0.0016368745948920518 0.48717948717948717 0.029472200382173144 0.002210692808932138
208 400.0 6511.0 32.555 0.1538213145457972 0.05513784461152882 0.0007343916797412157 0.48014440433212996 0.026195450273512565 0.0017663346540483858
209 400.0 6511.0 32.555 0.1538213145457972 0.05513784461152882 0.000703929628390121 0.49503722084367247 0.03186823507199037 0.0017557997496216694
21 400.0 6511.0 32.555 0.1538213145457972 0.2606516290726817 0.018172579524025022 0.5749279538904899 0.13535712304824998 0.007426705649888962
210 400.0 6511.0 32.555 0.1538213145457972 0.06265664160401002 0.001036715847224066 0.4938118811881188 0.03233966342071292 0.001974431237199859
211 400.0 6511.0 32.555 0.1538213145457972 0.05764411027568922 0.000787341018902466 0.49017199017199015 0.03195087493251693 0.0018349545682805222
212 400.0 6511.0 32.555 0.1538213145457972 0.05263157894736842 0.0005780091828272969 0.48363636363636364 0.02960646388451054 0.0016871770127678102
213 400.0 6511.0 32.555 0.1538213145457972 0.06265664160401002 0.000937471277485049 0.49503722084367247 0.03463513746588065 0.001967141117250184
214 400.0 6511.0 32.555 0.1538213145457972 0.05263157894736842 0.0006350204007354659 0.4813027744270205 0.027257454822502317 0.0016970367003868699
215 400.0 6511.0 32.555 0.1538213145457972 0.06265664160401002 0.0011748236439972114 0.48363636363636364 0.028284412422359167 0.001992577202427879
216 400.0 6511.0 32.555 0.1538213145457972 0.06015037593984962 0.0009257956647885882 0.4889705882352941 0.03131769764621223 0.0019059517865482197
217 400.0 6511.0 32.555 0.1538213145457972 0.06015037593984962 0.0010468618213730462 0.4944237918215613 0.02963931623694696 0.0019117802803220896
218 400.0 6511.0 32.555 0.1538213145457972 0.06766917293233082 0.0012806960495221498 0.49875 0.035103534137456434 0.002125334988783269
219 400.0 6511.0 32.555 0.1538213145457972 0.05263157894736842 0.0005607466523805058 0.49137931034482757 0.03032001398252974 0.0016830806732872634
22 400.0 6511.0 32.555 0.1538213145457972 0.2506265664160401 0.016714508278128676 0.5716332378223495 0.1330863865138871 0.0071476588629779654
220 400.0 6511.0 32.555 0.1538213145457972 0.05764411027568922 0.0009412111086541523 0.4848116646415553 0.030126379355931807 0.0018416198408868869
221 400.0 6511.0 32.555 0.1538213145457972 0.06516290726817042 0.0011563634021937886 0.4925925925925926 0.034519343273216006 0.0020471150668569006
222 400.0 6511.0 32.555 0.1538213145457972 0.06265664160401002 0.0011262395896474713 0.49137931034482757 0.033250975629936785 0.001979738566285534
223 400.0 6511.0 32.555 0.1538213145457972 0.05012531328320802 0.0006893978327235773 0.47784431137724553 0.02364948319098754 0.001632254204036229
224 400.0 6511.0 32.555 0.1538213145457972 0.05012531328320802 0.0006855285387734973 0.4830508474576271 0.026557668528300212 0.001625656929589724
225 400.0 6511.0 32.555 0.1538213145457972 0.05513784461152882 0.0006788540325101418 0.4962686567164179 0.0339565133477975 0.0017556579433748185
226 400.0 6511.0 32.555 0.1538213145457972 0.07017543859649122 0.0015734087390158905 0.4889705882352941 0.029782765355974704 0.0022136739819801137
227 400.0 6511.0 32.555 0.1538213145457972 0.05764411027568922 0.0009007626687721769 0.48717948717948717 0.029501968421094447 0.001841526036898322
228 400.0 6511.0 32.555 0.1538213145457972 0.05513784461152882 0.000806508312654206 0.47784431137724553 0.026033547559795332 0.0017742996538322022
229 400.0 6511.0 32.555 0.1538213145457972 0.05263157894736842 0.00048792809891810477 0.48188405797101447 0.0324289574724737 0.0016708319552304956
23 400.0 6511.0 32.555 0.1538213145457972 0.2807017543859649 0.020541073283988846 0.5816326530612245 0.1504428359347609 0.007959581489205982
230 400.0 6511.0 32.555 0.1538213145457972 0.06265664160401002 0.0012966454879919293 0.4925925925925926 0.02980725621685121 0.0019861458538487854
231 400.0 6511.0 32.555 0.1538213145457972 0.05764411027568922 0.0008981643217660132 0.48014440433212996 0.026444659770523474 0.0018456200599365927
232 400.0 6511.0 32.555 0.1538213145457972 0.05513784461152882 0.0008571122171167923 0.48599269183922045 0.0280660501027459 0.001772952464720454
233 400.0 6511.0 32.555 0.1538213145457972 0.05764411027568922 0.0007458795403450925 0.49937421777221525 0.03591309656536415 0.0018197144368258958
234 400.0 6511.0 32.555 0.1538213145457972 0.05513784461152882 0.0009686102982416553 0.4813027744270205 0.028030999451301986 0.0017776562837219978
235 400.0 6511.0 32.555 0.1538213145457972 0.05263157894736842 0.0006904721729880794 0.48014440433212996 0.025280069559260914 0.0016979944013337104
236 400.0 6511.0 32.555 0.1538213145457972 0.05263157894736842 0.0006946750005179451 0.47330960854092524 0.025557420932605518 0.0016991275925995644
237 400.0 6511.0 32.555 0.1538213145457972 0.05012531328320802 0.0005004514159815093 0.4789915966386555 0.02762321367476164 0.0016261355569273403
238 400.0 6511.0 32.555 0.1538213145457972 0.05012531328320802 0.0004972030773878977 0.4789915966386555 0.02871471917139107 0.0016161257711750391
239 400.0 6511.0 32.555 0.1538213145457972 0.05012531328320802 0.0005665660124706044 0.48014440433212996 0.02586675833906348 0.0016243754896178371
24 400.0 6511.0 32.555 0.1538213145457972 0.21553884711779447 0.01310179181304863 0.5603932584269663 0.11332222462667652 0.0061979279170433
240 400.0 6511.0 32.555 0.1538213145457972 0.047619047619047616 0.0005020658289340212 0.4784172661870504 0.026280189985133234 0.00155053391688896
241 400.0 6511.0 32.555 0.1538213145457972 0.06766917293233082 0.0014100605892770003 0.4975062344139651 0.034106976063146006 0.0021324774598260607
242 400.0 6511.0 32.555 0.1538213145457972 0.05263157894736842 0.0006449946553902812 0.4865853658536585 0.02870842273985649 0.001695405669805347
243 400.0 6511.0 32.555 0.1538213145457972 0.05513784461152882 0.0009281400042026837 0.48717948717948717 0.024452792757476628 0.001779070806252621
244 400.0 6511.0 32.555 0.1538213145457972 0.042606516290726815 0.0004275774402816878 0.4634146341463415 0.021672093451628134 0.0014154309640353846
245 400.0 6511.0 32.555 0.1538213145457972 0.05764411027568922 0.0009597755601997277 0.4848116646415553 0.0273896370403384 0.0018447802640269558
246 400.0 6511.0 32.555 0.1538213145457972 0.05263157894736842 0.0007210783482317325 0.48188405797101447 0.026658616812994914 0.0016984054344587971
247 400.0 6511.0 32.555 0.1538213145457972 0.05012531328320802 0.0004757771010727334 0.48246674727932287 0.029521564747137213 0.0016137181134989152
248 400.0 6511.0 32.555 0.1538213145457972 0.06766917293233082 0.0015915717317854941 0.4883720930232558 0.0315482108658629 0.002144003108639958
249 400.0 6511.0 32.555 0.1538213145457972 0.05513784461152882 0.0009597179025821694 0.48599269183922045 0.026724354054974163 0.001781139814486734
25 400.0 6511.0 32.555 0.1538213145457972 0.23057644110275688 0.013417580104116691 0.5651558073654391 0.12778108221107648 0.006571386443776803
250 400.0 6511.0 32.555 0.1538213145457972 0.06015037593984962 0.0012712741123991195 0.48363636363636364 0.02755789323798775 0.0019275728318556586
251 400.0 6511.0 32.555 0.1538213145457972 0.06766917293233082 0.0015452867320172373 0.4883720930232558 0.02785022375229752 0.0021407623818281026
252 400.0 6511.0 32.555 0.1538213145457972 0.05263157894736842 0.0006507828302187806 0.48363636363636364 0.027890787015422722 0.0016918193657025652
253 400.0 6511.0 32.555 0.1538213145457972 0.05263157894736842 0.0007916132314565538 0.49017199017199015 0.031820472356650094 0.0016958935853974301
254 400.0 6511.0 32.555 0.1538213145457972 0.06265664160401002 0.001268607076488915 0.4784172661870504 0.025759801936735806 0.0020033565065435913
255 400.0 6511.0 32.555 0.1538213145457972 0.05513784461152882 0.0009275229629834764 0.48363636363636364 0.02627979510333653 0.001774796556384021
256 400.0 6511.0 32.555 0.1538213145457972 0.047619047619047616 0.00035569044169847514 0.48599269183922045 0.03256103746485777 0.0015343820484470332
257 400.0 6511.0 32.555 0.1538213145457972 0.06516290726817042 0.001275588481087634 0.49017199017199015 0.03330507746697437 0.0020551797922871286
258 400.0 6511.0 32.555 0.1538213145457972 0.05513784461152882 0.0006776762220259075 0.4883720930232558 0.0298092249680069 0.0017633263425931728
259 400.0 6511.0 32.555 0.1538213145457972 0.06516290726817042 0.0010653306112498213 0.5006273525721455 0.03689355615979506 0.002044629341337758
26 400.0 6511.0 32.555 0.1538213145457972 0.2882205513784461 0.024072554247086868 0.5841874084919473 0.14684397317370365 0.008199998880405963
260 400.0 6511.0 32.555 0.1538213145457972 0.05012531328320802 0.0006563445720263497 0.46830985915492956 0.022596743679802946 0.00163483617299877
261 400.0 6511.0 32.555 0.1538213145457972 0.05513784461152882 0.0006833273308478012 0.4854014598540146 0.029165809743204024 0.0017666209984894493
262 400.0 6511.0 32.555 0.1538213145457972 0.045112781954887216 0.00043320238394356487 0.4772727272727273 0.025434604543504227 0.0014862930758355831
263 400.0 6511.0 32.555 0.1538213145457972 0.05764411027568922 0.0011328196935782577 0.49137931034482757 0.02732791460917133 0.0018570677876335899
264 400.0 6511.0 32.555 0.1538213145457972 0.06766917293233082 0.0015313537888669057 0.48717948717948717 0.027457886106820525 0.00214882244649216
265 400.0 6511.0 32.555 0.1538213145457972 0.05263157894736842 0.0006842001421651288 0.4907749077490775 0.03132161020421508 0.0016917788254033753
266 400.0 6511.0 32.555 0.1538213145457972 0.05012531328320802 0.000729101644925143 0.47330960854092524 0.024167064921427377 0.0016359451109227516
267 400.0 6511.0 32.555 0.1538213145457972 0.045112781954887216 0.0006045480671124961 0.4513574660633484 0.017738351846479906 0.0015108575612107595
268 400.0 6511.0 32.555 0.1538213145457972 0.045112781954887216 0.00044226940992997144 0.4795673076923077 0.024891376000143604 0.0014831789512993658
269 400.0 6511.0 32.555 0.1538213145457972 0.05513784461152882 0.0007717812368222588 0.4889705882352941 0.030623899268886798 0.001766874951836729
27 400.0 6511.0 32.555 0.1538213145457972 0.19047619047619047 0.008892575000549055 0.5511049723756906 0.11138969948683553 0.00546057285536706
270 400.0 6511.0 32.555 0.1538213145457972 0.05012531328320802 0.0007071701859498908 0.4716312056737589 0.02349528092308357 0.0016416328886906157
271 400.0 6511.0 32.555 0.1538213145457972 0.05012531328320802 0.0005893365799402704 0.48363636363636364 0.02655066663410295 0.001623133580130881
272 400.0 6511.0 32.555 0.1538213145457972 0.05012531328320802 0.0007403628311050581 0.47613365155131265 0.022110086407628828 0.0016459450735933816
273 400.0 6511.0 32.555 0.1538213145457972 0.05764411027568922 0.001093150398820944 0.4889705882352941 0.028842114239100405 0.0018610211816596667
274 400.0 6511.0 32.555 0.1538213145457972 0.05012531328320802 0.0006400797954608584 0.4854014598540146 0.02974300288396017 0.0016329947376298463
275 400.0 6511.0 32.555 0.1538213145457972 0.047619047619047616 0.0005488574593834582 0.4755661501787843 0.02413606775200487 0.0015562708237131066
276 400.0 6511.0 32.555 0.1538213145457972 0.05764411027568922 0.0007971877455002173 0.4877750611246944 0.03266365106190663 0.0018354279191818178
277 400.0 6511.0 32.555 0.1538213145457972 0.05012531328320802 0.000485451245229623 0.4865853658536585 0.03314775056924301 0.0016134964612108031
278 400.0 6511.0 32.555 0.1538213145457972 0.05012531328320802 0.000708455874969659 0.47330960854092524 0.023260906583831002 0.0016376999675479398
279 400.0 6511.0 32.555 0.1538213145457972 0.047619047619047616 0.0004808991061710236 0.47784431137724553 0.02709102134722767 0.0015539645037687287
28 400.0 6511.0 32.555 0.1538213145457972 0.2531328320802005 0.015685586088957395 0.5724533715925395 0.13578788203766534 0.007184883419916439
280 400.0 6511.0 32.555 0.1538213145457972 0.042606516290726815 0.0003427390902540049 0.4772727272727273 0.026256258897410473 0.001409313061911986
281 400.0 6511.0 32.555 0.1538213145457972 0.05263157894736842 0.0007818433423387605 0.4716312056737589 0.023410028197715795 0.0017065992072667366
282 400.0 6511.0 32.555 0.1538213145457972 0.05263157894736842 0.0006343084989612596 0.4848116646415553 0.03148304521031034 0.0016902076304467367
283 400.0 6511.0 32.555 0.1538213145457972 0.047619047619047616 0.0005143893687796756 0.48014440433212996 0.027321718765962722 0.0015553385135950101
284 400.0 6511.0 32.555 0.1538213145457972 0.045112781954887216 0.0002566237912492636 0.4956521739130435 0.034610429254742794 0.0014508477124000087
285 400.0 6511.0 32.555 0.1538213145457972 0.047619047619047616 0.00044146299271979173 0.4842233009708738 0.027726713236440884 0.001545266545513876
286 400.0 6511.0 32.555 0.1538213145457972 0.045112781954887216 0.0005268117352872433 0.4688601645123384 0.02105336503743495 0.0014908989953028274
287 400.0 6511.0 32.555 0.1538213145457972 0.047619047619047616 0.0004623286873399218 0.4784172661870504 0.026974220773151897 0.0015549597722479655
288 400.0 6511.0 32.555 0.1538213145457972 0.05764411027568922 0.0010577427297787595 0.48014440433212996 0.0244084440605942 0.0018522708701525492
289 400.0 6511.0 32.555 0.1538213145457972 0.07017543859649122 0.0017965448507294582 0.4889705882352941 0.02911714177624676 0.002224773502382415
29 400.0 6511.0 32.555 0.1538213145457972 0.20050125313283207 0.00998941823937609 0.5557103064066853 0.10943474027309798 0.0057385070555006756
290 400.0 6511.0 32.555 0.1538213145457972 0.05513784461152882 0.0009717758395289645 0.4854014598540146 0.02785270033737888 0.0017827994403911266
291 400.0 6511.0 32.555 0.1538213145457972 0.05263157894736842 0.0007414912980418987 0.47443519619500596 0.02475219694192174 0.0017070818993774645
292 400.0 6511.0 32.555 0.1538213145457972 0.05263157894736842 0.0008869000969598953 0.4688601645123384 0.021212998829083483 0.0017225253046922236
293 400.0 6511.0 32.555 0.1538213145457972 0.045112781954887216 0.00045611764469046743 0.4727488151658768 0.021995020547623794 0.00148311584383483
294 400.0 6511.0 32.555 0.1538213145457972 0.045112781954887216 0.00040386111703375697 0.4854014598540146 0.027498869101971406 0.0014727775450827678
295 400.0 6511.0 32.555 0.1538213145457972 0.05012531328320802 0.00044923904004962864 0.4925925925925926 0.03055119340721575 0.0016132926805255744
296 400.0 6511.0 32.555 0.1538213145457972 0.05513784461152882 0.0008624000033761016 0.4688601645123384 0.025099169416663264 0.0017799646907366879
297 400.0 6511.0 32.555 0.1538213145457972 0.047619047619047616 0.0006068068272310818 0.47218934911242605 0.020984863300274628 0.0015665675350209237
298 400.0 6511.0 32.555 0.1538213145457972 0.047619047619047616 0.000461177403995964 0.4883720930232558 0.032671498758472285 0.0015423242839588082
299 400.0 6511.0 32.555 0.1538213145457972 0.047619047619047616 0.0006750323495572292 0.4784172661870504 0.024691089385454987 0.0015688601846751227
3 400.0 6511.0 32.555 0.1538213145457972 0.11027568922305764 0.0029917670695292107 0.528476821192053 0.06669875105084838 0.0032614108458156677
30 400.0 6511.0 32.555 0.1538213145457972 0.23057644110275688 0.016093963840546944 0.5651558073654391 0.11684462847890893 0.0066287281389938914
300 400.0 6511.0 32.555 0.1538213145457972 0.05012531328320802 0.0007918979206642653 0.46449359720605354 0.02051915061504487 0.0016458541365379305
301 400.0 6511.0 32.555 0.1538213145457972 0.047619047619047616 0.0006146484678238466 0.475 0.02347455028906732 0.0015640116796827727
302 400.0 6511.0 32.555 0.1538213145457972 0.05263157894736842 0.0008637414110410609 0.49503722084367247 0.030192965107794484 0.0016964219914721197
303 400.0 6511.0 32.555 0.1538213145457972 0.045112781954887216 0.0004207046944035205 0.4727488151658768 0.023090326420178903 0.001480487559682816
304 400.0 6511.0 32.555 0.1538213145457972 0.05513784461152882 0.0010800944320734731 0.47443519619500596 0.02285437296984702 0.0017959263811779306
305 400.0 6511.0 32.555 0.1538213145457972 0.045112781954887216 0.000484712827259038 0.4705188679245283 0.023603082685706187 0.0014863017406128792
306 400.0 6511.0 32.555 0.1538213145457972 0.047619047619047616 0.0006437603515473692 0.47107438016528924 0.02191863789861267 0.0015666620227308993
307 400.0 6511.0 32.555 0.1538213145457972 0.05012531328320802 0.0006777391769685708 0.47330960854092524 0.02285182620407303 0.001639571324901996
308 400.0 6511.0 32.555 0.1538213145457972 0.05764411027568922 0.0011415163900805934 0.4877750611246944 0.029016016312791725 0.0018618666973761893
309 400.0 6511.0 32.555 0.1538213145457972 0.045112781954887216 0.0004213386784551833 0.4705188679245283 0.023485718779127415 0.0014819874519761145
31 400.0 6511.0 32.555 0.1538213145457972 0.24310776942355888 0.01673230216066536 0.5691868758915835 0.12267774071652209 0.006972015038818346
310 400.0 6511.0 32.555 0.1538213145457972 0.05263157894736842 0.0007518908220343806 0.48014440433212996 0.02776401890586136 0.0017014291604258113
311 400.0 6511.0 32.555 0.1538213145457972 0.047619047619047616 0.0005125184188995458 0.4830508474576271 0.027498153000139698 0.0015491461203820693
312 400.0 6511.0 32.555 0.1538213145457972 0.047619047619047616 0.0006456326483925734 0.47387173396674587 0.02230732122784386 0.0015659164044505216
313 400.0 6511.0 32.555 0.1538213145457972 0.05263157894736842 0.000664818986650034 0.48957055214723927 0.02961590188206265 0.0016952464442702533
314 400.0 6511.0 32.555 0.1538213145457972 0.047619047619047616 0.0006277396779884204 0.46996466431095407 0.019908363286738128 0.001567961845022913
315 400.0 6511.0 32.555 0.1538213145457972 0.05263157894736842 0.0006330112398898511 0.4925925925925926 0.030843607865897894 0.001685639698992869
316 400.0 6511.0 32.555 0.1538213145457972 0.047619047619047616 0.0004593565570893361 0.48014440433212996 0.026958283184533468 0.0015480749419933399
317 400.0 6511.0 32.555 0.1538213145457972 0.045112781954887216 0.00048708382455542597 0.4727488151658768 0.022443044883408227 0.0014879765194439256
318 400.0 6511.0 32.555 0.1538213145457972 0.05012531328320802 0.0007871689862559702 0.48188405797101447 0.025662852909568403 0.0016397779788074993
319 400.0 6511.0 32.555 0.1538213145457972 0.05012531328320802 0.0008751773570546191 0.46503496503496505 0.02067943524945868 0.0016588632441555569
32 400.0 6511.0 32.555 0.1538213145457972 0.21553884711779447 0.01434760268936689 0.5603932584269663 0.10456229560085846 0.006230025849441465
320 400.0 6511.0 32.555 0.1538213145457972 0.045112781954887216 0.000493514504109102 0.46996466431095407 0.023004331591054108 0.001491320121513266
321 400.0 6511.0 32.555 0.1538213145457972 0.05012531328320802 0.0006154592034459621 0.47387173396674587 0.02583731047538873 0.0016318775682198144
322 400.0 6511.0 32.555 0.1538213145457972 0.05513784461152882 0.0010521784909032713 0.47443519619500596 0.023085810339466335 0.0017947364602526098
323 400.0 6511.0 32.555 0.1538213145457972 0.05263157894736842 0.0007851948604850737 0.4772727272727273 0.02562224177021913 0.0017162282635683267
324 400.0 6511.0 32.555 0.1538213145457972 0.05012531328320802 0.0006236363433618468 0.4727488151658768 0.025512519612568615 0.0016328069476494677
325 400.0 6511.0 32.555 0.1538213145457972 0.05012531328320802 0.0009236910144588285 0.4767025089605735 0.023688928434613867 0.0016537228791285025
326 400.0 6511.0 32.555 0.1538213145457972 0.045112781954887216 0.0005848406198581976 0.4618055555555556 0.020919423583356207 0.0015007068254482704
327 400.0 6511.0 32.555 0.1538213145457972 0.047619047619047616 0.0005977025509619425 0.4807228915662651 0.025975463575778714 0.0015606200568048152
328 400.0 6511.0 32.555 0.1538213145457972 0.042606516290726815 0.0003758465224893024 0.46776084407971863 0.02266797530100185 0.0014113353425778612
329 400.0 6511.0 32.555 0.1538213145457972 0.05263157894736842 0.0008051453840800094 0.47443519619500596 0.024632219831097573 0.0017076522770120698
33 400.0 6511.0 32.555 0.1538213145457972 0.24561403508771928 0.01662070345247248 0.57 0.1247969844007404 0.007021866603945325
330 400.0 6511.0 32.555 0.1538213145457972 0.047619047619047616 0.0006013271093125196 0.4807228915662651 0.02385858941452215 0.0015667680465961046
331 400.0 6511.0 32.555 0.1538213145457972 0.05012531328320802 0.0007172637493548045 0.4716312056737589 0.021918544891743108 0.001640002054041945
332 400.0 6511.0 32.555 0.1538213145457972 0.047619047619047616 0.0006270362980368148 0.47330960854092524 0.023794086717045467 0.0015662997451573741
333 400.0 6511.0 32.555 0.1538213145457972 0.05012531328320802 0.0006366667455841675 0.4772727272727273 0.023437427076321907 0.001635064575533591
334 400.0 6511.0 32.555 0.1538213145457972 0.045112781954887216 0.0005002121659188882 0.4672131147540984 0.022876820821665575 0.0014942824355705894
335 400.0 6511.0 32.555 0.1538213145457972 0.05012531328320802 0.00108098674799842 0.4607390300230947 0.017549727435449008 0.00167273018876446
336 400.0 6511.0 32.555 0.1538213145457972 0.047619047619047616 0.0005694218053710124 0.4755661501787843 0.025401988192163754 0.001567147080821586
337 400.0 6511.0 32.555 0.1538213145457972 0.045112781954887216 0.000489133097896612 0.48363636363636364 0.02787827603273277 0.0014853566568406738
338 400.0 6511.0 32.555 0.1538213145457972 0.047619047619047616 0.000703041512482265 0.4634146341463415 0.020967609839659982 0.0015762332004850862
339 400.0 6511.0 32.555 0.1538213145457972 0.045112781954887216 0.0004889892074183733 0.46449359720605354 0.022290478657392494 0.0014953433112778474
34 400.0 6511.0 32.555 0.1538213145457972 0.16040100250626566 0.006596573171135279 0.5428571428571428 0.08771026776878516 0.004651903712022003
340 400.0 6511.0 32.555 0.1538213145457972 0.05012531328320802 0.0007424685475070055 0.475 0.024326561841554673 0.0016399302877510963
341 400.0 6511.0 32.555 0.1538213145457972 0.047619047619047616 0.0006189782377418847 0.47330960854092524 0.022989166787087043 0.001571353451755618
342 400.0 6511.0 32.555 0.1538213145457972 0.05012531328320802 0.0007466650424862558 0.47784431137724553 0.023906255674534423 0.001637874476916421
343 400.0 6511.0 32.555 0.1538213145457972 0.05513784461152882 0.0008392473140360667 0.49137931034482757 0.030486963450863085 0.001775486263904667
344 400.0 6511.0 32.555 0.1538213145457972 0.042606516290726815 0.0004352207720375225 0.4767025089605735 0.025080749999458304 0.0014153604071771592
345 400.0 6511.0 32.555 0.1538213145457972 0.045112781954887216 0.0006544316681758424 0.48014440433212996 0.025118137857628363 0.0015010947713029353
346 400.0 6511.0 32.555 0.1538213145457972 0.047619047619047616 0.0006785654495760775 0.4755661501787843 0.023267626937369317 0.0015677483899931377
347 400.0 6511.0 32.555 0.1538213145457972 0.045112781954887216 0.0005864906381359863 0.46776084407971863 0.01967506093724154 0.0015014538643316998
348 400.0 6511.0 32.555 0.1538213145457972 0.05012531328320802 0.0007927001261112803 0.4705188679245283 0.023644954400085818 0.0016508224434563375
349 400.0 6511.0 32.555 0.1538213145457972 0.045112781954887216 0.000427302981391469 0.4727488151658768 0.022487967589534336 0.0014838451086263298
35 400.0 6511.0 32.555 0.1538213145457972 0.21303258145363407 0.012730338295781475 0.5596072931276297 0.11204621168142441 0.00611081628771573
350 400.0 6511.0 32.555 0.1538213145457972 0.045112781954887216 0.0004034599644411453 0.46449359720605354 0.024230477186426267 0.0014807118998518241
351 400.0 6511.0 32.555 0.1538213145457972 0.042606516290726815 0.0005858515803521225 0.4539249146757679 0.01706802419523881 0.0014452410675149573
352 400.0 6511.0 32.555 0.1538213145457972 0.042606516290726815 0.0003379449507697733 0.48188405797101447 0.027281923344902703 0.001409897038580781
353 400.0 6511.0 32.555 0.1538213145457972 0.045112781954887216 0.0005971908696067613 0.4767025089605735 0.024923312990259516 0.001495631413908365
354 400.0 6511.0 32.555 0.1538213145457972 0.045112781954887216 0.0004372254060186072 0.4688601645123384 0.023160442904924198 0.001486277682502462
355 400.0 6511.0 32.555 0.1538213145457972 0.045112781954887216 0.00046366803579173273 0.4813027744270205 0.027358415287804798 0.0014785755174734519
356 400.0 6511.0 32.555 0.1538213145457972 0.042606516290726815 0.000345027985745295 0.4716312056737589 0.024176725736270277 0.0014157622178176778
357 400.0 6511.0 32.555 0.1538213145457972 0.042606516290726815 0.000287653063406031 0.48188405797101447 0.028644345563440407 0.0014016913293298464
358 400.0 6511.0 32.555 0.1538213145457972 0.05012531328320802 0.000989378194313297 0.462877030162413 0.017699657068603044 0.0016717367163430565
359 400.0 6511.0 32.555 0.1538213145457972 0.042606516290726815 0.0005188464584978183 0.46449359720605354 0.01964713020084087 0.0014351692783339475
36 400.0 6511.0 32.555 0.1538213145457972 0.19799498746867167 0.011715766464516754 0.5549374130737135 0.0969611462715367 0.00573285304654309
360 400.0 6511.0 32.555 0.1538213145457972 0.042606516290726815 0.0004489362085675936 0.48246674727932287 0.02368688635841637 0.001421271360536649
361 400.0 6511.0 32.555 0.1538213145457972 0.042606516290726815 0.0004090096387947786 0.4767025089605735 0.02289848679277491 0.0014162861040563255
362 400.0 6511.0 32.555 0.1538213145457972 0.042606516290726815 0.0003992786315141012 0.4634146341463415 0.022339764735764243 0.0014236887462236473
363 400.0 6511.0 32.555 0.1538213145457972 0.047619047619047616 0.0006858963925207766 0.47613365155131265 0.024002890034100458 0.0015694390592181004
364 400.0 6511.0 32.555 0.1538213145457972 0.045112781954887216 0.0004644269722897982 0.47613365155131265 0.02508721682243133 0.0014855886466065681
365 400.0 6511.0 32.555 0.1538213145457972 0.045112781954887216 0.00033451128988992864 0.4688601645123384 0.025514014287111253 0.001475043026157191
366 400.0 6511.0 32.555 0.1538213145457972 0.047619047619047616 0.0005814493930522411 0.4716312056737589 0.025387547217012803 0.0015652025328012258
367 400.0 6511.0 32.555 0.1538213145457972 0.045112781954887216 0.0005719602231052844 0.4478114478114478 0.016421299594007215 0.0015076091925610143
368 400.0 6511.0 32.555 0.1538213145457972 0.042606516290726815 0.00041651376404293154 0.4755661501787843 0.027217339035641885 0.0014115493892755823
369 400.0 6511.0 32.555 0.1538213145457972 0.045112781954887216 0.0006568789753978497 0.4596774193548387 0.018305001500675624 0.0015078957057252352
37 400.0 6511.0 32.555 0.1538213145457972 0.16290726817042606 0.006137993604931514 0.5435967302452316 0.09368601576738321 0.0046886332538316235
370 400.0 6511.0 32.555 0.1538213145457972 0.047619047619047616 0.0005344214700445519 0.475 0.024847379134362364 0.0015571616482270038
371 400.0 6511.0 32.555 0.1538213145457972 0.045112781954887216 0.0006367169608019272 0.46996466431095407 0.021978675863945293 0.001505921061480071
372 400.0 6511.0 32.555 0.1538213145457972 0.042606516290726815 0.00034254237050185027 0.4607390300230947 0.022332937443968765 0.001410260803470997
373 400.0 6511.0 32.555 0.1538213145457972 0.045112781954887216 0.0005868607125543847 0.4580941446613088 0.018708753015048565 0.0015082164165392254
374 400.0 6511.0 32.555 0.1538213145457972 0.045112781954887216 0.0006018178772200367 0.4767025089605735 0.025567534992170404 0.001498940695275893
375 400.0 6511.0 32.555 0.1538213145457972 0.045112781954887216 0.0005056202274419932 0.47443519619500596 0.02564210234074041 0.0014886145609158204
376 400.0 6511.0 32.555 0.1538213145457972 0.045112781954887216 0.0005084483978250116 0.46776084407971863 0.021731422995181923 0.0014916641589020922
377 400.0 6511.0 32.555 0.1538213145457972 0.042606516290726815 0.0005887519095348229 0.45340909090909093 0.017932344513343655 0.0014365534206945694
378 400.0 6511.0 32.555 0.1538213145457972 0.042606516290726815 0.0003281015233047395 0.4789915966386555 0.026595101176930168 0.0014041473101926434
379 400.0 6511.0 32.555 0.1538213145457972 0.047619047619047616 0.000622482742827694 0.4842233009708738 0.02688448511914794 0.0015571826201033424
38 400.0 6511.0 32.555 0.1538213145457972 0.16541353383458646 0.006956266855448107 0.5450819672131147 0.08592472096067091 0.004796060013035067
380 400.0 6511.0 32.555 0.1538213145457972 0.045112781954887216 0.0005417736793014659 0.46776084407971863 0.02258162183491412 0.0015003043619209746
381 400.0 6511.0 32.555 0.1538213145457972 0.042606516290726815 0.0005577932334791533 0.461271676300578 0.018352946526853767 0.0014442551111080726
382 400.0 6511.0 32.555 0.1538213145457972 0.042606516290726815 0.0003442207825870776 0.4772727272727273 0.02533111727387726 0.001407410981220291
383 400.0 6511.0 32.555 0.1538213145457972 0.042606516290726815 0.0006271731134993763 0.4503386004514673 0.015421781593216381 0.0014487254468070086
384 400.0 6511.0 32.555 0.1538213145457972 0.042606516290726815 0.00045595686546844727 0.46503496503496505 0.022489136985358142 0.0014251277504549553
385 400.0 6511.0 32.555 0.1538213145457972 0.042606516290726815 0.0004921235305661854 0.4523809523809524 0.018867154145198958 0.0014281065614112256
386 400.0 6511.0 32.555 0.1538213145457972 0.042606516290726815 0.0004280250719610204 0.4705188679245283 0.02099662106858966 0.0014192567043307025
387 400.0 6511.0 32.555 0.1538213145457972 0.042606516290726815 0.0005599545693929115 0.4666666666666667 0.018090370604141336 0.001434291465076018
388 400.0 6511.0 32.555 0.1538213145457972 0.045112781954887216 0.000686480924881089 0.4586206896551724 0.018377868125824193 0.0015181588085988358
389 400.0 6511.0 32.555 0.1538213145457972 0.042606516290726815 0.000488554464483829 0.45186862967157415 0.018534368209759153 0.0014398496589495126
39 400.0 6511.0 32.555 0.1538213145457972 0.16290726817042606 0.007122000867329031 0.5435967302452316 0.08847190750514575 0.004729921020829443
390 400.0 6511.0 32.555 0.1538213145457972 0.045112781954887216 0.000574074124443256 0.4727488151658768 0.02296670553445446 0.0014987721426351292
391 400.0 6511.0 32.555 0.1538213145457972 0.045112781954887216 0.0005837141860212445 0.46776084407971863 0.020534808543223274 0.0015073642365402062
392 400.0 6511.0 32.555 0.1538213145457972 0.045112781954887216 0.0006076503261427632 0.4623406720741599 0.01980185078386263 0.0015150270349642977
393 400.0 6511.0 32.555 0.1538213145457972 0.042606516290726815 0.0006185074101271113 0.4513574660633484 0.016718277550375908 0.0014510428998013932
394 400.0 6511.0 32.555 0.1538213145457972 0.042606516290726815 0.0005720964590262911 0.45914844649021863 0.017931687320082223 0.0014375088203903757
395 400.0 6511.0 32.555 0.1538213145457972 0.045112781954887216 0.000507764132269876 0.46776084407971863 0.02415857434006774 0.0014916381328552693
396 400.0 6511.0 32.555 0.1538213145457972 0.042606516290726815 0.00045343064051107815 0.4688601645123384 0.02149137602516841 0.0014137895642119325
397 400.0 6511.0 32.555 0.1538213145457972 0.042606516290726815 0.0005074497809831183 0.4666666666666667 0.02180637388511594 0.0014285503941328657
398 400.0 6511.0 32.555 0.1538213145457972 0.042606516290726815 0.0006732370004897226 0.4539249146757679 0.01789379311562695 0.0014524016048646908
399 400.0 6511.0 32.555 0.1538213145457972 0.042606516290726815 0.0005594264470861482 0.4661214953271028 0.020943446024340093 0.001435993872515594
4 400.0 6511.0 32.555 0.1538213145457972 0.16290726817042606 0.007433186314253375 0.5443383356070941 0.08968544537047425 0.004733938244786771
40 400.0 6511.0 32.555 0.1538213145457972 0.13784461152882205 0.00452637217817124 0.5348525469168901 0.07434166562353378 0.004028611917438724
41 400.0 6511.0 32.555 0.1538213145457972 0.16290726817042606 0.006388602254766905 0.5443383356070941 0.09100784029823214 0.004703197965797086
42 400.0 6511.0 32.555 0.1538213145457972 0.17293233082706766 0.008273287383336636 0.5465753424657535 0.09198477170765458 0.005012559861519778
43 400.0 6511.0 32.555 0.1538213145457972 0.19548872180451127 0.011463029348099195 0.5533980582524272 0.09294709993132824 0.005678102997200596
44 400.0 6511.0 32.555 0.1538213145457972 0.17042606516290726 0.009152015466096172 0.5450819672131147 0.08361193422119563 0.004965334477458093
45 400.0 6511.0 32.555 0.1538213145457972 0.16040100250626566 0.00845504378949558 0.5413839891451832 0.07800598156401174 0.004705905800643413
46 400.0 6511.0 32.555 0.1538213145457972 0.12531328320802004 0.00399891996414877 0.532 0.0705190395245895 0.0036862202807345233
47 400.0 6511.0 32.555 0.1538213145457972 0.11278195488721804 0.0028654747335941535 0.5263852242744064 0.06406267587801916 0.0033293883659456474
48 400.0 6511.0 32.555 0.1538213145457972 0.12280701754385964 0.00391049598348593 0.5327102803738317 0.06684328810157714 0.003617055855820385
49 400.0 6511.0 32.555 0.1538213145457972 0.15538847117794485 0.0063106923279813674 0.540650406504065 0.08389390352384708 0.004522402602507256
5 400.0 6511.0 32.555 0.1538213145457972 0.11027568922305764 0.0029773697622158513 0.5270805812417437 0.06813643778784172 0.0032674216935109934
50 400.0 6511.0 32.555 0.1538213145457972 0.13533834586466165 0.005420710763160349 0.5334224598930482 0.0715136572369134 0.003982915849650085
51 400.0 6511.0 32.555 0.1538213145457972 0.18295739348370926 0.011441706268802568 0.5480769230769231 0.08193797474328796 0.005359263029709542
52 400.0 6511.0 32.555 0.1538213145457972 0.14786967418546365 0.004910423129318236 0.5377358490566038 0.08388693808771198 0.004286644537633959
53 400.0 6511.0 32.555 0.1538213145457972 0.11779448621553884 0.0037648475418356727 0.528476821192053 0.06436889130864194 0.0034971480139227703
54 400.0 6511.0 32.555 0.1538213145457972 0.16040100250626566 0.008131489086603511 0.5428571428571428 0.0746121760461215 0.004701865502092162
55 400.0 6511.0 32.555 0.1538213145457972 0.13032581453634084 0.004860378153887046 0.5334224598930482 0.06848657574912012 0.0038488509784441872
56 400.0 6511.0 32.555 0.1538213145457972 0.15037593984962405 0.007369336648620674 0.5399188092016238 0.07349895774071838 0.004429660295728173
57 400.0 6511.0 32.555 0.1538213145457972 0.11779448621553884 0.003650671460929351 0.525 0.06527424626375954 0.00348809187002079
58 400.0 6511.0 32.555 0.1538213145457972 0.16290726817042606 0.007188572764633663 0.5435967302452316 0.08221780786369534 0.004741122952906057
59 400.0 6511.0 32.555 0.1538213145457972 0.09774436090225563 0.002314420443176555 0.5188556566970091 0.05576672531483022 0.0029281460269521514
6 400.0 6511.0 32.555 0.1538213145457972 0.11528822055137844 0.003717348456507069 0.5277777777777778 0.06336515290549334 0.003426992017406838
60 400.0 6511.0 32.555 0.1538213145457972 0.15037593984962405 0.006249524568439905 0.5399188092016238 0.07626789816642357 0.004391771142771711
61 400.0 6511.0 32.555 0.1538213145457972 0.13032581453634084 0.005608653488972169 0.5298804780876494 0.0656244052414987 0.0038662800261414954
62 400.0 6511.0 32.555 0.1538213145457972 0.11528822055137844 0.004211929211068412 0.5298804780876494 0.06263301573343037 0.003437903942102999
63 400.0 6511.0 32.555 0.1538213145457972 0.16791979949874686 0.009099568423827942 0.5458276333789329 0.0779498863174138 0.004921053263659293
64 400.0 6511.0 32.555 0.1538213145457972 0.13283208020050125 0.0052815963414554285 0.5327102803738317 0.060602634477481356 0.003924383396063774
65 400.0 6511.0 32.555 0.1538213145457972 0.10275689223057644 0.0023170266187607486 0.5243101182654402 0.06053159582756133 0.0030488875404164353
66 400.0 6511.0 32.555 0.1538213145457972 0.12030075187969924 0.0034979008909016827 0.5277777777777778 0.06559146270454207 0.0035440441335453177
67 400.0 6511.0 32.555 0.1538213145457972 0.10025062656641603 0.002435507030128013 0.5181818181818182 0.05607427436837126 0.0029943407219961086
68 400.0 6511.0 32.555 0.1538213145457972 0.08771929824561403 0.0019932697846309854 0.51953125 0.05037864183986844 0.0026545495985127606
69 400.0 6511.0 32.555 0.1538213145457972 0.10776942355889724 0.0030925157672186117 0.5236220472440944 0.05548867412138543 0.0032153514013273507
7 400.0 6511.0 32.555 0.1538213145457972 0.16290726817042606 0.006853194095963566 0.5443383356070941 0.08834357692742996 0.004719504776234734
70 400.0 6511.0 32.555 0.1538213145457972 0.12531328320802004 0.004758280930933045 0.5277777777777778 0.06275113602388978 0.0037193297700763486
71 400.0 6511.0 32.555 0.1538213145457972 0.10776942355889724 0.0027398885934933966 0.5243101182654402 0.05908337451229704 0.0032027473053302395
72 400.0 6511.0 32.555 0.1538213145457972 0.10275689223057644 0.002425950403895033 0.5215686274509804 0.0591002962706362 0.003057165955391097
73 400.0 6511.0 32.555 0.1538213145457972 0.11528822055137844 0.004434910368999533 0.5263852242744064 0.056608351589302636 0.003456202252403707
74 400.0 6511.0 32.555 0.1538213145457972 0.10776942355889724 0.002776481037751308 0.5236220472440944 0.05670766466024 0.0031980960830611084
75 400.0 6511.0 32.555 0.1538213145457972 0.11528822055137844 0.003954270494660397 0.5263852242744064 0.06059250378296017 0.0034328379368358994
76 400.0 6511.0 32.555 0.1538213145457972 0.11528822055137844 0.0038724691772361692 0.525 0.05861641633124481 0.003439632981857643
77 400.0 6511.0 32.555 0.1538213145457972 0.09774436090225563 0.0024688272811103093 0.5181818181818182 0.05334943832433611 0.0029445916170696956
78 400.0 6511.0 32.555 0.1538213145457972 0.09273182957393483 0.002325452131658345 0.5188556566970091 0.05110373382492664 0.0027932679572259165
79 400.0 6511.0 32.555 0.1538213145457972 0.11779448621553884 0.003995063651178164 0.525691699604743 0.057193049511283824 0.003504493644461903
8 400.0 6511.0 32.555 0.1538213145457972 0.14035087719298245 0.0046421109832134105 0.5370121130551817 0.07894661872358587 0.004083786800586309
80 400.0 6511.0 32.555 0.1538213145457972 0.12280701754385964 0.004746139565027922 0.5305851063829787 0.05863633585645557 0.0036503027639701235
81 400.0 6511.0 32.555 0.1538213145457972 0.07769423558897243 0.0013636872144081036 0.5115384615384615 0.04684755385964826 0.0023658450899602533
82 400.0 6511.0 32.555 0.1538213145457972 0.11528822055137844 0.00390525419449642 0.5222513089005235 0.054642562450296236 0.003440288983063592
83 400.0 6511.0 32.555 0.1538213145457972 0.10025062656641603 0.0026290425307433597 0.5202086049543677 0.05301225240339987 0.0030065544309839445
84 400.0 6511.0 32.555 0.1538213145457972 0.07769423558897243 0.0012682880168078349 0.5108834827144686 0.044227116535720215 0.002361784861349692
85 400.0 6511.0 32.555 0.1538213145457972 0.10275689223057644 0.0028147807627320193 0.5236220472440944 0.05351734878700508 0.0030774102682342283
86 400.0 6511.0 32.555 0.1538213145457972 0.11027568922305764 0.0033165620755679056 0.525691699604743 0.057745530898872896 0.003294686468164824
87 400.0 6511.0 32.555 0.1538213145457972 0.11278195488721804 0.0037510121799042015 0.525 0.053207359908743916 0.003373706938121258
88 400.0 6511.0 32.555 0.1538213145457972 0.09774436090225563 0.00239424429972601 0.5222513089005235 0.05853980245479904 0.0029269381318272145
89 400.0 6511.0 32.555 0.1538213145457972 0.09774436090225563 0.0023651886762940293 0.5155038759689923 0.05201308108298317 0.002931357885691556
9 400.0 6511.0 32.555 0.1538213145457972 0.15037593984962405 0.006189211490056357 0.540650406504065 0.08109267970339476 0.0043934433106214196
90 400.0 6511.0 32.555 0.1538213145457972 0.09273182957393483 0.00254971836783131 0.5215686274509804 0.0446515355309814 0.002808470260363246
91 400.0 6511.0 32.555 0.1538213145457972 0.08771929824561403 0.001998230426226829 0.5141752577319587 0.04517825905515497 0.0026592005452922124
92 400.0 6511.0 32.555 0.1538213145457972 0.08771929824561403 0.0018981323976220942 0.5181818181818182 0.05169581213536418 0.002652556601512249
93 400.0 6511.0 32.555 0.1538213145457972 0.10776942355889724 0.0035595312702823754 0.525691699604743 0.05394922673868499 0.0032384759502571757
94 400.0 6511.0 32.555 0.1538213145457972 0.07268170426065163 0.001270372100443373 0.5108834827144686 0.047656435941477185 0.002230511207052659
95 400.0 6511.0 32.555 0.1538213145457972 0.09523809523809523 0.0027216082252963006 0.5202086049543677 0.050155684967593546 0.002880017525051399
96 400.0 6511.0 32.555 0.1538213145457972 0.08020050125313283 0.0014015713292398256 0.504424778761062 0.0439927184193963 0.002443375736992955
97 400.0 6511.0 32.555 0.1538213145457972 0.11779448621553884 0.004683524774830013 0.5229357798165137 0.054417921323130114 0.0035325680726960794
98 400.0 6511.0 32.555 0.1538213145457972 0.11278195488721804 0.0038430094078371877 0.525 0.05277997986230906 0.0033772154381613646
99 400.0 6511.0 32.555 0.1538213145457972 0.07769423558897243 0.001414970962903192 0.5095785440613027 0.04405367715558662 0.0023759326291748492