0 0
1 1
2 1
3 1
4 0
5 0
6 0
7 0
8 1
9 0
10 1
11 1
12 0
13 0
14 0
15 0
16 1
17 0
18 0
19 0
20 0
21 0
22 1
23 1
24 0
25 0
26 1
27 0
28 1
29 0
30 0
31 0
32 0
33 0
34 1
35 1
36 0
37 1
38 1
39 1
40 0
41 0
42 1
43 1
44 0
45 1
46 0
47 1
48 1
49 0
50 1
51 1
52 0
53 0
54 1
55 1
56 0
57 1
58 0
59 0
60 1
61 0
62 0
63 0
64 1
65 1
66 1
67 1
68 1
69 1
70 1
71 0
72 1
73 0
74 1
75 0
76 0
77 1
78 0
79 1
80 1
81 1
82 1
83 1
84 0
85 0
86 1
87 1
88 0
89 0
90 0
91 1
92 0
93 1
94 0
95 0
96 1
97 0
98 1
99 1
100 1
101 1
102 1
103 0
104 0
105 1
106 1
107 0
108 0
109 0
110 0
111 1
112 1
113 0
114 1
115 0
116 0
117 1
118 0
119 0
120 0
121 0
122 0
123 0
124 1
125 0
126 1
127 0
128 0
129 1
130 1
131 1
132 1
133 1
134 1
135 0
136 0
137 0
138 0
139 1
140 0
141 1
142 1
143 0
144 1
145 0
146 1
147 1
148 0
149 1
150 0
151 0
152 0
153 1
154 0
155 1
156 0
157 0
158 1
159 0
160 0
161 1
162 0
163 1
164 1
165 1
166 1
167 1
168 0
169 1
170 1
171 0
172 0
173 0
174 1
175 1
176 1
177 1
178 1
179 1
180 0
181 1
182 1
183 0
184 1
185 1
186 0
187 0
188 1
189 1
190 0
191 0
192 1
193 0
194 0
195 1
196 1
197 1
198 0
199 0
200 1
201 1
202 0
203 1
204 1
205 1
206 0
207 1
208 1
209 0
210 1
211 1
212 0
213 0
214 0
215 1
216 1
217 0
218 1
219 0
220 1
221 0
222 0
223 0
224 1
225 1
226 0
227 0
228 1
229 1
230 1
231 1
232 0
233 0
234 1
235 0
236 1
237 1
238 0
239 0
240 1
241 1
242 0
243 0
244 0
245 1
246 1
247 0
248 1
249 0
250 0
251 1
252 1
253 1
254 1
255 0
256 1
257 1
258 0
259 1
260 0
261 1
262 0
263 0
264 0
265 0
266 1
267 1
268 0
269 1
270 0
271 1
272 0
273 1
274 0
275 1
276 1
277 0
278 0
279 1
280 1
281 0
282 0
283 1
284 1
285 1
286 0
287 0
288 1
289 1
290 0
291 1
292 0
293 0
294 0
295 0
296 1
297 1
298 1
299 0
300 1
301 0
302 0
303 1
304 1
305 1
306 1
307 0
308 1
309 0
310 1
311 1
312 0
313 1
314 1
315 0
316 0
317 1
318 0
319 1
320 1
321 1
322 1
323 0
324 0
325 0
326 1
327 1
328 0
329 0
330 1
331 0
332 0
333 0
334 1
335 1
336 0
337 1
338 0
339 1
340 0
341 1
342 1
343 0
344 0
345 0
346 1
347 0
348 1
349 1
350 1
351 1
352 0
353 0
354 1
355 0
356 0
357 0
358 1
359 1
360 0
361 1
362 1
363 1
364 0
365 1
366 1
367 0
368 1
369 1
370 1
371 0
372 0
373 0
374 0
375 1
376 0
377 0
378 0
379 0
380 1
381 1
382 0
383 1
384 1
385 1
386 0
387 1
388 1
389 0
390 0
391 1
392 1
393 1
394 1
395 1
396 1
397 0
398 1
399 1
400 0
401 0
402 1
403 0
404 0
405 0
406 0
407 0
408 1
409 0
410 0
411 0
412 1
413 1
414 1
415 1
416 1
417 0
418 1
419 0
420 0
421 1
422 0
423 1
424 0
425 1
426 0
427 0
428 1
429 1
430 1
431 1
432 0
433 1
434 0
435 1
436 0
437 1
438 0
439 0
440 0
441 0
442 0
443 1
444 1
445 1
446 0
447 0
448 1
449 0
450 1
451 0
452 1
453 1
454 1
455 1
456 1
457 1
458 1
459 1
460 0
461 1
462 1
463 0
464 0
465 1
466 1
467 0
468 0
469 0
470 1
471 1
472 0
473 1
474 0
475 1
476 0
477 1
478 1
479 1
480 0
481 1
482 1
483 1
484 1
485 0
486 1
487 1
488 0
489 1
490 1
491 1
492 1
493 1
494 1
495 1
496 0
497 1
498 1
499 1
500 1
501 0
502 0
503 0
504 1
505 1
506 1
507 0
508 0
509 0
510 1
511 0
512 0
513 1
514 1
515 1
516 0
517 0
518 1
519 1
520 0
521 1
522 1
523 0
524 1
525 1
526 1
527 1
528 1
529 1
530 1
531 1
532 0
533 1
534 0
535 0
536 0
537 1
538 1
539 1
540 0
541 0
542 0
543 0
544 0
545 0
546 0
547 1
548 1
549 1
550 0
551 0
552 1
553 1
554 0
555 1
556 0
557 1
558 0
559 1
560 0
561 0
562 1
563 1
564 1
565 0
566 1
567 1
568 0
569 0
570 1
571 0
572 0
573 1
574 1
575 0
576 1
577 0
578 1
579 0
580 1
581 0
582 1
583 0
584 1
585 1
586 0
587 0
588 1
589 1
590 1
591 1
592 1
593 1
594 1
595 1
596 1
597 1
598 0
599 0
600 0
601 0
602 1
603 0
604 1
605 1
606 0
607 0
608 0
609 1
610 0
611 0
612 1
613 1
614 1
615 1
616 1
617 0
618 0
619 1
620 1
621 1
622 0
623 1
624 1
625 0
626 0
627 1
628 0
629 0
630 0
631 0
632 1
633 0
634 1
635 0
636 1
637 0
638 0
639 1
640 0
641 1
642 0
643 1
644 0
645 0
646 0
647 0
648 0
649 0
650 1
651 1
652 1
653 0
654 0
655 1
656 0
657 0
658 0
659 0
660 1
661 1
662 0
663 1
664 0
665 1
666 0
667 1
668 0
669 0
670 1
671 1
672 1
673 0
674 1
675 0
676 0
677 0
678 1
679 1
680 1
681 1
682 0
683 1
684 1
685 1
686 0
687 1
688 0
689 0
690 1
691 0
692 1
693 1
694 1
695 1
696 1
697 0
698 1
699 1
700 1
701 1
702 0
703 1
704 0
705 1
706 1
707 1
708 1
709 0
710 0
711 0
712 0
713 0
714 0
715 0
716 0
717 1
718 0
719 1
720 0
721 0
722 0
723 0
724 0
725 1
726 1
727 1
728 1
729 0
730 0
731 1
732 0
733 0
734 0
735 0
736 0
737 1
738 1
739 1
740 1
741 1
742 0
743 0
744 0
745 0
746 1
747 1
748 0
749 1
750 1
751 1
752 1
753 1
754 1
755 1
756 1
757 0
758 1
759 1
760 0
761 1
762 1
763 0
764 0
765 0
766 1
767 1
768 1
769 1
770 1
771 0
772 1
773 0
774 0
775 1
776 1
777 0
778 1
779 0
780 0
781 1
782 1
783 1
784 1
785 1
786 0
787 1
788 1
789 0
790 1
791 1
792 1
793 1
794 1
795 1
796 1
797 1
798 1
799 1
800 0
801 0
802 0
803 1
804 1
805 0
806 1
807 1
808 0
809 1
810 0
811 0
812 1
813 1
814 0
815 1
816 1
817 1
818 1
819 0
820 1
821 0
822 0
823 1
824 0
825 0
826 1
827 1
828 1
829 1
830 1
831 1
832 0
833 1
834 1
835 1
836 1
837 1
838 1
839 1
840 0
841 0
842 1
843 1
844 1
845 1
846 0
847 1
848 1
849 1
850 0
851 1
852 0
853 0
854 0
855 1
856 0
857 1
858 0
859 0
860 0
861 0
862 0
863 1
864 1
865 0
866 0
867 0
868 0
869 1
870 0
871 1
872 1
873 0
874 0
875 1
876 1
877 0
878 0
879 1
880 1
881 1
882 1
883 1
884 0
885 0
886 0
887 0
888 0
889 1
890 0
891 1
892 0
893 1
894 0
895 0
896 0
897 1
898 0
899 0
900 0
901 1
902 1
903 0
904 1
905 1
906 1
907 1
908 1
909 1
910 0
911 0
912 0
913 1
914 0
915 1
916 0
917 0
918 1
919 1
920 0
921 0
922 0
923 0
924 0
925 1
926 0
927 1
928 0
929 0
930 0
931 0
932 1
933 0
934 1
935 1
936 1
937 1
938 1
939 1
940 0
941 0
942 1
943 0
944 0
945 0
946 0
947 0
948 1
949 0
950 1
951 1
952 1
953 1
954 1
955 1
956 1
957 0
958 1
959 1
960 1
961 0
962 1
963 1
964 1
965 1
966 0
967 0
968 0
969 1
970 1
971 0
972 1
973 0
974 1
975 1
976 0
977 0
978 0
979 0
980 1
981 1
982 1
983 0
984 0
985 0
986 0
987 0
988 0
989 0
990 1
991 0
992 1
993 0
994 1
995 0
996 1
997 0
998 0
999 1
1000 0
1001 1
1002 0
1003 1
1004 1
1005 0
1006 1
1007 1
1008 0
1009 1
1010 1
1011 1
1012 1
1013 0
1014 1
1015 0
1016 0
1017 0
1018 1
1019 0
1020 0
1021 0
1022 1
1023 0
1024 1
1025 1
1026 0
1027 1
1028 0
1029 1
1030 0
1031 1
1032 1
1033 1
1034 1
1035 1
1036 0
1037 1
1038 1
1039 0
1040 1
1041 0
1042 1
1043 0
1044 0
1045 1
1046 1
1047 0
1048 0
1049 0
1050 0
1051 1
1052 0
1053 1
1054 1
1055 0
1056 0
1057 0
1058 1
1059 1
1060 0
1061 0
1062 1
1063 1
1064 0
1065 0
1066 1
1067 1
1068 0
1069 1
1070 0
1071 1
1072 0
1073 1
1074 1
1075 1
1076 1
1077 0
1078 1
1079 1
1080 1
1081 0
1082 1
1083 1
1084 0
1085 1
1086 0
1087 0
1088 1
1089 1
1090 0
1091 1
1092 1
1093 0
1094 0
1095 0
1096 0
1097 1
1098 0
1099 0
1100 0
1101 1
1102 1
1103 0
1104 0
1105 0
1106 0
1107 1
1108 0
1109 0
1110 1
1111 0
1112 0
1113 0
1114 0
1115 0
1116 1
1117 0
1118 0
1119 0
1120 1
1121 1
1122 0
1123 1
1124 0
1125 0
1126 0
1127 1
1128 1
1129 0
1130 1
1131 1
1132 1
1133 0
1134 0
1135 0
1136 0
1137 1
1138 0
1139 1
1140 1
1141 1
1142 1
1143 1
1144 0
1145 1
1146 0
1147 0
1148 1
1149 1
1150 0
1151 1
1152 1
1153 1
1154 0
1155 0
1156 1
1157 1
1158 1
1159 0
1160 0
1161 0
1162 1
1163 1
1164 0
1165 0
1166 0
1167 0
1168 0
1169 0
1170 1
1171 1
1172 1
1173 1
1174 0
1175 1
1176 1
1177 1
1178 1
1179 1
1180 1
1181 0
1182 1
1183 0
1184 0
1185 1
1186 0
1187 0
1188 1
1189 0
1190 0
1191 0
1192 1
1193 0
1194 1
1195 1
1196 1
1197 1
1198 0
1199 1
1200 0
1201 1
1202 0
1203 1
1204 1
1205 1
1206 0
1207 0
1208 1
1209 0
1210 0
1211 0
1212 1
1213 1
1214 1
1215 0
1216 1
1217 1
1218 1
1219 1
1220 0
1221 0
1222 0
1223 1
1224 1
1225 1
1226 0
1227 1
1228 0
1229 0
1230 1
1231 1
1232 1
1233 1
1234 0
1235 1
1236 0
1237 1
1238 0
1239 1
1240 0
1241 1
1242 0
1243 0
1244 0
1245 0
1246 0
1247 1
1248 1
1249 0
1250 0
1251 0
1252 0
1253 1
1254 1
1255 1
1256 0
1257 1
1258 1
1259 0
1260 1
1261 1
1262 1
1263 0
1264 1
1265 0
1266 0
1267 1
1268 1
1269 0
1270 0
1271 1
1272 0
1273 1
1274 1
1275 0
1276 0
1277 1
1278 0
1279 0
1280 1
1281 1
1282 0
1283 1
1284 1
1285 0
1286 0
1287 1
1288 0
1289 0
1290 0
1291 0
1292 1
1293 0
1294 1
1295 1
1296 1
1297 1
1298 0
1299 0
1300 0
1301 0
1302 0
1303 1
1304 0
1305 0
1306 1
1307 1
1308 1
1309 0
1310 0
1311 1
1312 1
1313 0
1314 0
1315 1
1316 1
1317 1
1318 0
1319 1
1320 1
1321 1
1322 1
1323 0
1324 1
1325 0
1326 1
1327 0
1328 0
1329 1
1330 1
1331 1
1332 0
1333 1
1334 1
1335 0
1336 0
1337 1
1338 1
1339 1
1340 1
1341 1
1342 0
1343 1
1344 1
1345 0
1346 0
1347 1
1348 1
1349 0
1350 0
1351 0
1352 1
1353 0
1354 1
1355 1
1356 1
1357 0
1358 0
1359 0
1360 0
1361 1
1362 1
1363 1
1364 1
1365 1
1366 0
1367 0
1368 0
1369 0
1370 1
1371 1
1372 1
1373 1
1374 1
1375 0
1376 1
1377 0
1378 1
1379 0
1380 0
1381 1
1382 1
1383 1
1384 1
1385 0
1386 0
1387 0
1388 0
1389 1
1390 0
1391 1
1392 1
1393 1
1394 0
1395 1
1396 0
1397 0
1398 0
1399 0
1400 1
1401 0
1402 0
1403 1
1404 1
1405 1
1406 0
1407 1
1408 0
1409 0
1410 1
1411 1
1412 1
1413 1
1414 0
1415 1
1416 1
1417 1
1418 0
1419 0
1420 1
1421 1
1422 1
1423 0
1424 0
1425 1
1426 1
1427 0
1428 1
1429 1
1430 0
1431 0
1432 1
1433 0
1434 0
1435 0
1436 1
1437 1
1438 0
1439 0
1440 0
1441 0
1442 1
1443 1
1444 1
1445 0
1446 0
1447 0
1448 1
1449 0
1450 0
1451 1
1452 1
1453 1
1454 0
1455 0
1456 0
1457 0
1458 0
1459 1
1460 1
1461 1
1462 1
1463 1
1464 0
1465 0
1466 0
1467 1
1468 1
1469 1
1470 1
1471 1
1472 1
1473 1
1474 1
1475 0
1476 1
1477 1
1478 1
1479 0
1480 1
1481 0
1482 1
1483 0
1484 1
1485 0
1486 0
1487 0
1488 0
1489 0
1490 1
1491 1
1492 0
1493 0
1494 0
1495 0
1496 1
1497 1
1498 1
1499 0
1500 1
1501 0
1502 0
1503 1
1504 0
1505 1
1506 1
1507 1
1508 0
1509 1
1510 1
1511 1
1512 0
1513 1
1514 1
1515 1
1516 1
1517 0
1518 1
1519 1
1520 0
1521 0
1522 0
1523 0
1524 0
1525 1
1526 1
1527 0
1528 0
1529 0
1530 1
1531 0
1532 1
1533 1
1534 1
1535 1
1536 1
1537 1
1538 0
1539 1
1540 1
1541 0
1542 1
1543 1
1544 0
1545 0
1546 0
1547 1
1548 1
1549 0
1550 1
1551 1
1552 0
1553 1
1554 1
1555 1
1556 0
1557 0
1558 0
1559 0
1560 0
1561 1
1562 0
1563 1
1564 1
1565 0
1566 0
1567 0
1568 1
1569 1
1570 1
1571 1
1572 0
1573 0
1574 1
1575 1
1576 1
1577 1
1578 0
1579 0
1580 1
1581 1
1582 1
1583 0
1584 0
1585 1
1586 1
1587 0
1588 1
1589 1
1590 1
1591 0
1592 0
1593 0
1594 0
1595 0
1596 0
1597 0
1598 1
1599 0