0 599
0 598
0 3
0 597
0 596
0 8
0 9
0 10
0 11
0 588
0 587
0 586
0 446
0 61
0 32
0 156
0 330
0 563
0 268
0 45
0 431
0 55
0 266
0 496
0 134
0 14
0 170
1 2
1 3
1 599
1 4
1 5
1 8
1 593
1 11
1 589
1 14
1 15
1 16
1 586
1 189
1 256
1 328
1 545
1 285
1 340
1 320
1 44
1 423
1 477
1 471
1 132
1 419
2 4
2 599
2 6
2 8
2 9
2 595
2 10
2 12
2 13
2 591
2 14
2 589
2 588
2 157
2 203
2 87
2 443
2 431
2 103
2 456
2 594
2 140
2 430
2 79
2 488
3 4
3 6
3 8
3 598
3 597
3 10
3 596
3 595
3 593
3 592
3 591
3 17
3 18
3 150
3 415
3 83
3 326
3 456
3 561
3 583
3 229
3 332
3 145
3 584
3 164
3 329
3 173
4 5
4 7
4 8
4 10
4 598
4 596
4 15
4 593
4 16
4 592
4 17
4 591
4 590
4 19
4 137
4 20
4 269
4 312
4 29
4 60
4 33
4 115
4 21
4 365
4 357
4 284
4 328
4 45
4 288
4 347
5 7
5 9
5 11
5 599
5 12
5 598
5 13
5 596
5 595
5 16
5 17
5 593
5 18
5 592
5 591
5 31
5 186
5 54
5 338
5 333
5 85
5 90
5 185
5 475
5 398
5 139
5 394
6 9
6 10
6 11
6 14
6 15
6 596
6 595
6 18
6 593
6 592
6 21
6 591
6 421
6 107
6 411
6 453
6 584
6 434
6 298
6 304
6 405
6 82
6 263
6 61
6 210
6 351
6 543
7 10
7 12
7 13
7 14
7 15
7 599
7 594
7 593
7 22
7 340
7 436
7 529
7 390
7 538
7 493
7 347
7 139
7 598
7 71
7 59
7 11
7 442
7 545
7 193
7 257
7 219
7 261
8 9
8 14
8 15
8 16
8 17
8 18
8 598
8 19
8 20
8 596
8 21
8 595
8 288
8 446
8 465
8 346
8 473
8 246
8 99
8 271
8 173
8 503
8 582
8 542
9 10
9 11
9 13
9 15
9 17
9 18
9 19
9 598
9 597
9 22
9 24
9 176
9 245
9 348
9 216
9 567
9 560
9 402
9 97
9 493
9 393
9 251
9 27
10 12
10 13
10 14
10 15
10 19
10 20
10 21
10 597
10 25
10 138
10 319
10 453
10 48
10 84
10 90
10 377
10 525
10 70
10 246
10 485
10 517
10 587
10 244
10 284
11 12
11 14
11 15
11 20
11 23
11 596
11 244
11 454
11 357
11 462
11 311
11 235
11 237
11 513
11 528
11 578
11 152
11 271
11 288
11 304
11 365
11 327
11 551
11 56
12 14
12 15
12 16
12 20
12 22
12 599
12 26
12 396
12 266
12 214
12 553
12 427
12 227
12 333
12 248
12 460
12 246
12 550
12 522
12 346
13 14
13 17
13 18
13 20
13 21
13 22
13 23
13 24
13 25
13 598
13 480
13 199
13 585
13 248
13 223
13 482
13 160
13 377
13 581
13 105
13 389
13 130
13 104
13 308
13 443
13 144
13 348
13 128
13 63
13 62
13 370
13 132
13 588
14 16
14 18
14 23
14 24
14 25
14 26
14 29
14 599
14 326
14 205
14 277
14 384
14 55
14 288
14 563
14 512
14 198
14 176
14 339
14 85
15 17
15 22
15 23
15 24
15 25
15 27
15 28
15 29
15 30
15 322
15 475
15 170
15 235
15 512
15 246
15 524
15 233
15 249
16 20
16 21
16 24
16 25
16 26
16 27
16 28
16 259
16 290
16 538
16 534
16 491
16 97
16 570
16 58
16 335
16 568
16 219
16 232
16 357
16 189
16 100
16 161
16 474
17 20
17 21
17 30
17 31
17 500
17 95
17 223
17 432
17 453
17 289
17 257
17 280
17 250
17 87
17 546
17 164
17 520
17 596
17 363
17 373
17 188
18 19
18 21
18 22
18 23
18 25
18 27
18 28
18 31
18 32
18 309
18 576
18 407
18 503
18 352
18 152
18 342
18 151
18 147
18 429
18 287
18 351
18 585
19 21
19 22
19 24
19 26
19 30
19 31
19 130
19 43
19 399
19 494
19 489
19 339
19 383
19 135
19 382
19 364
19 328
19 153
19 245
19 351
19 89
20 21
20 24
20 25
20 27
20 28
20 30
20 33
20 35
20 515
20 554
20 299
20 509
20 590
20 284
20 84
20 458
20 174
20 340
20 121
20 258
21 23
21 24
21 26
21 33
21 569
21 211
21 69
21 272
21 254
21 312
21 400
21 44
21 266
21 242
21 54
21 292
21 59
21 221
21 222
21 505
21 468
21 513
21 51
21 160
22 24
22 25
22 26
22 28
22 30
22 31
22 33
22 172
22 167
22 222
22 367
22 146
22 345
22 342
22 407
22 90
22 558
22 299
22 537
22 532
22 198
22 112
22 444
23 24
23 27
23 29
23 31
23 32
23 34
23 36
23 37
23 38
23 182
23 584
23 215
23 589
23 587
23 315
23 430
23 106
23 384
23 217
23 424
23 185
23 41
23 33
24 25
24 26
24 27
24 32
24 34
24 38
24 39
24 387
24 238
24 327
24 457
24 554
24 527
24 182
24 577
24 499
24 48
24 297
24 204
24 422
25 27
25 28
25 30
25 31
25 33
25 35
25 38
25 39
25 111
25 358
25 215
25 520
25 588
25 221
25 597
25 89
25 194
25 365
25 489
25 320
25 531
25 533
26 27
26 28
26 29
26 30
26 32
26 34
26 35
26 37
26 41
26 103
26 172
26 243
26 594
26 156
26 495
26 440
26 75
26 92
26 522
26 437
27 29
27 31
27 32
27 33
27 35
27 36
27 37
27 38
27 40
27 42
27 448
27 225
27 370
27 482
27 407
27 264
27 454
27 100
27 142
27 439
27 321
27 443
28 32
28 36
28 39
28 40
28 553
28 418
28 255
28 590
28 505
28 204
28 224
28 229
28 459
28 322
28 558
28 584
28 597
28 527
28 84
28 457
28 235
28 277
28 592
28 145
28 331
28 444
28 173
29 30
29 31
29 32
29 34
29 35
29 40
29 42
29 44
29 374
29 409
29 491
29 474
29 159
29 516
29 598
29 469
29 170
29 557
29 464
30 35
30 37
30 40
30 43
30 429
30 446
30 151
30 359
30 63
30 419
30 572
30 264
30 379
30 145
30 291
30 55
30 161
30 398
30 305
30 340
30 209
31 33
31 34
31 39
31 40
31 43
31 44
31 45
31 46
31 421
31 304
31 520
31 197
31 428
31 438
31 410
31 432
31 509
31 380
31 116
31 49
31 130
31 513
31 96
31 451
31 88
32 33
32 38
32 39
32 40
32 42
32 43
32 44
32 45
32 47
32 141
32 420
32 564
32 121
32 287
32 93
32 115
32 267
32 216
32 274
32 149
33 35
33 36
33 37
33 41
33 43
33 46
33 521
33 194
33 321
33 78
33 203
33 490
33 92
33 517
33 412
33 473
33 516
33 265
33 564
33 550
33 147
34 35
34 36
34 37
34 39
34 40
34 42
34 44
34 46
34 47
34 48
34 54
34 489
34 296
34 458
34 538
34 338
34 97
34 478
34 583
34 476
34 548
34 516
35 36
35 39
35 40
35 41
35 42
35 44
35 47
35 48
35 49
35 309
35 98
35 463
35 282
35 366
35 203
35 574
35 277
36 39
36 40
36 41
36 43
36 48
36 49
36 50
36 51
36 434
36 256
36 60
36 483
36 281
36 90
36 387
36 423
36 405
36 66
36 503
36 529
36 589
37 38
37 41
37 42
37 43
37 44
37 45
37 48
37 49
37 50
37 52
37 407
37 274
37 246
37 223
37 178
37 507
37 235
37 128
37 572
37 113
37 143
37 545
37 341
38 43
38 48
38 49
38 52
38 53
38 392
38 397
38 167
38 469
38 334
38 92
38 336
38 574
38 138
38 203
38 61
38 77
38 453
38 461
38 301
38 539
38 78
38 42
38 343
38 117
38 360
38 426
39 41
39 42
39 43
39 44
39 47
39 48
39 49
39 51
39 52
39 54
39 287
39 313
39 135
39 146
39 383
39 206
39 317
39 458
39 72
39 327
39 85
39 93
39 199
40 43
40 46
40 49
40 53
40 54
40 459
40 402
40 307
40 351
40 598
40 450
40 405
40 135
40 586
40 189
41 42
41 44
41 45
41 48
41 51
41 54
41 55
41 56
41 323
41 589
41 65
41 68
41 430
41 284
41 436
41 90
41 302
41 194
41 548
41 557
42 43
42 44
42 46
42 47
42 50
42 53
42 56
42 57
42 511
42 247
42 73
42 515
42 361
42 207
42 116
42 399
42 494
42 579
42 335
42 558
42 114
42 360
42 352
43 44
43 45
43 48
43 50
43 51
43 52
43 54
43 58
43 534
43 249
43 284
43 390
43 465
43 575
43 475
43 425
43 368
43 140
43 531
43 449
43 162
43 337
44 45
44 46
44 47
44 48
44 49
44 50
44 54
44 56
44 58
44 59
44 214
44 557
44 386
44 395
44 201
44 169
44 353
44 104
44 51
44 563
45 46
45 50
45 51
45 56
45 57
45 58
45 59
45 542
45 508
45 456
45 412
45 375
45 322
45 224
45 424
45 182
45 94
45 166
45 413
45 111
45 120
46 47
46 49
46 50
46 52
46 53
46 55
46 56
46 57
46 58
46 59
46 60
46 61
46 488
46 490
46 172
46 231
46 453
46 410
46 394
46 545
46 235
46 390
46 240
47 49
47 50
47 51
47 53
47 59
47 60
47 61
47 350
47 535
47 191
47 317
47 569
47 319
47 485
47 580
47 427
47 377
47 425
47 180
47 240
47 201
47 93
48 52
48 54
48 56
48 57
48 61
48 195
48 288
48 250
48 234
48 148
48 370
48 360
48 438
48 64
49 50
49 52
49 53
49 55
49 58
49 61
49 62
49 333
49 265
49 191
49 465
49 261
49 509
49 570
49 248
49 337
49 464
49 440
49 533
49 331
49 518
50 51
50 52
50 56
50 58
50 59
50 60
50 61
50 63
50 64
50 65
50 234
50 585
50 159
50 455
50 438
50 155
50 363
50 77
50 319
50 381
50 323
50 427
51 53
51 55
51 57
51 59
51 60
51 62
51 63
51 66
51 435
51 342
51 348
51 292
51 106
51 319
51 321
51 369
51 222
51 533
51 354
51 477
51 545
51 489
51 244
51 544
51 481
52 53
52 58
52 60
52 61
52 66
52 67
52 277
52 283
52 86
52 306
52 485
52 384
52 301
52 73
52 259
52 106
52 393
52 128
52 419
53 57
53 59
53 60
53 61
53 62
53 64
53 66
53 67
53 68
53 560
53 439
53 307
53 592
53 215
53 450
53 126
53 286
53 200
53 217
53 457
54 55
54 60
54 62
54 63
54 65
54 67
54 68
54 507
54 262
54 166
54 338
54 211
54 413
54 440
54 542
54 496
54 505
54 287
54 599
54 126
55 56
55 57
55 59
55 63
55 65
55 68
55 69
55 70
55 232
55 378
55 77
55 107
55 280
55 91
55 230
55 453
55 488
55 309
55 551
55 321
55 430
55 293
55 210
55 473
55 476
56 58
56 59
56 62
56 68
56 69
56 70
56 572
56 437
56 312
56 430
56 224
56 351
56 461
56 234
56 222
56 531
56 216
56 361
56 502
56 227
57 59
57 60
57 61
57 62
57 63
57 64
57 65
57 67
57 72
57 278
57 431
57 528
57 354
57 182
57 108
57 339
57 531
57 456
57 134
57 344
57 485
58 60
58 62
58 63
58 65
58 66
58 67
58 70
58 71
58 73
58 337
58 75
58 125
58 117
58 507
58 275
58 598
58 89
58 447
58 131
58 290
59 60
59 63
59 64
59 66
59 67
59 72
59 73
59 74
59 322
59 182
59 185
59 144
59 160
59 112
59 470
59 419
59 417
59 193
59 244
59 369
60 62
60 63
60 67
60 68
60 72
60 73
60 74
60 75
60 158
60 211
60 209
60 452
60 239
60 595
60 471
60 380
60 332
60 583
60 324
60 360
60 578
61 64
61 68
61 72
61 75
61 76
61 451
61 80
61 511
61 434
61 416
61 307
61 139
61 161
61 424
61 481
61 109
61 388
61 275
61 319
61 510
62 63
62 65
62 67
62 68
62 70
62 72
62 73
62 74
62 76
62 296
62 466
62 419
62 332
62 497
62 582
62 300
62 276
62 132
62 175
62 102
62 484
63 64
63 68
63 69
63 70
63 74
63 75
63 76
63 77
63 467
63 588
63 201
63 172
63 363
63 389
63 65
63 101
63 522
63 100
63 551
63 223
63 83
64 69
64 70
64 72
64 73
64 74
64 76
64 77
64 340
64 211
64 426
64 102
64 114
64 541
64 262
64 467
64 571
64 120
64 194
64 204
64 311
64 375
65 71
65 77
65 78
65 79
65 80
65 122
65 537
65 448
65 94
65 435
65 331
65 161
65 160
65 521
65 368
65 370
65 340
65 507
65 461
65 380
65 118
65 570
66 70
66 71
66 73
66 74
66 75
66 76
66 81
66 115
66 322
66 356
66 281
66 335
66 464
66 382
66 112
66 331
66 589
66 546
66 361
67 69
67 71
67 72
67 74
67 75
67 77
67 78
67 79
67 80
67 81
67 367
67 131
67 405
67 217
67 381
67 101
67 455
67 258
67 578
67 414
67 579
68 72
68 76
68 77
68 80
68 83
68 530
68 170
68 320
68 565
68 423
68 412
68 122
68 178
68 300
68 157
68 136
68 594
69 70
69 76
69 78
69 80
69 81
69 83
69 477
69 522
69 265
69 520
69 552
69 257
69 167
69 154
69 589
69 447
69 363
69 153
69 416
69 375
69 259
69 503
70 71
70 72
70 73
70 75
70 77
70 78
70 82
70 83
70 85
70 472
70 156
70 368
70 173
70 338
70 151
70 292
70 91
70 206
70 544
70 304
70 554
70 200
70 378
70 511
71 74
71 75
71 78
71 79
71 81
71 83
71 86
71 526
71 342
71 168
71 585
71 312
71 578
71 106
71 595
71 261
71 589
71 241
71 405
71 424
72 75
72 76
72 78
72 79
72 81
72 84
72 85
72 86
72 87
72 572
72 491
72 386
72 384
72 310
72 97
72 385
72 167
72 271
72 518
73 74
73 78
73 79
73 80
73 82
73 84
73 86
73 88
73 210
73 374
73 511
73 293
73 241
73 594
73 367
73 261
73 443
73 83
73 356
73 249
73 340
73 108
74 78
74 79
74 80
74 85
74 86
74 87
74 88
74 329
74 561
74 283
74 436
74 232
74 411
74 491
74 552
74 450
74 469
74 217
74 92
74 359
74 435
74 194
74 349
74 488
74 161
74 163
74 244
74 321
75 80
75 81
75 83
75 85
75 86
75 87
75 89
75 90
75 266
75 358
75 76
75 228
75 176
75 265
75 345
75 438
75 189
75 579
75 195
76 77
76 78
76 79
76 81
76 82
76 83
76 85
76 86
76 87
76 88
76 89
76 166
76 359
76 510
76 171
76 533
76 200
77 79
77 82
77 83
77 85
77 86
77 87
77 88
77 89
77 91
77 468
77 210
77 99
77 501
77 256
77 544
77 173
77 486
77 135
77 184
77 390
77 118
77 475
78 79
78 80
78 82
78 83
78 84
78 85
78 86
78 87
78 89
78 90
78 92
78 93
78 170
78 108
78 168
78 201
78 109
78 561
78 166
78 329
78 304
78 213
79 84
79 88
79 90
79 91
79 92
79 482
79 461
79 422
79 198
79 347
79 561
79 80
79 228
79 301
79 256
79 388
79 371
79 535
79 446
79 437
79 133
79 289
79 344
79 448
79 494
80 84
80 89
80 90
80 92
80 93
80 94
80 95
80 466
80 303
80 234
80 467
80 250
80 324
80 592
80 544
80 491
80 581
80 82
80 315
81 82
81 83
81 87
81 88
81 89
81 91
81 92
81 93
81 357
81 497
81 580
81 401
81 413
81 562
81 505
81 524
81 470
81 133
81 454
81 506
81 396
82 83
82 84
82 85
82 87
82 89
82 90
82 93
82 96
82 117
82 576
82 462
82 512
82 296
82 459
82 216
82 484
82 499
82 369
82 179
82 240
82 123
83 84
83 86
83 90
83 91
83 92
83 96
83 97
83 307
83 387
83 346
83 490
83 261
83 133
83 343
83 239
83 547
83 562
83 145
83 163
83 444
84 85
84 88
84 89
84 90
84 91
84 92
84 94
84 95
84 96
84 97
84 98
84 99
84 298
84 255
84 459
84 350
84 498
85 90
85 91
85 93
85 98
85 100
85 397
85 140
85 276
85 426
85 527
85 183
85 526
85 474
85 261
85 518
85 388
86 88
86 89
86 90
86 91
86 92
86 93
86 95
86 98
86 551
86 217
86 281
86 310
86 204
86 560
86 210
86 350
86 440
86 110
86 567
86 131
86 424
86 561
86 224
86 122
86 156
87 89
87 91
87 92
87 93
87 94
87 98
87 101
87 102
87 475
87 242
87 349
87 502
87 444
87 331
87 437
87 360
87 149
87 186
87 107
87 434
88 89
88 90
88 91
88 96
88 97
88 100
88 205
88 215
88 433
88 369
88 505
88 590
88 390
88 494
88 408
88 449
88 187
88 323
88 493
89 91
89 95
89 96
89 97
89 98
89 100
89 101
89 103
89 111
89 372
89 516
89 354
89 297
89 171
89 553
89 393
89 286
89 327
89 352
89 273
89 374
89 198
89 340
89 407
89 595
90 91
90 93
90 95
90 96
90 97
90 98
90 101
90 102
90 104
90 563
90 254
90 497
90 226
90 313
90 114
90 308
90 369
90 262
91 94
91 99
91 100
91 102
91 103
91 104
91 105
91 147
91 562
91 494
91 531
91 360
91 481
91 146
91 138
91 446
91 501
91 186
92 93
92 98
92 104
92 106
92 465
92 343
92 195
92 384
92 169
92 588
92 152
92 548
92 218
92 276
92 184
92 459
92 436
92 398
93 97
93 99
93 100
93 101
93 102
93 104
93 105
93 108
93 486
93 517
93 322
93 554
93 257
93 271
93 331
93 474
93 118
93 229
93 527
93 549
93 561
93 511
93 590
94 95
94 97
94 104
94 106
94 107
94 367
94 321
94 477
94 128
94 514
94 480
94 474
94 527
94 345
94 523
94 150
94 307
94 113
94 569
94 267
95 96
95 99
95 101
95 104
95 105
95 108
95 109
95 322
95 193
95 405
95 414
95 179
95 233
95 198
95 310
95 440
95 271
95 519
95 237
95 174
95 475
96 98
96 99
96 100
96 101
96 105
96 107
96 111
96 173
96 220
96 581
96 361
96 219
96 333
96 437
96 371
96 189
96 496
97 98
97 102
97 106
97 110
97 588
97 314
97 409
97 493
97 318
97 405
97 545
97 525
97 267
97 372
97 167
97 574
98 99
98 101
98 106
98 108
98 109
98 580
98 563
98 543
98 206
98 253
98 520
98 473
98 442
98 347
98 201
98 536
98 597
98 418
98 169
98 137
98 273
98 367
98 566
99 100
99 101
99 104
99 105
99 106
99 111
99 112
99 113
99 407
99 151
99 280
99 369
99 260
99 219
99 491
99 162
99 355
99 341
99 410
99 383
99 234
100 101
100 102
100 107
100 108
100 113
100 115
100 321
100 550
100 474
100 542
100 204
100 532
100 166
100 513
101 102
101 103
101 105
101 110
101 111
101 112
101 115
101 116
101 271
101 295
101 547
101 467
101 310
101 308
101 175
101 589
101 183
101 225
101 224
101 211
101 335
101 462
101 331
101 204
101 167
102 104
102 107
102 112
102 113
102 528
102 596
102 147
102 416
102 206
102 504
102 188
102 265
102 554
102 162
102 123
102 406
102 321
102 276
103 104
103 105
103 111
103 112
103 113
103 116
103 118
103 296
103 409
103 273
103 181
103 474
103 289
103 217
103 371
103 258
103 314
103 432
103 438
103 360
103 145
103 430
103 339
103 512
103 222
103 596
104 107
104 108
104 109
104 111
104 112
104 115
104 116
104 117
104 118
104 373
104 287
104 309
104 121
104 508
104 182
104 378
104 483
104 193
105 107
105 108
105 110
105 111
105 113
105 115
105 117
105 118
105 263
105 270
105 287
105 383
105 444
105 569
105 496
105 550
105 131
105 408
105 376
105 322
105 592
105 510
106 107
106 110
106 111
106 113
106 114
106 115
106 117
106 118
106 119
106 123
106 291
106 183
106 292
106 148
106 346
106 449
106 178
106 568
106 122
106 251
106 382
106 437
106 530
107 109
107 110
107 112
107 116
107 117
107 118
107 119
107 120
107 121
107 421
107 273
107 355
107 336
107 521
107 304
107 580
107 164
107 128
107 234
107 213
107 385
108 109
108 110
108 111
108 113
108 115
108 117
108 118
108 121
108 123
108 286
108 351
108 207
108 146
108 358
108 180
108 186
108 461
109 111
109 112
109 116
109 117
109 120
109 123
109 233
109 386
109 568
109 221
109 504
109 545
109 154
109 115
109 543
109 332
109 389
109 237
109 391
110 111
110 112
110 113
110 114
110 116
110 118
110 124
110 125
110 553
110 153
110 171
110 509
110 531
110 289
110 446
110 326
110 485
110 134
110 492
111 112
111 114
111 117
111 118
111 119
111 121
111 122
111 438
111 432
111 206
111 291
111 378
111 256
111 272
111 548
111 594
111 207
111 143
111 462
111 196
111 249
111 239
111 422
111 113
112 113
112 114
112 115
112 117
112 121
112 123
112 124
112 236
112 585
112 591
112 518
112 131
112 259
112 395
112 485
112 372
113 114
113 118
113 121
113 127
113 498
113 164
113 251
113 268
113 217
113 444
113 171
113 220
113 449
113 180
113 363
113 159
113 567
113 554
113 565
113 506
113 501
113 549
113 495
113 510
114 115
114 121
114 122
114 123
114 124
114 126
114 127
114 128
114 568
114 509
114 314
114 180
114 204
114 270
114 130
114 318
114 476
115 117
115 118
115 120
115 123
115 125
115 126
115 127
115 129
115 130
115 259
115 507
115 186
115 395
115 546
115 340
115 522
115 521
115 390
116 118
116 121
116 125
116 127
116 128
116 131
116 325
116 210
116 471
116 279
116 308
116 462
116 476
116 477
116 199
116 542
116 193
116 183
116 264
116 401
116 255
116 392
117 123
117 124
117 125
117 127
117 129
117 131
117 132
117 228
117 593
117 560
117 301
117 202
117 548
117 221
117 265
117 304
117 245
118 119
118 120
118 122
118 125
118 128
118 129
118 130
118 132
118 480
118 542
118 444
118 360
118 364
118 585
119 121
119 122
119 123
119 124
119 125
119 128
119 129
119 131
119 132
119 133
119 370
119 442
119 507
119 271
119 239
119 542
119 597
119 589
119 446
119 563
119 181
119 311
119 177
120 123
120 125
120 126
120 131
120 134
120 173
120 293
120 228
120 289
120 395
120 478
120 583
120 481
120 191
120 470
120 240
120 488
121 123
121 124
121 129
121 130
121 131
121 132
121 134
121 135
121 136
121 280
121 253
121 341
121 329
121 269
121 165
121 405
121 509
121 584
121 473
121 396
122 123
122 126
122 129
122 131
122 135
122 137
122 236
122 428
122 463
122 250
122 208
122 177
122 555
122 226
122 205
122 368
122 234
123 124
123 128
123 129
123 130
123 131
123 132
123 133
123 134
123 136
123 137
123 138
123 445
123 469
123 474
123 198
123 356
123 149
123 394
124 127
124 128
124 130
124 131
124 132
124 133
124 134
124 135
124 137
124 138
124 383
124 380
124 583
124 495
124 334
124 160
124 497
124 197
124 373
125 126
125 127
125 128
125 129
125 132
125 133
125 134
125 137
125 138
125 139
125 354
125 439
125 526
125 540
125 253
125 378
125 376
125 187
125 167
125 196
125 245
125 387
125 520
125 320
126 127
126 128
126 130
126 131
126 132
126 133
126 134
126 137
126 139
126 140
126 227
126 331
126 217
126 194
126 265
126 579
126 309
126 371
126 430
127 130
127 132
127 133
127 136
127 139
127 142
127 357
127 439
127 274
127 568
127 498
127 241
127 258
127 582
127 383
127 271
127 134
127 434
127 238
127 424
127 331
127 201
128 130
128 131
128 137
128 140
128 142
128 143
128 259
128 595
128 523
128 579
128 298
128 198
128 335
128 236
128 540
128 247
128 355
128 552
129 130
129 132
129 133
129 134
129 135
129 137
129 138
129 141
129 142
129 143
129 144
129 459
129 146
129 322
129 212
129 294
129 320
129 429
129 263
129 469
129 366
130 131
130 133
130 138
130 143
130 144
130 145
130 518
130 302
130 485
130 225
130 239
130 253
130 261
130 135
130 293
130 428
130 513
131 134
131 136
131 137
131 138
131 139
131 141
131 144
131 145
131 146
131 388
131 536
131 486
131 283
131 466
131 251
131 464
131 580
131 483
132 133
132 135
132 136
132 138
132 139
132 140
132 142
132 283
132 569
132 403
132 523
132 423
132 163
132 510
132 173
132 249
132 573
132 358
132 305
132 167
132 239
132 428
132 176
132 359
133 136
133 139
133 142
133 143
133 145
133 147
133 148
133 335
133 551
133 243
133 489
133 450
133 196
133 386
133 329
133 519
133 340
133 522
133 233
133 240
133 583
134 135
134 137
134 138
134 139
134 142
134 143
134 145
134 146
134 147
134 149
134 576
134 284
134 492
134 452
134 575
134 511
134 345
134 415
134 181
135 137
135 141
135 144
135 147
135 148
135 170
135 315
135 440
135 344
135 498
135 276
135 484
135 398
135 272
135 212
135 349
135 225
135 372
135 526
135 510
135 492
135 534
135 594
136 137
136 138
136 140
136 141
136 142
136 143
136 144
136 147
136 148
136 149
136 150
136 450
136 423
136 314
136 426
136 320
136 476
136 497
136 486
136 483
137 139
137 141
137 145
137 146
137 147
137 148
137 149
137 150
137 152
137 487
137 388
137 386
137 186
137 402
137 589
137 409
137 544
137 472
137 358
137 423
137 177
138 139
138 144
138 146
138 150
138 152
138 153
138 473
138 578
138 554
138 587
138 451
138 413
138 214
138 499
138 310
138 528
138 303
138 547
138 203
139 140
139 143
139 144
139 150
139 151
139 431
139 203
139 155
139 445
139 191
139 273
139 265
139 425
140 142
140 143
140 144
140 145
140 146
140 148
140 150
140 151
140 154
140 522
140 261
140 591
140 448
140 380
140 163
140 276
140 286
140 493
140 220
141 142
141 144
141 148
141 150
141 153
141 154
141 155
141 156
141 582
141 181
141 478
141 348
141 597
141 546
141 574
141 493
141 324
141 161
141 522
141 249
141 253
141 254
142 147
142 148
142 150
142 151
142 152
142 153
142 154
142 526
142 198
142 559
142 456
142 273
142 214
142 461
142 540
142 510
142 416
142 499
143 144
143 145
143 146
143 149
143 150
143 151
143 152
143 153
143 154
143 155
143 156
143 271
143 474
143 477
143 597
143 285
143 582
143 352
143 571
143 335
143 347
144 145
144 150
144 152
144 153
144 155
144 156
144 158
144 159
144 243
144 219
144 547
144 347
144 362
144 595
144 277
144 325
144 441
144 490
144 387
145 147
145 148
145 149
145 150
145 151
145 152
145 155
145 156
145 159
145 207
145 598
145 165
145 328
145 493
145 373
145 466
146 147
146 149
146 156
146 159
146 160
146 161
146 456
146 594
146 209
146 461
146 192
146 473
146 578
146 328
146 220
146 451
146 496
147 148
147 151
147 152
147 156
147 157
147 159
147 160
147 162
147 376
147 306
147 465
147 380
147 473
147 257
147 338
147 178
148 151
148 152
148 153
148 156
148 157
148 158
148 159
148 160
148 162
148 575
148 462
148 515
148 221
148 511
148 588
148 239
148 574
148 251
148 508
148 302
148 479
148 480
149 154
149 157
149 158
149 161
149 162
149 164
149 306
149 199
149 355
149 419
149 356
149 202
149 320
149 569
149 179
149 278
149 240
149 597
149 510
149 277
149 599
150 153
150 154
150 156
150 157
150 160
150 163
150 484
150 514
150 223
150 458
150 562
150 208
150 152
150 244
150 399
150 158
150 335
150 318
150 380
150 331
150 351
150 444
150 231
150 473
151 155
151 157
151 158
151 160
151 163
151 164
151 339
151 490
151 562
151 312
151 455
151 472
151 410
151 232
151 190
151 378
151 394
152 153
152 160
152 163
152 166
152 167
152 559
152 238
152 572
152 348
152 265
152 184
152 328
152 390
152 222
152 187
152 324
152 474
152 530
153 158
153 159
153 160
153 165
153 166
153 168
153 178
153 545
153 548
153 510
153 349
153 226
153 311
153 346
153 219
153 485
153 402
154 155
154 156
154 162
154 163
154 164
154 165
154 166
154 168
154 185
154 307
154 303
154 562
154 564
154 539
154 559
154 382
154 345
154 590
154 352
154 533
154 568
155 157
155 159
155 160
155 161
155 163
155 167
155 168
155 169
155 447
155 473
155 502
155 362
155 209
155 451
155 562
155 544
155 474
155 475
155 560
155 595
156 162
156 166
156 167
156 428
156 389
156 328
156 223
156 422
156 202
156 537
156 586
156 445
156 349
156 331
156 339
156 488
157 162
157 164
157 167
157 168
157 522
157 299
157 514
157 510
157 506
157 205
157 513
157 370
157 435
157 313
157 555
157 275
157 278
157 190
157 440
157 587
157 468
158 162
158 163
158 164
158 169
158 170
158 171
158 173
158 579
158 526
158 531
158 461
158 274
158 551
158 456
158 210
158 436
158 472
158 289
158 224
158 368
158 453
159 160
159 161
159 164
159 165
159 169
159 171
159 172
159 488
159 407
159 266
159 386
159 307
159 385
159 416
159 381
159 253
159 579
159 567
159 392
159 511
160 161
160 162
160 163
160 170
160 171
160 173
160 174
160 175
160 236
160 415
160 430
160 417
160 431
160 355
160 278
160 217
160 563
160 477
161 163
161 164
161 166
161 169
161 171
161 176
161 463
161 542
161 202
161 238
161 308
161 492
161 350
161 559
161 356
161 290
162 164
162 165
162 167
162 169
162 170
162 172
162 175
162 177
162 311
162 535
162 395
162 405
162 234
162 447
162 358
162 541
162 403
162 337
162 308
162 491
162 509
163 164
163 165
163 167
163 169
163 174
163 177
163 314
163 444
163 573
163 334
163 591
163 387
163 568
163 294
163 228
163 364
163 453
163 275
163 416
164 165
164 168
164 169
164 172
164 173
164 174
164 178
164 179
164 242
164 423
164 473
164 507
164 341
164 533
164 307
164 457
164 407
164 255
164 506
164 524
165 169
165 170
165 174
165 175
165 179
165 197
165 251
165 300
165 193
165 582
165 333
165 508
165 210
165 385
165 534
165 525
165 222
165 358
166 171
166 172
166 174
166 179
166 180
166 181
166 188
166 517
166 578
166 448
166 426
166 221
166 410
166 564
166 220
166 440
166 460
167 171
167 172
167 175
167 177
167 178
167 179
167 181
167 248
167 430
167 242
167 454
167 403
167 301
167 334
168 169
168 175
168 176
168 177
168 179
168 180
168 181
168 182
168 183
168 197
168 401
168 588
168 596
168 311
168 524
168 303
168 420
168 517
168 490
169 171
169 174
169 175
169 176
169 180
169 181
169 182
169 183
169 197
169 411
169 253
169 328
169 272
169 587
169 576
169 215
169 317
169 290
169 504
170 171
170 172
170 173
170 175
170 177
170 178
170 179
170 181
170 182
170 184
170 185
170 401
170 237
170 391
170 392
170 439
170 353
170 566
170 244
170 359
170 273
170 440
171 172
171 177
171 178
171 181
171 183
171 184
171 185
171 186
171 305
171 460
171 368
171 358
171 220
171 473
171 274
171 395
171 351
171 228
172 174
172 177
172 180
172 181
172 182
172 183
172 186
172 187
172 314
172 452
172 576
172 190
172 385
172 216
172 481
172 366
172 191
172 413
172 377
173 174
173 175
173 177
173 179
173 182
173 183
173 185
173 330
173 577
173 425
173 205
173 560
173 366
173 589
173 331
173 251
174 175
174 176
174 181
174 182
174 186
174 189
174 455
174 305
174 597
174 599
174 584
174 195
174 320
174 274
174 460
174 474
174 275
174 570
175 176
175 177
175 180
175 181
175 184
175 185
175 188
175 270
175 433
175 572
175 470
175 522
175 446
175 411
175 499
175 587
175 527
175 429
175 459
175 568
175 509
175 537
175 520
176 177
176 178
176 179
176 180
176 185
176 186
176 189
176 190
176 290
176 484
176 272
176 576
176 357
176 478
176 562
176 307
177 178
177 180
177 181
177 182
177 186
177 187
177 188
177 189
177 190
177 266
177 243
177 476
177 520
177 324
177 550
177 218
177 338
177 277
178 183
178 185
178 187
178 188
178 190
178 193
178 360
178 515
178 352
178 208
178 555
178 280
178 370
178 441
178 231
178 309
178 502
178 285
178 537
179 180
179 181
179 186
179 191
179 192
179 193
179 194
179 552
179 580
179 556
179 514
179 521
179 567
179 248
179 328
179 510
179 360
180 182
180 184
180 185
180 187
180 189
180 192
180 194
180 376
180 463
180 530
180 481
180 565
180 397
180 199
180 308
180 438
180 201
180 571
180 304
180 552
181 183
181 184
181 185
181 188
181 189
181 195
181 401
181 518
181 277
181 368
181 408
181 327
181 276
181 273
181 382
181 533
181 239
182 186
182 188
182 189
182 192
182 195
182 529
182 258
182 443
182 548
182 216
182 229
182 485
182 437
182 577
182 415
182 198
182 442
182 568
182 408
182 255
182 454
182 277
182 326
183 184
183 185
183 186
183 189
183 190
183 198
183 572
183 547
183 226
183 426
183 331
183 579
183 576
183 223
183 496
183 251
183 287
184 186
184 187
184 191
184 194
184 195
184 196
184 532
184 353
184 323
184 573
184 362
184 566
184 204
184 494
184 452
184 357
184 438
184 254
185 186
185 191
185 194
185 199
185 200
185 258
185 578
185 336
185 381
185 279
185 281
185 556
185 229
185 441
185 367
185 406
185 347
186 188
186 191
186 192
186 194
186 195
186 198
186 199
186 373
186 444
186 285
186 314
186 559
186 539
186 406
186 208
186 584
187 188
187 189
187 190
187 191
187 192
187 195
187 198
187 202
187 208
187 534
187 599
187 511
187 392
187 290
187 256
187 554
187 473
187 416
187 393
187 312
188 190
188 192
188 193
188 194
188 195
188 196
188 197
188 198
188 199
188 200
188 202
188 203
188 472
188 386
188 298
188 267
188 310
188 254
188 383
188 382
189 193
189 194
189 196
189 197
189 198
189 203
189 254
189 374
189 571
189 580
189 329
189 396
189 411
189 464
189 230
189 359
189 408
189 322
190 191
190 192
190 193
190 195
190 196
190 200
190 488
190 325
190 364
190 466
190 586
190 308
190 597
190 280
190 391
190 235
190 428
191 192
191 193
191 195
191 197
191 198
191 200
191 201
191 202
191 205
191 264
191 442
191 306
191 504
191 560
191 576
191 513
191 505
191 314
192 193
192 198
192 202
192 203
192 205
192 206
192 536
192 499
192 405
192 248
192 429
192 324
192 387
192 413
192 515
192 502
192 343
192 259
192 471
192 532
193 194
193 196
193 199
193 201
193 202
193 203
193 204
193 205
193 207
193 208
193 308
193 571
193 487
193 367
193 521
193 462
194 196
194 198
194 204
194 205
194 206
194 207
194 208
194 486
194 224
194 222
194 255
194 332
194 550
194 259
195 196
195 198
195 200
195 203
195 204
195 205
195 208
195 580
195 211
195 469
195 326
195 419
195 495
195 245
196 199
196 202
196 206
196 208
196 525
196 212
196 437
196 450
196 366
196 365
196 500
196 287
196 248
196 353
196 343
196 245
196 476
196 266
196 486
196 523
197 199
197 202
197 204
197 205
197 206
197 208
197 210
197 212
197 384
197 373
197 476
197 228
197 499
197 339
197 561
197 551
197 352
198 200
198 204
198 213
198 486
198 505
198 475
198 370
198 228
198 346
198 536
198 493
198 453
198 470
198 243
198 221
198 477
198 483
198 450
198 458
198 573
199 200
199 201
199 202
199 205
199 206
199 207
199 208
199 209
199 210
199 295
199 443
199 261
199 379
199 584
199 489
199 513
199 486
199 582
199 520
199 428
199 300
199 597
200 201
200 202
200 203
200 204
200 205
200 207
200 210
200 212
200 259
200 521
200 577
200 348
200 398
200 405
200 315
200 386
200 344
201 203
201 204
201 205
201 206
201 207
201 208
201 210
201 212
201 213
201 214
201 303
201 229
201 320
201 569
201 349
201 410
201 502
201 538
202 203
202 207
202 209
202 211
202 214
202 216
202 217
202 596
202 306
202 219
202 300
202 519
202 301
202 284
202 402
202 535
202 375
203 204
203 206
203 207
203 208
203 209
203 210
203 211
203 212
203 214
203 215
203 217
203 536
203 313
203 246
203 598
203 588
203 233
203 320
204 205
204 212
204 215
204 217
204 219
204 350
204 501
204 310
204 264
204 535
204 262
204 233
204 370
204 208
204 211
205 209
205 210
205 213
205 214
205 216
205 217
205 218
205 219
205 544
205 586
205 419
205 411
205 294
205 323
205 578
205 327
206 207
206 210
206 211
206 212
206 214
206 215
206 216
206 217
206 218
206 506
206 525
206 338
206 478
206 495
206 583
206 367
206 530
206 520
206 323
207 208
207 209
207 212
207 214
207 215
207 216
207 218
207 219
207 220
207 414
207 445
207 267
207 342
207 338
207 242
207 344
207 243
208 209
208 214
208 216
208 218
208 220
208 221
208 222
208 223
208 380
208 341
208 332
208 374
208 493
208 567
208 533
208 546
209 210
209 216
209 217
209 218
209 220
209 221
209 410
209 380
209 484
209 332
209 505
209 297
209 386
209 399
209 519
209 212
209 263
209 598
209 229
209 346
210 212
210 214
210 215
210 219
210 225
210 530
210 364
210 352
210 328
210 411
210 526
210 423
210 334
210 409
210 407
210 381
210 586
210 389
210 447
211 213
211 214
211 215
211 216
211 217
211 219
211 220
211 221
211 224
211 479
211 496
211 546
211 468
211 361
211 271
211 333
211 339
212 214
212 218
212 226
212 227
212 295
212 317
212 582
212 473
212 375
212 324
212 242
212 565
212 320
212 484
212 354
213 214
213 215
213 217
213 221
213 222
213 223
213 225
213 563
213 436
213 242
213 518
213 573
213 542
213 233
213 304
213 432
213 220
213 295
214 216
214 218
214 220
214 221
214 224
214 225
214 226
214 227
214 228
214 546
214 342
214 477
214 491
214 570
214 594
214 285
214 244
214 503
214 257
215 217
215 219
215 221
215 222
215 225
215 227
215 228
215 229
215 248
215 406
215 439
215 251
215 474
215 282
215 441
215 220
215 376
215 324
215 429
215 517
215 239
215 574
216 218
216 220
216 223
216 227
216 230
216 231
216 346
216 382
216 448
216 389
216 543
216 552
216 367
216 411
216 247
216 536
216 222
217 225
217 227
217 228
217 511
217 397
217 362
217 281
217 502
217 388
217 469
217 219
217 396
217 446
218 219
218 220
218 223
218 224
218 225
218 227
218 228
218 232
218 382
218 406
218 587
218 383
218 458
218 308
218 341
218 426
218 318
219 220
219 221
219 224
219 225
219 226
219 227
219 230
219 250
219 439
219 580
219 588
219 285
219 286
219 348
219 294
219 433
220 223
220 225
220 231
220 233
220 235
220 283
220 298
220 261
220 417
220 479
220 583
220 426
220 526
220 351
220 262
220 411
221 223
221 224
221 229
221 234
221 236
221 575
221 457
221 462
221 544
221 411
221 385
221 240
221 528
221 590
221 293
221 490
221 515
222 223
222 224
222 229
222 230
222 231
222 235
222 566
222 327
222 302
222 433
222 420
222 439
222 345
222 296
223 225
223 228
223 230
223 231
223 232
223 233
223 234
223 235
223 237
223 412
223 366
223 519
223 292
223 430
223 324
224 226
224 229
224 230
224 231
224 234
224 235
224 236
224 238
224 239
224 516
224 355
224 266
224 375
224 390
224 419
224 261
224 263
224 278
224 451
224 479
224 381
224 411
224 273
224 432
225 229
225 230
225 234
225 235
225 239
225 240
225 464
225 289
225 588
225 487
225 420
225 388
225 483
225 526
225 470
225 549
225 283
226 227
226 228
226 229
226 230
226 232
226 233
226 235
226 237
226 239
226 284
226 326
226 576
226 273
226 589
226 530
226 406
226 428
226 509
226 496
227 228
227 231
227 233
227 234
227 236
227 237
227 239
227 240
227 241
227 242
227 579
227 379
227 521
227 251
227 490
227 384
227 412
227 381
228 231
228 236
228 237
228 240
228 241
228 360
228 559
228 327
228 419
228 389
228 326
228 460
228 488
228 461
229 230
229 234
229 235
229 236
229 239
229 240
229 244
229 581
229 519
229 430
229 247
229 358
229 576
229 541
229 363
229 267
229 284
229 480
229 383
229 394
230 232
230 233
230 234
230 238
230 239
230 240
230 243
230 244
230 397
230 500
230 328
230 458
230 378
230 563
230 514
230 506
231 240
231 241
231 243
231 244
231 245
231 539
231 580
231 554
231 351
231 294
231 254
231 582
231 332
231 307
231 409
231 476
231 428
232 234
232 235
232 239
232 241
232 244
232 458
232 595
232 552
232 288
232 264
232 435
232 534
233 235
233 236
233 237
233 239
233 241
233 244
233 245
233 360
233 518
233 425
233 578
233 255
233 279
233 531
234 238
234 240
234 243
234 244
234 245
234 247
234 248
234 249
234 595
234 331
234 339
234 569
234 540
234 394
234 267
234 583
234 450
234 522
234 597
234 242
235 236
235 237
235 241
235 243
235 246
235 250
235 407
235 576
235 266
235 444
235 432
235 374
235 334
235 377
235 595
235 463
235 357
236 238
236 241
236 242
236 244
236 245
236 247
236 248
236 249
236 251
236 339
236 529
236 283
236 496
237 238
237 239
237 240
237 241
237 242
237 243
237 245
237 246
237 247
237 249
237 250
237 277
237 307
237 573
237 322
238 239
238 240
238 242
238 246
238 247
238 249
238 250
238 251
238 377
238 434
238 372
238 503
238 448
238 397
238 385
238 487
238 413
239 242
239 247
239 251
239 252
239 270
239 542
239 359
239 273
239 579
239 290
239 420
239 343
239 387
239 309
239 402
239 486
239 423
240 241
240 242
240 243
240 246
240 248
240 253
240 339
240 326
240 499
240 551
240 594
240 371
240 412
240 431
241 242
241 246
241 251
241 254
241 255
241 256
241 339
241 403
241 400
241 244
241 277
241 455
241 429
241 486
241 312
241 506
242 245
242 249
242 252
242 253
242 254
242 255
242 256
242 555
242 458
242 547
242 559
242 453
242 462
242 403
242 469
242 417
243 245
243 246
243 248
243 250
243 252
243 253
243 254
243 255
243 256
243 297
243 313
243 407
243 264
243 397
243 348
243 373
243 293
243 338
243 423
243 418
244 246
244 249
244 250
244 251
244 252
244 254
244 259
244 536
244 313
244 504
244 593
244 431
244 405
245 246
245 248
245 250
245 251
245 252
245 253
245 254
245 255
245 256
245 257
245 258
245 260
245 559
245 298
246 248
246 249
246 251
246 257
246 258
246 259
246 260
246 261
246 535
246 262
246 550
246 533
246 526
246 308
246 409
246 361
246 488
247 248
247 249
247 252
247 255
247 256
247 259
247 261
247 262
247 401
247 438
247 490
247 503
247 279
247 287
247 387
247 580
247 293
247 291
247 586
247 593
247 453
247 459
247 347
248 249
248 251
248 253
248 256
248 261
248 262
248 263
248 492
248 536
248 535
248 579
248 571
248 581
248 533
248 317
248 457
248 406
248 428
248 588
248 529
249 250
249 251
249 253
249 254
249 255
249 256
249 257
249 258
249 259
249 260
249 261
249 349
249 370
250 252
250 254
250 255
250 256
250 259
250 260
250 262
250 263
250 264
250 265
250 485
250 366
250 558
250 439
251 252
251 258
251 260
251 261
251 264
251 265
251 498
251 356
251 391
251 491
251 479
251 539
251 403
252 257
252 258
252 259
252 261
252 263
252 264
252 265
252 266
252 267
252 557
252 316
252 554
252 354
252 281
252 276
252 406
252 315
252 269
252 292
252 287
252 568
253 255
253 257
253 259
253 260
253 261
253 262
253 263
253 265
253 267
253 537
253 275
253 498
253 548
253 449
253 504
253 558
254 257
254 258
254 259
254 261
254 262
254 265
254 267
254 368
254 285
254 487
254 498
254 595
254 297
254 514
255 256
255 257
255 258
255 259
255 261
255 263
255 266
255 268
255 270
255 490
255 480
255 394
255 385
255 395
255 317
255 349
255 499
255 519
256 259
256 261
256 263
256 266
256 268
256 269
256 270
256 271
256 535
256 340
256 357
256 558
256 479
256 536
256 571
256 560
256 367
256 467
256 484
256 498
257 258
257 265
257 267
257 269
257 271
257 272
257 577
257 442
257 483
257 260
257 446
257 585
257 448
257 420
257 333
257 469
258 260
258 262
258 263
258 265
258 266
258 267
258 269
258 272
258 273
258 480
258 575
258 457
258 548
258 346
258 479
258 293
258 365
259 264
259 265
259 267
259 268
259 274
259 410
259 455
259 333
259 279
259 430
259 508
259 456
259 384
259 409
259 492
259 468
260 261
260 264
260 266
260 267
260 269
260 270
260 272
260 367
260 349
260 326
260 498
260 265
260 280
260 507
260 547
260 360
260 478
261 263
261 264
261 265
261 271
261 273
261 274
261 503
261 595
261 395
261 590
261 429
262 263
262 266
262 270
262 271
262 273
262 276
262 560
262 444
262 389
262 593
262 545
262 433
262 512
262 355
262 351
262 554
263 264
263 265
263 266
263 269
263 273
263 275
263 277
263 278
263 368
263 551
263 511
263 493
263 457
263 357
263 414
263 437
263 531
263 445
263 376
263 395
264 269
264 273
264 274
264 277
264 278
264 279
264 326
264 407
264 431
264 390
264 289
264 437
264 428
264 599
264 301
264 429
265 266
265 269
265 270
265 271
265 272
265 277
265 298
265 356
265 496
265 469
265 542
265 374
266 268
266 269
266 273
266 274
266 275
266 276
266 277
266 279
266 280
266 356
266 516
266 544
266 299
266 327
267 269
267 271
267 272
267 274
267 280
267 281
267 282
267 292
267 446
267 478
267 516
267 360
267 559
267 594
267 513
267 343
268 272
268 277
268 278
268 279
268 280
268 281
268 283
268 428
268 561
268 408
268 314
268 557
268 293
268 389
268 456
268 539
268 458
268 584
268 435
268 305
269 270
269 271
269 276
269 278
269 279
269 281
269 283
269 284
269 448
269 297
269 384
269 424
269 548
269 324
269 518
269 358
269 556
270 274
270 275
270 276
270 277
270 283
270 284
270 285
270 484
270 500
270 389
270 479
270 577
270 553
270 312
271 274
271 276
271 280
271 282
271 284
271 286
271 401
271 389
272 274
272 275
272 276
272 277
272 281
272 283
272 285
272 286
272 287
272 361
272 485
272 327
272 462
272 295
273 276
273 279
273 280
273 283
273 397
273 425
273 368
273 434
273 349
273 330
273 339
273 326
273 465
273 274
273 316
274 275
274 277
274 279
274 280
274 282
274 284
274 285
274 286
274 287
274 289
274 452
274 472
274 541
274 376
274 338
274 459
274 391
274 473
274 478
275 276
275 279
275 280
275 281
275 284
275 288
275 289
275 570
275 308
275 486
275 595
275 340
275 577
275 350
276 278
276 279
276 281
276 286
276 289
276 290
276 561
276 553
276 573
276 283
276 473
276 363
277 279
277 281
277 284
277 285
277 286
277 289
277 532
277 477
277 451
277 428
277 392
277 589
277 468
277 599
277 517
278 279
278 281
278 283
278 284
278 288
278 289
278 292
278 293
278 308
278 388
278 535
278 295
278 521
278 299
278 414
279 280
279 281
279 283
279 284
279 285
279 287
279 288
279 289
279 290
279 294
279 412
279 298
279 425
279 429
279 504
279 481
279 526
279 344
280 281
280 283
280 284
280 285
280 286
280 288
280 292
280 293
280 294
280 295
280 341
280 553
280 519
280 588
280 517
281 287
281 290
281 291
281 292
281 294
281 295
281 296
281 557
281 538
281 335
281 537
281 474
281 445
281 511
281 375
281 441
282 284
282 285
282 286
282 290
282 292
282 294
282 295
282 296
282 459
282 596
282 379
282 522
282 484
282 487
282 388
282 404
282 472
282 577
282 523
283 288
283 289
283 293
283 294
283 295
283 296
283 297
283 298
283 552
283 510
283 587
283 585
283 414
283 323
283 474
283 494
284 286
284 290
284 295
284 296
284 299
284 464
284 454
284 404
284 320
284 375
284 452
284 356
284 506
285 286
285 287
285 288
285 289
285 290
285 291
285 293
285 296
285 297
285 298
285 300
285 429
285 448
285 319
285 314
285 525
286 289
286 290
286 292
286 293
286 295
286 298
286 299
286 300
286 489
286 432
286 408
286 385
286 511
286 593
287 289
287 292
287 295
287 297
287 298
287 300
287 301
287 387
287 335
287 547
287 403
287 453
288 290
288 291
288 292
288 298
288 300
288 302
288 303
288 579
288 472
288 492
288 458
288 366
288 383
288 577
288 545
288 411
288 556
288 328
288 414
289 290
289 293
289 295
289 298
289 300
289 303
289 511
289 583
289 395
289 378
289 500
289 410
289 582
289 370
290 297
290 298
290 300
290 301
290 303
290 575
290 562
290 507
290 315
290 373
290 347
290 501
290 415
290 466
290 389
290 424
291 293
291 294
291 296
291 297
291 302
291 303
291 304
291 305
291 459
291 566
291 531
291 544
291 559
291 323
291 312
291 572
291 387
292 293
292 297
292 299
292 300
292 303
292 306
292 307
292 318
292 563
292 348
292 447
292 595
292 310
292 499
292 388
293 295
293 296
293 298
293 299
293 300
293 303
293 307
293 308
293 378
293 452
293 573
293 492
293 465
293 453
293 317
293 567
293 322
293 412
293 464
293 489
294 295
294 296
294 299
294 301
294 303
294 304
294 305
294 308
294 309
294 536
294 433
294 347
294 440
294 510
294 434
294 394
294 596
294 312
294 384
295 297
295 299
295 300
295 301
295 302
295 304
295 305
295 306
295 308
295 309
295 565
295 379
295 298
295 508
295 351
296 297
296 300
296 304
296 305
296 306
296 416
296 334
296 381
296 425
296 369
296 485
296 529
296 397
296 551
296 316
296 358
296 389
297 298
297 304
297 305
297 306
297 307
297 312
297 512
297 596
297 323
297 501
297 420
297 588
298 300
298 302
298 307
298 310
298 312
298 582
298 399
298 450
298 401
298 462
298 448
298 384
298 459
298 339
299 305
299 306
299 308
299 310
299 312
299 313
299 399
299 594
299 505
299 368
299 561
299 342
299 463
299 440
299 473
300 301
300 304
300 305
300 306
300 310
300 516
300 405
300 505
300 475
300 414
300 316
300 384
300 572
300 534
300 566
300 398
300 370
300 491
301 302
301 304
301 305
301 306
301 309
301 310
301 311
301 314
301 588
301 429
301 574
301 559
301 330
301 373
301 516
301 591
301 586
302 303
302 305
302 309
302 310
302 312
302 316
302 422
302 551
302 424
302 355
302 549
302 486
302 485
302 488
302 514
303 307
303 308
303 310
303 311
303 312
303 313
303 314
303 317
303 532
303 353
303 304
303 451
303 540
303 563
304 307
304 308
304 309
304 310
304 312
304 318
304 538
304 454
304 395
304 582
304 459
304 355
304 466
304 365
305 309
305 310
305 311
305 312
305 314
305 315
305 316
305 317
305 318
305 583
305 575
305 360
305 560
305 517
305 325
305 490
305 425
305 531
305 467
305 553
306 310
306 312
306 313
306 317
306 318
306 319
306 501
306 382
306 572
306 384
306 419
306 469
306 342
307 309
307 311
307 313
307 314
307 316
307 317
307 318
307 320
307 385
307 368
307 595
307 442
307 337
307 388
307 502
307 466
308 309
308 310
308 311
308 312
308 316
308 318
308 320
308 390
308 380
308 387
308 540
308 480
308 335
308 416
308 555
308 382
309 311
309 312
309 313
309 314
309 317
309 318
309 319
309 320
309 323
309 370
309 534
309 365
309 466
309 350
309 400
309 326
310 314
310 316
310 320
310 322
310 323
310 325
310 526
310 427
310 566
310 413
310 493
311 312
311 313
311 315
311 317
311 318
311 321
311 322
311 323
311 324
311 495
311 589
311 488
311 334
311 402
311 518
312 314
312 315
312 317
312 318
312 320
312 321
312 322
312 324
312 325
312 326
312 568
312 357
312 534
312 441
313 316
313 317
313 320
313 325
313 328
313 463
313 493
313 508
313 449
313 518
313 466
313 345
313 404
313 349
314 315
314 322
314 325
314 327
314 329
314 338
314 373
314 486
314 496
314 400
314 433
314 380
314 413
314 464
314 451
314 446
314 379
315 317
315 318
315 319
315 323
315 324
315 325
315 326
315 357
315 543
315 394
315 526
315 483
315 399
315 521
316 318
316 320
316 321
316 324
316 328
316 329
316 330
316 528
316 543
316 465
316 518
316 511
316 564
316 445
316 440
316 598
317 321
317 324
317 329
317 332
317 504
317 413
317 444
317 407
317 483
317 507
317 426
317 319
317 491
317 555
318 319
318 320
318 321
318 323
318 324
318 325
318 326
318 329
318 330
318 333
318 482
318 446
318 546
318 593
318 473
318 563
318 382
318 400
318 575
318 522
319 321
319 322
319 324
319 325
319 327
319 328
319 330
319 333
319 334
319 543
319 581
319 350
319 406
319 583
320 321
320 322
320 324
320 325
320 329
320 331
320 333
320 494
320 375
320 516
320 543
320 332
321 322
321 325
321 329
321 331
321 333
321 334
321 335
321 372
321 377
321 392
321 404
321 599
322 324
322 325
322 326
322 327
322 329
322 330
322 331
322 334
322 359
322 323
322 476
322 382
322 391
322 440
323 325
323 326
323 327
323 328
323 331
323 332
323 333
323 335
323 336
323 429
323 574
323 533
323 531
323 523
324 326
324 327
324 328
324 332
324 334
324 336
324 337
324 338
324 406
324 351
324 529
324 566
324 443
325 326
325 329
325 331
325 333
325 334
325 336
325 337
325 338
325 455
325 403
325 366
325 434
325 548
325 440
326 329
326 330
326 331
326 332
326 333
326 337
326 340
326 403
326 351
326 581
326 387
326 504
327 328
327 329
327 332
327 333
327 337
327 339
327 340
327 342
327 410
327 405
327 558
327 440
327 581
327 585
327 456
327 345
327 536
328 329
328 330
328 331
328 334
328 335
328 336
328 338
328 339
328 341
328 343
328 586
328 399
328 462
329 330
329 331
329 332
329 333
329 334
329 335
329 339
329 347
329 498
329 497
329 469
329 397
329 547
329 490
329 415
329 405
329 546
330 331
330 332
330 333
330 334
330 335
330 336
330 337
330 340
330 341
330 342
330 344
330 345
330 564
330 385
330 573
330 404
330 361
330 380
330 418
330 565
331 334
331 335
331 336
331 337
331 341
331 598
331 418
331 431
331 339
331 403
331 452
332 337
332 339
332 340
332 341
332 342
332 344
332 346
332 347
332 566
332 493
332 488
332 427
332 440
332 408
332 506
332 556
332 401
332 599
332 376
333 334
333 339
333 340
333 341
333 342
333 343
333 344
333 346
333 451
333 483
333 513
333 518
333 551
333 401
333 527
334 335
334 336
334 338
334 339
334 340
334 341
334 344
334 347
334 349
334 418
334 374
334 480
334 527
334 404
334 593
334 421
334 594
334 479
334 456
335 336
335 339
335 343
335 346
335 349
335 350
335 469
335 567
335 518
335 430
335 363
335 460
335 369
336 343
336 346
336 347
336 348
336 349
336 350
336 351
336 416
336 410
336 590
336 583
336 415
336 420
336 513
336 567
336 451
336 535
336 412
337 339
337 341
337 343
337 344
337 345
337 347
337 348
337 349
337 350
337 351
337 542
337 550
337 483
337 502
337 499
337 358
337 354
337 377
338 340
338 343
338 346
338 349
338 351
338 353
338 480
338 506
338 552
339 342
339 343
339 344
339 346
339 347
339 349
339 350
339 354
339 397
339 527
339 394
339 461
339 373
340 342
340 343
340 344
340 345
340 346
340 348
340 349
340 351
340 353
340 355
340 488
341 344
341 345
341 347
341 350
341 351
341 352
341 354
341 355
341 452
341 441
341 598
341 500
341 407
341 483
341 431
341 574
342 345
342 346
342 347
342 350
342 352
342 353
342 354
342 356
342 428
342 547
342 474
342 588
342 574
342 504
342 432
343 344
343 346
343 347
343 348
343 349
343 350
343 354
343 355
343 357
343 544
343 524
343 439
344 345
344 346
344 349
344 350
344 351
344 352
344 355
344 574
344 573
344 539
344 572
344 436
344 538
344 561
344 354
344 449
345 347
345 350
345 351
345 357
345 359
345 360
345 410
345 371
345 544
345 462
345 494
345 563
345 496
346 347
346 348
346 350
346 353
346 356
346 357
346 359
346 360
346 361
346 586
346 518
346 520
346 475
347 349
347 351
347 355
347 359
347 597
347 565
347 500
347 527
347 554
347 568
347 598
348 350
348 351
348 355
348 356
348 359
348 361
348 450
348 598
348 367
348 428
348 494
348 508
348 467
348 477
349 352
349 354
349 355
349 356
349 362
349 443
349 374
349 415
349 575
349 423
349 360
349 371
349 495
349 397
349 561
350 352
350 353
350 355
350 356
350 360
350 364
350 465
350 526
350 426
350 386
350 454
350 393
351 352
351 355
351 357
351 358
351 359
351 360
351 361
351 363
351 366
351 406
351 515
351 487
352 354
352 355
352 356
352 359
352 360
352 361
352 362
352 365
352 366
352 510
352 384
352 436
352 385
353 355
353 356
353 358
353 359
353 363
353 364
353 367
353 368
353 417
353 541
353 579
353 451
353 577
353 469
353 511
353 544
354 357
354 358
354 359
354 362
354 364
354 365
354 366
354 589
354 584
354 504
354 363
355 357
355 358
355 360
355 361
355 362
355 363
355 364
355 365
355 367
355 368
355 495
355 546
355 488
355 374
356 359
356 360
356 362
356 363
356 364
356 365
356 370
356 371
356 485
356 563
356 421
356 420
357 362
357 365
357 367
357 368
357 369
357 372
357 488
357 477
357 407
357 508
357 471
357 548
358 359
358 360
358 367
358 368
358 369
358 372
358 373
358 551
358 416
358 562
358 366
358 524
358 545
359 361
359 365
359 366
359 368
359 369
359 370
359 372
359 505
359 555
359 581
359 447
359 575
359 417
359 580
359 479
360 362
360 363
360 364
360 365
360 368
360 369
360 370
360 373
360 410
360 578
361 362
361 364
361 365
361 366
361 367
361 368
361 369
361 370
361 372
361 374
361 375
361 376
361 419
361 457
361 373
362 365
362 368
362 370
362 373
362 374
362 375
362 376
362 377
362 518
362 401
362 466
362 487
362 481
362 367
362 595
363 364
363 365
363 367
363 368
363 369
363 370
363 371
363 373
363 376
363 377
363 378
363 429
363 394
363 537
363 423
363 566
363 405
363 512
364 365
364 366
364 371
364 374
364 466
364 506
364 463
364 457
364 488
364 445
364 586
364 525
364 475
364 393
365 366
365 367
365 368
365 371
365 372
365 374
365 379
365 469
365 592
365 448
365 591
365 479
365 504
365 545
366 370
366 371
366 376
366 380
366 538
366 506
366 568
366 548
366 529
366 439
366 399
366 387
366 507
367 369
367 370
367 371
367 376
367 377
367 379
367 380
367 381
367 591
367 595
367 455
367 383
367 571
367 587
367 567
368 369
368 375
368 378
368 381
368 382
368 383
368 428
368 410
368 582
368 384
368 442
368 472
368 467
369 370
369 371
369 372
369 374
369 377
369 379
369 381
369 384
369 399
369 570
369 449
369 576
369 454
370 372
370 373
370 374
370 376
370 378
370 380
370 382
370 383
370 384
370 432
370 454
370 584
371 372
371 373
371 374
371 378
371 380
371 382
371 385
371 386
371 528
371 487
371 478
372 373
372 375
372 377
372 378
372 383
372 386
372 387
372 462
372 415
372 407
372 423
372 510
372 498
372 562
372 439
372 543
372 584
373 376
373 377
373 379
373 381
373 432
373 397
373 431
373 440
373 393
373 507
373 494
373 565
373 579
373 442
373 380
374 378
374 379
374 381
374 382
374 383
374 384
374 385
374 386
374 388
374 531
374 431
375 376
375 377
375 378
375 379
375 382
375 383
375 385
375 386
375 490
375 381
375 589
375 496
376 378
376 379
376 380
376 381
376 382
376 383
376 385
376 386
376 388
376 389
376 391
376 479
376 478
376 539
376 553
376 484
376 438
377 379
377 380
377 384
377 390
377 392
377 498
377 447
377 552
377 480
377 521
377 582
377 464
377 544
377 465
377 485
378 381
378 385
378 386
378 387
378 390
378 391
378 555
378 464
378 559
378 534
378 404
378 475
379 380
379 381
379 383
379 385
379 388
379 389
379 390
379 391
379 392
379 393
379 394
379 571
379 440
379 413
379 452
379 537
379 552
380 382
380 383
380 384
380 387
380 389
380 390
380 395
380 530
380 460
381 382
381 386
381 388
381 389
381 390
381 391
381 395
381 396
381 497
381 383
382 385
382 388
382 389
382 393
382 395
382 397
382 530
382 449
382 495
382 493
382 545
383 384
383 385
383 387
383 388
383 391
383 392
383 393
383 394
383 468
383 427
383 505
383 471
383 514
384 385
384 388
384 389
384 391
384 396
384 397
384 398
384 399
384 434
384 494
384 448
384 547
385 386
385 387
385 388
385 395
385 396
385 397
385 399
385 400
385 413
385 481
385 593
385 441
385 463
386 388
386 389
386 390
386 395
386 396
386 400
386 401
386 443
386 502
386 411
387 389
387 391
387 392
387 395
387 396
387 397
387 398
387 400
387 521
387 543
387 531
387 570
387 535
387 525
387 528
388 393
388 396
388 401
388 403
388 406
388 476
388 571
388 561
388 544
389 390
389 397
389 398
389 399
389 402
389 583
389 436
389 561
389 597
389 565
389 575
390 394
390 399
390 401
390 402
390 404
390 549
390 429
390 540
390 483
390 414
390 466
390 427
391 392
391 393
391 394
391 396
391 397
391 398
391 399
391 400
391 402
391 403
391 404
391 406
391 484
391 590
391 425
392 393
392 395
392 396
392 397
392 399
392 403
392 404
392 405
392 407
392 423
392 570
392 498
392 428
392 460
392 493
392 576
392 567
393 394
393 395
393 397
393 398
393 401
393 402
393 407
393 408
393 489
393 449
394 395
394 398
394 401
394 402
394 437
394 434
394 576
394 585
394 457
394 527
395 396
395 397
395 400
395 402
395 410
395 467
395 491
395 501
395 550
395 401
396 397
396 398
396 399
396 400
396 401
396 402
396 403
396 405
396 406
396 407
396 408
396 409
396 524
396 575
396 541
397 398
397 400
397 402
397 404
397 405
397 406
397 407
397 512
397 462
397 458
397 476
397 594
397 464
397 593
397 463
398 400
398 402
398 403
398 404
398 405
398 407
398 409
398 410
398 413
398 459
398 591
398 595
398 556
398 426
398 499
399 401
399 407
399 409
399 411
399 445
399 498
399 437
399 588
399 574
400 401
400 402
400 404
400 405
400 406
400 408
400 410
400 411
400 413
400 414
400 517
400 577
400 565
400 465
400 536
401 402
401 403
401 405
401 406
401 409
401 410
401 412
401 413
401 414
401 469
401 530
401 426
401 486
402 404
402 405
402 406
402 407
402 408
402 409
402 410
402 413
402 414
402 416
402 495
402 448
402 581
402 542
403 405
403 406
403 408
403 409
403 410
403 413
403 416
403 470
403 565
403 518
403 590
403 421
404 405
404 406
404 407
404 408
404 409
404 410
404 414
404 415
404 417
404 418
404 419
404 589
404 579
405 406
405 407
405 410
405 413
405 417
405 419
405 420
405 571
405 503
405 533
405 567
405 422
406 410
406 414
406 415
406 417
406 418
406 420
406 483
406 529
406 479
406 505
406 594
406 532
406 512
407 415
407 417
407 420
407 421
407 561
407 521
407 511
407 468
408 409
408 411
408 412
408 413
408 417
408 419
408 420
408 422
408 423
408 509
408 459
408 497
408 548
409 410
409 412
409 413
409 416
409 419
409 421
409 422
409 423
409 424
409 568
409 505
409 547
409 579
409 444
409 516
409 482
409 436
410 413
410 417
410 418
410 423
410 424
410 425
410 503
410 472
410 507
410 497
411 413
411 414
411 418
411 420
411 422
411 423
411 426
412 413
412 414
412 415
412 417
412 418
412 419
412 420
412 422
412 423
412 424
412 425
413 414
413 415
413 416
413 417
413 418
413 422
413 424
413 425
413 426
413 427
413 574
413 501
413 597
413 508
413 419
414 416
414 418
414 420
414 423
414 424
414 425
414 426
414 427
414 593
414 507
414 527
414 415
414 540
414 587
414 453
415 417
415 418
415 419
415 422
415 423
415 424
415 427
415 428
415 430
415 440
415 558
415 485
415 556
415 511
415 596
416 420
416 421
416 422
416 423
416 424
416 425
416 429
416 430
416 542
416 507
416 484
416 426
416 554
416 454
417 418
417 421
417 423
417 424
417 425
417 427
417 429
417 432
417 461
417 572
417 505
417 542
417 541
418 420
418 421
418 423
418 424
418 427
418 428
418 429
418 430
418 431
418 432
418 504
418 505
418 589
419 420
419 421
419 423
419 426
419 427
419 428
419 431
419 444
419 447
419 599
419 563
419 541
419 545
420 422
420 424
420 425
420 427
420 430
420 431
420 432
420 503
420 578
420 477
420 444
420 513
420 597
420 443
420 551
421 423
421 426
421 427
421 429
421 430
421 433
421 478
421 492
421 596
421 457
421 576
421 586
421 496
421 544
422 423
422 425
422 427
422 428
422 430
422 432
422 433
422 587
422 443
422 469
422 438
422 542
422 532
422 540
422 588
423 424
423 425
423 426
423 427
423 429
423 430
423 432
423 433
423 434
423 437
423 489
423 466
423 487
424 425
424 426
424 427
424 433
424 436
424 437
424 438
424 439
424 465
424 549
424 493
424 547
424 519
424 525
425 426
425 429
425 430
425 432
425 434
425 436
425 437
425 438
425 440
425 557
425 534
425 433
425 515
425 489
426 427
426 432
426 433
426 438
426 578
426 524
426 495
426 491
426 540
426 455
426 486
427 428
427 429
427 431
427 432
427 433
427 436
427 437
427 438
427 440
427 524
427 515
427 502
427 592
427 580
428 434
428 435
428 436
428 437
428 438
428 439
428 440
428 443
428 496
428 572
429 431
429 433
429 442
429 443
429 444
429 463
429 480
430 431
430 432
430 438
430 440
430 445
430 548
430 503
430 517
430 487
430 491
431 434
431 437
431 445
431 446
431 495
431 514
431 579
431 439
431 577
431 494
432 440
432 441
432 442
432 443
432 444
432 446
432 550
432 474
432 452
433 434
433 436
433 439
433 443
433 445
433 446
433 447
433 568
433 585
433 493
434 438
434 440
434 442
434 444
434 445
434 446
434 447
434 448
434 449
434 576
434 457
434 527
434 592
435 436
435 438
435 441
435 442
435 444
435 445
435 446
435 447
435 449
435 450
435 451
435 505
435 584
435 562
435 534
436 438
436 440
436 441
436 446
436 449
436 450
436 522
436 530
436 517
436 526
436 594
436 558
437 440
437 441
437 443
437 445
437 446
437 448
437 452
437 462
437 491
437 529
437 533
437 593
438 440
438 441
438 443
438 444
438 445
438 446
438 447
438 448
438 449
438 453
438 540
439 442
439 443
439 444
439 448
439 450
439 452
439 453
439 487
439 514
439 562
439 541
439 455
439 481
440 443
440 448
440 449
440 451
440 452
440 453
440 513
440 544
440 526
441 442
441 443
441 444
441 445
441 446
441 447
441 452
441 455
441 555
441 590
441 585
442 444
442 445
442 447
442 448
442 450
442 453
442 455
442 457
442 538
442 475
442 511
443 444
443 451
443 453
443 455
443 458
443 572
443 592
443 483
443 545
444 445
444 447
444 451
444 452
444 453
444 454
444 455
444 456
444 575
444 570
445 447
445 448
445 450
445 451
445 452
445 455
445 458
445 459
445 460
445 561
445 463
445 597
446 447
446 449
446 450
446 451
446 452
446 457
446 461
446 475
446 556
446 507
447 448
447 450
447 451
447 456
447 457
447 459
447 461
447 498
447 561
447 495
447 563
447 465
448 450
448 451
448 454
448 457
448 463
448 518
448 510
448 566
448 507
448 511
448 546
449 450
449 451
449 458
449 464
449 574
449 496
449 511
449 576
449 486
449 564
449 457
450 454
450 458
450 459
450 460
450 461
450 462
450 463
450 464
450 465
450 507
451 453
451 456
451 457
451 459
451 460
451 465
451 508
451 513
451 501
451 581
451 474
452 457
452 459
452 460
452 462
452 464
452 562
452 471
452 533
453 455
453 463
453 464
453 468
453 510
453 504
454 456
454 459
454 460
454 461
454 462
454 524
454 533
454 509
454 522
454 523
455 458
455 459
455 460
455 463
455 464
455 465
455 466
455 469
455 576
455 479
455 493
455 563
456 458
456 459
456 460
456 461
456 462
456 463
456 465
456 469
456 470
456 471
456 562
456 509
456 590
457 458
457 459
457 460
457 461
457 464
457 467
457 469
457 470
457 471
457 475
457 545
458 460
458 463
458 464
458 468
458 469
458 471
458 472
458 571
458 567
458 544
458 480
459 460
459 461
459 462
459 463
459 464
459 467
459 470
459 471
459 474
459 496
459 575
460 461
460 462
460 464
460 465
460 467
460 469
460 472
460 474
460 541
460 485
460 483
460 525
461 465
461 467
461 469
461 470
461 471
461 473
461 475
461 476
461 496
461 531
462 463
462 469
462 473
462 475
462 476
462 574
462 480
462 513
462 547
462 566
462 543
462 487
463 470
463 471
463 473
463 474
463 475
463 476
463 478
463 503
463 561
463 504
463 541
464 465
464 466
464 469
464 470
464 472
464 473
464 474
464 475
464 477
464 576
465 468
465 472
465 474
465 475
465 476
465 477
465 478
465 480
465 590
465 484
466 470
466 471
466 472
466 473
466 475
466 477
466 480
466 560
466 531
466 573
466 501
466 550
466 528
467 469
467 471
467 472
467 473
467 475
467 478
467 479
467 481
467 551
467 593
467 560
468 469
468 470
468 471
468 472
468 474
468 475
468 476
468 481
468 483
468 585
468 551
468 563
469 470
469 471
469 474
469 475
469 478
469 480
469 518
469 560
469 546
469 588
470 472
470 474
470 475
470 476
470 477
470 479
470 483
470 485
470 582
470 549
471 473
471 474
471 475
471 476
471 478
471 479
471 480
471 481
471 484
471 485
471 493
471 593
472 475
472 476
472 477
472 483
472 484
472 486
472 493
472 529
472 506
472 517
473 475
473 476
473 477
473 478
473 480
473 482
473 483
473 484
473 486
473 597
473 508
473 530
474 477
474 478
474 480
474 483
474 557
474 598
475 476
475 477
475 483
475 485
475 596
475 566
475 581
476 477
476 478
476 479
476 483
476 485
476 490
477 482
477 484
477 491
477 492
477 525
477 532
477 599
477 494
478 479
478 481
478 484
478 485
478 486
478 491
478 492
478 555
478 547
478 538
479 484
479 486
479 487
479 488
479 490
479 494
479 506
479 497
479 530
479 559
480 482
480 485
480 486
480 488
480 489
480 490
480 491
480 492
480 493
480 494
480 495
480 565
481 482
481 483
481 484
481 487
481 488
481 490
481 492
481 493
481 495
481 502
481 563
481 569
481 598
481 592
482 484
482 485
482 488
482 490
482 491
482 492
482 494
482 496
482 497
482 560
482 506
482 558
482 487
482 586
482 575
482 495
483 484
483 486
483 488
483 489
483 490
483 491
483 497
484 490
484 492
484 493
484 494
484 495
484 498
484 598
484 567
484 552
485 486
485 487
485 491
485 495
485 500
485 560
486 489
486 491
486 492
486 493
486 495
486 496
486 497
486 501
487 489
487 490
487 491
487 493
487 498
487 499
487 501
487 502
487 550
488 490
488 491
488 492
488 493
488 494
488 495
488 498
488 500
488 501
488 592
488 567
488 587
489 490
489 496
489 497
489 499
489 500
489 501
489 502
489 503
489 560
489 547
489 564
489 541
490 495
490 499
490 500
490 501
490 502
490 503
490 504
490 564
490 592
491 497
491 498
491 501
491 503
492 493
492 497
492 499
492 501
492 502
492 503
492 504
492 507
492 528
492 532
492 553
492 512
493 499
493 502
493 504
493 505
493 549
493 559
493 567
494 495
494 496
494 499
494 500
494 501
494 505
494 506
494 587
494 533
494 535
495 498
495 499
495 500
495 504
495 505
495 506
495 537
495 556
496 497
496 498
496 500
496 501
496 502
496 503
496 505
496 506
496 532
496 539
497 498
497 503
497 504
497 509
497 512
497 528
497 517
497 583
498 502
498 507
498 509
498 512
498 546
498 563
498 572
498 531
499 500
499 501
499 502
499 509
499 510
499 511
499 512
499 513
499 514
499 561
499 546
500 502
500 503
500 506
500 507
500 508
500 511
500 512
500 513
500 514
500 515
500 578
500 551
500 537
500 525
501 503
501 505
501 508
501 510
501 512
501 513
501 515
501 516
501 597
501 575
501 535
502 504
502 505
502 507
502 508
502 509
502 510
502 511
502 512
502 515
502 517
502 549
502 573
502 599
502 598
503 504
503 508
503 509
503 510
503 511
503 513
503 515
503 516
503 518
503 521
504 505
504 506
504 507
504 508
504 512
504 513
504 515
504 519
504 524
504 572
504 532
505 507
505 510
505 512
505 514
505 518
505 519
505 520
505 537
505 570
505 582
506 508
506 510
506 512
506 514
506 515
506 516
506 517
506 518
506 521
506 569
507 512
507 513
507 514
507 516
507 522
507 539
508 511
508 512
508 513
508 514
508 515
508 516
508 519
508 523
508 545
509 510
509 511
509 513
509 515
509 517
509 518
509 522
509 523
509 543
509 593
509 553
509 578
510 511
510 512
510 513
510 514
510 516
510 545
510 539
510 541
511 513
511 515
511 522
511 524
511 527
512 514
512 516
512 518
512 520
512 522
512 524
512 572
512 591
513 515
513 516
513 519
513 525
513 547
514 517
514 518
514 519
514 520
514 521
514 522
514 524
514 525
514 527
514 557
514 543
515 521
515 522
515 523
515 524
515 526
515 527
515 528
515 529
515 583
516 519
516 522
516 527
516 529
516 530
516 540
516 546
516 543
516 585
517 520
517 523
517 526
517 528
517 532
517 536
517 570
517 535
518 519
518 520
518 521
518 523
518 526
518 527
518 531
518 532
518 586
519 520
519 524
519 525
519 527
519 530
519 532
519 533
519 546
519 590
519 576
520 521
520 522
520 523
520 527
520 528
520 529
520 531
520 533
520 535
520 582
520 597
521 523
521 524
521 528
521 531
521 534
521 548
521 541
521 554
521 598
522 523
522 526
522 528
522 529
522 530
522 531
522 533
522 535
522 570
522 566
522 585
523 524
523 525
523 526
523 528
523 529
523 532
523 533
523 534
523 537
523 538
523 574
524 526
524 529
524 531
524 532
524 533
524 534
524 535
524 538
524 539
525 526
525 527
525 528
525 530
525 533
525 536
525 537
525 540
525 553
526 527
526 528
526 529
526 531
526 536
526 577
526 533
527 528
527 531
527 532
527 538
527 539
527 540
527 541
527 537
528 530
528 531
528 532
528 534
528 535
528 537
528 540
528 542
528 569
528 553
528 544
529 530
529 531
529 533
529 536
529 537
529 539
529 541
529 542
529 544
529 576
529 587
530 531
530 533
530 535
530 536
530 537
530 538
530 541
530 542
530 543
530 582
531 533
531 534
531 535
531 539
531 540
531 544
531 545
531 584
531 592
532 533
532 534
532 535
532 536
532 538
532 539
532 540
532 541
532 542
532 545
532 546
533 534
533 535
533 536
533 537
533 539
533 542
533 544
533 563
534 535
534 538
534 541
534 543
534 546
534 547
534 548
534 549
534 551
534 599
535 536
535 539
535 540
535 541
535 542
535 543
535 545
535 549
536 540
536 543
536 544
536 545
536 546
536 548
536 549
536 551
537 538
537 540
537 541
537 543
537 544
537 546
537 547
537 550
537 578
537 583
537 591
538 541
538 543
538 544
538 545
538 546
538 547
538 548
538 552
538 553
538 597
539 540
539 541
539 543
539 544
539 549
539 550
539 551
539 552
539 554
539 563
540 541
540 542
540 543
540 544
540 545
540 546
540 547
540 548
540 549
540 551
540 552
540 554
541 543
541 546
541 547
541 553
541 555
541 556
541 594
541 596
542 544
542 547
542 550
542 551
542 552
542 553
542 555
542 556
542 557
543 545
543 546
543 549
543 552
543 554
543 557
543 558
543 595
543 578
544 547
544 548
544 549
544 551
544 552
544 556
544 557
544 577
545 546
545 547
545 548
545 549
545 551
545 553
545 563
546 548
546 551
546 555
546 557
546 558
546 559
546 598
547 548
547 550
547 554
547 555
547 556
547 558
547 560
547 562
547 578
548 550
548 551
548 554
548 555
548 557
548 559
548 560
548 561
548 582
548 553
548 596
548 570
549 550
549 551
549 552
549 554
549 556
549 559
549 563
549 564
549 570
549 588
550 551
550 553
550 554
550 555
550 557
550 558
550 559
550 560
550 562
550 565
550 572
550 573
551 555
551 558
551 559
551 560
551 561
551 566
552 554
552 555
552 556
552 558
552 559
552 562
552 563
553 555
553 557
553 560
553 563
553 564
553 566
553 567
553 573
553 577
554 555
554 558
554 559
554 560
554 562
554 563
554 564
554 565
554 567
554 569
555 557
555 558
555 559
555 562
555 563
555 565
555 566
555 567
555 568
555 570
555 577
556 557
556 558
556 559
556 560
556 561
556 562
556 563
556 564
556 567
556 568
556 570
556 577
557 559
557 561
557 562
557 563
557 564
557 565
557 566
557 567
557 568
557 569
557 570
557 571
558 559
558 560
558 562
558 564
558 565
558 569
558 570
558 571
558 596
558 574
559 561
559 564
559 569
559 570
559 571
559 572
559 573
559 574
560 562
560 565
560 568
560 571
560 573
560 574
560 575
561 563
561 564
561 565
561 568
561 570
561 571
561 573
561 575
561 576
562 563
562 564
562 567
562 569
562 572
562 574
562 576
562 577
563 564
563 565
563 569
563 571
563 576
563 577
563 599
563 585
564 565
564 569
564 570
564 571
564 574
564 575
564 578
564 579
564 583
564 589
565 568
565 569
565 571
565 572
565 573
565 574
565 575
565 578
565 579
565 582
566 568
566 570
566 571
566 572
566 573
566 575
566 576
566 577
566 579
566 567
566 574
567 569
567 570
567 576
567 577
567 582
567 594
568 569
568 570
568 571
568 574
568 576
568 577
568 579
568 580
568 581
568 583
569 570
569 574
569 576
569 578
569 579
569 580
569 581
569 582
569 583
569 584
570 574
570 576
570 580
570 581
571 572
571 573
571 577
571 578
571 579
571 581
571 583
571 584
571 586
572 575
572 578
572 581
572 583
572 584
572 586
572 587
573 576
573 579
573 582
573 583
573 585
573 588
573 593
574 579
574 583
574 585
574 586
574 588
575 577
575 583
575 584
575 585
575 587
575 588
575 595
576 577
576 579
576 580
576 581
576 582
576 585
576 587
576 589
576 590
576 591
577 578
577 583
577 585
577 589
577 590
577 591
577 592
577 596
578 584
578 587
578 588
578 591
578 592
579 580
579 581
579 582
579 583
579 587
579 588
579 589
580 583
580 584
580 585
580 586
580 589
580 590
580 591
580 592
580 594
580 595
581 584
581 592
581 593
581 595
582 594
582 595
582 597
583 584
583 585
583 587
583 590
583 592
583 594
583 595
583 596
584 585
584 588
584 590
584 593
584 594
584 596
584 597
584 599
584 586
585 586
585 588
585 589
585 592
585 595
585 596
585 598
585 599
586 587
586 591
586 592
586 593
586 594
586 596
586 598
587 589
587 590
587 592
587 597
587 598
587 599
588 589
588 590
588 591
588 592
588 595
588 598
589 590
589 591
589 595
589 596
590 591
590 593
590 594
590 595
590 596
590 597
591 593
591 594
591 595
591 597
591 599
592 593
592 594
592 597
592 598
592 599
593 595
593 597
594 595
594 596
594 597
594 598
594 599
596 597
596 599
598 599