0 1
0 399
0 398
0 3
0 397
0 4
0 395
0 394
0 393
0 8
0 390
0 388
0 13
0 387
0 386
0 307
0 163
0 308
0 335
0 17
0 2
0 374
0 89
0 328
0 196
0 27
0 26
0 172
0 360
0 284
1 2
1 4
1 398
1 397
1 393
1 392
1 391
1 12
1 390
1 13
1 388
1 15
1 386
1 315
1 336
1 260
1 349
1 27
1 20
1 124
1 268
1 399
1 263
1 153
1 371
1 45
1 313
1 306
1 128
1 44
1 155
2 3
2 4
2 399
2 6
2 7
2 395
2 10
2 11
2 392
2 391
2 14
2 15
2 16
2 104
2 277
2 148
2 43
2 166
2 189
2 362
2 132
2 333
2 106
2 299
2 86
2 241
2 373
2 41
2 42
3 8
3 398
3 9
3 11
3 394
3 13
3 393
3 391
3 17
3 18
3 104
3 26
3 115
3 267
3 62
3 161
3 355
3 168
3 216
3 111
3 112
3 147
3 280
3 102
4 7
4 10
4 11
4 12
4 14
4 394
4 393
4 16
4 392
4 17
4 391
4 18
4 390
4 19
4 389
4 374
4 382
4 57
4 62
4 29
4 102
4 145
4 71
4 333
4 139
4 323
4 36
4 206
4 319
4 60
4 209
4 177
5 6
5 7
5 8
5 9
5 10
5 11
5 13
5 14
5 396
5 395
5 16
5 18
5 392
5 391
5 390
5 281
5 342
5 168
5 76
5 177
5 186
5 290
5 375
5 82
5 259
5 192
5 388
6 8
6 9
6 10
6 13
6 399
6 398
6 397
6 394
6 19
6 391
6 22
6 145
6 118
6 168
6 92
6 11
6 174
6 326
6 286
6 198
6 343
6 177
6 235
6 358
6 137
6 271
6 383
6 95
7 8
7 9
7 10
7 11
7 13
7 14
7 399
7 397
7 18
7 19
7 394
7 21
7 393
7 78
7 210
7 232
7 52
7 194
7 233
7 141
7 299
7 123
7 66
7 90
7 92
7 117
7 142
7 329
7 239
7 327
8 10
8 11
8 15
8 16
8 17
8 399
8 18
8 398
8 19
8 397
8 20
8 396
8 21
8 395
8 23
8 393
8 100
8 50
8 356
8 353
8 377
8 136
8 380
8 208
8 75
8 109
8 282
8 147
8 341
8 134
9 11
9 13
9 14
9 15
9 19
9 21
9 396
9 23
9 395
9 394
9 367
9 94
9 159
9 121
9 182
9 268
9 109
9 347
9 320
9 205
9 183
9 384
9 81
9 39
9 131
10 11
10 12
10 13
10 14
10 15
10 16
10 17
10 19
10 21
10 23
10 24
10 396
10 25
10 236
10 29
10 133
10 228
10 320
10 161
10 61
10 52
10 219
10 290
11 12
11 16
11 17
11 18
11 19
11 20
11 23
11 24
11 398
11 25
11 397
11 396
11 114
11 118
11 297
11 211
11 202
11 263
11 236
11 177
11 166
11 301
11 104
11 30
11 134
11 98
11 288
12 13
12 14
12 15
12 17
12 19
12 20
12 21
12 25
12 398
12 397
12 207
12 48
12 233
12 122
12 38
12 79
12 158
12 225
12 163
12 310
12 354
12 161
12 96
13 17
13 22
13 23
13 26
13 28
13 110
13 76
13 377
13 233
13 122
13 32
13 353
13 358
13 281
13 342
13 285
13 66
13 98
13 33
13 270
13 232
13 121
13 392
14 15
14 17
14 21
14 28
14 29
14 399
14 190
14 119
14 393
14 307
14 263
14 173
14 237
14 370
14 309
14 150
14 338
14 262
14 252
14 61
14 148
14 256
15 18
15 19
15 20
15 23
15 26
15 27
15 29
15 30
15 288
15 327
15 65
15 394
15 303
15 331
15 259
15 345
15 70
15 72
15 346
15 159
15 249
15 349
15 21
16 22
16 23
16 25
16 27
16 28
16 29
16 103
16 237
16 230
16 112
16 62
16 87
16 365
16 128
16 302
16 253
16 371
16 340
16 310
16 64
16 363
17 18
17 20
17 22
17 24
17 25
17 26
17 27
17 29
17 30
17 212
17 168
17 53
17 206
17 253
17 348
17 309
17 205
17 320
17 247
17 260
17 322
17 368
17 70
17 82
17 296
17 334
17 287
17 288
17 339
17 183
17 279
18 19
18 22
18 23
18 24
18 25
18 30
18 31
18 32
18 33
18 248
18 45
18 283
18 351
18 264
18 303
18 244
18 48
18 201
18 317
18 42
18 374
19 27
19 29
19 33
19 34
19 195
19 101
19 283
19 151
19 379
19 65
19 240
19 287
19 144
19 232
19 107
19 328
19 185
19 392
19 125
19 372
19 95
19 355
19 177
19 31
20 22
20 23
20 24
20 25
20 29
20 30
20 31
20 34
20 362
20 50
20 302
20 361
20 382
20 144
20 357
20 153
20 294
20 39
20 94
20 271
20 257
21 22
21 24
21 27
21 28
21 29
21 33
21 267
21 386
21 121
21 75
21 268
21 258
21 283
21 225
21 314
21 199
21 191
21 146
21 178
21 80
21 132
22 23
22 24
22 25
22 26
22 29
22 31
22 34
22 36
22 293
22 78
22 165
22 354
22 65
22 358
22 226
22 149
22 168
22 326
22 54
22 109
22 345
22 351
22 365
22 336
22 384
22 264
23 26
23 31
23 32
23 33
23 37
23 399
23 218
23 122
23 280
23 293
23 255
23 260
23 136
23 100
23 351
23 208
23 234
23 215
23 76
23 350
24 28
24 29
24 30
24 31
24 32
24 34
24 35
24 36
24 38
24 39
24 312
24 210
24 73
24 122
24 92
24 75
24 211
24 103
24 200
24 258
25 26
25 28
25 30
25 33
25 34
25 35
25 36
25 37
25 39
25 40
25 237
25 74
25 307
25 181
25 349
25 370
25 230
25 61
25 243
25 170
26 28
26 29
26 31
26 32
26 34
26 36
26 37
26 38
26 40
26 41
26 204
26 294
26 386
26 45
26 162
26 356
26 118
26 75
26 376
26 80
26 117
27 29
27 30
27 33
27 34
27 35
27 36
27 37
27 38
27 39
27 41
27 42
27 353
27 184
27 399
27 175
27 183
27 167
27 227
28 29
28 31
28 34
28 36
28 37
28 38
28 39
28 144
28 161
28 258
28 172
28 251
28 320
28 262
28 357
28 388
28 76
28 175
28 246
28 48
28 324
28 117
28 181
28 373
29 36
29 40
29 42
29 43
29 44
29 57
29 391
29 197
29 203
29 243
29 278
29 382
29 274
29 134
29 209
29 128
29 34
29 337
29 376
29 286
29 55
29 247
30 31
30 33
30 35
30 37
30 39
30 40
30 41
30 42
30 43
30 44
30 45
30 132
30 75
30 384
30 219
30 94
30 46
30 52
30 197
30 346
31 32
31 33
31 38
31 42
31 46
31 148
31 268
31 299
31 368
31 386
31 315
31 330
31 182
31 92
31 68
31 53
31 350
31 205
31 172
31 266
31 262
31 302
32 33
32 37
32 40
32 42
32 43
32 45
32 46
32 47
32 103
32 378
32 78
32 89
32 123
32 250
32 374
32 308
32 386
32 269
32 327
32 239
33 34
33 35
33 37
33 38
33 42
33 44
33 48
33 58
33 76
33 103
33 192
33 98
33 198
33 234
33 336
33 279
33 316
33 125
33 312
33 129
33 210
33 371
34 35
34 36
34 39
34 40
34 41
34 42
34 43
34 46
34 47
34 270
34 347
34 58
34 192
34 188
34 290
34 350
34 377
34 63
34 344
34 115
34 209
34 165
34 91
34 298
35 37
35 38
35 39
35 42
35 43
35 45
35 48
35 49
35 311
35 322
35 170
35 394
35 338
35 356
35 292
35 135
35 305
35 52
35 196
35 57
35 299
35 72
35 159
35 331
35 381
36 44
36 45
36 46
36 47
36 48
36 49
36 50
36 51
36 105
36 342
36 395
36 308
36 266
36 294
36 161
36 58
36 199
36 115
36 296
37 39
37 40
37 42
37 48
37 49
37 249
37 367
37 75
37 253
37 381
37 278
37 298
37 217
37 289
37 81
37 251
37 193
37 59
37 270
37 110
37 225
37 319
37 327
37 99
37 237
38 40
38 42
38 43
38 44
38 47
38 48
38 50
38 51
38 204
38 172
38 277
38 182
38 324
38 155
38 312
38 256
38 190
38 287
38 330
38 365
38 363
38 90
39 40
39 47
39 48
39 50
39 51
39 315
39 286
39 217
39 218
39 241
39 356
39 227
39 313
39 120
39 252
39 215
39 374
39 190
39 399
39 78
39 236
40 41
40 42
40 43
40 44
40 48
40 49
40 50
40 52
40 53
40 268
40 207
40 367
40 83
40 172
40 325
40 252
40 65
40 321
40 73
40 86
41 43
41 44
41 45
41 47
41 52
41 182
41 217
41 246
41 225
41 320
41 117
41 265
41 172
41 295
41 268
41 158
41 162
41 359
41 118
41 163
41 284
41 367
41 339
41 358
42 44
42 46
42 47
42 48
42 52
42 53
42 54
42 55
42 173
42 281
42 380
42 339
42 101
42 317
42 244
42 350
42 254
42 119
42 192
42 345
43 46
43 49
43 50
43 51
43 53
43 54
43 55
43 56
43 58
43 74
43 192
43 376
43 66
43 73
43 206
43 393
43 395
43 101
43 267
43 374
43 356
44 45
44 48
44 49
44 53
44 55
44 57
44 153
44 118
44 377
44 102
44 196
44 295
44 348
44 324
44 351
44 321
44 76
44 120
44 193
44 176
44 73
45 47
45 48
45 50
45 52
45 53
45 55
45 59
45 60
45 90
45 124
45 205
45 224
45 368
45 96
45 302
45 365
45 92
45 215
45 315
46 47
46 50
46 51
46 52
46 53
46 55
46 57
46 60
46 61
46 129
46 153
46 148
46 194
46 225
46 289
46 247
46 166
46 234
46 304
46 138
46 143
46 266
46 147
47 48
47 51
47 52
47 55
47 56
47 57
47 59
47 62
47 283
47 329
47 378
47 380
47 129
47 274
47 229
47 212
47 297
47 288
47 368
47 340
47 330
47 149
47 282
48 49
48 50
48 52
48 53
48 54
48 55
48 63
48 95
48 216
48 322
48 250
48 265
48 259
48 260
48 347
48 377
48 309
48 149
48 297
49 50
49 52
49 57
49 58
49 59
49 61
49 62
49 63
49 64
49 234
49 280
49 209
49 265
49 330
49 269
49 320
49 86
49 72
49 92
49 180
49 229
50 53
50 58
50 60
50 62
50 63
50 154
50 313
50 265
50 212
50 396
50 112
50 188
50 377
50 117
50 261
50 121
50 230
50 114
50 308
51 53
51 55
51 56
51 57
51 61
51 63
51 64
51 66
51 399
51 52
51 82
51 251
51 360
51 299
51 157
51 351
51 158
51 384
51 180
52 53
52 54
52 55
52 57
52 59
52 63
52 64
52 66
52 67
52 190
52 226
52 324
52 233
52 337
52 287
52 276
52 106
52 273
52 312
52 73
52 309
52 132
53 60
53 61
53 63
53 64
53 65
53 67
53 379
53 142
53 175
53 172
53 281
53 259
53 319
53 211
53 241
53 290
53 261
53 242
54 56
54 57
54 58
54 67
54 69
54 270
54 214
54 275
54 242
54 115
54 222
54 267
54 391
54 217
54 248
54 159
54 172
54 232
54 250
54 276
54 95
55 56
55 60
55 61
55 63
55 66
55 70
55 335
55 346
55 223
55 79
55 333
55 117
55 343
55 220
55 169
55 148
55 134
55 112
55 182
55 304
56 60
56 62
56 64
56 66
56 67
56 68
56 69
56 70
56 71
56 241
56 319
56 94
56 310
56 322
56 218
56 206
56 348
56 399
56 227
57 59
57 60
57 62
57 64
57 65
57 66
57 67
57 69
57 71
57 72
57 372
57 93
57 167
57 350
57 132
57 281
57 262
57 183
57 171
57 298
57 115
58 60
58 61
58 62
58 65
58 67
58 68
58 70
58 71
58 72
58 81
58 292
58 267
58 127
58 217
58 315
58 185
58 328
58 335
58 79
58 136
58 351
59 62
59 63
59 66
59 67
59 69
59 70
59 73
59 74
59 234
59 121
59 313
59 85
59 381
59 226
59 289
59 335
59 78
59 299
59 64
59 71
59 362
60 62
60 63
60 64
60 67
60 68
60 70
60 71
60 352
60 220
60 126
60 297
60 296
60 180
60 134
60 209
60 91
60 163
60 392
61 63
61 65
61 66
61 67
61 68
61 69
61 70
61 71
61 74
61 380
61 99
61 121
61 319
61 79
61 309
61 341
61 169
61 185
61 347
61 346
61 97
61 304
61 135
62 66
62 67
62 68
62 70
62 71
62 72
62 73
62 74
62 77
62 348
62 178
62 274
62 258
62 378
62 368
62 226
62 200
62 372
62 214
62 136
62 352
63 64
63 69
63 71
63 72
63 75
63 76
63 77
63 78
63 327
63 300
63 287
63 382
63 172
63 141
63 249
63 229
63 354
63 202
64 65
64 67
64 68
64 69
64 72
64 74
64 75
64 76
64 78
64 79
64 98
64 301
64 231
64 275
64 96
64 133
64 95
64 173
64 253
64 251
64 189
64 333
65 66
65 67
65 73
65 78
65 187
65 359
65 233
65 106
65 199
65 154
65 282
65 279
65 161
65 97
65 128
65 141
65 277
65 164
65 177
65 124
65 158
65 303
65 376
66 68
66 70
66 71
66 73
66 74
66 255
66 247
66 115
66 187
66 107
66 93
66 315
66 370
66 237
66 297
66 212
66 100
66 246
66 76
67 68
67 69
67 72
67 73
67 74
67 75
67 77
67 78
67 79
67 81
67 315
67 262
67 149
67 160
67 181
67 331
67 327
67 156
67 383
67 232
67 323
68 70
68 72
68 74
68 78
68 79
68 80
68 285
68 112
68 165
68 202
68 384
68 248
68 71
68 172
68 341
68 166
68 395
68 195
68 371
68 318
68 101
69 70
69 73
69 74
69 75
69 76
69 77
69 78
69 80
69 81
69 190
69 359
69 321
69 96
69 143
69 374
69 311
69 133
69 317
69 261
69 192
69 155
69 88
69 223
69 266
69 254
69 273
70 72
70 73
70 79
70 81
70 82
70 376
70 170
70 173
70 367
70 299
70 214
70 396
70 189
70 135
70 97
70 109
70 354
70 282
70 303
71 73
71 75
71 77
71 82
71 84
71 86
71 307
71 302
71 202
71 228
71 333
71 280
71 76
71 312
71 244
71 191
71 285
72 75
72 78
72 79
72 80
72 83
72 85
72 87
72 313
72 121
72 102
72 113
72 270
72 172
72 88
72 339
73 76
73 78
73 81
73 83
73 84
73 85
73 87
73 159
73 108
73 319
73 389
73 285
73 95
73 398
73 180
73 224
73 385
74 75
74 77
74 79
74 80
74 84
74 85
74 86
74 239
74 377
74 330
74 136
74 280
74 151
74 175
74 273
74 353
74 351
74 398
74 140
74 324
74 146
75 76
75 84
75 87
75 88
75 90
75 145
75 366
75 119
75 258
75 277
75 398
75 272
75 187
75 238
75 344
75 279
76 81
76 83
76 85
76 88
76 219
76 370
76 218
76 126
76 137
76 187
76 257
76 125
76 294
76 214
76 212
76 229
76 354
76 167
76 223
77 79
77 83
77 85
77 89
77 90
77 92
77 361
77 285
77 305
77 150
77 370
77 98
77 206
77 288
77 170
77 324
77 357
77 185
77 149
78 86
78 87
78 91
78 93
78 328
78 339
78 380
78 203
78 394
78 108
78 334
78 82
78 270
78 398
78 127
78 159
78 228
79 81
79 85
79 86
79 89
79 92
79 93
79 94
79 182
79 184
79 162
79 218
79 397
79 364
79 135
79 123
79 263
79 295
79 297
79 83
79 320
79 175
79 215
79 209
79 235
79 374
80 81
80 82
80 84
80 85
80 88
80 90
80 92
80 93
80 94
80 95
80 162
80 398
80 110
80 324
80 346
80 365
80 118
80 159
80 262
81 83
81 84
81 87
81 88
81 91
81 92
81 93
81 94
81 95
81 353
81 394
81 127
81 211
81 226
81 170
81 316
81 204
81 324
82 83
82 84
82 87
82 90
82 92
82 93
82 97
82 233
82 327
82 232
82 337
82 292
82 225
82 315
82 200
82 119
82 269
82 114
83 85
83 86
83 88
83 89
83 90
83 91
83 93
83 97
83 350
83 169
83 266
83 282
83 106
83 334
83 377
83 380
83 203
83 133
83 130
83 258
84 85
84 86
84 87
84 88
84 89
84 91
84 93
84 94
84 95
84 96
84 98
84 273
84 266
84 274
84 334
84 184
84 197
84 294
84 389
84 122
84 143
84 195
84 199
84 90
85 86
85 91
85 94
85 97
85 98
85 99
85 100
85 377
85 129
85 114
85 245
85 119
85 225
85 380
85 158
85 371
85 369
85 382
85 336
85 96
85 140
85 374
86 87
86 89
86 90
86 92
86 93
86 95
86 98
86 99
86 185
86 358
86 192
86 164
86 176
86 234
86 198
86 219
86 155
86 255
86 146
86 124
86 332
86 241
87 88
87 89
87 93
87 94
87 95
87 97
87 101
87 264
87 308
87 166
87 149
87 209
87 397
87 307
87 132
87 174
87 243
87 380
87 173
87 113
88 90
88 92
88 93
88 97
88 99
88 100
88 102
88 173
88 223
88 315
88 319
88 300
88 351
88 143
88 204
88 196
88 231
88 334
88 226
89 91
89 92
89 94
89 95
89 96
89 97
89 98
89 99
89 100
89 101
89 103
89 104
89 333
89 142
89 267
89 275
89 295
89 207
89 131
89 232
89 90
89 206
90 92
90 93
90 94
90 97
90 98
90 102
90 103
90 104
90 105
90 299
90 265
90 213
90 205
90 251
90 290
90 371
90 354
90 116
91 93
91 95
91 96
91 101
91 236
91 112
91 369
91 339
91 314
91 166
91 340
91 92
91 121
91 202
91 204
91 306
91 310
92 96
92 98
92 101
92 103
92 105
92 107
92 381
92 390
92 135
92 375
92 343
92 226
92 235
92 225
92 398
92 380
92 125
93 98
93 99
93 100
93 102
93 103
93 105
93 106
93 107
93 271
93 393
93 205
93 385
93 193
93 173
93 245
93 94
93 333
93 96
93 241
93 207
94 96
94 97
94 106
94 108
94 109
94 198
94 341
94 248
94 343
94 227
94 168
94 302
94 216
94 245
94 304
95 96
95 97
95 100
95 101
95 104
95 107
95 108
95 110
95 366
95 381
95 347
95 144
95 310
95 372
95 195
95 185
95 354
95 290
95 258
96 97
96 102
96 103
96 105
96 109
96 204
96 147
96 276
96 320
96 166
96 321
96 358
96 373
96 99
96 157
96 273
96 371
97 99
97 101
97 102
97 104
97 105
97 106
97 107
97 109
97 263
97 358
97 266
97 299
97 181
97 265
97 117
97 348
97 197
97 171
97 342
98 99
98 101
98 102
98 108
98 223
98 316
98 352
98 145
98 226
98 388
98 362
98 206
98 270
98 121
98 186
98 165
98 153
98 298
98 397
99 100
99 102
99 103
99 106
99 107
99 109
99 113
99 188
99 266
99 165
99 318
99 128
99 117
99 214
99 382
99 347
100 103
100 104
100 105
100 108
100 110
100 111
100 114
100 115
100 164
100 242
100 311
100 376
100 122
100 255
100 134
100 204
100 182
100 235
100 352
100 305
101 103
101 105
101 109
101 110
101 112
101 113
101 300
101 145
101 263
101 171
101 350
101 298
101 333
101 371
101 149
101 181
101 328
101 216
101 142
102 103
102 105
102 107
102 108
102 110
102 111
102 114
102 115
102 117
102 238
102 186
102 185
102 315
102 360
102 170
102 148
102 104
102 210
103 106
103 107
103 109
103 111
103 112
103 113
103 116
103 118
103 252
103 371
103 328
103 324
103 334
103 377
103 149
104 107
104 108
104 109
104 110
104 112
104 113
104 116
104 118
104 119
104 151
104 130
104 178
104 125
104 331
104 232
104 127
104 201
104 286
104 279
104 324
104 322
105 107
105 108
105 110
105 112
105 113
105 114
105 115
105 117
105 118
105 120
105 267
105 200
105 257
105 179
105 337
105 298
105 186
105 236
105 245
105 161
106 107
106 109
106 110
106 112
106 116
106 118
106 119
106 324
106 311
106 337
106 244
106 259
106 334
106 300
106 198
106 175
106 329
107 108
107 109
107 110
107 111
107 112
107 114
107 115
107 116
107 119
107 341
107 382
107 199
107 130
107 151
107 335
107 259
107 323
107 357
107 289
107 328
107 263
108 109
108 110
108 112
108 113
108 114
108 116
108 121
108 122
108 259
108 218
108 178
108 115
108 243
108 370
108 269
108 230
108 194
108 207
108 176
109 110
109 117
109 118
109 121
109 122
109 123
109 124
109 250
109 326
109 329
109 378
109 357
109 330
109 257
109 309
109 145
109 380
109 205
109 293
109 202
109 365
110 115
110 117
110 118
110 119
110 121
110 122
110 124
110 314
110 368
110 311
110 178
110 340
110 145
110 384
110 377
110 231
110 182
111 112
111 114
111 115
111 116
111 117
111 118
111 119
111 121
111 124
111 382
111 317
111 172
111 161
111 356
111 298
111 332
111 345
111 301
111 343
111 249
111 264
111 181
111 274
112 116
112 120
112 122
112 123
112 124
112 126
112 285
112 286
112 131
112 187
112 305
112 371
112 309
112 154
112 260
112 339
112 295
113 114
113 115
113 118
113 119
113 122
113 124
113 125
113 127
113 128
113 228
113 333
113 329
113 147
113 192
113 247
113 303
113 364
113 216
113 229
114 117
114 118
114 119
114 120
114 122
114 123
114 124
114 125
114 299
114 170
114 394
114 273
114 187
114 167
114 132
115 117
115 120
115 121
115 122
115 125
115 261
115 293
115 314
115 140
115 336
115 220
115 143
115 128
116 118
116 119
116 121
116 122
116 123
116 124
116 125
116 127
116 128
116 129
116 341
116 385
116 348
116 263
116 163
116 242
116 137
116 333
116 208
116 295
116 292
117 118
117 121
117 123
117 124
117 125
117 130
117 131
117 229
117 155
117 357
117 187
117 384
117 363
117 327
117 289
117 153
117 188
117 176
117 134
118 121
118 124
118 125
118 126
118 128
118 129
118 132
118 164
118 332
118 163
118 353
118 169
118 335
118 305
118 316
119 121
119 122
119 123
119 128
119 222
119 389
119 351
119 196
119 161
119 232
119 172
119 143
119 188
119 137
119 183
120 121
120 122
120 123
120 125
120 126
120 128
120 129
120 130
120 131
120 134
120 135
120 147
120 313
120 342
120 265
120 358
120 223
120 299
120 300
121 123
121 125
121 130
121 131
121 133
121 136
121 284
121 310
121 315
121 289
121 294
121 170
121 236
121 162
121 215
122 126
122 129
122 131
122 132
122 133
122 134
122 308
122 286
122 303
122 309
122 252
122 234
122 328
122 143
122 191
122 231
122 154
122 393
122 370
122 150
122 135
123 128
123 129
123 132
123 134
123 135
123 136
123 138
123 327
123 250
123 159
123 291
123 189
123 247
123 335
123 157
123 362
123 161
124 125
124 127
124 128
124 132
124 133
124 134
124 138
124 139
124 322
124 309
124 278
124 324
124 326
124 382
124 135
125 126
125 131
125 137
125 138
125 242
125 230
125 397
125 287
125 169
125 339
125 193
125 251
125 160
125 395
125 265
125 155
125 331
125 353
125 153
126 127
126 128
126 129
126 131
126 134
126 135
126 137
126 139
126 140
126 157
126 298
126 244
126 284
126 372
126 171
126 198
126 167
126 210
126 212
126 152
126 301
126 207
126 169
126 237
126 297
127 128
127 129
127 130
127 132
127 133
127 134
127 135
127 139
127 141
127 142
127 360
127 330
127 208
127 311
127 269
127 345
127 249
127 336
128 129
128 132
128 134
128 135
128 139
128 140
128 141
128 281
128 319
128 245
128 249
128 257
128 221
128 277
128 218
128 387
128 156
129 132
129 136
129 137
129 138
129 140
129 141
129 142
129 143
129 144
129 188
129 364
129 353
129 272
129 362
129 283
129 154
130 131
130 135
130 138
130 139
130 140
130 141
130 145
130 275
130 395
130 232
130 393
130 168
130 235
130 308
130 208
130 156
131 132
131 133
131 134
131 138
131 139
131 140
131 144
131 271
131 187
131 209
131 316
131 174
131 296
131 399
131 141
131 165
131 387
132 137
132 140
132 142
132 143
132 144
132 145
132 331
132 209
132 346
132 348
132 385
132 353
132 386
132 165
132 181
132 334
132 282
132 228
132 224
133 137
133 139
133 140
133 141
133 142
133 146
133 147
133 336
133 303
133 361
133 315
133 152
133 391
133 230
134 135
134 136
134 137
134 138
134 143
134 148
134 297
134 160
134 222
134 270
134 382
134 180
134 372
134 191
134 312
135 136
135 138
135 140
135 144
135 146
135 275
135 329
135 167
135 192
135 256
135 220
135 340
135 183
135 190
136 140
136 144
136 145
136 148
136 290
136 191
136 271
136 267
136 312
136 261
136 249
136 298
136 297
136 206
136 345
136 369
136 236
136 154
137 138
137 139
137 141
137 144
137 145
137 147
137 148
137 149
137 150
137 151
137 165
137 232
137 310
137 276
137 379
137 156
137 210
137 206
137 261
138 141
138 142
138 143
138 144
138 146
138 147
138 149
138 150
138 153
138 365
138 306
138 295
138 392
138 187
138 355
138 330
139 141
139 145
139 148
139 151
139 153
139 154
139 233
139 209
139 215
139 186
139 292
139 162
139 232
139 223
139 182
139 271
139 222
139 332
139 390
140 141
140 146
140 147
140 149
140 154
140 155
140 183
140 251
140 363
140 221
140 235
140 280
140 317
140 256
140 216
140 341
140 358
140 158
140 220
141 142
141 144
141 146
141 148
141 153
141 155
141 188
141 288
141 376
141 371
141 253
141 270
141 287
141 393
141 341
141 303
142 144
142 146
142 147
142 149
142 152
142 153
142 157
142 205
142 293
142 242
142 208
142 370
142 179
142 284
142 324
142 280
142 158
143 146
143 149
143 150
143 151
143 156
143 158
143 223
143 367
143 276
143 208
143 343
143 221
143 256
143 318
143 371
144 149
144 150
144 151
144 152
144 153
144 155
144 156
144 158
144 192
144 355
144 304
144 262
144 175
144 162
144 392
145 148
145 149
145 152
145 153
145 154
145 155
145 156
145 157
145 158
145 159
145 360
145 177
145 242
145 238
145 304
145 213
145 279
146 147
146 148
146 149
146 152
146 153
146 154
146 155
146 158
146 159
146 160
146 203
146 372
146 380
146 224
146 360
146 357
146 387
146 285
146 301
146 328
146 284
147 152
147 153
147 154
147 155
147 157
147 158
147 160
147 390
147 355
147 353
147 345
147 178
147 245
147 384
147 385
147 328
147 238
147 341
147 196
148 150
148 151
148 152
148 154
148 155
148 157
148 158
148 160
148 161
148 163
148 305
148 219
148 362
148 211
148 334
148 167
148 264
149 150
149 151
149 152
149 154
149 155
149 156
149 157
149 158
149 160
149 164
149 321
149 194
149 304
149 322
149 196
149 353
150 151
150 153
150 155
150 158
150 159
150 161
150 162
150 163
150 164
150 376
150 237
150 184
150 210
150 293
150 350
150 218
150 384
150 261
150 315
150 288
150 344
150 367
150 228
151 155
151 156
151 158
151 159
151 161
151 162
151 165
151 301
151 170
151 257
151 347
151 321
151 262
151 300
151 277
151 385
151 254
151 338
151 224
151 238
152 154
152 155
152 159
152 160
152 161
152 167
152 393
152 385
152 313
152 172
152 218
152 272
152 305
152 367
152 381
152 259
152 340
152 271
153 155
153 156
153 157
153 158
153 159
153 161
153 162
153 165
153 166
153 167
153 188
153 337
153 263
153 323
153 301
154 155
154 158
154 161
154 162
154 164
154 165
154 167
154 169
154 303
154 198
154 366
154 207
154 250
155 157
155 158
155 161
155 162
155 163
155 385
155 251
155 175
155 349
155 252
155 336
155 226
155 323
155 373
156 160
156 164
156 166
156 168
156 169
156 170
156 171
156 238
156 315
156 196
156 273
156 324
156 376
156 207
156 237
156 213
156 279
156 271
156 276
157 162
157 165
157 168
157 169
157 170
157 171
157 172
157 236
157 226
157 384
157 355
157 179
157 255
157 259
157 260
157 367
157 387
157 376
157 270
157 396
157 299
158 160
158 161
158 163
158 170
158 173
158 235
158 300
158 313
158 200
158 336
158 197
158 369
158 198
158 285
158 186
158 365
158 383
158 332
158 211
158 340
159 161
159 163
159 164
159 166
159 167
159 168
159 172
159 174
159 239
159 307
159 264
159 206
159 392
159 229
160 162
160 163
160 164
160 166
160 167
160 169
160 172
160 173
160 174
160 175
160 253
160 376
160 192
160 296
160 325
160 295
160 199
160 220
161 166
161 170
161 172
161 173
161 174
161 175
161 256
161 306
161 243
161 237
161 236
161 315
161 313
161 216
161 333
161 288
161 200
161 245
162 165
162 166
162 167
162 169
162 171
162 172
162 174
162 175
162 176
162 331
162 206
162 336
162 266
162 303
162 311
162 281
162 329
162 243
163 164
163 166
163 169
163 171
163 173
163 176
163 178
163 226
163 354
163 384
163 381
163 374
163 383
163 211
163 246
163 268
164 165
164 168
164 169
164 170
164 171
164 172
164 174
164 177
164 178
164 179
164 271
164 253
164 235
164 294
164 261
165 166
165 173
165 174
165 176
165 177
165 180
165 298
165 339
165 279
165 272
165 308
166 167
166 168
166 174
166 179
166 181
166 336
166 365
166 287
166 169
166 399
166 186
166 196
166 237
166 313
166 253
167 170
167 172
167 177
167 180
167 288
167 323
167 273
167 385
167 277
167 349
167 399
167 378
167 365
167 397
167 240
168 171
168 172
168 175
168 179
168 180
168 183
168 317
168 232
168 291
168 174
168 223
168 302
169 170
169 172
169 175
169 176
169 178
169 182
169 184
169 304
169 283
169 258
169 271
169 320
169 399
169 265
169 337
170 176
170 177
170 179
170 180
170 181
170 183
170 293
170 306
170 358
170 364
170 340
170 357
170 335
170 233
171 172
171 174
171 175
171 179
171 180
171 181
171 182
171 183
171 184
171 259
171 250
171 390
171 346
171 248
171 258
171 332
172 176
172 179
172 181
172 183
172 184
172 187
172 373
172 385
172 336
173 174
173 176
173 180
173 184
173 185
173 186
173 187
173 188
173 284
173 304
173 244
173 359
173 399
173 241
173 197
173 255
173 268
174 178
174 179
174 180
174 181
174 182
174 183
174 184
174 185
174 187
174 188
174 189
174 259
174 393
174 276
174 283
174 222
174 329
174 221
174 385
174 275
174 272
175 176
175 177
175 179
175 182
175 183
175 186
175 188
175 200
175 219
175 180
175 197
175 232
175 278
175 322
175 247
175 370
175 234
176 177
176 179
176 181
176 183
176 185
176 186
176 187
176 188
176 189
176 192
176 374
176 331
176 290
176 394
176 310
176 322
176 361
176 372
177 178
177 181
177 182
177 185
177 187
177 190
177 191
177 268
177 240
177 269
177 380
177 285
177 331
177 317
177 249
178 179
178 182
178 186
178 188
178 190
178 192
178 197
178 373
178 267
178 392
178 379
178 244
178 231
178 388
178 361
179 180
179 181
179 182
179 185
179 187
179 189
179 191
179 192
179 194
179 214
179 324
179 364
179 288
179 246
179 276
179 306
179 312
179 336
179 395
180 182
180 184
180 185
180 186
180 188
180 189
180 190
180 192
180 193
180 194
180 293
180 218
180 239
180 324
180 301
180 389
180 200
181 182
181 183
181 184
181 185
181 187
181 188
181 190
181 191
181 193
181 194
181 195
181 334
181 221
181 398
181 349
182 183
182 184
182 186
182 188
182 191
182 192
182 193
182 194
182 195
182 378
182 275
182 309
182 352
182 390
183 185
183 187
183 190
183 193
183 194
183 197
183 397
183 326
183 331
183 220
183 360
183 208
183 202
183 256
183 257
183 283
183 303
183 391
183 272
184 186
184 188
184 191
184 192
184 193
184 196
184 197
184 287
184 225
184 215
184 270
184 202
184 349
184 303
184 348
184 285
185 187
185 188
185 191
185 192
185 194
185 195
185 198
185 200
185 317
185 280
185 375
185 373
185 233
186 188
186 190
186 199
186 200
186 326
186 209
186 337
186 260
186 237
186 204
186 278
186 319
186 393
187 189
187 190
187 194
187 195
187 196
187 197
187 199
187 201
187 202
187 227
187 218
187 387
187 276
187 265
187 192
187 200
188 191
188 195
188 196
188 200
188 201
188 202
188 203
188 249
188 399
188 223
188 261
188 225
188 288
188 301
189 190
189 191
189 192
189 193
189 194
189 197
189 200
189 201
189 204
189 373
189 369
189 392
189 243
189 221
189 349
189 217
190 196
190 199
190 200
190 201
190 204
190 205
190 392
190 358
190 191
190 391
190 197
190 325
190 209
190 260
190 278
191 192
191 193
191 194
191 195
191 196
191 197
191 198
191 199
191 200
191 201
191 205
191 242
191 260
191 304
191 386
191 234
191 221
192 195
192 198
192 199
192 200
192 201
192 205
192 257
192 341
192 360
192 218
193 195
193 196
193 197
193 201
193 202
193 205
193 206
193 207
193 208
193 316
193 211
193 383
193 372
193 233
193 269
193 369
193 292
194 195
194 199
194 201
194 202
194 206
194 208
194 209
194 255
194 254
194 349
194 215
194 222
194 347
194 220
194 336
194 348
194 371
195 197
195 198
195 199
195 201
195 202
195 203
195 204
195 205
195 206
195 208
195 210
195 267
195 344
195 307
195 253
195 309
195 213
195 297
195 345
195 357
195 251
195 319
196 197
196 199
196 201
196 207
196 383
196 259
196 252
196 317
196 227
196 374
196 217
196 389
196 372
196 205
197 203
197 205
197 206
197 207
197 208
197 209
197 212
197 305
197 346
197 200
197 399
197 294
197 289
198 200
198 201
198 202
198 205
198 208
198 211
198 213
198 220
198 246
198 306
198 301
198 290
198 233
198 391
198 389
198 237
198 274
198 314
199 200
199 201
199 206
199 208
199 209
199 212
199 310
199 377
199 342
199 347
199 281
199 348
199 366
199 289
200 202
200 207
200 210
200 211
200 212
200 342
200 231
200 343
200 267
200 380
201 202
201 203
201 204
201 205
201 206
201 207
201 210
201 211
201 213
201 214
201 216
201 227
201 253
201 328
201 367
201 281
201 375
202 206
202 207
202 209
202 210
202 217
202 320
202 304
202 290
202 372
202 306
202 392
202 360
202 288
203 207
203 210
203 212
203 213
203 215
203 216
203 218
203 338
203 280
203 310
203 246
203 372
203 341
203 298
203 295
203 375
203 219
204 206
204 207
204 208
204 209
204 210
204 211
204 213
204 214
204 216
204 217
204 219
204 364
204 295
204 385
205 206
205 211
205 213
205 214
205 215
205 216
205 219
205 237
205 318
205 267
205 284
205 319
205 341
205 224
206 207
206 212
206 217
206 221
206 232
206 247
206 337
206 209
206 224
207 209
207 212
207 213
207 216
207 218
207 219
207 220
207 383
207 270
207 340
207 335
207 245
207 387
207 353
207 311
208 209
208 213
208 216
208 218
208 219
208 220
208 222
208 223
208 263
208 295
208 308
208 395
209 213
209 215
209 217
209 218
209 219
209 221
209 361
209 392
209 250
209 297
209 283
210 211
210 212
210 214
210 215
210 216
210 217
210 220
210 222
210 224
210 250
210 394
210 213
210 370
210 328
210 327
211 212
211 214
211 219
211 220
211 222
211 223
211 224
211 226
211 232
211 230
211 251
211 332
211 367
211 301
211 393
211 241
211 386
211 279
211 389
211 253
211 372
212 213
212 214
212 215
212 216
212 218
212 220
212 223
212 225
212 226
212 227
212 354
212 232
212 388
212 237
212 385
212 302
213 214
213 216
213 218
213 222
213 223
213 224
213 226
213 227
213 228
213 321
213 338
213 248
213 243
213 380
214 215
214 220
214 221
214 222
214 223
214 224
214 225
214 226
214 227
214 229
214 361
214 304
214 339
214 266
214 241
214 347
214 320
214 240
214 308
215 218
215 219
215 221
215 223
215 224
215 225
215 226
215 229
215 314
215 352
215 299
215 395
215 303
215 399
215 359
216 217
216 219
216 221
216 227
216 229
216 230
216 231
216 320
216 288
216 377
216 393
216 313
216 398
216 383
217 221
217 222
217 225
217 228
217 229
217 350
217 289
217 237
217 281
217 251
217 255
218 219
218 223
218 224
218 227
218 228
218 229
218 230
218 231
218 281
218 266
219 220
219 221
219 224
219 225
219 226
219 229
219 233
219 234
219 347
219 304
219 284
219 296
219 260
219 269
219 396
219 278
219 360
220 222
220 224
220 225
220 226
220 227
220 230
220 233
220 390
220 283
220 336
220 356
220 292
221 222
221 223
221 225
221 227
221 229
221 231
221 232
221 233
221 234
221 259
221 330
221 257
221 339
221 377
221 322
222 223
222 224
222 229
222 230
222 231
222 232
222 234
222 237
222 243
222 346
222 313
222 282
222 336
223 227
223 228
223 229
223 230
223 233
223 234
223 235
223 291
223 269
223 382
223 388
223 287
223 286
223 324
223 331
223 359
223 364
223 343
224 225
224 229
224 230
224 231
224 232
224 233
224 235
224 236
224 354
224 293
224 332
224 300
224 378
225 227
225 235
225 240
225 263
225 304
225 376
225 396
225 299
225 383
225 228
226 229
226 230
226 231
226 232
226 234
226 235
226 236
226 238
226 239
226 240
226 241
226 244
226 337
227 228
227 229
227 231
227 233
227 236
227 239
227 240
227 295
227 374
227 276
227 386
228 232
228 236
228 237
228 239
228 240
228 255
228 266
228 288
228 307
228 263
228 265
228 235
228 250
229 232
229 233
229 234
229 235
229 236
229 237
229 239
229 244
229 292
229 256
229 332
229 319
229 304
230 231
230 232
230 234
230 235
230 236
230 237
230 238
230 239
230 240
230 241
230 242
230 243
230 244
230 245
230 338
230 383
230 313
230 259
231 232
231 233
231 234
231 235
231 237
231 238
231 242
231 243
231 245
231 283
231 253
231 240
232 233
232 237
232 242
232 243
232 245
232 246
232 247
232 261
232 354
232 368
233 235
233 236
233 239
233 243
233 244
233 245
233 246
233 247
233 237
233 392
233 263
233 258
233 300
233 253
234 235
234 236
234 238
234 239
234 240
234 241
234 243
234 249
234 347
234 385
234 307
234 337
234 378
234 362
234 287
234 279
235 236
235 238
235 239
235 240
235 241
235 243
235 244
235 246
235 303
235 274
235 392
235 317
235 393
235 271
236 238
236 242
236 243
236 246
236 248
236 369
236 397
236 252
236 388
236 330
236 346
236 360
236 287
236 344
237 240
237 242
237 243
237 245
237 247
237 251
237 309
238 242
238 243
238 246
238 247
238 249
238 273
238 315
238 359
238 312
238 360
238 272
238 302
238 316
238 339
239 242
239 243
239 244
239 247
239 248
239 249
239 250
239 252
239 308
239 338
239 397
239 364
239 394
239 349
239 261
240 241
240 242
240 243
240 244
240 247
240 248
240 249
240 251
240 252
240 254
240 255
240 329
240 358
240 394
240 262
240 375
240 286
240 333
240 399
241 242
241 243
241 244
241 245
241 250
241 254
241 256
241 355
241 379
241 384
241 294
241 356
241 286
241 363
242 245
242 248
242 250
242 251
242 253
242 254
242 256
242 348
242 270
242 299
242 287
242 321
243 244
243 245
243 248
243 253
243 255
243 257
243 363
243 329
243 372
243 339
243 262
244 245
244 246
244 247
244 248
244 255
244 256
244 258
244 259
244 345
244 356
244 347
244 311
244 353
244 378
245 247
245 248
245 249
245 250
245 251
245 253
245 254
245 256
245 257
245 258
245 259
245 315
245 379
245 300
245 322
245 338
246 247
246 249
246 252
246 255
246 256
246 257
246 259
246 260
246 261
246 380
246 292
246 378
246 358
246 314
246 334
246 344
247 250
247 251
247 254
247 255
247 256
247 259
247 357
247 369
247 311
247 271
247 398
248 251
248 256
248 257
248 258
248 260
248 262
248 263
248 358
248 265
248 287
248 369
248 300
248 361
249 250
249 251
249 252
249 254
249 256
249 257
249 258
249 259
249 260
249 262
249 264
249 308
249 387
250 252
250 253
250 255
250 256
250 257
250 258
250 259
250 261
250 263
250 264
250 313
250 394
250 290
251 254
251 256
251 257
251 259
251 261
251 263
251 252
251 278
251 399
251 296
251 358
251 287
251 258
251 384
252 259
252 263
252 264
252 267
252 277
252 299
252 350
252 339
252 280
252 281
252 256
253 254
253 257
253 261
253 263
253 264
253 265
253 266
253 267
253 287
253 297
254 256
254 257
254 258
254 259
254 260
254 262
254 264
254 265
254 266
254 269
254 338
254 356
254 396
254 365
254 390
254 372
254 355
254 289
255 257
255 263
255 265
255 266
255 268
255 269
255 270
255 319
255 383
255 315
255 310
255 395
255 271
255 296
256 259
256 260
256 261
256 262
256 263
256 266
256 267
256 269
256 347
256 397
256 386
257 258
257 260
257 263
257 264
257 265
257 266
257 269
257 270
257 271
257 300
257 348
257 372
257 274
257 389
257 393
258 260
258 261
258 262
258 375
258 322
258 281
258 380
258 299
258 314
258 293
258 373
259 263
259 265
259 268
259 271
259 273
259 274
259 339
259 335
260 261
260 262
260 263
260 267
260 268
260 269
260 272
260 273
260 274
260 275
260 335
260 380
260 340
260 308
260 347
260 395
261 262
261 263
261 265
261 266
261 267
261 269
261 271
261 273
261 274
261 343
261 368
261 294
261 338
261 367
262 263
262 264
262 266
262 270
262 275
262 276
262 277
262 360
262 370
262 309
262 352
262 343
262 327
262 293
262 340
262 398
263 264
263 266
263 269
263 270
263 276
263 366
263 362
263 380
263 308
263 355
263 360
264 265
264 267
264 270
264 271
264 274
264 277
264 282
264 366
264 343
264 300
264 323
264 351
264 361
265 266
265 267
265 270
265 276
265 278
265 279
265 280
265 390
265 351
265 366
265 349
266 267
266 268
266 269
266 274
266 278
266 281
266 345
266 290
266 299
266 315
266 279
267 269
267 271
267 272
267 274
267 277
267 281
267 304
267 398
267 377
267 293
267 354
268 271
268 272
268 275
268 276
268 278
268 279
268 280
268 282
268 283
268 358
268 304
268 366
269 270
269 272
269 274
269 275
269 277
269 280
269 281
269 282
269 283
269 284
269 386
269 371
270 273
270 274
270 278
270 279
270 280
270 281
270 284
270 285
270 364
270 389
270 295
271 276
271 277
271 279
271 280
271 281
271 283
271 284
271 300
271 383
271 396
271 274
272 273
272 274
272 275
272 276
272 277
272 279
272 281
272 283
272 284
272 285
272 318
272 340
272 313
272 329
272 280
272 293
273 275
273 277
273 278
273 279
273 281
273 282
273 286
273 356
273 337
273 379
273 318
274 275
274 277
274 279
274 280
274 281
274 282
274 283
274 284
274 285
274 286
274 288
274 309
274 316
274 338
275 279
275 281
275 284
275 285
275 287
275 288
275 289
275 290
275 310
275 278
276 277
276 278
276 279
276 280
276 283
276 285
276 286
276 288
276 289
276 291
276 319
277 278
277 280
277 281
277 282
277 287
277 288
277 290
277 291
277 292
277 382
277 356
277 321
278 280
278 281
278 283
278 284
278 286
278 289
278 291
278 292
278 293
278 344
278 322
278 298
278 334
278 367
278 329
279 280
279 281
279 284
279 285
279 288
279 289
279 290
279 291
279 336
279 383
279 357
279 352
279 350
279 399
279 323
279 346
279 366
279 370
280 281
280 284
280 286
280 288
280 289
280 291
280 293
280 295
280 364
280 399
280 398
281 282
281 284
281 285
281 289
281 290
281 291
281 294
281 295
281 296
281 328
281 391
281 322
281 396
281 366
282 286
282 291
282 292
282 293
282 295
282 340
282 371
282 337
282 384
282 370
283 287
283 288
283 289
283 291
283 292
283 293
283 295
283 296
283 298
283 313
283 290
283 331
283 361
284 285
284 290
284 291
284 292
284 294
284 296
284 297
284 298
284 328
284 351
284 289
285 287
285 288
285 289
285 290
285 291
285 293
285 295
285 299
285 300
285 375
285 326
285 356
285 391
285 308
285 388
285 355
285 321
286 289
286 290
286 291
286 292
286 293
286 295
286 296
286 298
286 385
286 367
286 394
286 313
286 371
287 288
287 289
287 294
287 296
287 299
287 300
287 302
287 392
287 359
287 315
288 290
288 292
288 293
288 294
288 295
288 297
288 299
288 301
288 332
288 308
288 367
289 290
289 292
289 293
289 295
289 298
289 300
289 302
289 356
289 336
289 347
289 352
290 291
290 293
290 296
290 300
290 305
290 318
290 344
290 333
290 306
290 313
291 292
291 293
291 295
291 296
291 297
291 298
291 299
291 300
291 301
291 303
291 304
291 305
291 306
291 373
292 293
292 298
292 300
292 303
292 305
292 398
292 374
292 336
292 346
293 294
293 297
293 300
293 302
293 304
293 305
293 307
293 308
293 325
293 355
293 334
294 295
294 296
294 298
294 302
294 307
294 308
294 395
294 399
294 390
294 335
295 297
295 298
295 299
295 302
295 306
295 309
295 351
295 333
295 341
295 352
296 297
296 299
296 300
296 305
296 307
296 308
296 396
296 381
296 350
296 349
296 364
296 379
296 372
296 302
296 357
296 344
297 298
297 300
297 301
297 302
297 303
297 304
297 305
297 309
297 312
297 349
297 383
298 299
298 302
298 305
298 307
298 309
298 310
298 314
298 378
298 371
298 361
298 382
298 335
299 301
299 305
299 308
299 309
299 311
299 344
299 398
299 323
299 348
299 378
299 347
300 302
300 304
300 305
300 307
300 311
300 314
300 315
300 388
300 340
300 364
300 323
300 368
301 302
301 303
301 305
301 309
301 313
301 316
301 363
301 391
301 324
301 392
302 305
302 306
302 309
302 314
302 315
302 365
302 361
302 396
302 366
303 306
303 307
303 309
303 310
303 313
303 315
303 316
303 318
303 366
303 319
303 322
303 348
304 305
304 306
304 307
304 308
304 311
304 315
304 337
304 343
304 388
304 395
304 380
305 307
305 308
305 309
305 313
305 316
305 318
305 320
305 333
305 386
305 348
305 377
305 352
305 342
306 308
306 309
306 310
306 311
306 312
306 313
306 314
306 317
306 321
306 339
306 381
307 310
307 311
307 313
307 314
307 315
307 316
307 317
307 318
307 320
307 321
307 322
307 375
307 333
307 367
308 309
308 317
308 319
308 321
308 322
308 357
309 311
309 313
309 316
309 317
309 318
309 320
309 321
309 323
309 324
309 376
310 311
310 312
310 313
310 315
310 317
310 318
310 320
310 321
310 322
310 324
310 376
310 372
311 312
311 313
311 317
311 319
311 320
311 321
311 325
311 326
311 342
311 358
311 318
312 313
312 314
312 316
312 317
312 318
312 320
312 321
312 323
312 326
312 373
313 318
313 321
313 323
313 326
313 327
313 328
313 352
313 325
313 385
313 371
314 315
314 316
314 318
314 319
314 320
314 322
314 323
314 324
314 326
314 327
314 329
314 390
315 317
315 319
315 323
315 328
315 380
315 374
315 335
316 318
316 319
316 320
316 321
316 322
316 323
316 324
316 327
316 329
316 330
316 335
316 346
317 321
317 322
317 323
317 325
317 327
317 328
317 329
317 330
317 332
317 398
317 336
317 318
318 320
318 321
318 323
318 324
318 325
318 326
318 327
318 329
318 331
318 332
318 340
318 351
319 320
319 323
319 329
319 332
319 333
319 347
319 375
319 387
320 322
320 323
320 328
320 329
320 334
320 335
320 358
320 372
320 398
320 339
320 369
321 322
321 324
321 325
321 326
321 327
321 329
321 331
321 334
321 335
321 357
321 383
321 386
321 346
321 364
322 324
322 327
322 331
322 333
322 334
322 335
322 348
322 394
322 370
323 324
323 327
323 329
323 330
323 332
323 333
323 335
323 336
323 337
323 338
323 397
323 354
323 388
324 325
324 326
324 330
324 334
324 336
324 339
325 326
325 327
325 328
325 330
325 331
325 335
325 337
325 340
325 365
325 345
325 347
325 344
325 350
326 328
326 329
326 330
326 333
326 335
326 336
326 338
326 339
326 340
326 341
326 355
326 359
326 396
326 352
327 330
327 331
327 332
327 334
327 335
327 336
327 337
327 339
327 340
327 396
327 385
327 344
327 374
327 382
328 330
328 331
328 332
328 336
328 337
328 341
328 343
328 354
328 377
328 398
329 332
329 333
329 338
329 339
329 340
329 342
329 354
329 351
329 369
330 331
330 332
330 335
330 337
330 339
330 340
330 344
330 345
330 390
330 333
330 365
330 346
330 373
330 387
331 332
331 333
331 334
331 336
331 337
331 340
331 342
331 338
332 333
332 335
332 336
332 337
332 338
332 339
332 340
332 341
332 342
332 347
332 395
332 383
333 335
333 336
333 341
333 342
333 348
333 390
334 335
334 339
334 340
334 341
334 345
334 346
334 348
334 349
334 365
334 385
335 337
335 339
335 341
335 342
335 343
335 344
335 345
335 348
335 350
335 369
336 337
336 339
336 340
336 342
336 346
336 360
336 354
336 355
337 344
337 347
337 348
337 349
337 350
337 385
338 342
338 343
338 344
338 346
338 347
338 348
338 349
338 350
338 351
338 378
338 393
338 399
339 340
339 344
339 345
339 346
339 347
339 348
339 354
339 356
340 341
340 345
340 352
340 353
340 380
340 375
341 342
341 346
341 347
341 348
341 349
341 350
341 351
341 354
341 356
341 361
341 367
341 343
342 345
342 346
342 349
342 350
342 351
342 352
342 353
342 354
342 355
342 356
343 344
343 346
343 347
343 349
343 352
343 353
343 354
343 355
343 358
343 371
343 375
343 382
343 388
344 345
344 347
344 352
344 355
344 357
344 358
344 370
344 365
345 347
345 350
345 351
345 353
345 354
345 357
345 387
346 350
346 351
346 352
346 355
346 358
346 359
346 393
346 399
347 351
347 352
347 354
347 356
347 357
347 361
347 370
347 393
348 350
348 353
348 356
348 358
348 359
348 360
348 362
348 387
349 350
349 351
349 355
349 358
349 361
349 364
349 394
349 367
350 351
350 354
350 355
350 357
350 360
350 364
350 368
350 387
350 395
350 389
351 352
351 353
351 354
351 356
351 357
351 360
351 362
351 365
352 355
352 356
352 358
352 359
352 360
352 362
352 363
353 354
353 357
353 358
353 360
353 363
353 364
353 365
353 367
353 368
353 387
354 355
354 359
354 361
354 363
354 364
354 365
354 367
354 369
354 396
354 379
354 377
355 356
355 360
355 362
355 363
355 364
355 365
355 368
355 369
355 370
356 360
356 365
356 367
356 368
356 371
357 358
357 363
357 364
357 368
357 369
357 372
358 362
358 366
358 369
358 373
358 365
359 362
359 365
359 366
359 367
359 370
359 371
359 372
359 373
359 374
359 381
359 396
360 362
360 363
360 366
360 369
360 371
360 372
361 364
361 365
361 366
361 370
361 371
361 372
361 373
361 374
361 376
361 397
361 368
362 363
362 364
362 365
362 366
362 369
362 371
362 372
362 373
362 374
362 375
362 377
362 379
362 388
363 364
363 365
363 369
363 370
363 371
363 372
363 373
363 375
363 376
363 388
364 365
364 367
364 370
364 373
364 374
364 378
364 379
364 382
364 383
365 366
365 368
365 369
365 379
365 393
366 368
366 369
366 370
366 371
366 372
366 373
366 374
366 376
366 377
366 380
366 390
367 369
367 370
367 374
367 376
367 379
367 383
368 369
368 371
368 379
368 382
368 383
368 396
368 385
369 370
369 372
369 373
369 375
369 377
369 381
369 382
369 383
369 388
370 371
370 372
370 373
370 375
370 376
370 377
370 378
370 379
370 380
370 381
370 382
370 384
371 373
371 374
371 377
371 379
371 381
371 384
372 373
372 374
372 376
372 379
372 380
372 382
372 383
372 384
373 374
373 375
373 377
373 378
373 379
373 380
373 381
373 382
373 383
373 384
373 387
373 389
374 377
374 380
374 381
374 389
374 398
374 392
374 383
375 377
375 378
375 379
375 380
375 381
375 382
375 387
375 388
375 390
375 376
376 380
376 381
376 382
376 383
376 389
376 390
377 378
377 382
377 383
377 385
377 386
377 387
377 389
377 392
378 383
378 384
378 385
378 386
378 388
378 390
378 392
379 381
379 382
379 383
379 386
379 387
379 388
379 391
379 392
379 393
379 394
380 384
380 385
380 386
380 389
380 390
380 393
380 394
380 395
381 382
381 386
381 387
381 389
381 390
381 391
381 392
381 393
381 394
381 396
381 385
381 397
382 384
382 385
382 386
382 387
382 389
382 390
382 391
382 396
382 397
383 385
383 386
383 387
383 390
383 391
383 393
383 396
384 385
384 388
384 390
384 391
384 394
384 396
384 397
384 399
385 386
385 388
385 391
385 392
385 393
386 387
386 388
386 392
386 394
386 395
386 396
386 398
386 399
387 388
387 389
387 391
387 392
387 396
387 397
388 389
388 390
388 395
388 396
389 391
389 392
389 394
389 395
389 398
389 390
390 392
390 393
390 394
390 396
390 397
390 398
390 399
391 393
391 394
391 395
391 396
391 397
391 398
392 393
392 395
392 396
392 398
393 395
393 396
393 398
394 395
394 396
395 396
395 397
398 399