0 400.0 2284.0 11.42 0.02595543135055518 0.012531328320802004 0.0006389669115148494 0.33585858585858586 0.022505555594167462 0.0012328759554870354
1 400.0 2284.0 11.42 0.02595543135055518 0.040100250626566414 0.008381258214636478 0.3927165354330709 0.07185808341866569 0.0033868177176755113
10 400.0 2284.0 11.42 0.02595543135055518 0.02756892230576441 0.003294543225875223 0.37254901960784315 0.05126693044959719 0.002381332738821736
100 400.0 2284.0 11.42 0.02595543135055518 0.03258145363408521 0.004770699295065031 0.37116279069767444 0.05092143480745295 0.002819255134865033
101 400.0 2284.0 11.42 0.02595543135055518 0.022556390977443608 0.0020610426883766854 0.3633879781420765 0.039674406528199334 0.002007083550146636
102 400.0 2284.0 11.42 0.02595543135055518 0.03007518796992481 0.0036711390175358967 0.37254901960784315 0.05267782594444719 0.0025897097101624023
103 400.0 2284.0 11.42 0.02595543135055518 0.02506265664160401 0.0028110116787476414 0.36571952337305225 0.04126894356041289 0.0022095472265239342
104 400.0 2284.0 11.42 0.02595543135055518 0.022556390977443608 0.002511491005868381 0.357847533632287 0.03702374134503161 0.002022776338867124
105 400.0 2284.0 11.42 0.02595543135055518 0.022556390977443608 0.0025040144600625962 0.3620689655172414 0.03944795538186825 0.002012983388791825
106 400.0 2284.0 11.42 0.02595543135055518 0.02506265664160401 0.002712486888125541 0.3617407071622847 0.04198735371955216 0.002224437936188457
107 400.0 2284.0 11.42 0.02595543135055518 0.022556390977443608 0.0027040224782194176 0.35978358881875566 0.03394795004502109 0.0020409693276219414
108 400.0 2284.0 11.42 0.02595543135055518 0.022556390977443608 0.0021154939150603 0.35881294964028776 0.03708417393738567 0.0020099189061380494
109 400.0 2284.0 11.42 0.02595543135055518 0.03508771929824561 0.00591706266104948 0.38402309913378246 0.06016439301426802 0.00299616534489147
11 400.0 2284.0 11.42 0.02595543135055518 0.040100250626566414 0.007744170789055191 0.3855072463768116 0.06337960473828377 0.0034014704737777043
110 400.0 2284.0 11.42 0.02595543135055518 0.03007518796992481 0.0046619056284778184 0.37220149253731344 0.047044590502630705 0.00262058448672686
111 400.0 2284.0 11.42 0.02595543135055518 0.012531328320802004 0.0007476701837719739 0.3330550918196995 0.02103111202769031 0.001241218568212649
112 400.0 2284.0 11.42 0.02595543135055518 0.040100250626566414 0.008890592637806111 0.3896484375 0.06622221293820439 0.003422601831202319
113 400.0 2284.0 11.42 0.02595543135055518 0.015037593984962405 0.0009549607699896634 0.3475609756097561 0.02624772320338819 0.0014179895784273214
114 400.0 2284.0 11.42 0.02595543135055518 0.02506265664160401 0.0032020051096544157 0.3617407071622847 0.03637308702991702 0.0022483472169444033
115 400.0 2284.0 11.42 0.02595543135055518 0.02506265664160401 0.0036996540097903666 0.36538461538461536 0.0367119566838285 0.0022513077568895165
116 400.0 2284.0 11.42 0.02595543135055518 0.042606516290726815 0.008723984953050917 0.3915603532875368 0.07320492000940754 0.0035927216392576235
117 400.0 2284.0 11.42 0.02595543135055518 0.042606516290726815 0.007817178888654644 0.38513513513513514 0.06869310872662017 0.0035945221809218476
118 400.0 2284.0 11.42 0.02595543135055518 0.03759398496240601 0.006252899578692803 0.38476374156219867 0.06395048279681455 0.003177878503713594
119 400.0 2284.0 11.42 0.02595543135055518 0.03258145363408521 0.005515432157484568 0.3757062146892655 0.05202031913526142 0.0028172680350747594
12 400.0 2284.0 11.42 0.02595543135055518 0.03759398496240601 0.007054517283651592 0.3877551020408163 0.06348290072591345 0.0031966825691927023
120 400.0 2284.0 11.42 0.02595543135055518 0.022556390977443608 0.0027261321572478086 0.357847533632287 0.032515762587917975 0.0020457855138979104
121 400.0 2284.0 11.42 0.02595543135055518 0.02506265664160401 0.0032937491924772354 0.3643835616438356 0.038692252208719115 0.002226704111064995
122 400.0 2284.0 11.42 0.02595543135055518 0.02506265664160401 0.0028269352658500213 0.36538461538461536 0.043990903876240335 0.002200748979998791
123 400.0 2284.0 11.42 0.02595543135055518 0.017543859649122806 0.0010186446749993272 0.35092348284960423 0.033613796590823516 0.0016031427862209504
124 400.0 2284.0 11.42 0.02595543135055518 0.03007518796992481 0.004586605177667148 0.3715083798882682 0.04691151541879803 0.002635589175718201
125 400.0 2284.0 11.42 0.02595543135055518 0.03258145363408521 0.005384076517889561 0.3684210526315789 0.04153595370484427 0.002875868862194936
126 400.0 2284.0 11.42 0.02595543135055518 0.02506265664160401 0.003184092818215154 0.3617407071622847 0.03920147449283982 0.0022456038628421732
127 400.0 2284.0 11.42 0.02595543135055518 0.012531328320802004 0.0005111912288274367 0.32704918032786884 0.01940953789770157 0.0012406885219744053
128 400.0 2284.0 11.42 0.02595543135055518 0.017543859649122806 0.0016848183906142248 0.3352941176470588 0.021437759752446113 0.0016806641743063579
129 400.0 2284.0 11.42 0.02595543135055518 0.02756892230576441 0.003610243137241819 0.3674033149171271 0.04521340299390327 0.0024146487313400924
13 400.0 2284.0 11.42 0.02595543135055518 0.03508771929824561 0.0057693687004850775 0.38108882521489973 0.05892004867603301 0.0029897265068565713
130 400.0 2284.0 11.42 0.02595543135055518 0.03759398496240601 0.006561497266744069 0.3855072463768116 0.06387822420271427 0.0031882762609927355
131 400.0 2284.0 11.42 0.02595543135055518 0.03258145363408521 0.005344219034515522 0.3757062146892655 0.05279061646733924 0.0028193223653545656
132 400.0 2284.0 11.42 0.02595543135055518 0.03759398496240601 0.007010351133211878 0.3862536302032914 0.062293053071601524 0.003190075643713517
133 400.0 2284.0 11.42 0.02595543135055518 0.03508771929824561 0.006547123575345062 0.38402309913378246 0.05686797414948329 0.003017619989223681
134 400.0 2284.0 11.42 0.02595543135055518 0.020050125313283207 0.0015904149060922967 0.3601083032490975 0.03790881354221517 0.0018001954545040424
135 400.0 2284.0 11.42 0.02595543135055518 0.02506265664160401 0.002966608445025046 0.3584905660377358 0.037447682996585276 0.002237387850803003
136 400.0 2284.0 11.42 0.02595543135055518 0.020050125313283207 0.0020047088657726263 0.35030728709394204 0.031087705330908377 0.001842171742307462
137 400.0 2284.0 11.42 0.02595543135055518 0.03007518796992481 0.0047018242816582135 0.36571952337305225 0.0421987725036467 0.002652744827673595
138 400.0 2284.0 11.42 0.02595543135055518 0.020050125313283207 0.001635016548010007 0.3546666666666667 0.03488506820179897 0.001810633714254782
139 400.0 2284.0 11.42 0.02595543135055518 0.022556390977443608 0.0024710699840908607 0.3537234042553192 0.03192051079896332 0.0020429856460076525
14 400.0 2284.0 11.42 0.02595543135055518 0.020050125313283207 0.0017830144808977937 0.35498220640569395 0.035171426196594885 0.0018154483155670498
140 400.0 2284.0 11.42 0.02595543135055518 0.017543859649122806 0.0012338976084067144 0.34307824591573516 0.02745482449601647 0.0016248953377647581
141 400.0 2284.0 11.42 0.02595543135055518 0.040100250626566414 0.007367608454712076 0.3888888888888889 0.0672764845555446 0.003382618426966969
142 400.0 2284.0 11.42 0.02595543135055518 0.05012531328320802 0.01154317418038785 0.40384615384615385 0.08902116863258003 0.00414975172484245
143 400.0 2284.0 11.42 0.02595543135055518 0.022556390977443608 0.002490481168427819 0.3643835616438356 0.039480805395238176 0.0020102744838895233
144 400.0 2284.0 11.42 0.02595543135055518 0.02506265664160401 0.002897571521525712 0.3650503202195791 0.041735735672600215 0.0022251415636497774
145 400.0 2284.0 11.42 0.02595543135055518 0.03508771929824561 0.006123327798935873 0.3836538461538462 0.05744367011850975 0.003006158004712425
146 400.0 2284.0 11.42 0.02595543135055518 0.03258145363408521 0.004707010574996782 0.37641509433962267 0.05306114830348854 0.002806417710130497
147 400.0 2284.0 11.42 0.02595543135055518 0.040100250626566414 0.007023217340222329 0.3896484375 0.07190845010026874 0.0033633679849220943
148 400.0 2284.0 11.42 0.02595543135055518 0.03759398496240601 0.006731320233856492 0.3836538461538462 0.06152239901239629 0.0032106260999037925
149 400.0 2284.0 11.42 0.02595543135055518 0.03508771929824561 0.005809942439619561 0.3796384395813511 0.0585066148698182 0.0029918434378377727
15 400.0 2284.0 11.42 0.02595543135055518 0.017543859649122806 0.0010942595344959427 0.3546666666666667 0.034130171276446686 0.0015987883106665733
150 400.0 2284.0 11.42 0.02595543135055518 0.03759398496240601 0.006428165888523211 0.3855072463768116 0.06355544048303796 0.0031910406554401687
151 400.0 2284.0 11.42 0.02595543135055518 0.020050125313283207 0.002365543514632252 0.3546666666666667 0.03157580388017417 0.001835231866127024
152 400.0 2284.0 11.42 0.02595543135055518 0.03258145363408521 0.004635002728429788 0.37748344370860926 0.059186955339088854 0.0027851316135432094
153 400.0 2284.0 11.42 0.02595543135055518 0.03508771929824561 0.0052808978757782924 0.3862536302032914 0.0656363994201568 0.002956875325872237
154 400.0 2284.0 11.42 0.02595543135055518 0.02756892230576441 0.003403800230114101 0.37220149253731344 0.048592588143082836 0.0023889366914292063
155 400.0 2284.0 11.42 0.02595543135055518 0.017543859649122806 0.0013584344738954833 0.35561497326203206 0.03252422043183651 0.0016102765475441796
156 400.0 2284.0 11.42 0.02595543135055518 0.03007518796992481 0.005171286034440001 0.3637192342752963 0.040280771841838994 0.002711971786950195
157 400.0 2284.0 11.42 0.02595543135055518 0.03508771929824561 0.005971695958824573 0.38402309913378246 0.06011604391855056 0.0029941812124207926
158 400.0 2284.0 11.42 0.02595543135055518 0.02506265664160401 0.002987833451022329 0.37047353760445684 0.044648297039596 0.0021930400421895577
159 400.0 2284.0 11.42 0.02595543135055518 0.03508771929824561 0.006226087281391281 0.37927756653992395 0.05791221641275173 0.003019782519414428
16 400.0 2284.0 11.42 0.02595543135055518 0.02506265664160401 0.0035947428345392755 0.36141304347826086 0.03386748939450334 0.0022634462894317977
160 400.0 2284.0 11.42 0.02595543135055518 0.03258145363408521 0.00616359594493177 0.37641509433962267 0.048506500065483786 0.0028609326326353686
161 400.0 2284.0 11.42 0.02595543135055518 0.03007518796992481 0.004769253360488704 0.37220149253731344 0.044921850938761325 0.002641540960202458
162 400.0 2284.0 11.42 0.02595543135055518 0.017543859649122806 0.0011890041261650541 0.34545454545454546 0.027452518177282233 0.0016272800049277956
163 400.0 2284.0 11.42 0.02595543135055518 0.03508771929824561 0.0069884448172737425 0.3771266540642722 0.0497683870434436 0.00304220741224463
164 400.0 2284.0 11.42 0.02595543135055518 0.02756892230576441 0.0030525383954256385 0.37677053824362605 0.05858617136905611 0.0023565239283876755
165 400.0 2284.0 11.42 0.02595543135055518 0.017543859649122806 0.0014949222031224237 0.3472584856396867 0.0258423959805496 0.0016439251680674465
166 400.0 2284.0 11.42 0.02595543135055518 0.020050125313283207 0.001945129910994844 0.3584905660377358 0.03418728258326214 0.0018215445741068352
167 400.0 2284.0 11.42 0.02595543135055518 0.03258145363408521 0.00557704854078883 0.381453154875717 0.05924627444458227 0.002800363682306163
168 400.0 2284.0 11.42 0.02595543135055518 0.03258145363408521 0.0055708509023868116 0.38036224976167776 0.05401150511722438 0.0028202875349604348
169 400.0 2284.0 11.42 0.02595543135055518 0.03007518796992481 0.004499122697217937 0.37464788732394366 0.04988359322876651 0.002603758297166079
17 400.0 2284.0 11.42 0.02595543135055518 0.045112781954887216 0.010508504150282452 0.39504950495049507 0.07540523040199246 0.0037993751317455388
170 400.0 2284.0 11.42 0.02595543135055518 0.020050125313283207 0.0016647915382379313 0.35498220640569395 0.03337307185505354 0.0018110912244504456
171 400.0 2284.0 11.42 0.02595543135055518 0.020050125313283207 0.001991688337978749 0.35529830810329477 0.0327593956597019 0.0018227404425891342
172 400.0 2284.0 11.42 0.02595543135055518 0.020050125313283207 0.0018615662506920071 0.34515570934256057 0.028723238719387825 0.0018524895604237277
173 400.0 2284.0 11.42 0.02595543135055518 0.017543859649122806 0.0013571621349107055 0.34545454545454546 0.027677013609414883 0.0016287742510611596
174 400.0 2284.0 11.42 0.02595543135055518 0.02506265664160401 0.0026999136911805923 0.3650503202195791 0.04608976870076044 0.0021948408855202986
175 400.0 2284.0 11.42 0.02595543135055518 0.03007518796992481 0.003928121482523829 0.381453154875717 0.0588996640871938 0.0025623100179077672
176 400.0 2284.0 11.42 0.02595543135055518 0.03258145363408521 0.005391110864141623 0.37359550561797755 0.04908213313240718 0.0028211302233889955
177 400.0 2284.0 11.42 0.02595543135055518 0.02756892230576441 0.004030397335679666 0.35945945945945945 0.03693293855967231 0.0024751124061641932
178 400.0 2284.0 11.42 0.02595543135055518 0.020050125313283207 0.0017075549451891806 0.35092348284960423 0.032546427680380366 0.0018232734752272647
179 400.0 2284.0 11.42 0.02595543135055518 0.02506265664160401 0.0031324818207486807 0.36639118457300274 0.04050892375230707 0.0022256368933826647
18 400.0 2284.0 11.42 0.02595543135055518 0.02506265664160401 0.003442534917522339 0.36672794117647056 0.039870833635363034 0.002238803515526142
180 400.0 2284.0 11.42 0.02595543135055518 0.022556390977443608 0.0026248606240762648 0.3604336043360434 0.03569147480163138 0.002031114564832236
181 400.0 2284.0 11.42 0.02595543135055518 0.02506265664160401 0.0034317673910707197 0.3584905660377358 0.03349466228920352 0.00225367949243829
182 400.0 2284.0 11.42 0.02595543135055518 0.015037593984962405 0.0010127009185089731 0.3413173652694611 0.023322182397615767 0.0014352104469022972
183 400.0 2284.0 11.42 0.02595543135055518 0.022556390977443608 0.0021133920865796752 0.3633879781420765 0.04097814900517514 0.0020000998289153703
184 400.0 2284.0 11.42 0.02595543135055518 0.02506265664160401 0.00321520180709567 0.3546666666666667 0.03417624488121109 0.0022629324163626263
185 400.0 2284.0 11.42 0.02595543135055518 0.017543859649122806 0.0008796249638156738 0.3475609756097561 0.03353134406163869 0.0016056279508845982
186 400.0 2284.0 11.42 0.02595543135055518 0.03258145363408521 0.005232429410328838 0.37819905213270144 0.05333411485793433 0.00280249014375898
187 400.0 2284.0 11.42 0.02595543135055518 0.02756892230576441 0.0037454130082041955 0.3760603204524034 0.051375352335046906 0.0023883565282831446
188 400.0 2284.0 11.42 0.02595543135055518 0.03258145363408521 0.00524238634417554 0.37748344370860926 0.054464802983799826 0.002802688155371808
189 400.0 2284.0 11.42 0.02595543135055518 0.012531328320802004 0.000757975311362831 0.3199679230152366 0.015669007744875476 0.0012770855196935092
19 400.0 2284.0 11.42 0.02595543135055518 0.03759398496240601 0.006808109039251734 0.3862536302032914 0.06271820030955992 0.0031908968621670373
190 400.0 2284.0 11.42 0.02595543135055518 0.022556390977443608 0.002617131074216242 0.3472584856396867 0.02835372359503618 0.0020863460086363943
191 400.0 2284.0 11.42 0.02595543135055518 0.03007518796992481 0.004778404341241766 0.3829174664107486 0.05443226792329277 0.0025901041029807665
192 400.0 2284.0 11.42 0.02595543135055518 0.02506265664160401 0.0031940675473441805 0.3647166361974406 0.039418183205127424 0.0022315662650003723
193 400.0 2284.0 11.42 0.02595543135055518 0.045112781954887216 0.011047534585501213 0.4054878048780488 0.08639710440071374 0.003773557490297709
194 400.0 2284.0 11.42 0.02595543135055518 0.03007518796992481 0.005011480555317769 0.36405109489051096 0.04303143241096405 0.002669956089621828
195 400.0 2284.0 11.42 0.02595543135055518 0.03007518796992481 0.0038080561324866646 0.37641509433962267 0.0563578586171213 0.0025795732034637193
196 400.0 2284.0 11.42 0.02595543135055518 0.03258145363408521 0.005483761189636179 0.38 0.05870010819449465 0.002800296820144662
197 400.0 2284.0 11.42 0.02595543135055518 0.020050125313283207 0.001554624608539004 0.3604336043360434 0.0365388444231054 0.0017998598042815379
198 400.0 2284.0 11.42 0.02595543135055518 0.022556390977443608 0.00271916679800756 0.3584905660377358 0.03522645638026595 0.002033767505181261
199 400.0 2284.0 11.42 0.02595543135055518 0.020050125313283207 0.001905385182440183 0.35278514588859416 0.03185837673378132 0.0018217254505359264
2 400.0 2284.0 11.42 0.02595543135055518 0.03508771929824561 0.00535037088882916 0.3829174664107486 0.06053030424251184 0.002980733055411904
20 400.0 2284.0 11.42 0.02595543135055518 0.03508771929824561 0.005498977006537486 0.3915603532875368 0.0681707119649858 0.002952331761032054
200 400.0 2284.0 11.42 0.02595543135055518 0.045112781954887216 0.009743650465691738 0.3919449901768173 0.0728297930575068 0.0038093551795473765
201 400.0 2284.0 11.42 0.02595543135055518 0.042606516290726815 0.009159443447467693 0.3993993993993994 0.07659104352231577 0.003579094789058685
202 400.0 2284.0 11.42 0.02595543135055518 0.022556390977443608 0.002301243657611957 0.3575268817204301 0.036103115357701665 0.002022777233605628
203 400.0 2284.0 11.42 0.02595543135055518 0.03007518796992481 0.004363109200462642 0.375 0.05170358480640217 0.0025949910038498935
204 400.0 2284.0 11.42 0.02595543135055518 0.03258145363408521 0.0052604347199077155 0.3789173789173789 0.05657756199594849 0.002798917048987574
205 400.0 2284.0 11.42 0.02595543135055518 0.03258145363408521 0.005915905679513855 0.3778409090909091 0.051051661055487314 0.0028367629090559907
206 400.0 2284.0 11.42 0.02595543135055518 0.02756892230576441 0.00394354818566704 0.3630573248407643 0.03831364417054851 0.0024537277463823745
207 400.0 2284.0 11.42 0.02595543135055518 0.020050125313283207 0.001928308785636567 0.35247349823321555 0.033464567259917206 0.0018304233895575055
208 400.0 2284.0 11.42 0.02595543135055518 0.017543859649122806 0.0013741390453367668 0.34575389948006935 0.027538387705438084 0.0016337974675085065
209 400.0 2284.0 11.42 0.02595543135055518 0.03258145363408521 0.005356997661845066 0.37254901960784315 0.0493481323080986 0.0028404686236583525
21 400.0 2284.0 11.42 0.02595543135055518 0.03007518796992481 0.004496519641016818 0.3728971962616822 0.04703586038219838 0.0026286839434247365
210 400.0 2284.0 11.42 0.02595543135055518 0.03007518796992481 0.0034381900772915645 0.37748344370860926 0.05975238848992758 0.002556981816925916
211 400.0 2284.0 11.42 0.02595543135055518 0.03258145363408521 0.005592254332972335 0.3771266540642722 0.05269865590778754 0.0028122419628010963
212 400.0 2284.0 11.42 0.02595543135055518 0.03508771929824561 0.00557769184785761 0.38036224976167776 0.06180545792079095 0.002991351777186575
213 400.0 2284.0 11.42 0.02595543135055518 0.02756892230576441 0.003313476583464404 0.3728971962616822 0.0499619531882815 0.002392348897382929
214 400.0 2284.0 11.42 0.02595543135055518 0.02756892230576441 0.004160738135525339 0.3715083798882682 0.04577477631682015 0.0024225774007046513
215 400.0 2284.0 11.42 0.02595543135055518 0.015037593984962405 0.0011022866924717944 0.3442622950819672 0.02628980302437317 0.001424999739550789
216 400.0 2284.0 11.42 0.02595543135055518 0.022556390977443608 0.0025863096409185346 0.3617407071622847 0.04002511335235623 0.0020158415393892173
217 400.0 2284.0 11.42 0.02595543135055518 0.02756892230576441 0.003784564660211687 0.3697868396663577 0.044590411062627594 0.0024206813363779668
218 400.0 2284.0 11.42 0.02595543135055518 0.040100250626566414 0.008274821262576013 0.39002932551319647 0.06961843326686752 0.0033933841745788064
219 400.0 2284.0 11.42 0.02595543135055518 0.03258145363408521 0.006523265601674327 0.37641509433962267 0.05013069660953977 0.0028584722656307742
22 400.0 2284.0 11.42 0.02595543135055518 0.022556390977443608 0.0027212797860146133 0.3534100974313552 0.03176061097280225 0.002064870182252453
220 400.0 2284.0 11.42 0.02595543135055518 0.045112781954887216 0.009658622940338321 0.39233038348082594 0.06981899578488006 0.0038051955836052656
221 400.0 2284.0 11.42 0.02595543135055518 0.042606516290726815 0.009103756556277747 0.3911764705882353 0.07066074468843977 0.0036095676531277534
222 400.0 2284.0 11.42 0.02595543135055518 0.02506265664160401 0.0035988909354470124 0.36538461538461536 0.03847164975686544 0.0022384719677172836
223 400.0 2284.0 11.42 0.02595543135055518 0.02506265664160401 0.003198506800720624 0.36639118457300274 0.04351895793935825 0.002224176817829594
224 400.0 2284.0 11.42 0.02595543135055518 0.02756892230576441 0.003089933716788935 0.36808118081180813 0.049366854221648 0.0023958439240583927
225 400.0 2284.0 11.42 0.02595543135055518 0.042606516290726815 0.008438577410432213 0.3915603532875368 0.07645414677866559 0.003589352310433442
226 400.0 2284.0 11.42 0.02595543135055518 0.03759398496240601 0.007536442261650031 0.38513513513513514 0.06413930624010701 0.0032104073220196126
227 400.0 2284.0 11.42 0.02595543135055518 0.012531328320802004 0.0008758215504282289 0.33361204013377926 0.01962302923175562 0.001248585142974347
228 400.0 2284.0 11.42 0.02595543135055518 0.020050125313283207 0.001953330982447035 0.34695652173913044 0.027919922483796617 0.0018502192292426218
229 400.0 2284.0 11.42 0.02595543135055518 0.022556390977443608 0.0023862158136921073 0.36141304347826086 0.03821053327844735 0.002013479050329773
23 400.0 2284.0 11.42 0.02595543135055518 0.02506265664160401 0.00350881543984709 0.36239782016348776 0.03817612845945961 0.0022492881713750963
230 400.0 2284.0 11.42 0.02595543135055518 0.040100250626566414 0.007273637048744909 0.37855787476280833 0.05902865973725137 0.003438522648937484
231 400.0 2284.0 11.42 0.02595543135055518 0.03258145363408521 0.004659906319912572 0.382183908045977 0.06185909847921742 0.002771677175699382
232 400.0 2284.0 11.42 0.02595543135055518 0.03759398496240601 0.006366582726648422 0.38813229571984437 0.06652367593526869 0.0031707042542231654
233 400.0 2284.0 11.42 0.02595543135055518 0.022556390977443608 0.0029473307185262725 0.3601083032490975 0.03532842962400477 0.002043429804686533
234 400.0 2284.0 11.42 0.02595543135055518 0.03508771929824561 0.005749735781624243 0.3789173789173789 0.05560936909811595 0.003019187884933354
235 400.0 2284.0 11.42 0.02595543135055518 0.022556390977443608 0.0022810120460491344 0.3584905660377358 0.03808753836822291 0.002022297998785849
236 400.0 2284.0 11.42 0.02595543135055518 0.022556390977443608 0.0025944367819444097 0.34908136482939633 0.029873219377618714 0.002067892985665485
237 400.0 2284.0 11.42 0.02595543135055518 0.042606516290726815 0.008430741766636498 0.3911764705882353 0.07157635217995238 0.0035862758624021066
238 400.0 2284.0 11.42 0.02595543135055518 0.020050125313283207 0.0018249658062850953 0.35403726708074534 0.032166681104712505 0.0018222357547954297
239 400.0 2284.0 11.42 0.02595543135055518 0.022556390977443608 0.002045708240269679 0.35688729874776387 0.03692561149922781 0.002012331939172751
24 400.0 2284.0 11.42 0.02595543135055518 0.045112781954887216 0.009953288736738192 0.38813229571984437 0.0676066893226144 0.00382425252956529
240 400.0 2284.0 11.42 0.02595543135055518 0.05012531328320802 0.012182689230248385 0.3970149253731343 0.07913379946883328 0.004209582414777578
241 400.0 2284.0 11.42 0.02595543135055518 0.017543859649122806 0.001494284875282517 0.35216240070609 0.02949127234703464 0.001624779252485837
242 400.0 2284.0 11.42 0.02595543135055518 0.03759398496240601 0.006177973900576005 0.38402309913378246 0.06562738733653847 0.003182777123766985
243 400.0 2284.0 11.42 0.02595543135055518 0.017543859649122806 0.0013403709965400961 0.33986371379897784 0.02699605900525506 0.001646316508201917
244 400.0 2284.0 11.42 0.02595543135055518 0.02756892230576441 0.0038737790580182386 0.37359550561797755 0.04609286819943309 0.002408496215821469
245 400.0 2284.0 11.42 0.02595543135055518 0.02506265664160401 0.0030490374751385254 0.36272727272727273 0.03928288020259551 0.002239173948819978
246 400.0 2284.0 11.42 0.02595543135055518 0.03007518796992481 0.004244221196392068 0.37324602432179604 0.04972321159640181 0.002605145248199395
247 400.0 2284.0 11.42 0.02595543135055518 0.03007518796992481 0.004594502502399065 0.37359550561797755 0.04725958220894025 0.0026233905356373016
248 400.0 2284.0 11.42 0.02595543135055518 0.040100250626566414 0.007605301897735977 0.38700290979631424 0.06495105760747799 0.0034113049320229094
249 400.0 2284.0 11.42 0.02595543135055518 0.015037593984962405 0.001054340485557965 0.3392857142857143 0.02222304766638458 0.0014402114329903227
25 400.0 2284.0 11.42 0.02595543135055518 0.015037593984962405 0.0008626672375652787 0.34515570934256057 0.027993197169488036 0.001410964300735931
250 400.0 2284.0 11.42 0.02595543135055518 0.03258145363408521 0.004883643239366379 0.3789173789173789 0.05528305786034096 0.0027912381129811302
251 400.0 2284.0 11.42 0.02595543135055518 0.015037593984962405 0.001155155727513736 0.3460537727666956 0.025398045098004956 0.001430808361475919
252 400.0 2284.0 11.42 0.02595543135055518 0.03007518796992481 0.004592390656951674 0.3718546132339236 0.04708890720327853 0.002628060324127798
253 400.0 2284.0 11.42 0.02595543135055518 0.012531328320802004 0.0007739780100171298 0.3344509639564124 0.021686816407845082 0.001246295582372012
254 400.0 2284.0 11.42 0.02595543135055518 0.02506265664160401 0.0030546729900810285 0.35498220640569395 0.03605300692480669 0.002262662575197634
255 400.0 2284.0 11.42 0.02595543135055518 0.040100250626566414 0.007133784046474422 0.38737864077669903 0.0691576994044681 0.0033783318140717397
256 400.0 2284.0 11.42 0.02595543135055518 0.03007518796992481 0.004268619212722098 0.375 0.053233050129087175 0.002586973170592501
257 400.0 2284.0 11.42 0.02595543135055518 0.015037593984962405 0.0010248404278105291 0.34307824591573516 0.024558254305631973 0.001437273204939132
258 400.0 2284.0 11.42 0.02595543135055518 0.017543859649122806 0.0017296958063984002 0.3460537727666956 0.0266918799726578 0.0016590979933828963
259 400.0 2284.0 11.42 0.02595543135055518 0.020050125313283207 0.0020381405177491664 0.35030728709394204 0.029759567070883484 0.0018509579935233598
26 400.0 2284.0 11.42 0.02595543135055518 0.03258145363408521 0.004731413971160477 0.37819905213270144 0.05585034605709518 0.002791305908865573
260 400.0 2284.0 11.42 0.02595543135055518 0.020050125313283207 0.001949319523233234 0.35216240070609 0.030651189287004582 0.001837448536677727
261 400.0 2284.0 11.42 0.02595543135055518 0.03258145363408521 0.005548870541743294 0.38328530259365995 0.05731292402983717 0.0027987725685850273
262 400.0 2284.0 11.42 0.02595543135055518 0.03508771929824561 0.005378918653982387 0.37748344370860926 0.05554719636682235 0.002997638135395622
263 400.0 2284.0 11.42 0.02595543135055518 0.017543859649122806 0.001615187830466137 0.3466550825369244 0.027064550308832088 0.0016439231879452028
264 400.0 2284.0 11.42 0.02595543135055518 0.02506265664160401 0.0033276114610927936 0.35529830810329477 0.03532119282300921 0.002253838388338762
265 400.0 2284.0 11.42 0.02595543135055518 0.02756892230576441 0.003390827371990006 0.3620689655172414 0.042721288692110254 0.0024384746373753304
266 400.0 2284.0 11.42 0.02595543135055518 0.020050125313283207 0.0014475372756078643 0.3617407071622847 0.041137052289026366 0.0017851539039558083
267 400.0 2284.0 11.42 0.02595543135055518 0.015037593984962405 0.001011388000006474 0.3424892703862661 0.025598727357719692 0.0014279933526520426
268 400.0 2284.0 11.42 0.02595543135055518 0.03759398496240601 0.006883290230430558 0.38926829268292684 0.06790463300919954 0.003179679817591378
269 400.0 2284.0 11.42 0.02595543135055518 0.03007518796992481 0.004353843847335491 0.36944444444444446 0.046785796599724774 0.002627483879835161
27 400.0 2284.0 11.42 0.02595543135055518 0.040100250626566414 0.007138826537151287 0.39465875370919884 0.07455348882722977 0.0033492515407428313
270 400.0 2284.0 11.42 0.02595543135055518 0.020050125313283207 0.002030018714955857 0.35625 0.03312469600332183 0.0018280439482272089
271 400.0 2284.0 11.42 0.02595543135055518 0.03258145363408521 0.005841973324787562 0.38 0.05421654998066055 0.0028141227950845243
272 400.0 2284.0 11.42 0.02595543135055518 0.03759398496240601 0.006849951066970481 0.38402309913378246 0.06184028096060733 0.003192758564886518
273 400.0 2284.0 11.42 0.02595543135055518 0.03258145363408521 0.00560427008217945 0.382183908045977 0.0590432404449257 0.002795236553751361
274 400.0 2284.0 11.42 0.02595543135055518 0.022556390977443608 0.0021247789221020457 0.36075949367088606 0.04102729970265187 0.002004040718203547
275 400.0 2284.0 11.42 0.02595543135055518 0.045112781954887216 0.010266912387437429 0.4026236125126135 0.08043606851586914 0.0037680741331827207
276 400.0 2284.0 11.42 0.02595543135055518 0.047619047619047616 0.010892627752483702 0.4022177419354839 0.0830375178075488 0.0039735079195438346
277 400.0 2284.0 11.42 0.02595543135055518 0.05012531328320802 0.012663566121121513 0.4006024096385542 0.08356934195733409 0.004205991772341301
278 400.0 2284.0 11.42 0.02595543135055518 0.02756892230576441 0.003096100111199447 0.36808118081180813 0.047957257839540864 0.0023920280745389657
279 400.0 2284.0 11.42 0.02595543135055518 0.03258145363408521 0.0050729465969935016 0.382183908045977 0.060799892689218336 0.0027843024971581573
28 400.0 2284.0 11.42 0.02595543135055518 0.017543859649122806 0.0013260475164023392 0.3537234042553192 0.0329455716789522 0.0016102724484105676
280 400.0 2284.0 11.42 0.02595543135055518 0.03258145363408521 0.005512834703187029 0.37748344370860926 0.053095559629251304 0.0028252830959552585
281 400.0 2284.0 11.42 0.02595543135055518 0.03508771929824561 0.005954347736579493 0.3778409090909091 0.055495428484836 0.0030177237631608747
282 400.0 2284.0 11.42 0.02595543135055518 0.02756892230576441 0.004011503838503892 0.3637192342752963 0.0384209326120237 0.0024579448045561852
283 400.0 2284.0 11.42 0.02595543135055518 0.015037593984962405 0.0012879442549177228 0.3308457711442786 0.02122644353097995 0.00146785909560798
284 400.0 2284.0 11.42 0.02595543135055518 0.03258145363408521 0.005652549290708677 0.38036224976167776 0.05221876305981991 0.0028183049799560267
285 400.0 2284.0 11.42 0.02595543135055518 0.03007518796992481 0.004991721075864552 0.37324602432179604 0.04800555408315084 0.0026377678073679534
286 400.0 2284.0 11.42 0.02595543135055518 0.02506265664160401 0.003255129377979069 0.3610859728506787 0.03542641333311718 0.0022534724344712535
287 400.0 2284.0 11.42 0.02595543135055518 0.022556390977443608 0.0022430964486819926 0.3630573248407643 0.0400491424665251 0.0020151191086939086
288 400.0 2284.0 11.42 0.02595543135055518 0.03759398496240601 0.007349309183451356 0.38700290979631424 0.06521837780327751 0.0032086713526239498
289 400.0 2284.0 11.42 0.02595543135055518 0.02506265664160401 0.0029234744253574503 0.3643835616438356 0.04448489496385327 0.0022119316922880887
29 400.0 2284.0 11.42 0.02595543135055518 0.02756892230576441 0.0036211697596012964 0.37254901960784315 0.04802425636157475 0.0023917328119246613
290 400.0 2284.0 11.42 0.02595543135055518 0.047619047619047616 0.01103094722635069 0.3942687747035573 0.07235701902474573 0.0040217826076520136
291 400.0 2284.0 11.42 0.02595543135055518 0.02756892230576441 0.0034766199626442566 0.37324602432179604 0.048271921484789496 0.002396868226403918
292 400.0 2284.0 11.42 0.02595543135055518 0.03508771929824561 0.005503968773768784 0.3825503355704698 0.061378688855152234 0.00298905316475394
293 400.0 2284.0 11.42 0.02595543135055518 0.02506265664160401 0.003102996141004638 0.3684210526315789 0.044389381072109706 0.002216287611310353
294 400.0 2284.0 11.42 0.02595543135055518 0.022556390977443608 0.0024486842484595065 0.3633879781420765 0.03755099804131276 0.002013005917805376
295 400.0 2284.0 11.42 0.02595543135055518 0.02506265664160401 0.003137965847012762 0.35945945945945945 0.035021517571606625 0.0022538179490695764
296 400.0 2284.0 11.42 0.02595543135055518 0.03508771929824561 0.006380055032179096 0.375 0.05120506859069836 0.0030415013235670935
297 400.0 2284.0 11.42 0.02595543135055518 0.03508771929824561 0.006281011977754789 0.37855787476280833 0.055895114702936365 0.0030224280631659006
298 400.0 2284.0 11.42 0.02595543135055518 0.017543859649122806 0.0016072591443158915 0.3424892703862661 0.022959573760430528 0.0016583077674569202
299 400.0 2284.0 11.42 0.02595543135055518 0.02756892230576441 0.004546674039806678 0.36405109489051096 0.039207842067077905 0.0024680044756666976
3 400.0 2284.0 11.42 0.02595543135055518 0.03508771929824561 0.005772344631535021 0.37464788732394366 0.05355545891708754 0.00305009081085665
30 400.0 2284.0 11.42 0.02595543135055518 0.020050125313283207 0.0019996172359996703 0.35656836461126007 0.03397678827802718 0.0018206925251478235
300 400.0 2284.0 11.42 0.02595543135055518 0.02756892230576441 0.0037856951142290467 0.36639118457300274 0.04290112615587493 0.0024240969095308557
301 400.0 2284.0 11.42 0.02595543135055518 0.03759398496240601 0.006181841543044785 0.38737864077669903 0.06917317856708503 0.0031637865880783447
302 400.0 2284.0 11.42 0.02595543135055518 0.020050125313283207 0.0018212439774890116 0.35881294964028776 0.03593925507523036 0.0018078721441168216
303 400.0 2284.0 11.42 0.02595543135055518 0.020050125313283207 0.0017902907092807972 0.3610859728506787 0.03876312087868437 0.0017962977575139009
304 400.0 2284.0 11.42 0.02595543135055518 0.03258145363408521 0.005143048784793463 0.38181818181818183 0.05657894623821058 0.002790636993604654
305 400.0 2284.0 11.42 0.02595543135055518 0.015037593984962405 0.0009955188606508571 0.3424892703862661 0.02449174136927647 0.001429043216241996
306 400.0 2284.0 11.42 0.02595543135055518 0.03007518796992481 0.0042904900602806365 0.37464788732394366 0.05191971028557956 0.0025916307021839834
307 400.0 2284.0 11.42 0.02595543135055518 0.03258145363408521 0.004960338268998057 0.37855787476280833 0.05368320808022099 0.002798692573758361
308 400.0 2284.0 11.42 0.02595543135055518 0.020050125313283207 0.0016922495668044834 0.3617407071622847 0.038766994693576314 0.0017958653963028011
309 400.0 2284.0 11.42 0.02595543135055518 0.020050125313283207 0.0017248468836969834 0.35247349823321555 0.03335540731855333 0.0018247777395615907
31 400.0 2284.0 11.42 0.02595543135055518 0.03258145363408521 0.004546847097160612 0.38 0.06112370444401908 0.002774178522379338
310 400.0 2284.0 11.42 0.02595543135055518 0.05012531328320802 0.01275082257445705 0.3993993993993994 0.07781742796646869 0.004217203836580003
311 400.0 2284.0 11.42 0.02595543135055518 0.03759398496240601 0.006874173174657642 0.3771266540642722 0.05726833348811376 0.003219173354915243
312 400.0 2284.0 11.42 0.02595543135055518 0.02506265664160401 0.0031052311966604496 0.36141304347826086 0.037426618742714586 0.0022348679880207674
313 400.0 2284.0 11.42 0.02595543135055518 0.03007518796992481 0.004777430316833504 0.37677053824362605 0.05065681956231691 0.0026163977024302796
314 400.0 2284.0 11.42 0.02595543135055518 0.03508771929824561 0.005962036325726309 0.38072519083969464 0.05707134650888542 0.003010557642562939
315 400.0 2284.0 11.42 0.02595543135055518 0.017543859649122806 0.0016071962664059773 0.3515418502202643 0.029173266960260385 0.001634363536528058
316 400.0 2284.0 11.42 0.02595543135055518 0.022556390977443608 0.0026187611186857737 0.3643835616438356 0.0393431125277786 0.002009828756097609
317 400.0 2284.0 11.42 0.02595543135055518 0.03759398496240601 0.006420225636349816 0.37748344370860926 0.058041244408829844 0.003223719920081847
318 400.0 2284.0 11.42 0.02595543135055518 0.02506265664160401 0.0031027995971206744 0.3637192342752963 0.038471167284763824 0.002238435457397394
319 400.0 2284.0 11.42 0.02595543135055518 0.022556390977443608 0.002902388504657581 0.3584905660377358 0.03338743572442873 0.002047300282827719
32 400.0 2284.0 11.42 0.02595543135055518 0.03007518796992481 0.004156527447465302 0.37819905213270144 0.05527598608405164 0.0025824462251510913
320 400.0 2284.0 11.42 0.02595543135055518 0.02506265664160401 0.003173588074899442 0.35945945945945945 0.03536409775191933 0.0022650702337209277
321 400.0 2284.0 11.42 0.02595543135055518 0.03759398496240601 0.0064230115825835935 0.38439306358381503 0.0628797406714316 0.0031996184109303167
322 400.0 2284.0 11.42 0.02595543135055518 0.02756892230576441 0.0032580432102357606 0.3670653173873045 0.044729950689107116 0.0024086850183210984
323 400.0 2284.0 11.42 0.02595543135055518 0.03258145363408521 0.005158402138155995 0.3718546132339236 0.04606586803605642 0.0028401361847309606
324 400.0 2284.0 11.42 0.02595543135055518 0.017543859649122806 0.0012624717902742532 0.34307824591573516 0.026490237098073372 0.0016338037911410987
325 400.0 2284.0 11.42 0.02595543135055518 0.02506265664160401 0.002807732660262987 0.3630573248407643 0.04269361305423808 0.0022063536670985685
326 400.0 2284.0 11.42 0.02595543135055518 0.03007518796992481 0.003926759773386894 0.37429643527204504 0.05235463052313467 0.0025962000313569647
327 400.0 2284.0 11.42 0.02595543135055518 0.02506265664160401 0.003214497873958812 0.36141304347826086 0.037103824187271914 0.0022373927189520723
328 400.0 2284.0 11.42 0.02595543135055518 0.02506265664160401 0.0032142657313354067 0.37047353760445684 0.04436081102797927 0.002209148864223571
329 400.0 2284.0 11.42 0.02595543135055518 0.02756892230576441 0.003630242673489767 0.3687615526802218 0.04458608395889833 0.0024143010237213233
33 400.0 2284.0 11.42 0.02595543135055518 0.03508771929824561 0.004703783423294005 0.38 0.06232615530629802 0.002975814971459619
330 400.0 2284.0 11.42 0.02595543135055518 0.03759398496240601 0.007042056382485148 0.38 0.05714997340995541 0.003226117729425642
331 400.0 2284.0 11.42 0.02595543135055518 0.02506265664160401 0.003241922807995814 0.35816876122082586 0.03352719426042585 0.0022581211080421703
332 400.0 2284.0 11.42 0.02595543135055518 0.022556390977443608 0.0033934095402920173 0.35247349823321555 0.02928389386939411 0.0021081147508452336
333 400.0 2284.0 11.42 0.02595543135055518 0.03258145363408521 0.004882044199374469 0.38476374156219867 0.06314325507032399 0.002769238945856245
334 400.0 2284.0 11.42 0.02595543135055518 0.040100250626566414 0.0074545245224631245 0.3911764705882353 0.07225803744972867 0.00337747719261223
335 400.0 2284.0 11.42 0.02595543135055518 0.022556390977443608 0.0023971173597605706 0.36239782016348776 0.038211742529358564 0.0020066568328502626
336 400.0 2284.0 11.42 0.02595543135055518 0.045112781954887216 0.008401551178836404 0.39780658025922233 0.0890876732710088 0.0037300546639116683
337 400.0 2284.0 11.42 0.02595543135055518 0.03258145363408521 0.0042102562397932424 0.38072519083969464 0.062483707598394105 0.002770279704896671
338 400.0 2284.0 11.42 0.02595543135055518 0.022556390977443608 0.002766497309216026 0.3610859728506787 0.03701377998775844 0.00203111734988591
339 400.0 2284.0 11.42 0.02595543135055518 0.03007518796992481 0.0038495729222307977 0.37116279069767444 0.05022378392514703 0.0026018578815316645
34 400.0 2284.0 11.42 0.02595543135055518 0.03007518796992481 0.004431662621542766 0.3670653173873045 0.042993100014724735 0.002654367696012867
340 400.0 2284.0 11.42 0.02595543135055518 0.022556390977443608 0.0023732130312839063 0.3575268817204301 0.03542033471809351 0.0020334824483863394
341 400.0 2284.0 11.42 0.02595543135055518 0.03258145363408521 0.005180494432990855 0.37641509433962267 0.052774580140013926 0.002811067756372446
342 400.0 2284.0 11.42 0.02595543135055518 0.03258145363408521 0.004733727211481624 0.3739456419868791 0.05279083072688505 0.0027988544016370907
343 400.0 2284.0 11.42 0.02595543135055518 0.040100250626566414 0.006933315839382681 0.3877551020408163 0.07374957951275327 0.0033750262508205103
344 400.0 2284.0 11.42 0.02595543135055518 0.022556390977443608 0.0031108408789403577 0.36239782016348776 0.03862221725618637 0.0020383266410683594
345 400.0 2284.0 11.42 0.02595543135055518 0.015037593984962405 0.0011000497465533817 0.3387096774193548 0.02256353408779083 0.0014431221594539277
346 400.0 2284.0 11.42 0.02595543135055518 0.022556390977443608 0.0030694584720358923 0.3427835051546392 0.02416037632112395 0.0021189724158942776
347 400.0 2284.0 11.42 0.02595543135055518 0.047619047619047616 0.011207001193754238 0.4006024096385542 0.08005219870692226 0.003980371164628711
348 400.0 2284.0 11.42 0.02595543135055518 0.03508771929824561 0.006288480956241957 0.38402309913378246 0.05693200862289401 0.003003518489930349
349 400.0 2284.0 11.42 0.02595543135055518 0.022556390977443608 0.0026576525643566004 0.35278514588859416 0.028555622266524798 0.002064826322390181
35 400.0 2284.0 11.42 0.02595543135055518 0.02756892230576441 0.003698296743478049 0.37677053824362605 0.053521731647429446 0.0023883247326014698
350 400.0 2284.0 11.42 0.02595543135055518 0.020050125313283207 0.0020385608789414474 0.3487762237762238 0.027498106014434066 0.0018536061481521228
351 400.0 2284.0 11.42 0.02595543135055518 0.022556390977443608 0.0023609164713039176 0.35625 0.03476750209532392 0.0020281971835824507
352 400.0 2284.0 11.42 0.02595543135055518 0.045112781954887216 0.010333403434272187 0.39622641509433965 0.0777544995354363 0.003787402691026864
353 400.0 2284.0 11.42 0.02595543135055518 0.020050125313283207 0.002215171142530573 0.34575389948006935 0.029008175528506687 0.0018705001614469734
354 400.0 2284.0 11.42 0.02595543135055518 0.040100250626566414 0.007133115738506794 0.39002932551319647 0.07437445801840513 0.003366064613955908
355 400.0 2284.0 11.42 0.02595543135055518 0.03007518796992481 0.0046313831194594365 0.37012987012987014 0.047349735574515446 0.0026313110884208
356 400.0 2284.0 11.42 0.02595543135055518 0.03508771929824561 0.005890033516873136 0.38700290979631424 0.06368677059428822 0.002982225757597593
357 400.0 2284.0 11.42 0.02595543135055518 0.040100250626566414 0.007809521586608195 0.3911764705882353 0.06904872639359229 0.003377370900678073
358 400.0 2284.0 11.42 0.02595543135055518 0.02506265664160401 0.0033532200023299744 0.35688729874776387 0.032590910454554006 0.0022656561222267383
359 400.0 2284.0 11.42 0.02595543135055518 0.047619047619047616 0.010684592002581898 0.4002006018054162 0.08367280456755488 0.003960576657099001
36 400.0 2284.0 11.42 0.02595543135055518 0.010025062656641603 0.00045226368225102553 0.31002331002331 0.011781707370001504 0.0010716834537277075
360 400.0 2284.0 11.42 0.02595543135055518 0.02506265664160401 0.003035112509592196 0.35945945945945945 0.03569410233283078 0.002248963724503586
361 400.0 2284.0 11.42 0.02595543135055518 0.02756892230576441 0.003145443344379706 0.37324602432179604 0.051561605420909526 0.002380670323948061
362 400.0 2284.0 11.42 0.02595543135055518 0.03007518796992481 0.004918712853654027 0.37324602432179604 0.04557907848514709 0.0026456173666162233
363 400.0 2284.0 11.42 0.02595543135055518 0.02506265664160401 0.0032956380040310078 0.36808118081180813 0.0409948325209538 0.002219319339608533
364 400.0 2284.0 11.42 0.02595543135055518 0.040100250626566414 0.007816089218677966 0.3915603532875368 0.072605546331906 0.003376922750536698
365 400.0 2284.0 11.42 0.02595543135055518 0.02506265664160401 0.0033693536717534812 0.3637192342752963 0.03747043768509906 0.0022400239181017095
366 400.0 2284.0 11.42 0.02595543135055518 0.03508771929824561 0.00628432260135121 0.38476374156219867 0.06279667611502553 0.0029997434154762845
367 400.0 2284.0 11.42 0.02595543135055518 0.017543859649122806 0.0012401157880266066 0.3515418502202643 0.03263540455994681 0.0016163261846946942
368 400.0 2284.0 11.42 0.02595543135055518 0.022556390977443608 0.0027159621032520754 0.3559322033898305 0.033210049728007944 0.0020463568630525106
369 400.0 2284.0 11.42 0.02595543135055518 0.022556390977443608 0.0023231293961301527 0.36239782016348776 0.03715117487246599 0.002012411107477275
37 400.0 2284.0 11.42 0.02595543135055518 0.017543859649122806 0.0011992849189897755 0.3424892703862661 0.026374974609221582 0.0016333409850885548
370 400.0 2284.0 11.42 0.02595543135055518 0.03258145363408521 0.005799833930877519 0.37359550561797755 0.05123829484013614 0.002858898651365605
371 400.0 2284.0 11.42 0.02595543135055518 0.040100250626566414 0.008764830539544284 0.3907933398628795 0.0620611173828936 0.003419897594336213
372 400.0 2284.0 11.42 0.02595543135055518 0.047619047619047616 0.010976850274711545 0.4034378159757331 0.08295772953841071 0.003961796294491329
373 400.0 2284.0 11.42 0.02595543135055518 0.045112781954887216 0.009842085258255072 0.39233038348082594 0.07568438300585417 0.003814050951975314
374 400.0 2284.0 11.42 0.02595543135055518 0.042606516290726815 0.008737285506930264 0.4022177419354839 0.0835273817339266 0.0035477478512143156
375 400.0 2284.0 11.42 0.02595543135055518 0.03258145363408521 0.005002992430588833 0.37927756653992395 0.05524689633082484 0.0028008024659166193
376 400.0 2284.0 11.42 0.02595543135055518 0.017543859649122806 0.0013071055100425282 0.34515570934256057 0.029747034147779756 0.0016278274485856184
377 400.0 2284.0 11.42 0.02595543135055518 0.017543859649122806 0.0015571774273508193 0.3487762237762238 0.027722455770560844 0.0016505931694272176
378 400.0 2284.0 11.42 0.02595543135055518 0.03258145363408521 0.004515986682942377 0.3715083798882682 0.05316035618613069 0.002800347573509063
379 400.0 2284.0 11.42 0.02595543135055518 0.017543859649122806 0.0016806560585930616 0.3427835051546392 0.023505769387999455 0.0016653390824549136
38 400.0 2284.0 11.42 0.02595543135055518 0.047619047619047616 0.011713254483394175 0.40181268882175225 0.0784437419191038 0.0039939270631729005
380 400.0 2284.0 11.42 0.02595543135055518 0.03258145363408521 0.005320870400059141 0.38072519083969464 0.0570782148888981 0.002795544021329485
381 400.0 2284.0 11.42 0.02595543135055518 0.03007518796992481 0.004882444395624186 0.3796384395813511 0.055295097961887155 0.002597858129354659
382 400.0 2284.0 11.42 0.02595543135055518 0.02756892230576441 0.003389588177798667 0.3660550458715596 0.04554167547570294 0.0024073737940164385
383 400.0 2284.0 11.42 0.02595543135055518 0.015037593984962405 0.0011877131917085323 0.3313953488372093 0.01914860238040348 0.0014747419701324554
384 400.0 2284.0 11.42 0.02595543135055518 0.03759398496240601 0.005592088330790391 0.3885102239532619 0.0735223144125072 0.003148298225244586
385 400.0 2284.0 11.42 0.02595543135055518 0.02756892230576441 0.003910549448177852 0.3728971962616822 0.046842558753459704 0.0024063324223403855
386 400.0 2284.0 11.42 0.02595543135055518 0.03508771929824561 0.006709311895507003 0.38036224976167776 0.054118127227763546 0.0030282874819759814
387 400.0 2284.0 11.42 0.02595543135055518 0.03007518796992481 0.004053899116637518 0.3739456419868791 0.05209303099108027 0.0025990544077383404
388 400.0 2284.0 11.42 0.02595543135055518 0.02756892230576441 0.003562884704381995 0.36808118081180813 0.04382596043124103 0.0024219931202124796
389 400.0 2284.0 11.42 0.02595543135055518 0.03258145363408521 0.004893047827711743 0.375 0.054765025347412954 0.002820838816575055
39 400.0 2284.0 11.42 0.02595543135055518 0.015037593984962405 0.0010700153252818233 0.34102564102564104 0.02378410876992853 0.0014462068447492701
390 400.0 2284.0 11.42 0.02595543135055518 0.02756892230576441 0.003915649685422816 0.3660550458715596 0.040560306295007474 0.002451932514965208
391 400.0 2284.0 11.42 0.02595543135055518 0.05012531328320802 0.011726021012119869 0.4059003051881994 0.08770364583985915 0.004160137832088155
392 400.0 2284.0 11.42 0.02595543135055518 0.02756892230576441 0.0036594020378701857 0.3620689655172414 0.03982928448838386 0.0024374060716108753
393 400.0 2284.0 11.42 0.02595543135055518 0.03007518796992481 0.004198471347822374 0.37641509433962267 0.05319269639579122 0.002596486345722736
394 400.0 2284.0 11.42 0.02595543135055518 0.03508771929824561 0.006265517320490803 0.38402309913378246 0.05667222153038241 0.0030128216353775585
395 400.0 2284.0 11.42 0.02595543135055518 0.017543859649122806 0.0013729793282038637 0.34847161572052404 0.028676046012403835 0.0016370404950387498
396 400.0 2284.0 11.42 0.02595543135055518 0.02506265664160401 0.0030590666412248254 0.36808118081180813 0.04113744949846445 0.0022199026426653373
397 400.0 2284.0 11.42 0.02595543135055518 0.03258145363408521 0.004598952026260155 0.3825503355704698 0.06020908039839151 0.002769674216257073
398 400.0 2284.0 11.42 0.02595543135055518 0.02756892230576441 0.0037896730536098253 0.36774193548387096 0.044002226763660224 0.002421319215961302
399 400.0 2284.0 11.42 0.02595543135055518 0.042606516290726815 0.008898093256843865 0.39820359281437123 0.07800845237946949 0.0035696573957850865
4 400.0 2284.0 11.42 0.02595543135055518 0.02506265664160401 0.002839745722983681 0.3739456419868791 0.05031280319624555 0.0021840231788273347
40 400.0 2284.0 11.42 0.02595543135055518 0.02506265664160401 0.003481068942460934 0.3670653173873045 0.04040867959138151 0.0022287781164858885
41 400.0 2284.0 11.42 0.02595543135055518 0.03007518796992481 0.004865835794145454 0.3760603204524034 0.051583926993868774 0.002617912477299177
42 400.0 2284.0 11.42 0.02595543135055518 0.017543859649122806 0.0011724629074063373 0.34102564102564104 0.024824373821465504 0.0016457781594469356
43 400.0 2284.0 11.42 0.02595543135055518 0.02506265664160401 0.002463051035363574 0.35816876122082586 0.03846241897342465 0.00222651657102741
44 400.0 2284.0 11.42 0.02595543135055518 0.03258145363408521 0.005151731314664858 0.37927756653992395 0.05394142612029404 0.0028063838467791984
45 400.0 2284.0 11.42 0.02595543135055518 0.03007518796992481 0.004251872835273556 0.3674033149171271 0.04465413791913599 0.0026394023027266366
46 400.0 2284.0 11.42 0.02595543135055518 0.007518796992481203 0.00022867934212833328 0.30978260869565216 0.011886804595678304 0.0008471913915833174
47 400.0 2284.0 11.42 0.02595543135055518 0.02756892230576441 0.0038959928691095326 0.3584905660377358 0.036196939328084356 0.0024769281704737573
48 400.0 2284.0 11.42 0.02595543135055518 0.045112781954887216 0.00914559206770811 0.39233038348082594 0.0712009810587846 0.0037846183077845643
49 400.0 2284.0 11.42 0.02595543135055518 0.03007518796992481 0.004161306663145669 0.3674033149171271 0.04503608585874908 0.0026238423133346763
5 400.0 2284.0 11.42 0.02595543135055518 0.03759398496240601 0.0081635531424547 0.3888888888888889 0.06461442850246198 0.003217403442330575
50 400.0 2284.0 11.42 0.02595543135055518 0.03508771929824561 0.005019769141091514 0.38328530259365995 0.06456661717937955 0.0029630078388908476
51 400.0 2284.0 11.42 0.02595543135055518 0.022556390977443608 0.0021522622968411726 0.3643835616438356 0.0420101982537273 0.001990205542346554
52 400.0 2284.0 11.42 0.02595543135055518 0.022556390977443608 0.0022151407434661723 0.3601083032490975 0.03676585895213042 0.0020273490258525158
53 400.0 2284.0 11.42 0.02595543135055518 0.040100250626566414 0.007934591995893555 0.3927165354330709 0.07053292282732368 0.0033744788358649213
54 400.0 2284.0 11.42 0.02595543135055518 0.022556390977443608 0.002538470463007909 0.35561497326203206 0.03236157505701974 0.002043011558061853
55 400.0 2284.0 11.42 0.02595543135055518 0.03508771929824561 0.005599389140595061 0.38181818181818183 0.06367672385122046 0.002989719175724998
56 400.0 2284.0 11.42 0.02595543135055518 0.022556390977443608 0.0016834199004362935 0.3575268817204301 0.03924057045400352 0.001998396017504008
57 400.0 2284.0 11.42 0.02595543135055518 0.02756892230576441 0.003694029690970564 0.3660550458715596 0.04410843804177136 0.0024345182969001
58 400.0 2284.0 11.42 0.02595543135055518 0.03258145363408521 0.00495154142390947 0.38108882521489973 0.05875461140068315 0.002788951932901788
59 400.0 2284.0 11.42 0.02595543135055518 0.03508771929824561 0.006143260821585139 0.38328530259365995 0.06228218655981687 0.002995994652582424
6 400.0 2284.0 11.42 0.02595543135055518 0.02756892230576441 0.0033648317753704427 0.36944444444444446 0.04781199454044422 0.0024018384796221457
60 400.0 2284.0 11.42 0.02595543135055518 0.022556390977443608 0.0020750661343737816 0.3647166361974406 0.04361430968990977 0.0019875092497023566
61 400.0 2284.0 11.42 0.02595543135055518 0.022556390977443608 0.002540597136876782 0.35945945945945945 0.037322792723866405 0.002030983600296245
62 400.0 2284.0 11.42 0.02595543135055518 0.03759398496240601 0.007662188353517573 0.3858800773694391 0.0622514559090646 0.0032152901482225263
63 400.0 2284.0 11.42 0.02595543135055518 0.017543859649122806 0.0017045435276974847 0.34190231362467866 0.02342560076676961 0.001661847637641582
64 400.0 2284.0 11.42 0.02595543135055518 0.03508771929824561 0.004903361546709352 0.3789173789173789 0.06614123023708393 0.002967059447739987
65 400.0 2284.0 11.42 0.02595543135055518 0.02756892230576441 0.004080154628296204 0.3650503202195791 0.03989972517642973 0.0024543304931677495
66 400.0 2284.0 11.42 0.02595543135055518 0.02756892230576441 0.0036000325283404365 0.3760603204524034 0.050632111518628335 0.0023889451033632793
67 400.0 2284.0 11.42 0.02595543135055518 0.017543859649122806 0.0016086222201723357 0.3392857142857143 0.021560434667960746 0.0016664838620507312
68 400.0 2284.0 11.42 0.02595543135055518 0.02756892230576441 0.003929695863080584 0.3670653173873045 0.04012959946708628 0.0024375400495530494
69 400.0 2284.0 11.42 0.02595543135055518 0.017543859649122806 0.0014590480741656657 0.34847161572052404 0.026592839550891992 0.0016352635367014301
7 400.0 2284.0 11.42 0.02595543135055518 0.022556390977443608 0.0025780873032891405 0.3546666666666667 0.03410797515608803 0.002037166967286717
70 400.0 2284.0 11.42 0.02595543135055518 0.047619047619047616 0.011609920717044845 0.4034378159757331 0.08127124837505129 0.003972025646162571
71 400.0 2284.0 11.42 0.02595543135055518 0.03258145363408521 0.004913769557699418 0.3757062146892655 0.0525008224988244 0.002813923024548485
72 400.0 2284.0 11.42 0.02595543135055518 0.03007518796992481 0.004337252256799956 0.37324602432179604 0.0481457213917714 0.002617938950753083
73 400.0 2284.0 11.42 0.02595543135055518 0.02756892230576441 0.003925552623238466 0.3670653173873045 0.041926965313739295 0.002427509871029342
74 400.0 2284.0 11.42 0.02595543135055518 0.02506265664160401 0.002603086137809161 0.36538461538461536 0.04330309365137074 0.0022034157291791426
75 400.0 2284.0 11.42 0.02595543135055518 0.017543859649122806 0.0011437815568222408 0.3530973451327434 0.03536671457020709 0.0015948496724077286
76 400.0 2284.0 11.42 0.02595543135055518 0.02506265664160401 0.002865379395249483 0.3753527751646284 0.050694754775590156 0.0021778099920982466
77 400.0 2284.0 11.42 0.02595543135055518 0.02506265664160401 0.002273788692523145 0.36405109489051096 0.04365956409548735 0.002196481948285238
78 400.0 2284.0 11.42 0.02595543135055518 0.015037593984962405 0.0010247859574588174 0.34044368600682595 0.023303191488377867 0.0014434352168524451
79 400.0 2284.0 11.42 0.02595543135055518 0.015037593984962405 0.0012043632968492986 0.3421955403087479 0.023354558014369198 0.001437838559921773
8 400.0 2284.0 11.42 0.02595543135055518 0.015037593984962405 0.0011661846102782876 0.3384223918575064 0.022258094742545184 0.0014509279385017636
80 400.0 2284.0 11.42 0.02595543135055518 0.03508771929824561 0.006733892646935448 0.37855787476280833 0.0574261383232486 0.0030427380831544847
81 400.0 2284.0 11.42 0.02595543135055518 0.020050125313283207 0.0018963916411401007 0.35030728709394204 0.032279222119494105 0.0018395903632009625
82 400.0 2284.0 11.42 0.02595543135055518 0.017543859649122806 0.0012498256957142776 0.3546666666666667 0.03452350171080294 0.0016053402228457427
83 400.0 2284.0 11.42 0.02595543135055518 0.02506265664160401 0.003346017215734608 0.35913591359135916 0.03647197984430478 0.0022387431839123715
84 400.0 2284.0 11.42 0.02595543135055518 0.045112781954887216 0.009272350583077111 0.4006024096385542 0.08331482395388143 0.0037456400403359964
85 400.0 2284.0 11.42 0.02595543135055518 0.03007518796992481 0.004666285301513375 0.3718546132339236 0.04481053336581461 0.002629129210952
86 400.0 2284.0 11.42 0.02595543135055518 0.020050125313283207 0.0018640873548343266 0.357847533632287 0.033763604645737286 0.0018147471578798039
87 400.0 2284.0 11.42 0.02595543135055518 0.03007518796992481 0.004408367456846814 0.375 0.05117700884205064 0.002602978880841065
88 400.0 2284.0 11.42 0.02595543135055518 0.03759398496240601 0.005827852524882191 0.38737864077669903 0.07163425443194471 0.0031488315390316266
89 400.0 2284.0 11.42 0.02595543135055518 0.03258145363408521 0.004156606739284742 0.37677053824362605 0.05948372706027188 0.0027858349653460744
9 400.0 2284.0 11.42 0.02595543135055518 0.020050125313283207 0.0019349902603353346 0.34938704028021017 0.029996435575513902 0.001856315132500492
90 400.0 2284.0 11.42 0.02595543135055518 0.045112781954887216 0.009957852000351961 0.39504950495049507 0.07685770669016058 0.0037868655613160713
91 400.0 2284.0 11.42 0.02595543135055518 0.03508771929824561 0.006425914595642499 0.3829174664107486 0.060142053856619034 0.003008264508451455
92 400.0 2284.0 11.42 0.02595543135055518 0.03759398496240601 0.006465723712565819 0.38513513513513514 0.0653158844060725 0.0031934095046953067
93 400.0 2284.0 11.42 0.02595543135055518 0.03508771929824561 0.005756662206223787 0.38181818181818183 0.06134154271811038 0.002997200378177425
94 400.0 2284.0 11.42 0.02595543135055518 0.020050125313283207 0.0018951935428274007 0.35656836461126007 0.03219331803566653 0.0018190211542102055
95 400.0 2284.0 11.42 0.02595543135055518 0.022556390977443608 0.0028451552895695023 0.3512323943661972 0.030081054557759362 0.0020655859970245523
96 400.0 2284.0 11.42 0.02595543135055518 0.042606516290726815 0.008782973057005778 0.3927165354330709 0.06982934082304267 0.003595759682726804
97 400.0 2284.0 11.42 0.02595543135055518 0.022556390977443608 0.002551321659724362 0.35978358881875566 0.036646183328491164 0.0020172376473222256
98 400.0 2284.0 11.42 0.02595543135055518 0.03007518796992481 0.003753123122995019 0.36774193548387096 0.05060289566425139 0.0025941249218493345
99 400.0 2284.0 11.42 0.02595543135055518 0.02756892230576441 0.004012512151766054 0.37254901960784315 0.04598317926223105 0.0024191736457706016