0 203
0 270
0 344
0 389
0 398
0 411
0 479
0 517
0 637
0 697
0 738
0 812
0 832
0 848
0 898
0 1032
0 1048
1 10
1 81
1 222
1 322
1 354
1 364
1 449
1 464
1 483
1 549
1 618
1 788
1 803
1 827
1 893
1 908
1 1069
2 57
2 91
2 92
2 93
2 129
2 213
2 214
2 251
2 300
2 391
2 403
2 411
2 461
2 480
2 625
2 640
2 700
2 705
2 755
2 868
2 890
2 1005
3 190
3 203
3 207
3 237
3 275
3 388
3 399
3 449
3 539
3 579
3 666
3 669
3 677
3 702
3 722
3 725
3 768
3 793
3 799
3 804
3 811
3 891
3 893
3 900
3 953
3 1020
4 101
4 128
4 235
4 273
4 325
4 348
4 382
4 436
4 455
4 462
4 513
4 581
4 582
4 603
4 620
4 735
4 848
4 885
4 972
4 1075
5 50
5 82
5 154
5 302
5 325
5 345
5 410
5 462
5 492
5 494
5 500
5 508
5 514
5 535
5 543
5 630
5 645
5 653
5 675
5 715
5 719
5 907
5 966
5 998
5 1013
6 25
6 32
6 63
6 114
6 165
6 199
6 220
6 223
6 298
6 391
6 447
6 469
6 470
6 529
6 557
6 565
6 600
6 655
6 771
6 890
6 918
6 963
6 1016
6 1034
7 18
7 141
7 165
7 214
7 313
7 371
7 402
7 444
7 445
7 558
7 634
7 765
7 936
7 966
7 1066
8 13
8 96
8 110
8 116
8 119
8 152
8 228
8 324
8 349
8 429
8 458
8 508
8 519
8 524
8 584
8 645
8 709
8 845
8 895
8 949
8 950
8 953
8 1023
8 1075
9 94
9 123
9 227
9 238
9 269
9 362
9 369
9 443
9 455
9 503
9 597
9 678
9 693
9 701
9 711
9 866
9 930
9 957
9 977
9 984
9 996
9 1012
9 1021
9 1042
9 1056
10 17
10 55
10 98
10 287
10 330
10 378
10 407
10 424
10 450
10 541
10 608
10 683
10 776
10 798
10 806
10 819
10 837
10 842
10 903
10 919
10 952
10 979
11 53
11 137
11 206
11 277
11 350
11 375
11 403
11 433
11 454
11 464
11 484
11 502
11 506
11 523
11 571
11 586
11 617
11 618
11 757
11 790
11 876
11 889
11 952
11 988
11 1002
11 1031
11 1044
12 60
12 196
12 281
12 391
12 481
12 504
12 542
12 562
12 581
12 637
12 718
12 776
12 848
12 915
12 1020
12 1072
13 26
13 59
13 90
13 209
13 217
13 223
13 341
13 351
13 393
13 416
13 459
13 480
13 569
13 601
13 699
13 702
13 768
13 795
13 807
13 869
13 878
13 973
13 997
13 1029
14 24
14 141
14 222
14 267
14 359
14 534
14 545
14 573
14 590
14 752
14 763
14 765
14 798
14 809
14 867
14 1080
15 62
15 111
15 160
15 215
15 261
15 388
15 393
15 404
15 498
15 701
15 728
15 759
15 762
15 771
15 776
15 827
15 843
15 896
15 899
15 1046
16 93
16 99
16 176
16 239
16 267
16 338
16 348
16 420
16 448
16 467
16 500
16 526
16 569
16 576
16 588
16 598
16 681
16 734
16 767
16 814
16 953
16 976
16 1052
16 1063
17 83
17 93
17 111
17 118
17 131
17 190
17 191
17 229
17 246
17 286
17 323
17 422
17 539
17 600
17 606
17 624
17 825
17 828
17 913
17 957
17 1004
17 1040
18 52
18 72
18 250
18 355
18 406
18 416
18 430
18 501
18 540
18 590
18 733
18 766
18 797
18 906
18 920
18 968
18 992
18 1045
19 23
19 37
19 49
19 89
19 162
19 190
19 216
19 276
19 341
19 343
19 387
19 435
19 459
19 556
19 676
19 718
19 738
19 778
19 810
19 853
19 906
19 925
19 948
19 968
19 993
19 1035
19 1050
20 98
20 104
20 112
20 142
20 307
20 329
20 335
20 495
20 520
20 565
20 571
20 624
20 654
20 739
20 741
20 863
20 879
20 909
20 946
20 967
20 992
20 996
21 246
21 247
21 342
21 403
21 493
21 544
21 601
21 647
21 667
21 733
21 782
21 884
21 933
21 948
21 982
21 991
21 1032
21 1046
21 1048
22 77
22 121
22 128
22 149
22 151
22 164
22 232
22 271
22 328
22 352
22 362
22 448
22 468
22 553
22 581
22 583
22 628
22 653
22 804
22 973
23 36
23 83
23 166
23 208
23 227
23 238
23 258
23 291
23 347
23 359
23 426
23 472
23 483
23 512
23 568
23 773
23 781
23 804
23 857
23 871
23 911
23 917
23 943
23 953
23 1011
24 30
24 105
24 115
24 156
24 182
24 208
24 254
24 267
24 302
24 419
24 524
24 582
24 639
24 699
24 719
24 947
24 993
24 1037
24 1063
24 1065
24 1069
25 37
25 65
25 172
25 178
25 199
25 202
25 240
25 299
25 341
25 356
25 445
25 518
25 587
25 624
25 663
25 686
25 816
25 889
25 926
25 1010
25 1014
26 34
26 54
26 103
26 122
26 123
26 135
26 157
26 209
26 265
26 295
26 321
26 328
26 447
26 594
26 674
26 713
26 724
26 808
26 810
26 854
26 873
26 893
26 922
26 1031
26 1065
26 1080
26 1081
27 331
27 508
27 571
27 715
27 721
27 750
27 754
27 809
27 859
27 1011
27 1045
27 1069
27 1079
28 31
28 68
28 214
28 218
28 229
28 265
28 307
28 363
28 415
28 418
28 423
28 441
28 474
28 618
28 666
28 714
28 715
28 716
28 874
28 936
28 979
28 1006
28 1071
29 103
29 114
29 210
29 299
29 303
29 510
29 642
29 653
29 659
29 685
29 742
29 824
29 961
29 967
29 1022
29 1038
30 50
30 104
30 178
30 252
30 277
30 291
30 399
30 505
30 531
30 536
30 620
30 698
30 700
30 711
30 839
30 1018
31 78
31 102
31 117
31 123
31 171
31 212
31 247
31 270
31 300
31 303
31 315
31 581
31 598
31 636
31 691
31 761
31 851
31 855
31 877
31 881
31 894
31 910
31 927
32 53
32 73
32 77
32 84
32 90
32 169
32 193
32 258
32 285
32 325
32 351
32 383
32 406
32 465
32 489
32 551
32 552
32 565
32 609
32 623
32 683
32 715
32 755
32 758
32 855
32 860
32 887
32 888
32 963
32 996
32 997
32 1074
33 110
33 150
33 170
33 248
33 272
33 298
33 354
33 441
33 576
33 662
33 698
33 809
33 812
33 856
33 965
33 998
33 1042
33 1051
33 1094
34 49
34 136
34 204
34 209
34 231
34 252
34 310
34 410
34 533
34 617
34 629
34 697
34 699
34 770
34 812
34 914
34 981
34 1018
34 1068
34 1078
35 169
35 219
35 332
35 343
35 437
35 473
35 504
35 540
35 558
35 591
35 638
35 697
35 727
35 770
35 804
35 848
35 882
35 962
35 1070
36 153
36 286
36 328
36 352
36 402
36 508
36 662
36 764
36 769
36 817
36 846
36 852
36 865
36 928
36 986
36 992
36 994
36 1030
36 1034
37 48
37 90
37 194
37 215
37 359
37 378
37 407
37 433
37 456
37 540
37 596
37 736
37 793
37 822
37 837
37 1040
37 1055
38 190
38 280
38 350
38 495
38 503
38 529
38 536
38 577
38 595
38 598
38 614
38 709
38 737
38 905
38 907
38 926
38 961
38 997
38 1009
38 1057
38 1068
39 69
39 111
39 125
39 169
39 252
39 326
39 334
39 484
39 572
39 662
39 673
39 712
39 717
39 723
39 785
39 795
39 836
39 842
39 899
39 935
39 947
39 967
39 997
39 1004
39 1032
39 1048
40 42
40 81
40 113
40 271
40 437
40 449
40 482
40 495
40 500
40 575
40 581
40 614
40 694
40 735
40 789
40 792
40 824
40 848
40 871
40 933
40 949
40 981
40 1063
40 1068
41 63
41 166
41 187
41 267
41 289
41 299
41 391
41 416
41 471
41 507
41 509
41 520
41 655
41 695
41 777
41 839
41 929
41 1021
41 1094
42 89
42 122
42 198
42 200
42 216
42 249
42 306
42 327
42 342
42 385
42 444
42 461
42 582
42 604
42 790
42 904
42 910
42 931
42 959
42 972
43 147
43 240
43 245
43 336
43 340
43 346
43 417
43 426
43 473
43 489
43 510
43 519
43 623
43 758
43 780
43 783
43 949
43 966
43 972
43 994
44 56
44 92
44 106
44 222
44 312
44 402
44 454
44 469
44 534
44 705
44 711
44 779
44 798
44 964
44 1086
44 1091
45 83
45 94
45 216
45 344
45 416
45 477
45 481
45 574
45 661
45 676
45 685
45 710
45 773
45 799
45 812
45 838
45 883
45 898
45 1009
45 1044
45 1052
45 1066
46 80
46 178
46 208
46 268
46 274
46 293
46 332
46 386
46 405
46 466
46 561
46 563
46 593
46 623
46 654
46 672
46 687
46 813
46 861
46 881
46 893
46 914
46 938
46 1092
47 54
47 96
47 110
47 194
47 308
47 454
47 559
47 573
47 625
47 714
47 716
47 723
47 805
47 812
47 888
47 1009
47 1027
47 1067
48 56
48 144
48 265
48 330
48 372
48 406
48 483
48 493
48 500
48 553
48 578
48 582
48 650
48 652
48 659
48 761
48 779
48 880
48 902
48 908
48 949
48 950
48 1043
48 1047
49 59
49 146
49 172
49 193
49 196
49 241
49 246
49 287
49 467
49 519
49 544
49 591
49 606
49 608
49 629
49 661
49 766
49 795
49 847
49 933
49 1003
49 1014
49 1027
50 110
50 135
50 162
50 181
50 438
50 454
50 565
50 612
50 635
50 846
50 909
50 961
50 980
50 994
50 1015
50 1068
50 1090
51 71
51 83
51 93
51 111
51 131
51 147
51 208
51 244
51 249
51 270
51 302
51 320
51 360
51 536
51 567
51 641
51 669
51 696
51 699
51 705
51 748
51 795
51 1047
51 1073
52 72
52 201
52 236
52 253
52 450
52 472
52 480
52 524
52 721
52 814
52 835
52 838
52 844
52 894
52 909
52 948
52 1064
52 1072
52 1083
52 1092
53 75
53 128
53 144
53 179
53 203
53 260
53 261
53 334
53 576
53 579
53 677
53 693
53 779
53 820
53 960
53 977
53 982
53 989
53 1008
53 1027
54 219
54 258
54 317
54 365
54 494
54 511
54 513
54 530
54 539
54 569
54 597
54 632
54 640
54 678
54 691
54 701
54 793
54 811
54 812
54 844
54 885
54 956
54 981
54 1014
54 1095
55 86
55 101
55 125
55 148
55 157
55 197
55 225
55 281
55 333
55 363
55 451
55 462
55 474
55 508
55 533
55 562
55 676
55 713
55 855
55 947
55 981
56 81
56 157
56 185
56 358
56 448
56 533
56 629
56 825
56 910
56 922
56 925
56 933
56 998
56 1042
56 1076
57 199
57 215
57 225
57 312
57 495
57 542
57 544
57 605
57 623
57 684
57 711
57 717
57 727
57 862
57 943
57 972
57 1058
57 1059
57 1077
57 1087
58 217
58 251
58 310
58 372
58 401
58 456
58 461
58 485
58 495
58 648
58 745
58 747
58 777
58 837
58 907
58 1005
58 1040
59 63
59 135
59 176
59 266
59 288
59 313
59 330
59 336
59 395
59 431
59 646
59 654
59 668
59 680
59 749
59 756
59 862
59 865
59 1047
59 1063
60 68
60 122
60 191
60 284
60 362
60 450
60 665
60 672
60 678
60 685
60 694
60 729
60 740
60 782
60 809
60 833
60 866
60 892
60 897
60 1019
60 1041
60 1051
61 93
61 101
61 130
61 135
61 180
61 245
61 297
61 368
61 428
61 446
61 452
61 454
61 508
61 554
61 646
61 693
61 745
61 813
61 840
61 918
61 923
61 956
61 1001
61 1008
61 1032
61 1039
61 1067
62 134
62 147
62 218
62 254
62 321
62 365
62 370
62 403
62 416
62 480
62 484
62 489
62 599
62 626
62 684
62 694
62 828
62 902
62 913
63 66
63 171
63 220
63 334
63 462
63 514
63 690
63 877
63 915
63 952
63 970
64 83
64 239
64 249
64 330
64 337
64 393
64 401
64 418
64 439
64 458
64 522
64 576
64 654
64 701
64 779
64 870
64 905
64 917
64 940
64 942
64 1075
64 1086
65 111
65 115
65 174
65 182
65 206
65 332
65 366
65 424
65 582
65 633
65 731
65 740
65 781
65 797
65 815
65 829
65 909
65 922
65 1056
66 194
66 249
66 291
66 423
66 449
66 641
66 852
66 870
66 872
66 890
66 1026
66 1070
66 1098
67 104
67 225
67 237
67 249
67 271
67 289
67 487
67 489
67 499
67 548
67 614
67 680
67 735
67 768
67 786
67 958
67 969
67 970
67 991
68 183
68 229
68 313
68 320
68 339
68 439
68 477
68 558
68 623
68 720
68 815
68 930
68 954
68 1053
68 1060
68 1070
69 247
69 312
69 488
69 524
69 547
69 591
69 716
69 741
69 767
69 772
69 834
69 863
69 873
69 894
69 915
69 917
69 928
69 1012
69 1063
69 1088
69 1096
70 97
70 102
70 158
70 164
70 175
70 363
70 416
70 477
70 656
70 773
70 792
70 802
70 822
70 857
70 970
70 973
70 1013
70 1057
71 92
71 111
71 171
71 242
71 246
71 324
71 435
71 464
71 557
71 559
71 562
71 638
71 676
71 689
71 853
71 1090
72 128
72 187
72 196
72 234
72 289
72 356
72 378
72 415
72 470
72 471
72 539
72 551
72 585
72 672
72 713
72 756
72 765
72 796
72 831
72 842
72 849
72 871
72 902
72 924
72 962
72 1083
73 132
73 225
73 317
73 342
73 412
73 487
73 512
73 592
73 648
73 688
73 722
73 793
73 887
73 919
73 978
73 1057
73 1065
73 1080
74 141
74 205
74 218
74 229
74 241
74 321
74 322
74 335
74 343
74 392
74 426
74 435
74 472
74 622
74 693
74 852
74 863
74 873
74 954
74 1037
75 99
75 280
75 337
75 391
75 584
75 587
75 775
75 962
75 972
76 78
76 131
76 164
76 218
76 238
76 263
76 325
76 388
76 411
76 412
76 438
76 497
76 561
76 610
76 674
76 716
76 717
76 744
76 766
76 775
76 782
76 824
76 831
76 1020
76 1079
76 1094
77 106
77 294
77 353
77 377
77 437
77 485
77 536
77 595
77 600
77 652
77 656
77 714
77 750
77 799
77 805
77 901
77 954
77 955
77 1017
77 1032
77 1038
78 217
78 266
78 400
78 453
78 457
78 477
78 489
78 522
78 592
78 672
78 729
78 805
78 806
78 810
78 873
78 970
78 1025
79 159
79 190
79 262
79 376
79 442
79 477
79 491
79 516
79 577
79 596
79 629
79 635
79 639
79 655
79 698
79 792
79 827
79 875
79 876
79 911
79 939
79 950
79 970
79 1038
79 1087
80 117
80 187
80 289
80 316
80 373
80 485
80 518
80 681
80 759
80 1014
80 1024
80 1033
80 1043
80 1046
81 220
81 268
81 272
81 336
81 392
81 540
81 615
81 621
81 626
81 631
81 712
81 743
81 769
81 826
81 842
81 846
81 876
81 971
81 978
81 1026
82 144
82 170
82 302
82 387
82 434
82 450
82 521
82 550
82 556
82 593
82 620
82 701
82 710
82 791
82 795
82 898
82 916
82 919
82 980
82 1059
83 95
83 107
83 142
83 144
83 152
83 276
83 380
83 456
83 531
83 610
83 622
83 687
83 691
83 707
83 712
83 735
83 791
83 796
83 806
83 846
83 857
83 865
83 877
83 908
83 928
83 981
83 984
83 997
83 1010
83 1048
83 1086
84 103
84 166
84 167
84 189
84 190
84 216
84 251
84 499
84 620
84 633
84 644
84 649
84 673
84 713
84 740
84 769
84 771
84 876
84 969
84 980
84 998
84 1040
85 97
85 196
85 247
85 272
85 299
85 363
85 370
85 390
85 502
85 584
85 649
85 689
85 735
85 786
85 800
85 822
85 839
85 864
85 911
85 929
85 1010
85 1021
85 1035
85 1069
86 106
86 133
86 206
86 215
86 217
86 244
86 463
86 468
86 601
86 634
86 658
86 756
86 887
86 925
86 961
86 972
86 1075
87 265
87 294
87 317
87 342
87 379
87 395
87 437
87 606
87 628
87 741
87 782
87 804
87 822
87 897
87 991
87 1024
87 1056
87 1072
87 1092
88 114
88 118
88 150
88 243
88 253
88 299
88 346
88 349
88 439
88 443
88 454
88 559
88 744
88 848
88 916
88 928
88 957
88 1068
89 203
89 243
89 284
89 329
89 376
89 395
89 534
89 569
89 621
89 622
89 750
89 786
89 787
89 815
89 858
89 884
89 931
89 980
89 991
89 1027
89 1041
90 135
90 183
90 197
90 225
90 229
90 258
90 292
90 323
90 327
90 374
90 434
90 466
90 504
90 538
90 552
90 635
90 660
90 734
90 746
90 765
90 785
90 828
90 833
90 911
90 987
90 1011
90 1038
91 106
91 117
91 133
91 140
91 233
91 365
91 376
91 413
91 444
91 531
91 551
91 569
91 646
91 674
91 714
91 821
91 845
91 885
91 912
91 919
91 923
91 965
91 1082
91 1084
92 171
92 187
92 321
92 330
92 345
92 358
92 397
92 418
92 507
92 566
92 585
92 659
92 719
92 764
92 796
92 845
92 856
92 932
92 937
92 956
92 994
92 1041
92 1049
92 1067
92 1069
93 148
93 171
93 214
93 216
93 305
93 313
93 360
93 447
93 497
93 508
93 542
93 547
93 565
93 715
93 821
93 882
93 947
93 986
93 990
94 95
94 135
94 216
94 348
94 384
94 397
94 510
94 556
94 605
94 611
94 763
94 805
94 815
94 837
94 909
94 920
94 983
94 999
95 132
95 165
95 194
95 243
95 307
95 311
95 342
95 353
95 370
95 417
95 434
95 502
95 503
95 555
95 618
95 638
95 657
95 664
95 680
95 744
95 758
95 779
95 802
95 878
95 887
95 921
95 923
95 1026
95 1083
96 221
96 250
96 352
96 359
96 387
96 420
96 506
96 519
96 653
96 694
96 718
96 732
96 840
96 950
96 997
96 1059
97 112
97 117
97 148
97 224
97 268
97 327
97 353
97 371
97 390
97 395
97 448
97 481
97 516
97 624
97 779
97 896
97 934
97 1075
97 1092
98 102
98 126
98 156
98 182
98 235
98 246
98 279
98 405
98 463
98 556
98 560
98 615
98 732
98 758
98 841
98 894
98 954
98 979
98 992
98 1003
98 1021
98 1047
98 1050
98 1079
98 1083
99 175
99 202
99 208
99 312
99 350
99 400
99 489
99 533
99 664
99 666
99 839
99 883
99 904
99 913
99 916
99 947
99 972
99 983
99 1082
99 1087
100 133
100 278
100 428
100 471
100 524
100 539
100 542
100 568
100 630
100 641
100 708
100 740
100 814
100 839
100 842
100 961
100 969
100 1060
100 1092
101 201
101 230
101 364
101 414
101 415
101 479
101 585
101 599
101 688
101 694
101 726
101 904
101 935
101 940
101 994
101 1024
101 1056
101 1067
102 134
102 162
102 234
102 271
102 288
102 494
102 502
102 611
102 692
102 731
102 807
102 826
102 837
102 885
102 923
102 941
102 1055
102 1065
102 1069
103 170
103 172
103 205
103 250
103 272
103 286
103 440
103 522
103 627
103 663
103 730
103 735
103 810
103 814
103 832
103 949
103 1058
104 110
104 295
104 355
104 406
104 492
104 551
104 583
104 595
104 601
104 731
104 776
104 897
104 916
104 958
104 1011
104 1023
104 1085
104 1097
105 195
105 342
105 424
105 507
105 556
105 621
105 753
105 779
105 811
105 822
105 877
105 921
105 992
105 1029
105 1032
106 125
106 137
106 380
106 412
106 418
106 443
106 473
106 474
106 692
106 707
106 708
106 723
106 725
106 771
106 800
106 872
106 884
106 951
106 974
106 1021
106 1053
106 1056
107 167
107 186
107 335
107 336
107 352
107 364
107 366
107 421
107 489
107 545
107 615
107 661
107 686
107 704
107 773
107 846
107 888
107 907
107 931
107 961
107 970
107 992
107 1010
107 1041
107 1093
108 201
108 291
108 299
108 326
108 424
108 442
108 445
108 460
108 485
108 506
108 509
108 536
108 600
108 613
108 693
108 794
108 862
108 870
108 888
108 890
108 893
108 925
108 934
108 1034
108 1035
108 1037
108 1047
109 130
109 215
109 244
109 304
109 322
109 368
109 401
109 414
109 439
109 502
109 539
109 560
109 582
109 609
109 686
109 702
109 729
109 801
109 883
109 952
109 954
109 1067
109 1081
110 141
110 144
110 150
110 162
110 244
110 256
110 271
110 284
110 344
110 353
110 384
110 398
110 453
110 462
110 470
110 485
110 523
110 546
110 553
110 557
110 567
110 583
110 601
110 797
110 828
110 847
110 955
110 984
110 1019
110 1054
110 1067
110 1072
110 1085
111 174
111 212
111 229
111 325
111 330
111 499
111 545
111 570
111 589
111 610
111 738
111 758
111 956
111 968
111 999
111 1006
111 1032
111 1064
111 1065
111 1089
112 123
112 199
112 266
112 296
112 336
112 434
112 468
112 532
112 572
112 574
112 617
112 621
112 625
112 681
112 682
112 693
112 706
112 756
112 810
112 841
112 895
112 1071
112 1085
113 230
113 235
113 407
113 468
113 488
113 517
113 620
113 719
113 776
113 813
113 816
113 822
113 863
113 883
113 912
113 934
113 940
113 968
113 992
114 145
114 206
114 223
114 237
114 242
114 365
114 572
114 582
114 584
114 651
114 701
114 713
114 720
114 743
114 794
114 992
115 174
115 180
115 207
115 243
115 273
115 280
115 376
115 498
115 501
115 547
115 577
115 678
115 737
115 775
115 812
115 830
115 895
115 974
115 1038
115 1099
116 166
116 216
116 217
116 223
116 271
116 288
116 310
116 351
116 376
116 400
116 421
116 426
116 472
116 490
116 515
116 539
116 554
116 556
116 566
116 592
116 660
116 700
116 726
116 764
116 777
116 847
116 858
116 898
116 903
116 996
116 1002
116 1021
116 1087
117 228
117 265
117 269
117 302
117 525
117 749
117 871
117 995
117 1026
117 1094
118 161
118 169
118 210
118 249
118 324
118 356
118 362
118 372
118 378
118 444
118 531
118 582
118 603
118 651
118 764
118 844
118 902
118 921
118 980
118 1072
119 156
119 176
119 198
119 418
119 422
119 444
119 495
119 515
119 635
119 643
119 651
119 727
119 762
119 806
119 842
119 856
120 225
120 282
120 286
120 421
120 456
120 483
120 543
120 634
120 678
120 906
120 1019
120 1039
120 1070
121 213
121 236
121 307
121 357
121 410
121 423
121 425
121 493
121 510
121 536
121 590
121 726
121 740
121 977
122 148
122 160
122 195
122 215
122 230
122 298
122 322
122 387
122 469
122 484
122 495
122 513
122 606
122 772
122 951
122 1028
122 1039
122 1047
123 139
123 142
123 159
123 257
123 326
123 487
123 671
123 694
123 763
123 872
123 968
123 1018
123 1024
123 1047
124 184
124 352
124 383
124 404
124 503
124 677
124 727
124 750
124 819
124 825
124 833
124 859
124 860
124 875
124 908
124 946
124 1065
125 203
125 285
125 338
125 365
125 375
125 379
125 408
125 536
125 541
125 572
125 588
125 613
125 698
125 730
125 767
125 868
125 941
125 950
125 981
125 1038
126 143
126 149
126 190
126 280
126 281
126 328
126 382
126 432
126 540
126 542
126 577
126 581
126 621
126 744
126 773
126 830
126 1036
126 1041
126 1048
126 1057
126 1098
127 192
127 201
127 215
127 216
127 307
127 312
127 346
127 359
127 384
127 476
127 491
127 569
127 629
127 644
127 649
127 692
127 756
127 773
127 791
127 795
127 974
127 1033
127 1054
128 153
128 229
128 365
128 416
128 445
128 497
128 531
128 543
128 564
128 579
128 654
128 758
128 834
128 887
128 997
128 1015
128 1046
129 191
129 196
129 261
129 271
129 293
129 361
129 376
129 396
129 511
129 541
129 545
129 634
129 641
129 686
129 725
129 738
129 753
129 793
129 827
129 864
129 885
129 919
130 149
130 179
130 280
130 330
130 337
130 341
130 350
130 387
130 390
130 430
130 537
130 626
130 687
130 734
130 748
130 759
130 782
130 792
130 837
130 838
130 881
130 897
130 991
130 999
130 1003
130 1012
130 1026
130 1033
130 1050
131 134
131 138
131 197
131 218
131 261
131 277
131 360
131 468
131 508
131 520
131 674
131 696
131 849
131 857
131 959
131 1098
132 300
132 350
132 445
132 614
132 620
132 651
132 698
132 714
132 721
132 801
132 856
132 890
132 964
132 1062
133 257
133 269
133 431
133 459
133 487
133 651
133 667
133 689
133 702
133 703
133 771
133 779
133 780
133 833
133 914
133 920
133 925
133 948
133 1010
133 1061
134 191
134 336
134 418
134 428
134 449
134 510
134 524
134 583
134 617
134 647
134 661
134 799
134 823
134 860
134 999
134 1066
134 1078
134 1096
135 225
135 236
135 239
135 255
135 330
135 350
135 504
135 519
135 548
135 804
135 844
135 864
136 256
136 311
136 329
136 336
136 364
136 473
136 498
136 548
136 558
136 573
136 601
136 661
136 676
136 729
136 734
136 771
136 776
136 819
136 864
136 873
136 987
136 1017
136 1029
137 241
137 244
137 280
137 375
137 381
137 419
137 509
137 511
137 621
137 624
137 645
137 700
137 767
137 775
137 806
137 828
137 866
137 870
137 975
137 997
137 1095
138 198
138 235
138 277
138 364
138 385
138 396
138 458
138 588
138 594
138 628
138 652
138 683
138 714
138 720
138 721
138 859
138 885
138 886
138 988
138 1031
138 1051
139 145
139 160
139 250
139 374
139 453
139 469
139 484
139 683
139 691
139 721
139 723
139 783
139 810
139 829
139 893
139 909
139 910
139 966
139 1007
139 1052
139 1076
140 198
140 278
140 365
140 390
140 393
140 406
140 512
140 546
140 584
140 661
140 671
140 678
140 681
140 695
140 937
140 987
140 1061
141 180
141 280
141 365
141 372
141 377
141 383
141 581
141 712
141 713
141 851
141 857
141 866
141 907
141 954
141 977
141 996
141 1022
141 1050
141 1053
141 1058
141 1073
142 224
142 227
142 243
142 260
142 308
142 329
142 330
142 411
142 443
142 466
142 475
142 481
142 493
142 503
142 520
142 694
142 712
142 737
142 769
142 821
142 841
142 899
142 939
142 1043
143 276
143 343
143 379
143 399
143 460
143 536
143 626
143 662
143 747
143 763
143 800
143 878
143 952
143 985
143 986
143 1072
143 1095
144 152
144 153
144 185
144 214
144 249
144 250
144 380
144 453
144 494
144 592
144 647
144 707
144 733
144 938
144 1012
145 278
145 306
145 363
145 402
145 483
145 514
145 533
145 598
145 753
145 810
145 813
145 859
145 875
145 883
145 926
145 929
145 980
145 991
145 1016
145 1042
146 285
146 436
146 486
146 547
146 557
146 563
146 621
146 624
146 646
146 711
146 867
147 179
147 212
147 219
147 281
147 285
147 325
147 370
147 424
147 444
147 496
147 536
147 550
147 581
147 754
147 809
147 854
147 872
147 913
147 992
147 1081
148 165
148 234
148 236
148 278
148 324
148 420
148 439
148 481
148 500
148 766
148 774
148 815
148 831
148 849
148 927
148 1035
148 1039
149 186
149 226
149 300
149 467
149 587
149 707
149 770
149 801
149 941
149 954
149 970
149 996
149 1019
149 1022
149 1026
149 1051
149 1084
149 1094
150 174
150 204
150 212
150 220
150 249
150 264
150 354
150 400
150 434
150 518
150 573
150 649
150 693
150 718
150 720
150 767
150 797
150 843
150 975
150 987
150 1084
151 198
151 218
151 398
151 467
151 535
151 569
151 589
151 640
151 682
151 957
151 971
151 989
151 991
151 1016
151 1076
151 1092
152 182
152 187
152 383
152 436
152 439
152 498
152 513
152 701
152 736
152 766
152 787
152 856
152 863
152 871
152 963
152 969
152 993
152 999
153 159
153 166
153 167
153 220
153 259
153 312
153 388
153 436
153 482
153 490
153 533
153 555
153 566
153 575
153 661
153 755
153 767
153 786
153 816
153 823
153 862
153 881
153 1046
154 278
154 323
154 345
154 434
154 509
154 562
154 577
154 588
154 590
154 631
154 772
154 830
154 846
154 932
154 952
154 1000
154 1013
154 1074
155 239
155 257
155 320
155 322
155 382
155 384
155 499
155 518
155 531
155 555
155 610
155 644
155 645
155 730
155 771
155 796
155 871
155 938
155 948
155 961
155 967
155 968
155 981
155 1007
155 1080
155 1082
155 1093
156 206
156 215
156 268
156 269
156 280
156 402
156 440
156 462
156 559
156 642
156 659
156 736
156 749
156 831
156 949
156 995
156 1032
156 1094
157 158
157 205
157 263
157 284
157 333
157 387
157 471
157 484
157 523
157 707
157 727
157 736
157 763
157 865
157 886
157 972
157 1031
157 1060
157 1079
158 302
158 352
158 410
158 423
158 442
158 444
158 476
158 477
158 478
158 543
158 604
158 632
158 637
158 660
158 679
158 706
158 709
158 800
158 866
158 890
158 909
158 937
158 945
158 1032
158 1036
158 1063
159 250
159 335
159 354
159 463
159 480
159 577
159 746
159 887
159 912
159 1081
159 1086
160 358
160 369
160 394
160 511
160 530
160 547
160 556
160 650
160 717
160 729
160 777
160 843
160 891
160 917
160 925
160 935
160 965
160 1033
160 1075
160 1088
161 220
161 306
161 351
161 403
161 485
161 518
161 625
161 646
161 741
161 764
161 987
161 1018
161 1039
161 1066
161 1070
161 1074
162 237
162 255
162 280
162 380
162 382
162 390
162 465
162 467
162 472
162 487
162 515
162 628
162 696
162 737
162 796
163 211
163 280
163 309
163 421
163 445
163 513
163 539
163 633
163 739
163 772
163 779
163 791
163 802
163 890
163 891
163 964
163 984
163 1025
163 1033
163 1042
164 194
164 261
164 302
164 390
164 398
164 475
164 532
164 554
164 576
164 578
164 625
164 657
164 707
164 711
164 913
164 925
164 935
164 1086
165 176
165 321
165 351
165 354
165 375
165 383
165 408
165 505
165 514
165 653
165 749
165 772
165 807
165 819
165 831
165 864
165 875
165 890
165 899
165 936
165 968
165 988
166 173
166 203
166 227
166 244
166 523
166 635
166 683
166 702
166 703
166 762
166 770
166 841
166 850
166 888
166 1009
166 1026
166 1045
167 287
167 300
167 315
167 352
167 394
167 439
167 490
167 502
167 545
167 570
167 684
167 717
167 722
167 733
167 810
167 851
167 854
167 859
167 875
167 984
167 985
167 1008
167 1042
167 1081
167 1086
168 239
168 247
168 362
168 386
168 394
168 454
168 473
168 604
168 628
168 743
168 787
168 855
168 946
168 995
169 177
169 243
169 247
169 278
169 350
169 403
169 462
169 528
169 646
169 654
169 688
169 689
169 692
169 736
169 750
169 770
169 885
169 966
169 997
169 1034
169 1052
169 1078
170 217
170 272
170 337
170 351
170 404
170 419
170 432
170 485
170 492
170 528
170 846
170 896
170 901
170 945
170 1014
171 238
171 269
171 333
171 378
171 420
171 440
171 442
171 488
171 529
171 687
171 854
171 1050
171 1056
171 1090
172 225
172 295
172 303
172 305
172 306
172 393
172 400
172 403
172 435
172 446
172 471
172 496
172 533
172 645
172 649
172 674
172 711
172 734
172 879
172 890
172 891
172 1020
172 1021
172 1024
172 1065
172 1067
172 1096
173 188
173 275
173 288
173 353
173 363
173 413
173 427
173 464
173 492
173 527
173 567
173 579
173 647
173 709
173 745
173 751
173 759
173 790
173 815
173 835
173 866
173 888
173 943
174 340
174 390
174 393
174 405
174 425
174 441
174 462
174 465
174 554
174 596
174 631
174 694
174 715
174 731
174 813
174 881
174 888
174 897
174 938
174 953
174 1008
174 1075
175 224
175 226
175 257
175 258
175 279
175 287
175 330
175 334
175 478
175 485
175 622
175 1090
176 253
176 333
176 359
176 405
176 422
176 484
176 528
176 557
176 563
176 570
176 572
176 618
176 667
176 702
176 784
176 805
176 870
176 873
176 951
176 997
176 998
176 1039
176 1083
176 1086
176 1096
177 192
177 214
177 252
177 270
177 274
177 296
177 315
177 342
177 465
177 477
177 482
177 565
177 578
177 580
177 600
177 673
177 678
177 787
177 789
177 815
177 824
177 882
177 908
177 975
177 998
177 1006
177 1012
177 1073
178 302
178 346
178 360
178 423
178 537
178 678
178 709
178 766
178 802
178 806
178 815
178 859
178 869
178 879
178 908
178 955
178 1066
179 253
179 275
179 323
179 458
179 569
179 609
179 620
179 625
179 717
179 739
179 848
179 873
179 874
179 875
179 932
179 982
179 987
179 1000
179 1065
179 1074
180 307
180 313
180 319
180 336
180 452
180 465
180 481
180 633
180 655
180 688
180 745
180 797
180 818
180 862
180 1057
180 1076
180 1089
181 300
181 319
181 327
181 377
181 518
181 520
181 664
181 669
181 700
181 713
181 937
181 980
181 1027
181 1074
181 1094
182 225
182 298
182 310
182 315
182 316
182 351
182 367
182 405
182 473
182 559
182 586
182 635
182 678
182 684
182 704
182 771
182 793
182 864
182 872
182 957
182 1021
182 1077
183 318
183 362
183 407
183 473
183 482
183 514
183 524
183 565
183 710
183 759
183 761
183 762
183 850
183 856
183 857
183 1063
184 196
184 204
184 230
184 235
184 299
184 314
184 344
184 412
184 417
184 675
184 755
184 760
184 802
184 899
184 978
184 981
184 1044
184 1045
185 197
185 243
185 286
185 383
185 391
185 619
185 792
185 837
185 877
185 1009
185 1015
185 1056
186 229
186 268
186 318
186 398
186 562
186 568
186 582
186 652
186 684
186 706
186 788
186 810
186 933
186 959
186 973
186 996
187 223
187 321
187 467
187 576
187 622
187 634
187 661
187 672
187 713
187 732
187 755
187 771
187 793
187 836
187 983
187 1056
187 1057
187 1092
188 349
188 408
188 465
188 517
188 541
188 561
188 656
188 677
188 716
188 736
188 820
188 854
188 882
188 940
188 1015
188 1020
188 1023
189 203
189 374
189 404
189 418
189 435
189 479
189 638
189 648
189 718
189 768
189 918
189 978
189 1001
189 1020
189 1024
189 1047
189 1063
189 1099
190 212
190 226
190 243
190 303
190 305
190 341
190 474
190 559
190 565
190 568
190 625
190 843
190 858
190 870
190 913
190 1073
191 253
191 329
191 402
191 430
191 509
191 541
191 619
191 717
191 774
191 927
191 982
191 1071
191 1085
191 1092
192 235
192 275
192 413
192 457
192 462
192 514
192 579
192 753
192 789
192 797
192 945
192 985
192 988
192 1052
192 1057
192 1063
192 1066
193 272
193 382
193 492
193 554
193 585
193 628
193 647
193 649
193 790
193 793
193 907
193 909
193 941
193 974
193 990
193 1086
194 223
194 280
194 340
194 357
194 385
194 391
194 398
194 401
194 444
194 457
194 471
194 493
194 494
194 540
194 568
194 581
194 616
194 653
194 677
194 768
194 771
194 790
194 829
194 906
194 930
194 1003
195 233
195 315
195 371
195 420
195 437
195 524
195 533
195 612
195 808
195 861
195 867
195 878
195 890
195 894
195 913
195 957
195 1043
196 216
196 278
196 491
196 600
196 611
196 729
196 744
196 768
196 788
196 838
196 844
196 846
196 854
196 1037
196 1080
197 300
197 383
197 392
197 400
197 542
197 606
197 623
197 661
197 685
197 764
197 844
197 899
197 1010
198 232
198 283
198 374
198 445
198 482
198 508
198 522
198 561
198 587
198 693
198 849
198 882
198 884
198 925
198 952
198 1019
198 1031
198 1043
198 1045
198 1078
199 235
199 245
199 273
199 283
199 309
199 471
199 495
199 615
199 616
199 620
199 641
199 716
199 835
199 971
199 984
199 999
200 233
200 287
200 304
200 347
200 388
200 394
200 461
200 532
200 540
200 598
200 637
200 662
200 664
200 681
200 854
200 897
200 924
200 971
200 1000
200 1052
201 238
201 351
201 385
201 499
201 574
201 663
201 780
201 856
201 863
201 888
201 897
201 1052
201 1085
202 273
202 394
202 498
202 529
202 540
202 612
202 677
202 704
202 767
202 789
202 794
202 836
202 866
202 950
202 971
202 1015
202 1073
203 206
203 217
203 327
203 332
203 353
203 378
203 526
203 552
203 568
203 646
203 647
203 833
203 835
203 998
203 1000
203 1072
204 302
204 315
204 365
204 458
204 507
204 542
204 558
204 562
204 582
204 586
204 605
204 713
204 723
204 753
204 987
204 1020
204 1023
205 229
205 302
205 319
205 337
205 453
205 493
205 506
205 545
205 619
205 719
205 762
205 763
205 816
205 1065
206 210
206 229
206 299
206 329
206 344
206 468
206 620
206 830
206 836
206 841
206 861
206 891
206 935
206 945
206 974
206 1083
207 238
207 306
207 389
207 511
207 532
207 550
207 641
207 692
207 736
207 767
207 837
207 867
207 895
207 937
207 970
207 1004
207 1044
207 1055
208 211
208 218
208 229
208 232
208 236
208 411
208 420
208 497
208 537
208 576
208 589
208 620
208 641
208 761
208 764
208 766
208 813
208 853
208 883
208 958
208 976
208 991
208 1080
208 1090
209 239
209 257
209 310
209 313
209 506
209 593
209 600
209 697
209 787
209 788
209 791
209 795
209 862
209 950
209 961
209 966
209 987
209 1041
209 1043
209 1083
210 223
210 238
210 256
210 307
210 372
210 438
210 477
210 521
210 645
210 659
210 736
210 813
210 943
210 948
210 1087
211 277
211 345
211 412
211 514
211 519
211 521
211 535
211 616
211 781
211 860
211 867
211 869
211 918
211 937
211 1042
211 1073
212 265
212 343
212 393
212 435
212 452
212 458
212 513
212 587
212 600
212 657
212 686
212 739
212 789
212 790
212 890
212 1008
212 1033
213 288
213 558
213 582
213 606
213 644
213 665
213 709
213 814
213 820
213 845
213 848
213 907
213 931
213 950
213 1005
213 1051
214 268
214 302
214 414
214 429
214 449
214 566
214 608
214 638
214 722
214 766
214 839
214 1019
214 1047
214 1049
214 1099
215 243
215 315
215 343
215 358
215 409
215 431
215 509
215 590
215 606
215 701
215 710
215 746
215 805
215 818
215 821
215 869
215 918
215 924
215 940
215 963
215 1046
216 239
216 245
216 296
216 320
216 323
216 371
216 402
216 469
216 477
216 478
216 497
216 501
216 516
216 519
216 530
216 589
216 636
216 725
216 728
216 813
216 834
216 835
216 847
216 866
216 877
216 905
216 1000
216 1026
216 1038
216 1076
216 1084
217 222
217 333
217 391
217 451
217 456
217 466
217 501
217 507
217 553
217 603
217 662
217 701
217 765
217 816
217 847
217 899
217 938
217 1055
218 241
218 271
218 302
218 326
218 359
218 400
218 405
218 417
218 421
218 433
218 493
218 494
218 505
218 616
218 725
218 847
218 853
218 880
218 983
218 992
218 1005
218 1015
218 1038
218 1042
218 1063
219 249
219 287
219 329
219 332
219 350
219 383
219 439
219 479
219 516
219 669
219 680
219 754
219 756
219 763
219 799
219 835
219 885
219 947
219 990
219 1097
220 241
220 294
220 297
220 601
220 609
220 636
220 653
220 784
220 913
220 951
220 991
220 1001
220 1044
221 246
221 279
221 316
221 334
221 362
221 387
221 428
221 447
221 467
221 495
221 656
221 710
221 720
221 770
221 829
221 850
221 904
221 915
221 940
221 972
221 1005
221 1046
221 1048
222 303
222 373
222 417
222 487
222 491
222 531
222 568
222 581
222 585
222 622
222 707
222 841
222 842
222 848
222 870
222 1001
222 1073
222 1092
223 261
223 286
223 292
223 309
223 350
223 429
223 457
223 499
223 505
223 573
223 577
223 593
223 785
223 795
223 812
223 842
223 945
223 946
223 978
223 997
223 1005
223 1009
223 1027
223 1029
223 1083
224 235
224 262
224 296
224 417
224 428
224 607
224 686
224 738
224 761
224 777
224 826
224 851
224 892
224 923
224 1031
224 1038
224 1057
225 229
225 331
225 378
225 478
225 578
225 705
225 735
225 746
225 752
225 815
225 820
225 884
225 904
225 906
225 984
225 1068
226 256
226 278
226 314
226 319
226 321
226 342
226 426
226 530
226 611
226 659
226 676
226 1013
226 1054
226 1055
227 244
227 268
227 310
227 353
227 383
227 550
227 669
227 728
227 771
227 851
227 892
227 1000
227 1063
228 240
228 242
228 464
228 480
228 573
228 595
228 882
228 991
228 1013
228 1078
228 1097
229 338
229 347
229 403
229 407
229 414
229 541
229 619
229 642
229 718
229 751
229 832
229 891
229 1003
229 1031
230 249
230 270
230 338
230 393
230 449
230 491
230 654
230 708
230 752
230 895
230 937
230 958
230 968
230 981
231 286
231 367
231 413
231 444
231 471
231 569
231 573
231 728
231 835
231 851
231 876
231 915
231 946
231 976
231 995
231 1046
231 1069
232 331
232 359
232 374
232 396
232 401
232 402
232 412
232 436
232 469
232 616
232 628
232 763
232 846
232 862
232 928
232 930
232 933
232 1071
233 291
233 306
233 345
233 435
233 522
233 589
233 616
233 706
233 774
233 821
233 880
233 904
233 917
233 936
233 964
234 268
234 327
234 388
234 408
234 478
234 515
234 569
234 582
234 719
234 730
234 732
234 768
234 806
234 827
234 890
234 929
234 954
234 1008
235 339
235 366
235 436
235 509
235 562
235 580
235 681
235 692
235 814
235 820
235 903
235 1008
236 260
236 285
236 318
236 403
236 408
236 435
236 661
236 755
236 759
236 777
236 826
236 850
236 865
236 921
236 979
236 983
236 1066
237 263
237 316
237 435
237 672
237 690
237 780
237 805
237 883
237 895
237 928
237 932
237 1005
237 1042
238 252
238 347
238 359
238 368
238 401
238 409
238 416
238 435
238 503
238 613
238 615
238 703
238 705
238 715
238 743
238 801
238 896
238 931
238 995
239 359
239 373
239 387
239 457
239 474
239 490
239 507
239 519
239 571
239 609
239 625
239 683
239 700
239 758
239 783
239 804
239 820
239 862
239 872
239 921
239 999
240 244
240 266
240 293
240 435
240 436
240 458
240 460
240 507
240 646
240 649
240 740
240 796
240 880
240 940
240 946
240 1022
240 1071
240 1076
240 1083
241 299
241 302
241 311
241 354
241 374
241 515
241 610
241 681
241 691
241 927
241 968
241 999
241 1050
241 1099
242 251
242 356
242 367
242 433
242 489
242 574
242 629
242 751
242 760
242 775
242 793
242 795
242 844
242 853
242 861
242 928
242 945
242 953
242 981
242 1022
242 1099
243 244
243 272
243 282
243 347
243 417
243 453
243 468
243 497
243 540
243 640
243 750
243 802
243 820
243 875
243 885
243 965
243 979
243 993
243 1024
244 275
244 287
244 293
244 315
244 401
244 439
244 555
244 616
244 620
244 698
244 829
244 868
244 914
244 1000
245 368
245 383
245 403
245 441
245 468
245 565
245 580
245 602
245 619
245 656
245 782
245 788
245 840
245 961
246 316
246 485
246 595
246 708
246 814
246 996
246 1033
247 278
247 324
247 346
247 432
247 491
247 605
247 649
247 650
247 713
247 740
247 985
247 986
247 989
247 1049
247 1051
248 355
248 383
248 449
248 458
248 583
248 632
248 637
248 643
248 688
248 751
248 811
248 869
248 904
248 926
249 304
249 329
249 465
249 467
249 510
249 586
249 593
249 739
249 772
249 779
249 811
249 848
249 875
249 999
250 268
250 309
250 363
250 394
250 447
250 464
250 471
250 485
250 497
250 542
250 562
250 711
250 844
250 900
250 936
250 1064
250 1069
250 1093
251 383
251 527
251 559
251 685
251 702
251 707
251 756
251 808
251 859
251 864
251 926
251 952
251 953
252 271
252 289
252 299
252 314
252 331
252 369
252 386
252 411
252 420
252 536
252 581
252 695
252 774
252 841
252 888
252 922
252 948
253 254
253 403
253 449
253 462
253 529
253 652
253 727
253 935
253 938
253 968
253 1009
254 283
254 329
254 331
254 410
254 424
254 569
254 680
254 763
254 767
254 829
254 910
254 1024
254 1069
254 1071
254 1091
255 283
255 293
255 319
255 326
255 359
255 382
255 436
255 477
255 530
255 581
255 594
255 621
255 629
255 684
255 691
255 740
255 749
255 768
255 811
255 842
255 859
255 918
255 920
255 1006
255 1008
256 265
256 345
256 358
256 371
256 378
256 383
256 408
256 546
256 753
256 755
256 757
256 811
256 864
256 905
256 917
256 951
256 1003
257 274
257 295
257 336
257 363
257 584
257 632
257 686
257 707
257 725
257 766
257 880
257 930
257 942
257 981
257 983
257 1025
257 1060
257 1082
258 288
258 326
258 355
258 367
258 372
258 474
258 586
258 616
258 664
258 791
258 812
258 813
258 908
258 968
258 1005
258 1019
258 1026
258 1061
259 399
259 440
259 506
259 522
259 524
259 669
259 732
259 802
259 804
259 876
259 932
259 943
259 987
259 1031
260 267
260 288
260 357
260 384
260 403
260 425
260 438
260 454
260 498
260 504
260 524
260 545
260 553
260 586
260 674
260 687
260 736
260 771
260 841
260 871
260 887
260 933
260 948
260 949
260 993
260 1004
261 287
261 308
261 396
261 443
261 492
261 675
261 701
261 746
261 876
261 913
261 947
261 1002
261 1043
261 1063
262 294
262 311
262 333
262 335
262 396
262 410
262 415
262 445
262 474
262 517
262 575
262 587
262 594
262 640
262 650
262 654
262 841
262 858
262 898
262 947
262 996
262 1014
262 1090
263 269
263 276
263 279
263 381
263 429
263 440
263 457
263 613
263 664
263 742
263 744
263 764
263 812
263 844
263 903
263 908
263 933
263 940
263 1038
263 1071
264 363
264 445
264 520
264 540
264 553
264 559
264 634
264 676
264 710
264 739
264 855
264 896
264 907
264 943
264 948
264 958
264 959
264 985
264 1031
264 1038
264 1050
264 1096
265 340
265 343
265 360
265 387
265 496
265 536
265 588
265 663
265 808
265 885
265 903
265 937
265 942
266 300
266 331
266 337
266 364
266 424
266 446
266 512
266 544
266 556
266 652
266 661
266 923
266 960
266 1071
267 272
267 287
267 323
267 424
267 425
267 534
267 570
267 612
267 750
267 771
267 783
267 834
267 847
267 858
267 891
267 905
267 915
267 931
267 1019
267 1038
268 330
268 347
268 506
268 537
268 556
268 589
268 635
268 676
268 685
268 706
268 723
268 755
268 777
268 910
268 1045
269 381
269 421
269 482
269 496
269 599
269 621
269 700
269 722
269 730
269 780
269 1005
269 1032
269 1061
270 296
270 305
270 322
270 326
270 343
270 393
270 455
270 461
270 504
270 640
270 677
270 705
270 786
270 822
270 939
270 951
270 986
270 1070
271 301
271 329
271 349
271 385
271 516
271 543
271 549
271 585
271 621
271 758
271 827
271 882
271 938
271 950
271 986
271 1035
272 310
272 386
272 400
272 426
272 593
272 780
272 927
273 288
273 338
273 416
273 433
273 455
273 519
273 552
273 565
273 613
273 649
273 672
273 717
273 721
273 1012
273 1024
273 1025
274 370
274 441
274 515
274 520
274 604
274 641
274 681
274 842
274 970
274 1015
274 1045
274 1055
274 1066
274 1073
274 1092
275 282
275 310
275 438
275 448
275 466
275 591
275 597
275 617
275 622
275 648
275 652
275 740
275 830
275 831
275 865
275 908
275 935
275 1007
275 1024
275 1047
275 1064
275 1097
276 281
276 291
276 301
276 460
276 599
276 647
276 651
276 665
276 702
276 721
276 736
276 810
276 825
276 868
276 900
276 901
276 946
276 1030
276 1080
276 1083
277 346
277 360
277 378
277 408
277 409
277 483
277 491
277 607
277 623
277 628
277 690
277 692
277 695
277 719
277 739
277 779
277 798
277 820
277 904
277 910
277 959
277 963
277 1011
278 374
278 404
278 418
278 432
278 574
278 595
278 613
278 702
278 722
278 782
278 836
278 861
278 944
278 966
278 968
278 976
278 1013
278 1014
279 398
279 446
279 482
279 543
279 623
279 696
279 734
279 760
279 769
279 842
279 952
279 961
279 1072
280 318
280 379
280 404
280 476
280 513
280 543
280 576
280 654
280 700
280 708
280 761
280 766
280 907
280 928
280 1023
280 1074
280 1083
281 423
281 638
281 761
281 862
281 863
281 898
281 922
281 941
281 997
281 1011
281 1074
282 318
282 322
282 327
282 380
282 410
282 420
282 454
282 459
282 496
282 538
282 546
282 571
282 651
282 685
282 766
282 780
282 849
282 903
282 1031
282 1079
283 334
283 363
283 366
283 370
283 442
283 453
283 517
283 519
283 554
283 562
283 680
283 783
283 839
283 847
283 884
284 397
284 407
284 461
284 481
284 581
284 587
284 620
284 650
284 685
284 739
284 770
284 815
284 877
284 952
284 956
284 960
284 1065
284 1071
285 331
285 348
285 492
285 610
285 645
285 652
285 663
285 664
285 667
285 687
285 689
285 694
285 899
285 955
285 984
286 297
286 344
286 353
286 383
286 440
286 460
286 534
286 594
286 613
286 638
286 642
286 744
286 832
286 919
286 948
286 986
286 1012
286 1044
286 1045
286 1053
287 422
287 425
287 674
287 738
287 816
287 832
287 902
287 951
287 1047
287 1051
287 1076
287 1086
288 298
288 340
288 406
288 411
288 459
288 464
288 474
288 537
288 574
288 589
288 602
288 631
288 717
288 802
288 841
288 960
288 976
288 1079
289 322
289 359
289 386
289 486
289 566
289 612
289 678
289 754
289 780
289 821
289 824
289 844
289 873
289 913
289 942
289 1010
289 1061
290 407
290 418
290 540
290 546
290 583
290 671
290 694
290 740
290 811
290 858
290 901
290 942
290 956
290 1002
290 1039
290 1056
290 1058
290 1071
291 317
291 327
291 421
291 436
291 456
291 503
291 514
291 529
291 576
291 586
291 615
291 645
291 671
291 732
291 740
291 802
291 819
291 844
291 870
291 883
291 889
291 943
291 1002
291 1038
291 1040
291 1063
292 298
292 323
292 351
292 355
292 363
292 364
292 452
292 539
292 560
292 572
292 599
292 603
292 675
292 709
292 750
292 788
292 930
292 937
292 943
292 972
292 994
292 1043
292 1057
293 428
293 458
293 469
293 480
293 537
293 556
293 569
293 640
293 686
293 696
293 737
293 747
293 757
293 844
293 867
293 887
293 1011
293 1032
294 310
294 352
294 358
294 389
294 408
294 548
294 587
294 837
294 881
294 951
294 984
294 1040
294 1072
295 311
295 344
295 402
295 410
295 429
295 488
295 567
295 679
295 779
295 811
295 975
295 981
295 986
295 1025
295 1042
295 1064
296 307
296 322
296 513
296 518
296 538
296 547
296 579
296 639
296 690
296 845
296 919
296 924
296 971
296 1052
296 1096
296 1097
297 306
297 313
297 323
297 340
297 394
297 487
297 526
297 560
297 679
297 734
297 758
297 827
297 856
297 858
297 863
297 1065
298 311
298 347
298 368
298 493
298 613
298 644
298 716
298 746
298 775
298 864
298 868
298 895
298 998
298 1013
298 1022
299 325
299 413
299 461
299 464
299 472
299 513
299 522
299 551
299 579
299 683
299 723
299 736
299 775
299 816
299 851
299 876
299 912
299 996
299 1013
299 1045
299 1082
300 472
300 498
300 560
300 611
300 627
300 707
300 867
300 890
300 905
300 976
300 1051
300 1071
300 1084
300 1093
301 388
301 438
301 488
301 506
301 523
301 530
301 557
301 559
301 657
301 671
301 804
301 835
301 847
301 864
301 870
301 920
301 987
301 1028
301 1036
302 331
302 367
302 442
302 452
302 544
302 579
302 580
302 672
302 682
302 694
302 705
302 821
302 920
302 961
302 1073
303 345
303 347
303 377
303 389
303 419
303 529
303 650
303 683
303 697
303 719
303 766
303 771
303 803
303 811
303 835
303 850
303 854
303 910
303 929
303 940
303 1062
303 1081
304 318
304 363
304 384
304 443
304 539
304 572
304 595
304 602
304 629
304 689
304 730
304 753
304 840
304 856
304 880
304 899
304 954
304 1008
304 1082
305 390
305 392
305 409
305 420
305 423
305 456
305 583
305 668
305 706
305 749
305 765
305 794
305 829
305 844
305 880
305 947
305 950
305 987
305 1059
306 381
306 402
306 415
306 437
306 443
306 469
306 580
306 582
306 642
306 674
306 734
306 776
306 788
306 879
306 1021
307 381
307 461
307 507
307 523
307 566
307 591
307 619
307 748
307 753
307 768
307 779
307 793
307 822
307 864
307 881
307 918
307 925
307 934
307 960
307 983
307 1007
307 1063
307 1094
308 316
308 386
308 412
308 496
308 503
308 541
308 552
308 565
308 594
308 654
308 728
308 806
308 885
308 905
309 327
309 375
309 394
309 400
309 457
309 487
309 493
309 495
309 538
309 569
309 588
309 651
309 670
309 776
309 962
309 1032
310 327
310 338
310 339
310 357
310 366
310 408
310 450
310 456
310 516
310 561
310 593
310 623
310 651
310 664
310 680
310 688
310 702
310 709
310 860
310 939
310 957
310 998
311 408
311 416
311 496
311 539
311 589
311 603
311 634
311 643
311 673
311 676
311 731
311 832
311 887
311 918
311 946
311 1048
311 1078
312 365
312 414
312 507
312 546
312 666
312 720
312 787
312 886
312 897
312 971
312 1049
313 327
313 430
313 537
313 640
313 651
313 677
313 747
313 908
313 940
313 992
313 1012
313 1031
313 1074
313 1099
314 386
314 593
314 595
314 607
314 728
314 796
314 803
314 871
314 873
314 926
314 928
314 986
314 995
315 440
315 443
315 450
315 475
315 484
315 516
315 604
315 612
315 710
315 899
315 939
315 1038
315 1046
315 1066
316 323
316 347
316 384
316 443
316 465
316 518
316 519
316 546
316 564
316 636
316 674
316 758
316 843
316 1032
316 1059
316 1089
317 328
317 468
317 550
317 706
317 788
317 859
317 883
317 903
317 936
317 990
317 1067
317 1083
317 1087
317 1092
318 474
318 498
318 528
318 562
318 595
318 626
318 680
318 754
318 891
318 954
318 982
318 1064
318 1071
318 1076
318 1088
319 359
319 405
319 458
319 521
319 537
319 582
319 609
319 622
319 631
319 660
319 872
319 925
319 1059
319 1087
319 1098
320 338
320 391
320 402
320 438
320 462
320 502
320 513
320 517
320 622
320 649
320 662
320 682
320 746
320 759
320 771
320 841
320 885
320 904
320 914
320 965
320 1013
320 1029
321 368
321 427
321 499
321 516
321 587
321 596
321 608
321 670
321 678
321 748
321 804
321 827
321 840
321 932
321 1044
321 1063
321 1093
322 325
322 332
322 511
322 532
322 575
322 635
322 649
322 679
322 782
322 787
322 816
322 884
322 901
322 930
322 979
322 1037
322 1061
322 1062
323 345
323 388
323 394
323 409
323 418
323 465
323 479
323 501
323 544
323 613
323 636
323 697
323 793
323 957
323 959
323 983
323 1063
323 1090
324 355
324 475
324 486
324 497
324 507
324 548
324 708
324 761
324 769
324 770
324 810
324 818
324 880
324 886
324 945
324 966
324 1006
324 1010
324 1046
324 1093
325 369
325 719
325 854
325 903
325 909
325 935
325 964
325 976
325 1006
325 1012
326 384
326 529
326 547
326 552
326 589
326 613
326 680
326 731
326 781
326 875
326 898
326 907
326 925
326 996
326 1025
326 1033
326 1053
326 1065
327 473
327 541
327 613
327 621
327 697
327 701
327 834
327 838
327 844
327 934
327 959
327 995
327 1074
328 341
328 358
328 536
328 566
328 616
328 621
328 647
328 649
328 668
328 743
328 818
328 858
328 860
328 1009
329 417
329 475
329 485
329 486
329 565
329 596
329 638
329 661
329 662
329 760
329 884
329 1041
329 1064
329 1067
330 428
330 486
330 493
330 793
330 848
330 904
330 1021
330 1059
331 375
331 466
331 575
331 639
331 739
331 789
331 877
331 955
331 985
331 992
331 1005
331 1007
331 1036
331 1087
332 365
332 383
332 430
332 457
332 546
332 577
332 618
332 644
332 716
332 731
332 795
332 814
332 877
332 901
332 902
332 1017
333 371
333 372
333 384
333 421
333 429
333 460
333 461
333 528
333 565
333 573
333 577
333 608
333 656
333 678
333 696
333 722
333 734
333 747
333 778
333 823
333 1001
333 1088
334 382
334 407
334 472
334 535
334 573
334 593
334 630
334 724
334 898
334 910
334 963
334 1089
335 512
335 574
335 615
335 696
335 706
335 736
335 753
335 785
335 786
335 831
335 866
335 969
335 997
336 341
336 384
336 581
336 721
336 790
336 815
336 833
336 859
336 870
336 913
336 989
336 996
336 1032
336 1049
336 1051
336 1072
336 1095
337 353
337 502
337 552
337 555
337 604
337 624
337 656
337 674
337 727
337 769
337 812
337 832
337 893
337 926
337 968
337 991
337 995
337 999
337 1010
337 1043
338 339
338 353
338 410
338 423
338 455
338 476
338 520
338 576
338 609
338 655
338 717
338 781
338 860
338 907
338 931
338 995
338 1006
338 1026
339 346
339 356
339 364
339 373
339 415
339 461
339 469
339 491
339 574
339 647
339 686
339 795
339 816
339 831
339 832
339 876
339 883
339 922
339 988
339 994
339 1003
339 1075
339 1085
340 371
340 420
340 505
340 526
340 536
340 692
340 775
340 817
341 446
341 449
341 453
341 464
341 474
341 521
341 772
341 830
341 844
341 848
341 880
341 966
341 1002
341 1079
342 396
342 409
342 479
342 562
342 586
342 598
342 638
342 639
342 662
342 679
342 772
342 796
342 799
342 810
342 890
342 919
342 938
342 940
342 944
342 1011
343 388
343 579
343 640
343 791
343 805
343 819
343 850
343 879
343 924
343 982
344 421
344 447
344 456
344 486
344 513
344 580
344 587
344 717
344 721
344 819
344 935
345 389
345 466
345 517
345 551
345 605
345 731
345 734
345 826
345 862
345 873
345 918
345 982
345 1036
345 1037
346 384
346 397
346 405
346 453
346 461
346 490
346 509
346 560
346 617
346 720
346 778
346 791
346 875
346 1036
346 1094
347 352
347 385
347 408
347 425
347 556
347 630
347 639
347 677
347 769
347 784
347 837
347 855
347 862
347 864
347 966
347 988
347 1001
347 1062
347 1070
347 1089
348 395
348 410
348 414
348 494
348 501
348 537
348 611
348 789
348 888
348 970
348 983
348 995
348 1032
348 1046
348 1060
348 1062
349 380
349 429
349 579
349 655
349 674
349 778
349 808
349 859
349 886
349 948
349 1017
350 403
350 425
350 593
350 690
350 696
350 756
350 777
350 794
350 801
350 804
351 398
351 446
351 465
351 565
351 721
351 728
351 794
351 822
351 851
351 917
351 957
351 1087
352 494
352 604
352 608
352 663
352 666
352 669
352 698
352 716
352 729
352 755
352 847
352 900
352 1015
352 1016
352 1084
353 492
353 592
353 608
353 642
353 732
353 816
353 828
353 854
353 860
353 897
353 918
353 980
353 1027
353 1045
353 1052
353 1085
354 391
354 430
354 432
354 441
354 447
354 528
354 572
354 586
354 617
354 686
354 747
354 796
354 806
354 810
354 819
354 972
354 1027
354 1048
355 394
355 413
355 487
355 556
355 632
355 697
355 813
355 877
355 896
355 933
355 987
355 1046
355 1052
355 1054
356 360
356 391
356 412
356 431
356 531
356 552
356 597
356 661
356 712
356 744
356 811
356 950
356 961
356 971
356 974
356 984
357 366
357 386
357 536
357 546
357 617
357 662
357 665
357 688
357 733
357 763
357 913
357 929
357 938
357 995
357 1001
357 1048
358 359
358 379
358 426
358 492
358 557
358 715
358 813
358 814
358 855
358 859
358 882
358 890
358 918
358 998
358 1088
359 363
359 381
359 386
359 400
359 426
359 458
359 502
359 518
359 541
359 652
359 723
359 750
359 964
359 979
359 1050
359 1077
360 413
360 431
360 466
360 505
360 538
360 542
360 559
360 560
360 569
360 700
360 740
360 848
360 856
360 871
361 405
361 466
361 538
361 603
361 611
361 615
361 660
361 680
361 789
361 921
361 1006
361 1027
362 370
362 412
362 485
362 532
362 537
362 566
362 596
362 687
362 754
362 777
362 872
362 916
362 1039
362 1065
363 401
363 414
363 453
363 459
363 520
363 567
363 577
363 665
363 672
363 745
363 795
363 891
363 911
363 1029
363 1046
363 1062
363 1094
364 487
364 498
364 518
364 582
364 642
364 708
364 726
364 741
364 777
364 813
364 952
364 965
364 1035
365 375
365 489
365 493
365 502
365 539
365 565
365 672
365 749
365 763
365 937
365 1047
365 1092
366 444
366 535
366 576
366 593
366 654
366 700
366 813
366 833
366 902
366 971
366 1026
367 386
367 401
367 404
367 424
367 456
367 460
367 466
367 538
367 553
367 604
367 731
367 840
367 1049
367 1074
367 1089
368 374
368 485
368 553
368 562
368 626
368 696
368 846
368 872
368 875
368 948
368 950
368 984
368 997
368 1091
368 1099
369 474
369 495
369 527
369 709
369 762
369 798
369 804
369 811
369 833
369 903
369 927
369 1007
369 1014
369 1043
369 1054
369 1088
369 1091
370 457
370 481
370 576
370 656
370 680
370 789
370 798
370 944
370 954
370 1004
370 1016
370 1046
370 1083
371 401
371 486
371 575
371 668
371 673
371 706
371 765
371 959
371 969
372 392
372 412
372 461
372 467
372 474
372 595
372 597
372 623
372 709
372 778
372 796
372 816
372 822
372 888
372 913
372 922
372 1080
373 386
373 422
373 493
373 494
373 512
373 638
373 775
373 798
373 830
373 842
373 972
373 978
373 1064
374 402
374 443
374 476
374 551
374 692
374 711
374 723
374 737
374 767
374 833
374 837
374 897
374 900
374 928
374 954
374 968
374 1079
375 423
375 460
375 484
375 595
375 602
375 697
375 706
375 770
375 786
375 868
375 874
375 881
375 922
375 971
375 1062
375 1094
375 1097
376 381
376 413
376 423
376 459
376 475
376 643
376 662
376 693
376 779
376 784
376 851
376 974
376 999
376 1049
376 1055
377 453
377 472
377 498
377 511
377 519
377 546
377 590
377 613
377 642
377 725
377 738
377 739
377 872
377 963
377 972
377 977
377 983
377 988
377 1012
378 411
378 417
378 454
378 602
378 630
378 654
378 804
378 859
378 927
378 982
378 1001
378 1020
378 1072
378 1075
378 1081
378 1099
379 414
379 481
379 501
379 544
379 559
379 594
379 618
379 620
379 633
379 659
379 661
379 708
379 815
379 818
379 935
379 1093
380 391
380 521
380 548
380 596
380 787
380 836
380 877
380 969
381 462
381 582
381 603
381 657
381 706
381 732
381 828
381 835
381 838
381 967
381 973
381 1005
381 1033
381 1045
382 407
382 455
382 496
382 543
382 646
382 649
382 819
382 839
382 856
382 926
382 964
382 1089
382 1091
383 404
383 588
383 636
383 648
383 734
383 781
383 801
383 832
383 871
383 1008
383 1093
384 503
384 539
384 573
384 626
384 659
384 675
384 753
384 794
384 826
384 885
384 921
384 934
384 961
384 983
384 1049
384 1098
385 438
385 452
385 454
385 476
385 501
385 513
385 530
385 563
385 566
385 700
385 816
385 830
385 1042
385 1046
385 1067
385 1080
385 1090
386 393
386 394
386 474
386 538
386 552
386 630
386 651
386 711
386 755
386 777
386 810
386 836
386 873
386 899
386 901
386 949
386 998
386 1011
386 1028
387 388
387 389
387 403
387 515
387 609
387 706
387 817
387 855
387 969
387 1004
387 1053
387 1055
387 1070
388 474
388 477
388 550
388 601
388 604
388 678
388 753
388 830
388 831
388 834
388 836
388 895
388 909
388 942
388 956
388 974
388 986
388 1037
388 1045
388 1086
388 1097
389 495
389 498
389 524
389 536
389 594
389 644
389 679
389 777
389 966
389 1001
389 1009
389 1053
389 1072
389 1086
389 1095
390 606
390 702
390 744
390 851
390 863
390 916
390 920
390 942
390 977
390 1057
390 1084
391 414
391 517
391 614
391 683
391 692
391 697
391 710
391 749
391 771
391 792
391 814
391 901
391 902
391 929
391 953
391 998
391 1089
392 414
392 546
392 571
392 602
392 683
392 735
392 736
392 738
392 742
392 768
392 840
392 903
392 958
392 1040
393 441
393 679
393 869
393 890
393 911
393 1036
393 1053
394 428
394 463
394 501
394 538
394 539
394 566
394 760
394 783
394 808
394 883
394 888
394 1058
394 1068
394 1077
394 1078
395 406
395 411
395 472
395 542
395 549
395 557
395 590
395 620
395 631
395 634
395 689
395 692
395 765
395 798
395 814
395 905
395 960
396 413
396 517
396 527
396 639
396 688
396 755
396 784
396 804
396 838
396 842
396 920
396 952
396 1006
396 1083
397 399
397 435
397 458
397 517
397 553
397 615
397 632
397 702
397 771
397 796
397 867
397 868
397 935
397 956
398 563
398 586
398 600
398 646
398 663
398 688
398 801
398 803
398 954
398 1015
398 1057
398 1088
398 1097
399 527
399 636
399 688
399 699
399 758
399 773
399 868
399 883
399 998
399 1029
399 1061
400 455
400 541
400 569
400 630
400 701
400 705
400 709
400 715
400 718
400 727
400 739
400 754
400 802
400 808
400 920
400 973
400 1040
400 1042
400 1050
400 1087
401 416
401 448
401 454
401 518
401 524
401 639
401 688
401 701
401 741
401 754
401 822
401 828
401 843
401 887
401 936
401 1041
401 1079
401 1081
402 508
402 520
402 698
402 727
402 816
402 859
402 872
402 894
402 933
402 953
402 955
402 972
402 1016
402 1045
403 408
403 458
403 515
403 691
403 703
403 787
403 801
403 807
403 811
403 910
403 915
403 919
403 939
403 944
403 964
403 1080
403 1086
403 1091
404 413
404 449
404 470
404 555
404 574
404 620
404 624
404 647
404 700
404 768
404 776
404 791
404 792
404 819
404 847
404 930
404 938
404 968
404 969
404 992
404 997
404 1011
405 485
405 556
405 654
405 728
405 737
405 769
405 779
405 843
405 852
405 890
405 897
405 911
405 963
405 1088
406 413
406 459
406 559
406 593
406 664
406 742
406 775
406 784
406 848
406 855
406 860
406 894
406 971
406 993
407 414
407 469
407 554
407 564
407 714
407 793
407 893
407 958
407 1040
407 1048
408 479
408 550
408 664
408 711
408 721
408 732
408 778
408 792
408 838
408 929
408 969
408 1053
408 1080
408 1090
409 464
409 479
409 546
409 622
409 980
410 430
410 531
410 599
410 681
410 706
410 712
410 866
410 961
410 966
410 1039
411 424
411 631
411 632
411 640
411 679
411 731
411 763
411 803
411 897
411 961
411 996
411 1044
412 437
412 470
412 480
412 519
412 617
412 623
412 641
412 704
412 731
412 746
412 829
412 859
412 885
412 915
412 968
412 1047
413 553
413 577
413 593
413 623
413 755
413 876
413 931
413 998
413 1027
413 1035
413 1068
413 1069
414 417
414 464
414 492
414 498
414 595
414 719
414 723
414 754
414 813
414 847
414 863
414 968
414 1021
414 1042
415 426
415 448
415 497
415 527
415 566
415 633
415 673
415 684
415 765
415 781
415 809
415 842
415 856
415 867
415 871
415 914
415 992
415 993
415 1005
415 1038
416 456
416 470
416 502
416 564
416 581
416 605
416 659
416 740
416 774
416 895
416 934
416 1000
416 1096
417 429
417 622
417 643
417 700
417 780
417 943
417 997
417 1003
417 1038
417 1096
418 457
418 460
418 573
418 631
418 648
418 651
418 670
418 686
418 708
418 767
418 810
418 835
418 889
418 956
418 970
418 982
418 1068
419 420
419 439
419 475
419 494
419 513
419 609
419 742
419 877
419 879
419 884
419 988
419 991
419 1004
419 1083
420 425
420 461
420 496
420 508
420 553
420 583
420 625
420 723
420 922
420 1081
421 457
421 471
421 508
421 518
421 544
421 599
421 614
421 685
421 701
421 779
421 796
421 882
421 939
421 961
421 999
421 1080
421 1089
422 524
422 604
422 618
422 728
422 754
422 779
422 815
422 865
422 884
422 915
422 1024
423 457
423 489
423 550
423 558
423 632
423 652
423 711
423 806
423 837
423 900
423 962
423 965
423 968
423 982
424 457
424 522
424 580
424 598
424 607
424 649
424 702
424 718
424 961
424 964
424 975
424 986
424 1015
424 1080
424 1084
425 476
425 493
425 548
425 638
425 655
425 766
425 801
425 827
425 1019
425 1044
425 1053
425 1089
426 518
426 527
426 618
426 634
426 643
426 660
426 667
426 716
426 729
426 747
426 751
426 766
426 809
426 840
426 920
426 925
426 926
426 1022
426 1061
426 1085
426 1092
426 1098
427 505
427 537
427 554
427 614
427 627
427 648
427 819
427 903
427 929
427 933
427 947
427 995
427 1004
427 1034
427 1045
427 1061
427 1074
427 1079
428 432
428 436
428 488
428 513
428 545
428 570
428 595
428 641
428 643
428 703
428 704
428 769
428 798
428 799
428 803
428 919
428 967
428 1058
428 1066
428 1095
429 543
429 586
429 588
429 593
429 599
429 662
429 727
429 756
429 770
429 811
429 856
429 891
429 958
429 986
430 488
430 518
430 521
430 585
430 615
430 683
430 729
430 773
430 819
430 825
430 858
430 930
430 966
430 1000
430 1032
431 471
431 617
431 630
431 634
431 810
431 926
431 967
431 1087
431 1098
432 461
432 467
432 557
432 559
432 621
432 652
432 818
432 854
432 890
432 896
432 902
432 1040
433 492
433 500
433 696
433 740
433 849
433 864
433 987
433 1047
433 1076
434 528
434 578
434 632
434 717
434 749
434 777
434 805
434 813
434 851
434 912
434 953
434 954
434 1000
434 1014
434 1018
434 1035
435 535
435 565
435 633
435 686
435 712
435 750
435 760
435 825
435 838
435 890
435 911
435 983
435 1058
436 440
436 558
436 563
436 621
436 631
436 637
436 643
436 645
436 744
436 783
436 795
436 809
436 977
437 461
437 501
437 547
437 564
437 638
437 749
437 915
437 925
437 968
437 1064
438 488
438 575
438 613
438 635
438 644
438 785
438 787
438 807
438 829
438 932
438 1039
439 508
439 534
439 619
439 743
439 747
439 879
439 978
440 442
440 443
440 494
440 508
440 589
440 663
440 727
440 731
440 746
440 753
440 767
440 811
440 825
440 898
440 1077
440 1094
440 1095
441 567
441 620
441 698
441 708
441 713
441 721
441 779
441 868
441 875
441 996
441 1007
441 1093
442 449
442 603
442 616
442 699
442 702
442 744
442 845
442 856
442 874
442 879
442 919
442 1005
443 495
443 536
443 548
443 566
443 625
443 744
443 784
443 798
443 1033
443 1043
443 1055
443 1074
443 1085
444 454
444 496
444 664
444 671
444 706
444 730
444 750
444 776
444 789
444 797
444 838
444 882
444 888
444 902
444 967
444 994
444 1022
444 1081
445 499
445 564
445 569
445 596
445 610
445 641
445 653
445 686
445 736
445 902
445 941
445 964
445 1033
445 1099
446 820
446 870
446 891
446 970
446 1058
447 484
447 708
447 842
447 941
447 962
447 1022
447 1070
447 1087
448 457
448 464
448 466
448 474
448 512
448 519
448 577
448 652
448 745
448 831
448 854
448 888
448 889
448 895
448 953
448 977
448 1018
448 1098
449 464
449 517
449 598
449 601
449 625
449 628
449 725
449 800
449 808
449 861
449 886
449 934
449 1048
449 1062
450 462
450 524
450 542
450 546
450 657
450 715
450 795
451 461
451 560
451 725
451 797
451 842
451 851
451 864
451 868
451 871
451 992
451 1056
452 544
452 560
452 619
452 711
452 727
452 735
452 741
452 793
452 878
452 891
452 916
452 945
452 993
452 1033
452 1072
453 516
453 570
453 605
453 639
453 732
453 800
453 926
453 936
453 981
453 1014
454 494
454 653
454 773
454 866
454 876
454 887
454 966
454 990
454 1014
454 1019
454 1021
455 498
455 555
455 580
455 593
455 610
455 647
455 658
455 704
455 768
455 1089
456 500
456 666
456 672
456 690
456 765
456 774
456 892
456 918
456 925
456 943
456 945
456 952
456 960
456 1041
456 1072
457 470
457 488
457 497
457 552
457 575
457 618
457 657
457 667
457 699
457 734
457 799
457 843
457 862
457 921
457 922
457 975
457 993
457 1086
458 475
458 508
458 567
458 606
458 727
458 733
458 740
458 757
458 820
458 873
458 978
458 1082
458 1090
459 467
459 487
459 494
459 520
459 601
459 611
459 651
459 908
459 938
459 985
459 987
459 1007
460 502
460 557
460 564
460 605
460 622
460 732
460 768
460 803
460 913
460 924
460 1082
461 476
461 489
461 497
461 513
461 543
461 579
461 599
461 612
461 619
461 672
461 725
461 896
461 1033
462 543
462 553
462 602
462 615
462 649
462 704
462 722
462 769
462 829
462 883
462 952
462 965
462 973
462 992
462 1012
462 1095
462 1097
462 1098
463 648
463 722
463 748
463 784
463 957
463 1045
463 1084
464 751
464 804
464 870
464 925
464 965
465 478
465 485
465 533
465 586
465 589
465 621
465 634
465 650
465 702
465 779
465 928
465 1005
465 1017
465 1028
465 1037
466 470
466 645
466 658
466 678
466 763
466 811
466 857
466 861
466 874
466 882
466 884
466 908
466 925
466 1011
467 478
467 487
467 505
467 507
467 545
467 597
467 606
467 639
467 646
467 698
467 764
467 784
467 792
467 807
467 844
467 907
467 955
467 998
467 1018
467 1079
468 469
468 487
468 552
468 578
468 579
468 596
468 599
468 603
468 686
468 739
468 779
468 844
468 915
468 978
468 1048
468 1064
469 511
469 558
469 607
469 690
469 725
469 749
469 762
469 880
469 938
469 948
469 983
469 1064
469 1076
470 498
470 552
470 635
470 799
470 836
470 1027
470 1029
471 493
471 503
471 572
471 595
471 661
471 678
471 724
471 731
471 869
471 937
471 947
471 1012
471 1058
471 1064
472 474
472 487
472 517
472 559
472 581
472 652
472 714
472 721
472 808
472 839
472 845
472 858
472 860
472 874
472 907
472 932
472 1005
473 578
473 580
473 685
473 831
473 909
473 965
473 971
473 980
473 1094
473 1095
474 532
474 550
474 552
474 599
474 769
474 884
474 900
474 956
474 1084
475 526
475 539
475 560
475 602
475 764
475 793
475 819
475 830
475 841
475 862
475 868
475 918
475 948
475 984
475 1004
475 1074
476 516
476 557
476 573
476 623
476 672
476 690
476 713
476 720
476 811
476 813
476 847
476 858
476 867
476 874
476 947
476 977
476 1044
476 1069
476 1084
477 480
477 506
477 550
477 686
477 796
477 842
477 853
477 896
477 916
477 935
477 1050
478 579
478 584
478 632
478 653
478 669
478 684
478 731
478 745
478 842
478 885
478 995
478 1026
479 531
479 585
479 594
479 637
479 739
479 819
479 822
479 855
479 916
479 943
479 970
479 978
479 1093
480 519
480 592
480 599
480 614
480 698
480 763
480 821
480 830
480 954
480 975
480 992
480 1005
480 1024
480 1029
480 1032
480 1059
481 514
481 587
481 626
481 690
481 705
481 788
481 898
481 922
481 942
481 978
481 1009
481 1024
481 1071
482 500
482 570
482 623
482 788
482 792
482 803
482 939
482 1010
482 1037
483 519
483 569
483 577
483 616
483 737
483 802
483 835
483 846
483 935
483 954
483 961
483 1034
484 499
484 536
484 620
484 689
484 849
484 874
484 883
484 907
484 913
484 951
484 1034
484 1083
485 506
485 519
485 647
485 829
485 837
485 843
485 851
485 860
485 868
485 955
485 973
485 975
485 985
485 987
486 487
486 508
486 551
486 567
486 710
486 718
486 758
486 922
486 1009
486 1058
487 497
487 525
487 533
487 577
487 655
487 664
487 675
487 745
487 793
487 810
487 1019
488 528
488 593
488 595
488 676
488 737
488 781
488 919
488 945
488 997
488 1071
488 1092
489 614
489 735
489 862
489 959
489 974
489 983
489 1000
490 538
490 616
490 637
490 651
490 735
490 745
490 781
490 822
490 924
490 991
490 1025
491 627
491 727
491 779
491 805
491 833
491 929
491 933
491 983
491 1086
492 495
492 513
492 609
492 612
492 690
492 771
492 820
492 843
492 902
492 916
492 939
492 949
492 1082
493 524
493 622
493 636
493 666
493 731
493 746
493 855
493 875
493 973
493 1074
494 518
494 521
494 615
494 660
494 670
494 706
494 709
494 712
494 727
494 849
494 873
494 892
494 937
495 602
495 623
495 641
495 674
495 740
495 804
495 820
495 864
495 873
495 949
495 992
496 546
496 615
496 635
496 657
496 658
496 684
496 746
496 828
496 835
496 853
496 910
496 998
496 1033
497 524
497 706
497 707
497 713
497 743
497 761
497 840
497 907
497 952
498 564
498 624
498 681
498 685
498 719
498 737
498 744
498 810
498 914
498 928
498 930
498 936
498 963
498 1009
498 1012
498 1042
499 567
499 571
499 572
499 702
499 779
499 797
499 930
499 934
499 1056
500 553
500 581
500 604
500 703
500 723
500 776
500 789
500 806
500 836
500 857
500 1011
500 1037
500 1045
501 554
501 563
501 635
501 663
501 665
501 667
501 716
501 767
501 772
501 815
501 847
501 983
501 1039
502 524
502 531
502 559
502 604
502 654
502 671
502 688
502 736
502 773
502 811
502 838
502 920
502 936
502 951
503 523
503 714
503 820
503 884
503 956
503 1003
504 521
504 541
504 571
504 587
504 690
504 744
504 754
504 784
504 785
504 814
504 868
504 906
504 935
504 977
504 985
505 508
505 603
505 614
505 629
505 731
505 873
505 906
505 989
505 1097
506 558
506 587
506 748
506 782
506 834
506 853
506 875
506 889
506 961
506 976
506 1005
506 1010
506 1026
506 1029
507 537
507 548
507 657
507 663
507 721
507 812
507 824
507 853
507 911
507 926
507 963
507 1097
508 521
508 600
508 612
508 614
508 675
508 684
508 694
508 704
508 731
508 739
508 750
508 847
508 922
508 941
508 943
508 976
508 1037
508 1052
509 559
509 640
509 686
509 691
509 751
509 830
509 848
509 862
509 981
509 985
509 1087
509 1092
510 578
510 653
510 829
511 520
511 607
511 728
511 805
511 1045
512 540
512 542
512 543
512 547
512 562
512 587
512 628
512 812
512 865
512 920
512 956
512 999
512 1027
512 1084
513 607
513 706
513 736
513 760
513 807
513 841
513 846
513 907
513 964
513 968
514 566
514 660
514 717
514 724
514 778
514 785
514 825
514 841
514 919
514 994
514 1047
514 1064
515 547
515 616
515 662
515 673
515 701
515 788
515 889
515 918
515 919
515 950
515 1043
515 1049
516 591
516 663
516 716
516 788
516 803
516 829
516 850
516 878
516 1008
516 1037
516 1064
516 1086
517 614
517 646
517 703
517 756
517 766
517 817
517 822
517 835
517 933
517 954
517 1002
517 1057
517 1066
518 520
518 729
518 797
518 932
518 990
518 995
518 1029
518 1086
519 550
519 664
519 723
519 754
519 820
519 849
519 853
519 930
519 988
519 1094
520 597
520 636
520 683
520 804
520 838
520 853
520 948
520 965
520 1033
520 1088
521 603
521 620
521 673
521 684
521 726
521 729
521 790
521 815
521 859
521 908
521 958
521 959
521 1039
521 1050
522 567
522 576
522 580
522 600
522 607
522 667
522 674
522 800
522 831
522 832
522 842
522 873
522 902
522 908
522 986
522 1067
522 1079
523 546
523 562
523 699
523 710
523 772
523 784
523 846
523 848
523 1036
524 660
524 886
524 956
524 1050
524 1060
525 535
525 605
525 657
525 710
525 794
525 905
525 938
525 965
525 972
525 986
525 992
525 1000
525 1021
526 555
526 581
526 587
526 604
526 617
526 637
526 652
526 763
526 812
526 828
526 904
526 958
526 1045
526 1076
526 1082
527 594
527 668
527 683
527 732
527 791
527 801
527 894
527 904
527 932
527 959
527 968
527 1085
528 545
528 552
528 669
528 684
528 687
528 708
528 768
528 769
528 898
528 1083
529 844
529 910
529 914
529 935
529 976
529 986
529 1046
529 1049
529 1076
530 550
530 617
530 636
530 645
530 660
530 697
530 762
530 800
530 805
530 891
530 932
530 953
530 1028
530 1086
531 562
531 579
531 582
531 680
531 718
531 868
531 888
531 915
531 938
531 997
532 554
532 556
532 643
532 779
532 817
532 819
532 867
532 916
532 929
532 968
532 1058
532 1081
533 555
533 561
533 596
533 629
533 669
533 700
533 711
533 790
533 795
533 892
533 907
533 932
533 1057
533 1064
533 1067
534 543
534 546
534 559
534 607
534 634
534 637
534 641
534 645
534 649
534 669
534 752
534 783
534 808
534 904
534 941
534 958
534 987
534 993
534 1011
534 1035
534 1074
534 1090
534 1093
535 620
535 624
535 694
535 840
535 848
535 874
535 898
535 901
535 1004
535 1006
535 1025
536 634
536 655
536 658
536 746
536 815
536 837
536 845
536 882
536 983
536 1011
536 1036
536 1039
536 1064
536 1098
537 590
537 597
537 636
537 681
537 737
537 767
537 836
537 864
537 919
537 948
537 1021
537 1068
538 586
538 618
538 638
538 727
538 732
538 810
538 825
538 849
538 874
538 905
538 927
538 1014
538 1019
538 1084
539 659
539 918
539 940
539 952
539 956
539 1064
539 1067
539 1075
539 1076
540 558
540 581
540 618
540 716
540 721
540 739
540 744
540 772
540 786
540 998
540 1055
541 559
541 585
541 610
541 612
541 618
541 646
541 695
541 851
541 992
541 1016
541 1070
541 1082
542 663
542 691
542 746
542 791
542 873
542 891
542 986
542 1032
542 1078
542 1079
543 632
543 888
543 911
543 916
543 951
543 960
543 1092
544 549
544 570
544 596
544 605
544 665
544 672
544 675
544 713
544 752
544 753
544 754
544 813
544 816
544 866
544 898
544 945
544 946
544 1045
545 744
545 746
545 770
545 839
545 894
545 920
545 966
545 1036
545 1071
545 1088
546 583
546 648
546 726
546 960
547 620
547 641
547 653
547 697
547 718
547 721
547 946
547 949
547 985
547 1009
548 688
548 694
548 710
548 739
548 846
548 849
548 1001
548 1041
549 553
549 608
549 786
549 858
549 923
549 934
549 936
549 941
549 984
549 1083
549 1089
550 636
550 667
550 691
550 699
550 704
550 784
550 811
550 814
550 900
550 951
550 1066
551 909
551 912
551 918
551 937
551 971
551 1020
551 1029
551 1049
551 1065
551 1096
552 567
552 602
552 679
552 703
552 740
552 932
552 1013
553 568
553 591
553 617
553 642
553 652
553 688
553 698
553 721
553 760
553 773
553 776
553 780
553 782
553 879
553 933
553 948
553 955
553 1035
553 1091
554 577
554 595
554 773
554 862
554 987
554 1007
555 596
555 639
555 656
555 672
555 713
555 736
555 829
555 846
555 856
555 915
555 955
555 975
555 1004
555 1007
555 1072
555 1092
556 563
556 572
556 633
556 648
556 679
556 855
556 925
556 945
556 956
556 988
556 1076
556 1078
557 659
557 663
557 744
557 783
557 800
557 802
557 819
557 837
557 949
557 1025
558 577
558 625
558 712
558 742
558 743
558 1026
558 1067
558 1095
559 615
559 617
559 624
559 638
559 668
559 694
559 720
559 729
559 734
559 766
559 798
559 886
559 968
559 977
559 988
559 1007
559 1018
559 1062
559 1074
560 579
560 597
560 641
560 857
560 901
560 903
560 943
560 1008
561 564
561 587
561 605
561 645
561 661
561 674
561 703
561 778
561 781
561 794
561 856
561 886
561 898
561 904
561 1036
561 1046
562 726
562 792
562 895
562 938
562 943
562 1040
562 1063
563 619
563 655
563 677
563 678
563 679
563 734
563 776
563 790
563 846
563 870
563 912
563 923
563 938
563 940
563 1055
563 1061
564 578
564 588
564 655
564 662
564 724
564 873
564 991
564 1010
564 1065
564 1080
565 571
565 619
565 642
565 653
565 693
565 727
565 730
565 738
565 834
565 839
565 844
565 848
565 925
565 940
565 1022
565 1049
565 1083
566 668
566 688
566 837
566 972
566 1008
566 1042
566 1073
566 1084
567 635
567 666
567 768
567 776
567 847
567 851
567 917
567 986
567 1073
567 1099
568 634
568 690
568 729
568 763
568 822
568 848
568 917
568 953
568 1000
568 1048
568 1089
568 1093
569 584
569 622
569 630
569 649
569 761
569 769
569 781
569 785
569 810
569 812
569 869
569 883
569 903
570 578
570 681
570 688
570 723
570 760
570 810
570 866
570 869
570 880
570 937
570 991
570 1016
570 1064
571 632
571 684
571 833
571 863
571 928
571 963
571 969
571 1048
571 1068
572 576
572 591
572 734
572 825
572 826
572 829
572 832
572 855
572 979
572 1020
572 1087
573 578
573 589
573 594
573 676
573 742
573 768
573 792
573 830
573 1007
573 1018
573 1045
574 589
574 653
574 657
574 670
574 713
574 715
574 724
574 785
574 800
574 816
574 858
574 861
574 877
574 915
574 929
574 951
574 982
574 994
574 1022
574 1075
574 1095
575 576
575 603
575 639
575 672
575 690
575 707
575 716
575 739
575 750
575 984
575 1070
575 1090
576 595
576 676
576 754
576 821
576 829
576 832
576 843
576 858
577 689
577 727
577 809
577 916
577 1011
577 1031
578 639
578 719
578 722
578 730
578 734
578 871
578 1091
579 585
579 604
579 662
579 676
579 854
579 872
579 917
579 921
579 1071
579 1084
580 627
580 647
580 668
580 694
580 715
580 794
580 806
580 809
580 852
580 881
580 1014
580 1015
580 1076
581 681
581 713
581 753
581 790
581 843
581 858
581 905
581 929
581 984
581 1058
582 609
582 614
582 693
582 717
582 756
582 810
582 852
582 905
582 953
582 1076
583 620
583 682
583 726
583 746
583 775
583 795
584 622
584 628
584 739
584 798
584 877
584 904
584 927
584 973
584 1074
584 1096
585 600
585 627
585 631
585 698
585 771
585 779
585 785
585 799
585 849
585 890
585 912
585 936
585 1028
585 1039
586 602
586 608
586 624
586 633
586 670
586 725
586 729
586 753
586 761
586 766
586 800
586 864
586 901
586 910
586 962
586 1045
587 622
587 646
587 740
587 787
587 833
587 929
587 1081
588 591
588 611
588 793
588 870
588 883
588 921
588 946
588 1012
588 1068
589 599
589 847
589 848
589 897
589 913
589 947
589 1048
589 1058
590 599
590 616
590 643
590 670
590 722
590 736
590 798
590 1008
590 1059
590 1087
591 598
591 636
591 694
591 696
591 846
591 859
591 890
591 954
591 979
591 981
591 1020
591 1077
591 1089
592 715
592 721
592 739
592 796
592 842
592 907
592 956
592 972
592 1041
593 596
593 639
593 658
593 783
593 810
593 819
593 821
593 859
593 874
593 886
593 1030
593 1033
593 1069
594 619
594 676
594 726
594 791
594 804
594 853
594 905
594 914
594 938
594 1021
594 1038
595 623
595 736
595 738
595 744
595 756
595 773
595 849
595 907
595 940
595 983
595 1066
596 626
596 703
596 804
596 926
596 1005
596 1066
597 722
597 750
597 863
597 876
597 891
597 904
597 928
597 992
598 678
598 679
598 683
598 695
598 751
598 761
598 892
598 948
598 995
598 1002
598 1030
599 648
599 690
599 694
599 701
599 721
599 735
599 869
599 952
599 984
599 1000
600 764
600 845
600 854
600 941
600 992
600 1032
600 1062
600 1069
601 623
601 675
601 699
601 846
601 855
601 883
601 1045
601 1049
601 1062
601 1065
602 622
602 630
602 660
602 674
602 701
602 793
602 873
602 955
602 988
602 1015
602 1025
602 1067
603 614
603 630
603 665
603 684
603 736
603 779
603 885
603 907
603 959
603 1012
603 1059
603 1062
604 619
604 640
604 764
604 806
604 942
604 944
604 1053
604 1073
605 621
605 649
605 653
605 712
605 722
605 724
605 740
605 754
605 758
605 766
605 790
605 806
605 831
605 841
605 1027
606 624
606 646
606 648
606 675
606 723
606 773
606 798
606 825
606 907
606 955
607 637
607 653
607 747
607 781
607 905
607 912
607 1018
607 1019
607 1071
607 1084
608 640
608 764
608 874
608 892
608 913
608 956
608 1010
608 1083
608 1086
609 813
609 869
609 871
609 875
609 982
610 665
610 672
610 711
610 724
610 734
610 745
610 748
610 785
610 839
610 961
610 991
610 1050
611 820
611 893
611 896
611 897
611 942
612 631
612 669
612 677
612 737
612 756
612 777
612 803
612 840
612 884
612 886
612 1017
612 1072
612 1099
613 621
613 692
613 818
613 927
613 1065
613 1079
613 1097
614 648
614 689
614 779
614 797
614 799
614 800
614 809
614 840
614 860
614 886
614 915
614 953
614 962
614 984
614 1005
614 1011
614 1016
614 1064
615 676
615 746
615 996
615 998
615 1024
615 1055
616 656
616 703
616 758
616 776
616 805
616 856
616 907
616 959
616 996
616 1007
616 1009
617 629
617 648
617 676
617 784
617 821
617 880
617 907
617 911
617 925
617 971
617 1006
617 1092
618 709
618 710
618 736
618 758
618 771
618 885
618 914
618 921
618 933
618 977
619 636
619 674
619 679
619 917
619 1021
619 1063
619 1071
620 667
620 670
620 676
620 723
620 737
620 741
620 743
620 763
620 799
620 819
620 828
620 867
620 877
620 885
620 908
620 943
620 955
620 1062
621 622
621 661
621 667
621 700
621 782
621 788
621 791
621 796
621 836
621 855
621 938
621 962
622 648
622 760
622 793
622 873
622 903
622 961
622 994
622 1044
622 1087
622 1090
623 642
623 829
623 950
624 633
624 687
624 771
624 791
624 820
624 957
624 977
624 994
624 1006
624 1021
624 1074
625 705
625 735
625 760
625 763
625 771
625 873
625 897
625 935
625 1078
625 1089
626 639
626 653
626 682
626 700
626 761
626 874
626 925
626 928
626 957
626 1000
626 1019
627 641
627 646
627 649
627 669
627 700
627 827
627 846
627 1033
628 714
628 749
628 771
628 797
628 824
628 835
628 892
628 1014
629 699
629 735
629 737
629 802
629 805
629 806
629 844
629 919
629 977
629 1008
629 1064
629 1066
630 642
630 661
630 671
630 676
630 808
630 871
630 872
630 894
631 698
631 731
631 832
631 837
631 864
631 891
631 905
631 1074
632 674
632 748
632 875
632 906
632 925
632 948
632 963
633 635
633 659
633 670
633 749
633 783
633 879
633 926
633 987
633 1001
634 641
634 656
634 704
634 820
634 914
634 997
634 1008
635 713
635 714
635 734
635 802
635 971
635 1069
635 1084
635 1090
636 660
636 701
636 703
636 752
636 844
636 866
636 869
636 951
636 998
636 1041
637 697
637 761
637 892
637 928
637 1078
638 703
638 723
638 726
638 735
638 799
638 1045
639 655
639 675
639 691
639 747
639 783
639 854
639 898
639 948
639 1087
639 1092
640 668
640 679
640 717
640 731
640 738
640 932
640 938
640 955
640 999
640 1007
640 1010
640 1034
641 716
641 717
641 739
641 775
641 885
641 906
641 1007
642 680
642 682
642 726
642 737
642 778
642 791
642 883
642 925
642 957
642 986
642 992
642 1004
642 1011
642 1045
643 681
643 731
643 742
643 813
643 833
643 853
643 879
643 912
643 944
643 1015
643 1082
644 755
644 765
644 796
644 900
644 904
644 1095
645 681
645 758
645 828
645 866
645 1037
646 695
646 731
646 734
646 801
646 812
646 834
646 907
646 944
646 957
646 1016
646 1049
646 1088
647 649
647 650
647 666
647 722
647 824
647 902
647 927
647 1026
647 1060
647 1070
648 671
648 676
648 697
648 698
648 699
648 796
648 805
648 826
648 835
648 845
648 978
648 1005
648 1011
649 665
649 685
649 707
649 749
649 763
649 820
649 916
649 936
649 980
649 1054
649 1069
650 692
650 695
650 763
650 880
650 990
650 1010
650 1023
650 1039
650 1063
650 1090
651 690
651 711
651 724
651 814
651 828
651 851
651 961
651 1040
652 654
652 681
652 729
652 908
652 950
652 1057
653 691
653 702
653 818
653 832
653 859
653 874
653 884
653 894
653 952
653 983
653 1033
653 1087
654 718
654 778
654 797
654 810
654 840
654 950
654 964
654 987
654 1028
654 1050
654 1053
654 1085
655 675
655 691
655 716
655 768
655 834
655 900
655 907
655 911
655 981
655 1013
655 1049
655 1053
655 1096
656 711
656 819
656 861
656 868
656 895
656 902
656 919
656 973
656 1093
657 661
657 793
657 804
657 893
657 895
657 962
657 1000
657 1014
657 1036
657 1054
658 854
658 857
658 961
658 1051
658 1090
659 850
659 928
659 943
659 1035
660 683
660 824
660 834
660 846
660 884
660 952
660 1041
660 1060
661 690
661 756
661 859
661 976
661 979
661 996
661 1010
661 1046
661 1075
661 1088
662 752
662 793
662 817
662 866
662 868
662 884
662 930
662 992
662 996
662 1036
662 1090
663 694
663 726
663 732
663 754
663 825
663 856
663 931
663 978
663 1027
663 1029
663 1092
664 691
664 692
664 755
664 810
664 868
664 883
664 928
664 952
664 1035
665 742
665 746
665 809
665 831
665 873
665 1057
666 730
666 778
666 935
666 937
666 938
666 1011
666 1072
667 711
667 803
667 846
667 881
667 902
667 915
667 977
668 775
668 888
668 920
668 1023
668 1027
668 1059
669 679
669 777
669 788
669 863
669 886
669 949
669 1012
669 1070
670 684
670 702
670 716
670 781
670 857
670 936
670 980
670 1035
670 1037
671 738
671 810
671 844
671 850
671 851
671 894
671 928
671 955
671 1012
672 834
672 849
672 855
672 876
672 880
672 913
672 929
672 987
672 1073
672 1078
672 1098
673 695
673 727
673 751
673 756
673 805
673 859
673 876
673 921
673 1006
673 1045
674 691
674 943
674 975
674 993
674 1026
674 1056
675 729
675 787
675 799
675 869
675 933
675 948
675 1012
675 1013
675 1099
676 685
676 700
676 796
676 886
676 897
676 900
676 953
676 977
676 1033
676 1073
676 1078
676 1086
677 678
677 727
677 762
677 817
677 820
677 875
677 888
677 930
677 1090
678 719
678 732
678 759
678 971
678 1039
678 1079
679 716
679 722
679 818
679 853
679 868
679 870
679 936
679 943
679 995
679 1000
679 1015
679 1027
680 768
680 789
680 897
680 906
680 948
680 971
680 988
680 1059
680 1081
680 1099
681 719
681 726
681 811
681 864
681 885
681 898
681 930
681 987
682 708
682 714
682 796
682 805
682 822
682 870
682 918
682 938
682 996
683 776
683 782
683 825
683 906
683 916
683 928
683 972
683 1011
683 1053
684 719
684 836
684 908
684 960
684 1033
684 1061
685 724
685 734
685 746
685 799
685 859
685 995
686 726
686 756
686 809
686 848
686 864
686 956
686 981
686 1010
686 1034
686 1039
686 1049
687 857
687 880
687 916
687 988
687 1081
688 693
688 702
688 704
688 713
688 762
688 828
688 836
688 848
688 878
688 904
688 925
688 936
688 955
688 1003
688 1043
689 715
689 742
689 758
689 771
689 841
689 854
689 861
689 870
689 877
689 884
689 887
689 962
689 1014
689 1026
690 777
690 822
691 706
691 743
691 751
691 996
691 1058
692 719
692 891
692 920
693 708
693 727
693 729
693 765
693 781
693 806
693 815
693 841
693 885
693 949
693 987
693 1000
693 1069
693 1079
694 747
694 858
694 965
694 969
694 1005
694 1076
695 767
695 841
695 851
695 877
695 887
695 895
695 920
695 931
695 943
695 967
695 1003
695 1080
695 1089
696 785
696 789
696 809
696 814
696 827
696 1025
697 951
697 971
697 977
697 986
697 1015
697 1016
697 1041
697 1049
697 1065
698 701
698 793
698 881
698 890
698 894
698 899
698 1055
698 1056
698 1057
698 1065
698 1079
699 724
699 729
699 730
699 777
699 887
699 949
699 1030
699 1095
700 714
700 723
700 724
700 791
700 798
700 895
700 968
700 1087
700 1090
701 742
701 782
701 819
701 855
701 864
701 867
701 885
701 904
701 1063
701 1072
701 1078
702 736
702 742
702 824
702 851
702 854
702 868
702 883
702 913
702 990
702 1036
703 729
703 737
703 794
703 819
703 932
703 945
703 991
703 1017
703 1053
703 1098
704 705
704 725
704 786
704 812
704 822
704 846
704 856
704 950
704 951
705 719
705 824
705 888
705 937
705 1020
705 1043
705 1072
706 753
706 815
706 872
706 984
706 1028
706 1070
706 1074
707 733
707 812
707 829
707 892
707 901
707 904
707 929
707 930
707 945
707 980
707 984
708 726
708 761
708 793
708 836
708 860
708 861
708 917
708 920
708 994
708 1021
708 1071
708 1077
709 718
709 723
709 746
709 747
709 762
709 795
709 803
709 807
709 815
709 823
709 824
709 863
709 894
709 919
709 1028
710 724
710 755
710 768
710 851
710 985
711 744
711 750
711 808
711 856
711 861
711 907
711 918
711 959
711 977
711 1033
711 1054
711 1067
712 738
712 740
712 800
712 869
712 925
712 962
712 983
712 1063
712 1094
713 714
713 725
713 767
713 787
713 797
713 808
713 894
713 965
713 967
713 980
713 1044
713 1086
714 787
714 961
714 1098
715 731
715 830
715 882
715 894
715 916
715 1017
715 1033
716 775
716 831
716 919
716 934
716 1077
717 845
717 964
717 1051
717 1088
718 727
718 752
718 759
718 824
718 852
718 918
718 924
718 950
718 1027
719 752
719 772
719 829
719 843
719 856
719 857
719 901
719 945
719 957
719 981
719 997
719 1037
719 1059
720 802
720 807
720 829
720 860
720 868
720 898
720 924
720 1025
720 1077
721 746
721 1038
721 1053
721 1063
721 1076
721 1078
722 786
722 811
722 815
722 888
722 907
722 909
722 942
722 959
722 1019
722 1039
722 1065
722 1070
723 766
723 843
723 857
723 872
723 878
723 936
723 941
723 973
723 1023
723 1029
723 1093
724 728
724 772
724 779
724 807
724 991
724 1060
725 768
725 990
725 1032
725 1058
726 732
726 757
726 849
726 860
726 880
726 893
726 946
726 950
726 962
726 980
726 985
726 1028
726 1051
726 1066
726 1078
726 1079
727 906
727 965
727 1058
728 757
728 782
728 794
728 848
728 916
728 940
728 959
728 966
729 832
729 866
729 917
729 920
729 922
729 995
729 1060
729 1071
730 737
730 753
730 768
730 973
730 978
730 1022
730 1029
730 1044
731 745
731 757
731 777
731 784
731 858
731 869
731 904
731 929
731 932
731 1009
731 1036
731 1054
731 1087
732 922
732 955
732 994
732 1007
732 1018
732 1032
732 1094
733 745
733 807
733 895
733 1002
733 1018
734 737
734 743
734 760
734 957
734 1071
735 767
735 780
735 786
735 815
735 825
735 951
735 1067
736 823
736 836
736 910
736 1014
736 1055
736 1077
736 1091
737 765
737 774
737 984
738 759
738 794
738 838
738 872
738 885
738 1088
739 742
739 848
739 849
739 854
739 863
739 965
739 1085
740 784
740 833
740 837
740 872
740 1008
740 1037
741 777
741 816
741 847
741 860
741 873
741 917
741 922
741 965
741 1010
741 1017
741 1053
742 933
742 992
742 1018
742 1050
742 1080
743 747
743 762
743 800
743 846
743 874
743 913
743 1041
744 835
744 841
744 935
744 976
744 1025
745 822
745 909
745 950
745 985
745 1082
746 857
746 973
746 1023
746 1037
746 1050
746 1053
747 834
747 839
747 870
747 934
748 770
748 795
748 847
748 882
748 898
748 899
748 963
748 1019
748 1021
748 1056
749 759
749 802
749 926
749 959
749 963
749 1006
749 1032
749 1090
750 773
750 789
750 795
750 799
750 870
750 895
750 939
750 955
750 1021
751 761
751 897
751 1015
751 1035
751 1082
752 772
752 789
752 811
752 822
752 979
752 983
752 1022
752 1055
753 808
753 815
753 836
753 883
753 899
753 904
754 812
754 834
754 948
754 967
754 1008
754 1041
755 975
755 980
755 1007
755 1037
756 877
756 910
756 1008
756 1010
756 1013
756 1070
757 823
757 898
757 949
757 952
757 958
758 822
758 852
758 857
758 1004
758 1022
758 1099
759 1083
759 1085
760 772
760 822
760 907
760 929
760 992
760 1045
760 1051
761 804
761 849
761 874
761 899
761 902
761 916
761 974
761 1091
762 1029
763 772
763 825
763 976
763 978
764 769
764 794
764 803
764 823
764 898
764 928
765 769
765 864
765 890
765 1067
765 1071
765 1083
766 873
766 891
766 920
766 938
766 951
766 964
766 1000
766 1049
766 1053
766 1089
767 775
767 822
767 850
767 869
767 891
767 893
768 876
768 898
768 915
768 976
768 1002
769 794
769 798
769 912
769 922
769 937
769 963
769 1009
769 1064
770 813
770 831
770 841
770 844
770 848
770 1031
770 1064
771 773
771 792
771 794
771 855
771 901
771 938
771 1034
772 779
772 783
772 860
772 872
772 917
772 974
773 838
773 870
773 893
773 1034
773 1081
773 1082
774 841
774 869
774 891
774 957
774 991
774 1008
774 1017
774 1088
775 798
775 863
775 880
775 898
775 910
775 927
775 942
775 1051
775 1058
775 1066
775 1076
776 782
776 841
776 847
776 863
776 868
776 921
776 933
776 999
776 1077
776 1085
777 947
777 972
777 1032
778 822
778 853
778 875
778 887
778 981
778 1011
778 1013
778 1045
779 922
779 957
779 997
779 1019
779 1040
779 1048
779 1066
780 831
780 892
781 789
781 859
781 872
781 974
781 1071
781 1076
782 802
782 826
782 870
782 882
782 920
782 1083
782 1099
783 805
783 818
783 893
783 1012
783 1085
783 1093
784 827
784 845
784 881
784 926
784 971
784 1056
785 817
785 819
785 869
785 1075
785 1084
786 845
786 881
786 940
786 945
786 1047
787 836
787 894
787 994
787 1034
788 847
788 855
788 869
788 899
788 910
788 959
788 995
788 1008
788 1088
789 851
789 889
789 1051
789 1077
789 1082
790 816
790 903
790 968
790 1001
790 1044
790 1073
791 881
791 1019
791 1064
791 1073
792 852
792 894
792 949
792 975
792 991
793 859
793 876
793 894
793 899
793 903
793 943
793 953
793 1022
793 1030
794 804
794 861
794 871
794 1036
794 1043
795 841
795 849
795 887
795 913
795 1039
795 1084
796 883
796 903
796 965
796 971
796 973
796 992
796 1011
796 1048
796 1067
796 1096
797 813
797 879
797 970
797 993
797 995
797 1040
797 1043
797 1045
797 1086
798 807
798 815
798 875
798 917
798 981
798 987
798 1054
799 803
799 902
799 928
799 1086
800 820
800 1031
800 1039
800 1058
801 802
801 852
801 893
801 973
801 974
801 983
801 986
801 1024
801 1091
801 1099
802 811
802 826
802 897
802 919
802 1003
802 1027
802 1066
803 820
803 906
803 1035
804 818
804 841
804 846
804 870
804 900
804 901
804 927
804 986
804 1036
804 1059
805 829
805 843
805 866
805 924
805 927
805 940
805 1081
806 820
806 850
806 911
806 951
806 1015
806 1092
806 1094
807 859
807 874
807 942
807 1033
807 1048
807 1066
807 1071
808 1028
808 1033
808 1098
809 857
809 895
809 907
809 950
809 954
809 976
809 993
809 1090
810 864
810 988
810 1061
810 1083
811 815
811 875
811 892
811 988
811 1083
811 1090
812 837
812 868
812 874
812 886
812 939
812 989
812 1010
812 1021
812 1052
813 885
813 1004
813 1061
814 841
814 849
814 903
814 947
814 986
814 1066
815 816
815 863
815 866
815 920
815 922
815 1044
815 1083
816 830
816 853
816 859
816 965
816 983
816 1047
816 1061
817 878
817 888
817 907
817 908
817 974
817 996
818 821
818 855
818 863
818 880
818 917
818 944
819 820
819 898
819 900
819 927
819 935
819 946
819 950
819 982
819 1001
819 1017
819 1019
820 827
820 868
820 898
820 978
821 823
821 972
821 998
822 850
822 871
822 999
822 1017
822 1072
822 1085
823 836
823 915
823 918
823 923
823 997
823 1030
823 1032
823 1050
823 1096
824 859
824 872
824 920
824 981
825 831
825 836
825 902
825 960
825 1036
826 1044
827 829
827 915
827 923
827 927
827 1016
827 1073
828 848
828 885
828 886
828 971
828 1024
828 1088
829 861
829 923
829 1007
829 1026
829 1064
830 847
830 874
830 898
830 1009
830 1061
831 960
831 962
832 888
832 916
832 935
832 942
832 990
832 1023
832 1036
832 1041
832 1079
832 1096
833 868
833 887
833 909
833 918
833 922
833 926
833 1004
833 1052
833 1079
833 1099
834 835
834 855
834 865
834 954
834 957
834 961
834 991
834 1015
834 1073
835 1003
835 1053
836 905
836 954
836 1078
837 840
837 923
837 1071
838 857
838 864
838 900
838 936
838 1005
838 1073
839 865
839 1015
839 1033
839 1039
839 1052
839 1081
840 911
840 962
840 1022
840 1040
840 1083
841 884
841 898
841 950
841 969
841 1084
842 848
842 876
842 990
843 903
843 969
843 987
843 992
843 1070
844 852
844 905
844 1047
845 872
845 898
845 977
845 984
845 1048
845 1091
846 855
846 864
846 906
846 946
846 1004
846 1018
846 1020
846 1033
847 851
847 866
847 873
847 1063
848 963
848 1037
848 1089
848 1099
849 864
849 869
849 889
849 1019
849 1023
849 1028
850 851
850 855
850 904
850 989
850 1001
851 920
851 1021
851 1032
851 1068
852 923
852 959
852 1024
852 1068
852 1087
853 884
853 897
853 934
853 963
853 1004
854 987
854 989
854 1042
854 1050
854 1090
855 929
855 947
855 1007
855 1035
855 1080
856 886
856 914
856 950
857 950
857 955
857 961
857 972
857 983
857 1077
858 912
859 860
859 932
859 1016
860 944
860 959
860 1017
860 1082
861 865
861 916
861 938
861 1089
862 864
862 885
862 962
862 963
863 945
863 954
864 969
864 978
864 1039
864 1070
864 1084
865 872
865 881
865 1025
865 1029
865 1073
865 1083
866 889
866 890
866 906
866 957
866 976
866 987
866 1042
867 892
867 922
867 925
868 974
868 992
868 1005
868 1028
868 1068
868 1091
869 870
869 920
869 937
869 943
869 994
869 1002
869 1013
869 1021
869 1023
870 885
870 1034
871 891
871 1026
871 1093
872 888
872 918
872 931
872 937
872 939
872 953
872 977
872 1071
872 1076
873 909
873 914
873 942
873 954
873 1047
873 1076
873 1096
873 1099
874 885
874 919
874 972
874 977
874 1026
874 1091
875 881
875 1004
875 1052
875 1093
875 1099
876 877
876 930
876 983
876 1041
876 1091
877 973
877 1078
878 890
878 891
878 957
878 986
878 1017
878 1021
878 1099
879 958
879 961
879 995
879 1047
880 922
880 936
880 992
880 1062
880 1063
880 1078
881 904
881 930
881 969
881 981
881 1008
881 1039
881 1052
882 943
882 986
882 1020
882 1041
883 886
883 915
883 950
884 934
884 944
884 950
884 976
884 999
885 998
885 1005
885 1039
886 892
886 981
886 1027
887 899
887 941
888 961
888 969
888 1038
889 904
889 920
889 976
889 982
889 1047
890 911
890 917
890 1050
890 1063
891 1032
891 1034
891 1091
891 1096
892 993
892 1010
892 1040
892 1077
893 964
893 996
893 1039
894 937
894 987
894 1062
894 1096
895 913
895 914
896 1058
896 1062
896 1095
897 988
897 1047
897 1064
897 1068
897 1071
897 1089
898 923
898 926
898 951
898 1091
899 934
899 954
899 967
899 995
899 1024
899 1055
899 1099
900 921
900 943
900 946
900 988
901 918
901 1047
903 964
903 987
903 997
903 1078
903 1085
904 935
904 955
904 956
904 1097
905 920
905 928
905 1017
905 1035
905 1063
905 1071
905 1086
906 1055
907 1020
907 1080
908 1000
908 1038
909 912
909 933
909 1030
909 1081
910 1007
910 1034
910 1048
910 1077
911 938
911 1067
911 1086
912 913
912 919
912 926
912 975
913 1034
913 1067
914 933
914 995
914 1023
914 1043
914 1045
914 1087
915 970
915 983
915 1056
916 1044
916 1055
917 968
917 981
917 1013
917 1016
917 1024
917 1046
918 982
918 994
918 1028
918 1048
918 1058
918 1095
919 1016
919 1065
919 1083
920 977
920 1063
920 1089
921 1060
922 926
922 962
922 974
922 986
922 1000
922 1018
922 1073
922 1087
922 1091
923 987
923 1012
923 1064
924 1014
924 1087
925 929
925 951
925 972
925 991
925 1087
926 995
926 1024
926 1060
928 964
928 1014
928 1088
928 1094
929 963
929 986
929 1024
929 1026
929 1033
929 1075
930 931
930 977
930 995
930 1015
930 1042
930 1060
930 1088
932 993
932 1061
932 1063
932 1094
933 946
933 996
933 1023
933 1029
933 1096
934 943
934 969
934 999
934 1006
935 1054
936 987
936 1070
937 1077
937 1084
938 1000
938 1002
938 1088
938 1096
939 974
939 998
939 1004
939 1060
939 1066
939 1092
940 1005
940 1092
941 943
941 962
942 961
942 966
942 969
942 988
942 1027
942 1082
943 997
944 968
944 983
944 998
944 1013
944 1069
945 973
945 1023
946 989
946 1041
947 1020
947 1077
948 974
949 962
949 974
949 994
949 1050
949 1070
949 1091
951 1016
951 1027
951 1038
952 975
952 1046
952 1094
953 956
953 977
953 1000
953 1057
953 1080
953 1091
954 958
954 1071
955 975
955 998
955 1005
955 1029
956 958
956 1034
956 1093
956 1098
957 971
958 1048
958 1091
960 982
960 1028
960 1087
961 1011
961 1027
961 1057
962 963
962 1077
962 1084
962 1086
965 972
965 1050
965 1077
965 1088
965 1092
966 998
966 1027
967 1014
967 1025
967 1076
968 985
968 1043
968 1094
969 990
969 1019
969 1096
970 971
970 984
970 1061
971 985
971 991
971 992
972 1016
972 1052
972 1091
974 1002
974 1016
974 1053
974 1076
974 1090
975 1093
977 1064
978 998
979 987
979 1014
980 997
980 1057
980 1060
980 1081
981 1085
981 1094
982 1003
982 1036
983 984
984 1032
986 988
986 993
986 1020
986 1056
987 1096
989 1064
990 994
990 1027
990 1037
990 1059
991 1028
991 1058
991 1070
991 1086
993 1046
993 1087
995 1016
995 1024
996 1052
996 1057
997 1080
997 1088
998 1026
998 1030
999 1026
1001 1045
1001 1063
1002 1018
1002 1082
1002 1097
1003 1050
1003 1069
1004 1032
1004 1040
1004 1071
1004 1080
1004 1096
1005 1024
1005 1077
1006 1022
1006 1077
1008 1038
1008 1096
1009 1032
1009 1038
1009 1077
1010 1035
1011 1053
1012 1063
1013 1087
1014 1068
1014 1088
1015 1048
1015 1084
1015 1091
1016 1047
1016 1048
1016 1090
1017 1047
1018 1045
1018 1065
1019 1054
1019 1061
1020 1041
1020 1057
1020 1089
1020 1090
1021 1096
1023 1069
1023 1092
1024 1037
1024 1096
1027 1037
1027 1064
1028 1052
1028 1070
1028 1071
1029 1038
1029 1093
1030 1063
1030 1086
1030 1090
1031 1070
1032 1037
1032 1061
1032 1079
1032 1097
1034 1035
1036 1044
1036 1061
1037 1039
1037 1055
1039 1067
1041 1087
1043 1045
1043 1053
1045 1052
1046 1055
1048 1050
1049 1074
1049 1089
1051 1091
1052 1059
1052 1091
1054 1057
1054 1062
1056 1064
1056 1083
1056 1089
1057 1082
1058 1059
1060 1062
1060 1079
1061 1095
1062 1071
1062 1089
1065 1089
1066 1076
1068 1073
1069 1073
1070 1088
1072 1077
1074 1080
1077 1095
1082 1096
1082 1098
1086 1091
1089 1097
1091 1093