0 0
1 0
2 0
3 1
4 0
5 0
6 1
7 0
8 1
9 1
10 0
11 1
12 0
13 1
14 1
15 0
16 1
17 0
18 0
19 1
20 0
21 0
22 0
23 1
24 1
25 1
26 1
27 0
28 1
29 0
30 0
31 1
32 1
33 0
34 1
35 0
36 0
37 0
38 1
39 1
40 1
41 0
42 1
43 1
44 1
45 0
46 1
47 0
48 0
49 1
50 0
51 0
52 0
53 1
54 1
55 0
56 0
57 0
58 0
59 0
60 1
61 1
62 0
63 0
64 1
65 0
66 0
67 1
68 0
69 1
70 0
71 0
72 1
73 0
74 1
75 1
76 0
77 0
78 0
79 1
80 0
81 1
82 0
83 1
84 1
85 1
86 0
87 0
88 0
89 1
90 1
91 1
92 1
93 1
94 0
95 1
96 0
97 0
98 1
99 1
100 0
101 0
102 0
103 0
104 0
105 0
106 1
107 1
108 0
109 1
110 1
111 0
112 1
113 1
114 0
115 0
116 1
117 0
118 0
119 0
120 1
121 0
122 1
123 0
124 0
125 0
126 0
127 1
128 0
129 0
130 1
131 0
132 0
133 1
134 0
135 0
136 0
137 1
138 0
139 0
140 0
141 1
142 1
143 0
144 0
145 0
146 1
147 1
148 0
149 0
150 1
151 0
152 0
153 0
154 0
155 1
156 1
157 0
158 1
159 1
160 1
161 0
162 0
163 0
164 0
165 0
166 0
167 1
168 0
169 1
170 0
171 1
172 1
173 0
174 1
175 1
176 1
177 1
178 1
179 1
180 0
181 0
182 1
183 0
184 0
185 0
186 1
187 1
188 0
189 0
190 1
191 0
192 0
193 0
194 1
195 0
196 1
197 1
198 0
199 0
200 0
201 0
202 0
203 1
204 0
205 0
206 0
207 1
208 1
209 1
210 0
211 0
212 1
213 0
214 0
215 1
216 1
217 1
218 1
219 1
220 0
221 1
222 0
223 1
224 0
225 0
226 0
227 0
228 1
229 1
230 1
231 0
232 1
233 0
234 1
235 0
236 0
237 1
238 1
239 1
240 1
241 1
242 1
243 1
244 0
245 0
246 0
247 1
248 0
249 1
250 0
251 0
252 1
253 0
254 0
255 1
256 0
257 1
258 1
259 0
260 1
261 0
262 0
263 0
264 1
265 0
266 0
267 1
268 1
269 1
270 0
271 0
272 0
273 0
274 0
275 0
276 0
277 1
278 1
279 1
280 1
281 0
282 0
283 0
284 1
285 0
286 0
287 0
288 1
289 1
290 0
291 1
292 1
293 1
294 0
295 0
296 0
297 0
298 1
299 1
300 0
301 0
302 1
303 1
304 1
305 1
306 1
307 1
308 0
309 0
310 1
311 0
312 0
313 1
314 0
315 0
316 0
317 0
318 0
319 1
320 1
321 0
322 1
323 1
324 1
325 0
326 0
327 1
328 0
329 1
330 0
331 1
332 1
333 1
334 0
335 0
336 1
337 1
338 1
339 1
340 0
341 1
342 1
343 1
344 0
345 0
346 1
347 1
348 0
349 0
350 1
351 1
352 1
353 1
354 1
355 0
356 1
357 1
358 1
359 1
360 1
361 0
362 0
363 1
364 0
365 1
366 0
367 1
368 1
369 1
370 1
371 0
372 1
373 0
374 1
375 1
376 1
377 1
378 0
379 0
380 1
381 1
382 0
383 0
384 1
385 1
386 1
387 0
388 1
389 0
390 0
391 1
392 0
393 0
394 0
395 0
396 0
397 0
398 1
399 0
400 1
401 1
402 1
403 1
404 1
405 1
406 0
407 0
408 0
409 1
410 0
411 0
412 1
413 1
414 1
415 1
416 1
417 0
418 1
419 1
420 1
421 1
422 0
423 1
424 0
425 1
426 1
427 0
428 1
429 0
430 0
431 1
432 0
433 0
434 1
435 1
436 1
437 0
438 0
439 0
440 1
441 0
442 0
443 1
444 1
445 0
446 1
447 1
448 1
449 1
450 0
451 0
452 1
453 1
454 1
455 0
456 1
457 1
458 1
459 0
460 0
461 1
462 1
463 0
464 1
465 1
466 1
467 1
468 0
469 1
470 0
471 1
472 1
473 0
474 1
475 1
476 1
477 0
478 0
479 0
480 0
481 0
482 1
483 0
484 1
485 1
486 0
487 0
488 0
489 1
490 0
491 1
492 0
493 1
494 1
495 1
496 1
497 1
498 0
499 0
500 1
501 0
502 1
503 0
504 0
505 0
506 1
507 0
508 1
509 0
510 1
511 0
512 0
513 1
514 0
515 0
516 1
517 1
518 0
519 1
520 0
521 1
522 0
523 0
524 1
525 0
526 0
527 0
528 0
529 0
530 1
531 0
532 0
533 1
534 1
535 0
536 1
537 1
538 1
539 1
540 0
541 0
542 0
543 0
544 1
545 0
546 0
547 0
548 0
549 0
550 0
551 0
552 0
553 1
554 0
555 1
556 1
557 0
558 0
559 1
560 0
561 0
562 1
563 1
564 0
565 1
566 0
567 0
568 0
569 1
570 1
571 0
572 1
573 0
574 1
575 0
576 1
577 1
578 0
579 1
580 1
581 1
582 1
583 0
584 0
585 0
586 1
587 0
588 0
589 0
590 0
591 1
592 0
593 1
594 0
595 1
596 0
597 1
598 0
599 0
600 0
601 0
602 1
603 0
604 1
605 1
606 0
607 0
608 1
609 0
610 0
611 1
612 0
613 0
614 1
615 0
616 0
617 1
618 1
619 0
620 1
621 1
622 1
623 1
624 1
625 0
626 0
627 0
628 0
629 1
630 0
631 0
632 0
633 0
634 1
635 0
636 1
637 1
638 0
639 1
640 1
641 0
642 1
643 0
644 1
645 1
646 1
647 0
648 1
649 1
650 0
651 0
652 0
653 1
654 1
655 1
656 0
657 0
658 0
659 0
660 1
661 1
662 1
663 0
664 0
665 0
666 1
667 0
668 0
669 0
670 0
671 0
672 1
673 1
674 1
675 0
676 1
677 0
678 1
679 1
680 0
681 1
682 0
683 0
684 0
685 0
686 1
687 0
688 1
689 1
690 0
691 0
692 0
693 1
694 0
695 1
696 1
697 1
698 0
699 0
700 1
701 1
702 1
703 0
704 1
705 0
706 1
707 0
708 1
709 1
710 1
711 1
712 1
713 1
714 0
715 1
716 1
717 0
718 0
719 1
720 0
721 1
722 1
723 1
724 0
725 1
726 1
727 1
728 0
729 1
730 0
731 1
732 1
733 1
734 1
735 0
736 1
737 1
738 1
739 1
740 1
741 0
742 0
743 0
744 1
745 0
746 1
747 0
748 0
749 0
750 1
751 0
752 0
753 0
754 1
755 0
756 1
757 0
758 0
759 0
760 1
761 1
762 1
763 0
764 1
765 1
766 1
767 1
768 1
769 1
770 0
771 1
772 0
773 0
774 0
775 0
776 1
777 0
778 0
779 1
780 1
781 1
782 0
783 1
784 0
785 0
786 0
787 0
788 1
789 1
790 1
791 0
792 0
793 1
794 0
795 1
796 1
797 0
798 1
799 0
800 1
801 0
802 0
803 0
804 1
805 1
806 1
807 0
808 0
809 1
810 1
811 1
812 1
813 1
814 1
815 1
816 1
817 0
818 0
819 1
820 1
821 1
822 1
823 0
824 1
825 0
826 0
827 0
828 0
829 1
830 0
831 0
832 0
833 1
834 1
835 0
836 1
837 0
838 0
839 1
840 1
841 1
842 0
843 1
844 1
845 1
846 1
847 1
848 1
849 1
850 0
851 1
852 0
853 0
854 1
855 1
856 1
857 1
858 1
859 1
860 0
861 0
862 1
863 1
864 1
865 0
866 1
867 0
868 1
869 1
870 1
871 0
872 1
873 1
874 1
875 0
876 1
877 1
878 1
879 0
880 1
881 0
882 0
883 1
884 1
885 1
886 0
887 0
888 0
889 0
890 1
891 1
892 0
893 0
894 0
895 1
896 0
897 0
898 1
899 0
900 0
901 0
902 0
903 0
904 1
905 1
906 0
907 1
908 0
909 0
910 1
911 1
912 0
913 1
914 1
915 0
916 1
917 1
918 1
919 0
920 1
921 1
922 1
923 0
924 0
925 1
926 0
927 0
928 1
929 1
930 1
931 0
932 1
933 1
934 0
935 0
936 0
937 1
938 1
939 0
940 1
941 0
942 0
943 1
944 0
945 0
946 0
947 0
948 1
949 1
950 1
951 1
952 1
953 1
954 1
955 1
956 1
957 1
958 0
959 1
960 1
961 1
962 1
963 0
964 0
965 1
966 0
967 0
968 1
969 0
970 0
971 1
972 1
973 1
974 1
975 0
976 0
977 1
978 0
979 0
980 0
981 1
982 0
983 1
984 1
985 0
986 0
987 1
988 0
989 1
990 1
991 1
992 1
993 0
994 1
995 1
996 0
997 1
998 1
999 0
1000 0
1001 0
1002 0
1003 0
1004 1
1005 1
1006 0
1007 0
1008 1
1009 0
1010 1
1011 1
1012 0
1013 0
1014 1
1015 1
1016 1
1017 0
1018 0
1019 0
1020 0
1021 1
1022 0
1023 0
1024 0
1025 0
1026 1
1027 1
1028 1
1029 0
1030 1
1031 0
1032 1
1033 1
1034 0
1035 0
1036 0
1037 1
1038 0
1039 1
1040 0
1041 1
1042 0
1043 1
1044 0
1045 1
1046 0
1047 0
1048 1
1049 1
1050 1
1051 0
1052 0
1053 0
1054 0
1055 0
1056 0
1057 0
1058 0
1059 0
1060 0
1061 0
1062 0
1063 1
1064 1
1065 1
1066 0
1067 1
1068 0
1069 0
1070 0
1071 1
1072 0
1073 0
1074 1
1075 0
1076 0
1077 1
1078 0
1079 0
1080 1
1081 0
1082 1
1083 1
1084 1
1085 0
1086 1
1087 1
1088 1
1089 0
1090 1
1091 1
1092 0
1093 0
1094 1
1095 0
1096 1
1097 0
1098 0
1099 0