0 1
1 1
10 1
100 0
101 0
102 1
103 1
104 1
105 0
106 1
107 1
108 0
109 0
11 1
110 1
111 0
112 0
113 0
114 1
115 0
116 1
117 1
118 1
119 0
12 1
120 1
121 1
122 0
123 0
124 0
125 0
126 0
127 1
128 1
129 1
13 1
130 0
131 1
132 0
133 1
134 0
135 1
136 1
137 0
138 1
139 0
14 1
140 0
141 0
142 0
143 0
144 1
145 1
146 0
147 1
148 1
149 1
15 1
150 0
151 1
152 1
153 1
154 0
155 0
156 1
157 0
158 1
159 0
16 1
160 0
161 1
162 0
163 0
164 0
165 1
166 1
167 0
168 1
169 1
17 1
170 0
171 0
172 0
173 0
174 1
175 0
176 0
177 0
178 1
179 1
18 1
180 0
181 1
182 1
183 0
184 1
185 0
186 0
187 1
188 1
189 0
19 1
190 1
191 1
192 1
193 1
194 1
195 0
196 1
197 1
198 0
199 0
2 1
20 1
200 1
201 0
202 0
203 0
204 1
205 1
206 1
207 1
208 0
209 1
21 1
210 0
211 0
212 0
213 0
214 1
215 0
216 0
217 0
218 0
219 0
22 1
220 0
221 1
222 0
223 1
224 0
225 1
226 0
227 0
228 0
229 0
23 1
230 0
231 0
232 1
233 0
234 0
235 1
236 0
237 1
238 0
239 1
24 1
240 0
241 1
242 1
243 0
244 0
245 0
246 1
247 0
248 0
249 1
25 1
250 0
251 0
252 0
253 1
254 1
255 1
256 0
257 1
258 0
259 0
26 1
260 0
261 1
262 1
263 0
264 1
265 1
266 1
267 1
268 0
269 0
27 1
270 0
271 0
272 0
273 1
274 0
275 0
276 0
277 1
278 0
279 1
28 1
280 1
281 0
282 0
283 0
284 1
285 1
286 1
287 1
288 0
289 0
29 1
290 0
291 0
292 1
293 1
294 1
295 0
296 0
297 0
298 0
299 0
3 1
30 1
300 1
301 0
302 1
303 1
304 0
305 0
306 0
307 1
308 1
309 0
31 1
310 1
311 0
312 1
313 1
314 0
315 0
316 0
317 1
318 0
319 1
32 1
320 1
321 1
322 0
323 0
324 0
325 1
326 0
327 0
328 0
329 1
33 1
330 1
331 1
332 0
333 1
334 0
335 1
336 1
337 0
338 0
339 0
34 1
340 0
341 0
342 1
343 1
344 1
345 0
346 0
347 1
348 0
349 0
35 1
350 1
351 0
352 1
353 0
354 1
355 1
356 1
357 1
358 1
359 1
36 1
360 0
361 1
362 0
363 1
364 0
365 1
366 0
367 0
368 1
369 0
37 1
370 0
371 0
372 1
373 1
374 1
375 1
376 0
377 0
378 0
379 1
38 1
380 0
381 1
382 1
383 1
384 0
385 1
386 1
387 0
388 0
389 0
39 1
390 0
391 1
392 1
393 0
394 0
395 1
396 1
397 0
398 1
399 1
4 1
40 1
400 1
401 1
402 1
403 1
404 1
405 0
406 0
407 0
408 1
409 0
41 1
410 0
411 1
412 1
413 1
414 0
415 0
416 0
417 0
418 0
419 0
42 1
420 0
421 0
422 0
423 0
424 1
425 0
426 0
427 1
428 1
429 0
43 1
430 0
431 1
432 0
433 0
434 1
435 1
436 0
437 0
438 1
439 0
44 1
440 0
441 1
442 0
443 0
444 1
445 1
446 1
447 1
448 1
449 0
45 1
450 0
451 0
452 0
453 0
454 0
455 0
456 0
457 1
458 1
459 1
46 1
460 0
461 0
462 0
463 0
464 0
465 0
466 0
467 1
468 0
469 0
47 1
470 1
471 0
472 1
473 0
474 0
475 0
476 0
477 0
478 0
479 0
48 1
480 1
481 1
482 0
483 1
484 0
485 0
486 0
487 1
488 1
489 1
49 1
490 1
491 0
492 1
493 1
494 1
495 1
496 0
497 1
498 1
499 1
5 1
50 1
500 1
501 0
502 0
503 0
504 1
505 0
506 0
507 1
508 1
509 1
51 0
510 0
511 0
512 1
513 0
514 1
515 1
516 1
517 0
518 0
519 0
52 0
520 1
521 0
522 0
523 1
524 1
525 0
526 0
527 1
528 1
529 0
53 1
530 0
531 0
532 1
533 0
534 1
535 0
536 0
537 0
538 1
539 0
54 1
540 0
541 1
542 0
543 1
544 1
545 1
546 1
547 0
548 1
549 0
55 0
550 0
551 1
552 1
553 0
554 0
555 0
556 0
557 1
558 1
559 0
56 0
560 0
561 1
562 1
563 0
564 1
565 1
566 0
567 1
568 1
569 1
57 0
570 0
571 0
572 1
573 1
574 1
575 1
576 0
577 0
578 1
579 1
58 0
580 0
581 1
582 1
583 0
584 0
585 0
586 1
587 1
588 0
589 1
59 1
590 0
591 1
592 1
593 0
594 1
595 0
596 0
597 0
598 1
599 1
6 1
60 0
600 0
601 1
602 0
603 1
604 1
605 1
606 1
607 0
608 1
609 1
61 0
610 0
611 0
612 1
613 0
614 0
615 1
616 0
617 1
618 1
619 0
62 0
620 1
621 1
622 0
623 1
624 0
625 0
626 1
627 1
628 0
629 0
63 0
630 0
631 0
632 0
633 0
634 1
635 0
636 0
637 1
638 1
639 0
64 1
640 0
641 0
642 1
643 1
644 0
645 1
646 0
647 1
648 0
649 0
65 1
650 1
651 1
652 1
653 0
654 0
655 0
656 0
657 1
658 1
659 0
66 1
660 0
661 0
662 1
663 0
664 1
665 0
666 1
667 0
668 1
669 0
67 0
670 1
671 0
672 1
673 1
674 1
675 0
676 0
677 1
678 0
679 1
68 1
680 1
681 1
682 0
683 1
684 1
685 1
686 0
687 1
688 0
689 0
69 0
690 0
691 1
692 1
693 1
694 0
695 1
696 1
697 1
698 0
699 1
7 1
70 0
700 1
701 1
702 1
703 0
704 1
705 1
706 1
707 1
708 0
709 0
71 0
710 0
711 1
712 0
713 0
714 0
715 0
716 0
717 1
718 0
719 0
72 1
720 1
721 1
722 1
723 0
724 0
725 1
726 0
727 0
728 1
729 0
73 0
730 1
731 0
732 0
733 0
734 1
735 0
736 0
737 0
738 0
739 1
74 0
740 0
741 0
742 1
743 1
744 0
745 0
746 0
747 0
748 1
749 1
75 0
750 1
751 0
752 1
753 0
754 0
755 0
756 0
757 1
758 0
759 1
76 1
760 0
761 1
762 0
763 1
764 0
765 1
766 0
767 0
768 0
769 0
77 1
770 0
771 0
772 0
773 0
774 0
775 0
776 1
777 1
778 1
779 0
78 0
780 0
781 1
782 0
783 1
784 0
785 1
786 0
787 0
788 1
789 1
79 0
790 1
791 1
792 1
793 1
794 0
795 0
796 0
797 0
798 1
799 1
8 1
80 0
800 0
801 1
802 0
803 1
804 1
805 1
806 0
807 1
808 0
809 1
81 1
810 1
811 0
812 1
813 0
814 1
815 0
816 1
817 0
818 1
819 0
82 0
820 1
821 1
822 0
823 1
824 0
825 1
826 0
827 0
828 0
829 1
83 1
830 0
831 1
832 0
833 0
834 0
835 0
836 1
837 0
838 1
839 1
84 0
840 0
841 1
842 1
843 1
844 1
845 0
846 0
847 1
848 0
849 0
85 0
850 1
851 0
852 0
853 0
854 0
855 1
856 1
857 0
858 1
859 1
86 0
860 0
861 0
862 0
863 0
864 1
865 0
866 1
867 0
868 0
869 0
87 0
870 0
871 0
872 1
873 0
874 0
875 1
876 1
877 0
878 1
879 0
88 1
880 0
881 0
882 0
883 1
884 1
885 0
886 0
887 0
888 0
889 0
89 0
890 0
891 1
892 1
893 1
894 0
895 0
896 1
897 1
898 0
899 0
9 1
90 1
900 1
901 0
902 1
903 1
904 1
905 1
906 1
907 0
908 1
909 0
91 0
910 1
911 1
912 1
913 0
914 1
915 0
916 0
917 0
918 0
919 0
92 0
920 0
921 1
922 1
923 0
924 1
925 1
926 0
927 0
928 0
929 1
93 1
930 1
931 0
932 0
933 1
934 0
935 1
936 0
937 1
938 1
939 1
94 1
940 0
941 0
942 1
943 1
944 1
945 1
946 0
947 1
948 1
949 0
95 1
950 0
951 1
952 1
953 0
954 1
955 1
956 0
957 1
958 0
959 1
96 1
960 1
961 0
962 1
963 1
964 0
965 0
966 1
967 1
968 0
969 1
97 1
970 0
971 0
972 0
973 1
974 0
975 1
976 0
977 0
978 1
979 1
98 1
980 1
981 0
982 1
983 0
984 0
985 1
986 1
987 1
988 1
989 1
99 0
990 1
991 1
992 1
993 1
994 1
995 1
996 1
997 1
998 1
999 1