0 600.0 9911.0 33.03666666666667 0.12303495177938648 0.27378964941569284 0.02849736434030509 0.5793036750483559 0.16542297842720233 0.0076022892291936605
1 600.0 9911.0 33.03666666666667 0.12303495177938648 0.1302170283806344 0.006981987712004727 0.5348214285714286 0.08228701887130173 0.0037064208474963797
10 600.0 9911.0 33.03666666666667 0.12303495177938648 0.10684474123539232 0.004969999557777215 0.5263620386643234 0.07018454189726735 0.0030759096258255966
100 600.0 9911.0 33.03666666666667 0.12303495177938648 0.08013355592654424 0.00251465661301543 0.5089209855564996 0.048161541345483894 0.0023412910168460277
101 600.0 9911.0 33.03666666666667 0.12303495177938648 0.06010016694490818 0.0012965800721878274 0.501255230125523 0.03972455548692441 0.001784549276299474
102 600.0 9911.0 33.03666666666667 0.12303495177938648 0.05509181969949917 0.0010416960786927242 0.49545078577336643 0.040238872840783556 0.0016432249930699856
103 600.0 9911.0 33.03666666666667 0.12303495177938648 0.07011686143572621 0.0018127619466996544 0.5124037639007699 0.047421690023587426 0.0020596346583497925
104 600.0 9911.0 33.03666666666667 0.12303495177938648 0.08514190317195326 0.002964487323208369 0.5159345391903531 0.050640577914021975 0.0024835782406866813
105 600.0 9911.0 33.03666666666667 0.12303495177938648 0.05843071786310518 0.0012426039180109653 0.49463253509496286 0.03766141262555682 0.0017558564885795415
106 600.0 9911.0 33.03666666666667 0.12303495177938648 0.0651085141903172 0.0014690659194195371 0.4970954356846473 0.04070476203690795 0.0019216514370809469
107 600.0 9911.0 33.03666666666667 0.12303495177938648 0.06176961602671119 0.0016393890988435033 0.49916666666666665 0.04191990554451349 0.0018422435405793759
108 600.0 9911.0 33.03666666666667 0.12303495177938648 0.05509181969949917 0.0010246869547262476 0.49300411522633747 0.03396745550204124 0.0016533449124157646
109 600.0 9911.0 33.03666666666667 0.12303495177938648 0.06010016694490818 0.0011942530107709186 0.49627174813587405 0.03884113924581048 0.0017817404489078618
11 600.0 9911.0 33.03666666666667 0.12303495177938648 0.12520868113522537 0.005847743688443531 0.5329181494661922 0.0778373346333317 0.0035537638224686662
110 600.0 9911.0 33.03666666666667 0.12303495177938648 0.06010016694490818 0.0013641646829869766 0.49422442244224424 0.04017129153087151 0.0017951846282846591
111 600.0 9911.0 33.03666666666667 0.12303495177938648 0.05175292153589316 0.0009699022691052675 0.49018003273322425 0.036868276741983036 0.0015584959368781523
112 600.0 9911.0 33.03666666666667 0.12303495177938648 0.1001669449081803 0.004124022563934381 0.5159345391903531 0.053317396172933566 0.002899849213470163
113 600.0 9911.0 33.03666666666667 0.12303495177938648 0.06176961602671119 0.0016890719166790696 0.49750830564784054 0.037715905111759616 0.0018480966307222895
114 600.0 9911.0 33.03666666666667 0.12303495177938648 0.0651085141903172 0.0016959427601132948 0.501675041876047 0.04475044262155804 0.001936345856144685
115 600.0 9911.0 33.03666666666667 0.12303495177938648 0.08180300500834725 0.0031726386590321567 0.5124037639007699 0.04821907672937819 0.002409674297199151
116 600.0 9911.0 33.03666666666667 0.12303495177938648 0.05175292153589316 0.0009358182218674811 0.4862012987012987 0.0346475493095278 0.0015578838261421867
117 600.0 9911.0 33.03666666666667 0.12303495177938648 0.07178631051752922 0.001985421604474356 0.5054852320675105 0.043901418817881184 0.0021121292764600444
118 600.0 9911.0 33.03666666666667 0.12303495177938648 0.08347245409015025 0.003000261905882235 0.5059121621621622 0.04167452493643032 0.002454818905819237
119 600.0 9911.0 33.03666666666667 0.12303495177938648 0.07011686143572621 0.0018676449420028894 0.5029387069689337 0.04633005377520755 0.0020690349735633853
12 600.0 9911.0 33.03666666666667 0.12303495177938648 0.06176961602671119 0.0013638317934004463 0.5050590219224284 0.04580095291398584 0.00183596345519586
120 600.0 9911.0 33.03666666666667 0.12303495177938648 0.05509181969949917 0.0010731064595455918 0.4873881204231082 0.032331357979885615 0.0016567782636293807
121 600.0 9911.0 33.03666666666667 0.12303495177938648 0.07345575959933222 0.0023180715492226466 0.5110921501706485 0.04731155669420748 0.0021688757376594806
122 600.0 9911.0 33.03666666666667 0.12303495177938648 0.05509181969949917 0.0010573764132919324 0.49381698268755153 0.03762808041218399 0.0016546461553025027
123 600.0 9911.0 33.03666666666667 0.12303495177938648 0.07512520868113523 0.0022057098481974603 0.5029387069689337 0.0412845258403039 0.002213716919596853
124 600.0 9911.0 33.03666666666667 0.12303495177938648 0.08013355592654424 0.0027071776063909156 0.5033613445378151 0.04410964585634491 0.0023600235575211197
125 600.0 9911.0 33.03666666666667 0.12303495177938648 0.06844741235392321 0.0020598618272882965 0.4979218620116376 0.03844234326338487 0.0020421245116575074
126 600.0 9911.0 33.03666666666667 0.12303495177938648 0.07178631051752922 0.002026043008422578 0.5093537414965986 0.04664449810591196 0.0021110801918812795
127 600.0 9911.0 33.03666666666667 0.12303495177938648 0.06176961602671119 0.0013594271171921896 0.4913863822805578 0.03722516684533957 0.0018401339330117558
128 600.0 9911.0 33.03666666666667 0.12303495177938648 0.06010016694490818 0.0012532298802741867 0.48937908496732024 0.037312182820956434 0.0017889854252277839
129 600.0 9911.0 33.03666666666667 0.12303495177938648 0.0651085141903172 0.0015092018174889955 0.5059121621621622 0.04468534456297073 0.001927481299891949
13 600.0 9911.0 33.03666666666667 0.12303495177938648 0.1302170283806344 0.007011205947413252 0.5333926981300089 0.08315517879202945 0.0037056110892674434
130 600.0 9911.0 33.03666666666667 0.12303495177938648 0.05843071786310518 0.0011621987506343636 0.48778501628664495 0.03568044493872014 0.0017494033775433812
131 600.0 9911.0 33.03666666666667 0.12303495177938648 0.06010016694490818 0.0012834910609210227 0.4979218620116376 0.041964873859701615 0.0017870664980062872
132 600.0 9911.0 33.03666666666667 0.12303495177938648 0.05676126878130217 0.001163734176639462 0.49958298582151794 0.03898971072795323 0.0016966786611961513
133 600.0 9911.0 33.03666666666667 0.12303495177938648 0.06176961602671119 0.0015884267272769635 0.49422442244224424 0.0356842424590838 0.0018553266325710893
134 600.0 9911.0 33.03666666666667 0.12303495177938648 0.04674457429048414 0.0007985348583069567 0.48423605497170574 0.03143654994623051 0.0014306381866366954
135 600.0 9911.0 33.03666666666667 0.12303495177938648 0.06010016694490818 0.001411248542996841 0.49463253509496286 0.03488878366624077 0.001800353919325644
136 600.0 9911.0 33.03666666666667 0.12303495177938648 0.07679465776293823 0.002959483058739007 0.501675041876047 0.03736491462875455 0.002282783280969117
137 600.0 9911.0 33.03666666666667 0.12303495177938648 0.08180300500834725 0.002753903240387059 0.5076271186440678 0.04596587945592832 0.002399168929668833
138 600.0 9911.0 33.03666666666667 0.12303495177938648 0.08514190317195326 0.0033660082554034607 0.5146048109965635 0.04788780255932621 0.002500121929429511
139 600.0 9911.0 33.03666666666667 0.12303495177938648 0.07679465776293823 0.002386899374343504 0.501255230125523 0.0426097285616129 0.002269300502721103
14 600.0 9911.0 33.03666666666667 0.12303495177938648 0.10517529215358933 0.0038492489321585405 0.5245183887915937 0.07144209901099702 0.002998199780891431
140 600.0 9911.0 33.03666666666667 0.12303495177938648 0.05509181969949917 0.0012464864168805303 0.49422442244224424 0.036820809953317137 0.0016645230077397817
141 600.0 9911.0 33.03666666666667 0.12303495177938648 0.05342237061769616 0.0010009790417263022 0.4979218620116376 0.038116980389100295 0.0016017265423624188
142 600.0 9911.0 33.03666666666667 0.12303495177938648 0.05342237061769616 0.0011013031674702814 0.49219391947411667 0.034945229760987594 0.0016203147183251397
143 600.0 9911.0 33.03666666666667 0.12303495177938648 0.07846410684474124 0.0029588109065324204 0.5008361204013378 0.03892280330426335 0.002333246973269559
144 600.0 9911.0 33.03666666666667 0.12303495177938648 0.07679465776293823 0.0026422442742144495 0.5080576759966073 0.04119233922907607 0.0022749793176685103
145 600.0 9911.0 33.03666666666667 0.12303495177938648 0.06010016694490818 0.001582999200765986 0.49422442244224424 0.03599490773135724 0.0018055914135060827
146 600.0 9911.0 33.03666666666667 0.12303495177938648 0.06010016694490818 0.0014252566024515292 0.49381698268755153 0.03837142914409774 0.0018002647895868245
147 600.0 9911.0 33.03666666666667 0.12303495177938648 0.07345575959933222 0.0025856059705737892 0.5054852320675105 0.04269556421503484 0.002182932699845345
148 600.0 9911.0 33.03666666666667 0.12303495177938648 0.06343906510851419 0.0016111770343774875 0.4983361064891847 0.03645630641024636 0.001895228351742534
149 600.0 9911.0 33.03666666666667 0.12303495177938648 0.0651085141903172 0.0016851991379858765 0.4970954356846473 0.03601989916867907 0.001936906589794026
15 600.0 9911.0 33.03666666666667 0.12303495177938648 0.17362270450751252 0.011574350735294713 0.5475319926873857 0.10784897471831234 0.004878445542240603
150 600.0 9911.0 33.03666666666667 0.12303495177938648 0.06343906510851419 0.0016113789798316868 0.49750830564784054 0.036463866048675936 0.0018911453130553827
151 600.0 9911.0 33.03666666666667 0.12303495177938648 0.045075125208681135 0.0007510434923276412 0.46398140975987606 0.026041518576496135 0.0013857929344336405
152 600.0 9911.0 33.03666666666667 0.12303495177938648 0.07345575959933222 0.0024483521153123647 0.5059121621621622 0.04265758020915188 0.0021818297154437777
153 600.0 9911.0 33.03666666666667 0.12303495177938648 0.06844741235392321 0.0022871569288186837 0.50251677852349 0.04304552089255074 0.0020470879384439844
154 600.0 9911.0 33.03666666666667 0.12303495177938648 0.06010016694490818 0.001429074416639634 0.4905814905814906 0.034307195955654575 0.0017986451204512117
155 600.0 9911.0 33.03666666666667 0.12303495177938648 0.07846410684474124 0.002994947831763795 0.5124037639007699 0.04531542789686788 0.0023187090764791485
156 600.0 9911.0 33.03666666666667 0.12303495177938648 0.08180300500834725 0.002980555893303976 0.5 0.0389502310830659 0.002413829950834469
157 600.0 9911.0 33.03666666666667 0.12303495177938648 0.048414023372287146 0.0007583721614732154 0.48778501628664495 0.034063519526044986 0.0014700960267459641
158 600.0 9911.0 33.03666666666667 0.12303495177938648 0.07011686143572621 0.002180870517125382 0.4979218620116376 0.03826677542841201 0.0020881319084768476
159 600.0 9911.0 33.03666666666667 0.12303495177938648 0.05676126878130217 0.0011079673963208527 0.49018003273322425 0.0357260368872015 0.0017006566924379794
16 600.0 9911.0 33.03666666666667 0.12303495177938648 0.1302170283806344 0.007371962258751241 0.5329181494661922 0.07959543484338531 0.003715422869064244
160 600.0 9911.0 33.03666666666667 0.12303495177938648 0.05008347245409015 0.0008804073847401374 0.49219391947411667 0.034275000733895375 0.0015197362729565105
161 600.0 9911.0 33.03666666666667 0.12303495177938648 0.07345575959933222 0.002677225199988843 0.501675041876047 0.03675668032954386 0.0021943545357109772
162 600.0 9911.0 33.03666666666667 0.12303495177938648 0.05342237061769616 0.0013255920714340132 0.48818255908720454 0.033016834153528386 0.001625499197939191
163 600.0 9911.0 33.03666666666667 0.12303495177938648 0.038397328881469114 0.00040197148510580654 0.4716535433070866 0.026255139996865597 0.0011905496307631817
164 600.0 9911.0 33.03666666666667 0.12303495177938648 0.05342237061769616 0.0011101035270446994 0.49300411522633747 0.03312833517299534 0.0016136427608700178
165 600.0 9911.0 33.03666666666667 0.12303495177938648 0.05843071786310518 0.0014801026711547022 0.4979218620116376 0.03606698846932463 0.0017532840499091449
166 600.0 9911.0 33.03666666666667 0.12303495177938648 0.05676126878130217 0.0012681581331189407 0.4889795918367347 0.03385324260528618 0.0017088066617400388
167 600.0 9911.0 33.03666666666667 0.12303495177938648 0.05843071786310518 0.0015114859250862072 0.49958298582151794 0.0355878360703068 0.0017633661192400529
168 600.0 9911.0 33.03666666666667 0.12303495177938648 0.05342237061769616 0.001208741354811296 0.4795836669335468 0.030038762637319697 0.0016266493929494325
169 600.0 9911.0 33.03666666666667 0.12303495177938648 0.07011686143572621 0.002033284480654256 0.501675041876047 0.041075701469911574 0.0020816824472714534
17 600.0 9911.0 33.03666666666667 0.12303495177938648 0.04340567612687813 0.0007160969422656763 0.4788169464428457 0.030467723368773212 0.001342239404235676
170 600.0 9911.0 33.03666666666667 0.12303495177938648 0.05342237061769616 0.0011755255238442737 0.48580697485806973 0.033179721382216996 0.0016234710657450297
171 600.0 9911.0 33.03666666666667 0.12303495177938648 0.05509181969949917 0.0011538470583950869 0.49098360655737705 0.03580313974192189 0.001659631431916525
172 600.0 9911.0 33.03666666666667 0.12303495177938648 0.06176961602671119 0.0016602220650214642 0.49300411522633747 0.03545993695581521 0.0018588302137852839
173 600.0 9911.0 33.03666666666667 0.12303495177938648 0.05175292153589316 0.0010838581444462183 0.48035284683239776 0.02823810734202797 0.0015792987672775755
174 600.0 9911.0 33.03666666666667 0.12303495177938648 0.05008347245409015 0.0009207719983224777 0.4815112540192926 0.030451565289860726 0.001526821429999279
175 600.0 9911.0 33.03666666666667 0.12303495177938648 0.06010016694490818 0.001825563706283022 0.49381698268755153 0.03698240186363405 0.0018159401490150892
176 600.0 9911.0 33.03666666666667 0.12303495177938648 0.04340567612687813 0.0005851845954713534 0.47054202670856243 0.026337538857321662 0.0013369922154303098
177 600.0 9911.0 33.03666666666667 0.12303495177938648 0.045075125208681135 0.000703997929988361 0.4753968253968254 0.030274634243317593 0.0013836092456023259
178 600.0 9911.0 33.03666666666667 0.12303495177938648 0.04674457429048414 0.0007121934822228608 0.4854132901134522 0.03288083183648598 0.0014207575574969032
179 600.0 9911.0 33.03666666666667 0.12303495177938648 0.04674457429048414 0.000981564191608352 0.47577442414614773 0.026013561007454236 0.0014463139703314613
18 600.0 9911.0 33.03666666666667 0.12303495177938648 0.27712854757929883 0.029191526190830576 0.5804263565891473 0.16802823823643034 0.0076833674097290606
180 600.0 9911.0 33.03666666666667 0.12303495177938648 0.05676126878130217 0.001268579301576234 0.49300411522633747 0.03700547753922133 0.001706213001901428
181 600.0 9911.0 33.03666666666667 0.12303495177938648 0.05008347245409015 0.000984746705076488 0.47277032359905286 0.026476790375066724 0.0015332795502481142
182 600.0 9911.0 33.03666666666667 0.12303495177938648 0.05676126878130217 0.001173885030675294 0.4905814905814906 0.03309482075939554 0.0017056926885469295
183 600.0 9911.0 33.03666666666667 0.12303495177938648 0.048414023372287146 0.0008978652180660085 0.47501982553528943 0.02778467647915447 0.001480508711209771
184 600.0 9911.0 33.03666666666667 0.12303495177938648 0.05175292153589316 0.0010539189798857164 0.4830645161290323 0.030955548618319145 0.0015705775536753322
185 600.0 9911.0 33.03666666666667 0.12303495177938648 0.048414023372287146 0.0008709096579658583 0.48462783171521034 0.03462995852065249 0.0014740331040349005
186 600.0 9911.0 33.03666666666667 0.12303495177938648 0.045075125208681135 0.0007780579163249071 0.48778501628664495 0.03181551651520921 0.0013838336735691563
187 600.0 9911.0 33.03666666666667 0.12303495177938648 0.045075125208681135 0.0007253082826933605 0.47729083665338645 0.02834276752978298 0.00138317700688936
188 600.0 9911.0 33.03666666666667 0.12303495177938648 0.05843071786310518 0.0013644655564895292 0.4913863822805578 0.035325552022569824 0.0017618300906942596
189 600.0 9911.0 33.03666666666667 0.12303495177938648 0.048414023372287146 0.0008004267308426953 0.4897792313982011 0.03093854935099208 0.001474184917716839
19 600.0 9911.0 33.03666666666667 0.12303495177938648 0.29549248747913187 0.03803149666454833 0.5866797257590598 0.16883439488070004 0.00824039892894417
190 600.0 9911.0 33.03666666666667 0.12303495177938648 0.04340567612687813 0.000698969733447148 0.47389240506329117 0.02776713649578892 0.0013418176928227405
191 600.0 9911.0 33.03666666666667 0.12303495177938648 0.06176961602671119 0.00192773122267392 0.4958609271523179 0.03752806590131632 0.0018669147281193204
192 600.0 9911.0 33.03666666666667 0.12303495177938648 0.06176961602671119 0.0016750534398861452 0.49219391947411667 0.0337827304858427 0.0018560606231620264
193 600.0 9911.0 33.03666666666667 0.12303495177938648 0.0667779632721202 0.0021298697977425013 0.4970954356846473 0.03591946078877624 0.002005919986025208
194 600.0 9911.0 33.03666666666667 0.12303495177938648 0.04674457429048414 0.0008323748216762165 0.47615262321144675 0.02787954586018144 0.0014338674136625132
195 600.0 9911.0 33.03666666666667 0.12303495177938648 0.05175292153589316 0.0010872582702891786 0.483454398708636 0.030912993405336257 0.0015747697889867893
196 600.0 9911.0 33.03666666666667 0.12303495177938648 0.05509181969949917 0.0012208886020985015 0.48423605497170574 0.029843092161869887 0.0016708040297796654
197 600.0 9911.0 33.03666666666667 0.12303495177938648 0.06844741235392321 0.00207103124035709 0.49422442244224424 0.03535748136976489 0.002043685760194986
198 600.0 9911.0 33.03666666666667 0.12303495177938648 0.05008347245409015 0.0008180188206904076 0.4862012987012987 0.03327613589617182 0.0015122624845809816
199 600.0 9911.0 33.03666666666667 0.12303495177938648 0.041736227045075125 0.0006214501157100289 0.472397476340694 0.025868439773432263 0.001294066590352186
2 600.0 9911.0 33.03666666666667 0.12303495177938648 0.14190317195325544 0.00880587323629345 0.537219730941704 0.08386509602229618 0.004045105481381527
20 600.0 9911.0 33.03666666666667 0.12303495177938648 0.2637729549248748 0.025832869058980527 0.5759615384615384 0.1592933286278149 0.00731292391633298
200 600.0 9911.0 33.03666666666667 0.12303495177938648 0.05676126878130217 0.001369888365315292 0.4913863822805578 0.03379065162799222 0.0017108515496151644
201 600.0 9911.0 33.03666666666667 0.12303495177938648 0.0651085141903172 0.001993677292701417 0.48937908496732024 0.034006086377146506 0.0019579004554239722
202 600.0 9911.0 33.03666666666667 0.12303495177938648 0.06176961602671119 0.0016129979659805429 0.48858075040783033 0.03293615613288235 0.0018576545444126658
203 600.0 9911.0 33.03666666666667 0.12303495177938648 0.045075125208681135 0.0007737582607839421 0.47729083665338645 0.02839779325438615 0.0013935140327857643
204 600.0 9911.0 33.03666666666667 0.12303495177938648 0.04674457429048414 0.0008300735857294274 0.48384491114701134 0.02829370102042807 0.0014315955937802111
205 600.0 9911.0 33.03666666666667 0.12303495177938648 0.05342237061769616 0.001029858021211679 0.48580697485806973 0.03148211187140509 0.0016178102765187145
206 600.0 9911.0 33.03666666666667 0.12303495177938648 0.05843071786310518 0.0015196398111518659 0.4822866344605475 0.028767572872964754 0.0017685507128700206
207 600.0 9911.0 33.03666666666667 0.12303495177938648 0.05676126878130217 0.0016159124406663619 0.48423605497170574 0.029006259095425903 0.0017343710328247262
208 600.0 9911.0 33.03666666666667 0.12303495177938648 0.05175292153589316 0.0010125748774669435 0.48580697485806973 0.032803640423782504 0.0015710815604145054
209 600.0 9911.0 33.03666666666667 0.12303495177938648 0.05175292153589316 0.0010275109890192774 0.48778501628664495 0.03109105765244208 0.0015717761441549432
21 600.0 9911.0 33.03666666666667 0.12303495177938648 0.2020033388981636 0.015594570843426506 0.5561745589600743 0.12516901309602302 0.005636920804319536
210 600.0 9911.0 33.03666666666667 0.12303495177938648 0.045075125208681135 0.0007257776727614194 0.47615262321144675 0.0272400781190567 0.001387441219116089
211 600.0 9911.0 33.03666666666667 0.12303495177938648 0.05008347245409015 0.0012428457888062107 0.4753968253968254 0.026574957732064627 0.0015466831004775175
212 600.0 9911.0 33.03666666666667 0.12303495177938648 0.05676126878130217 0.0014656056385454407 0.4811244979919679 0.030196341714739033 0.001724673981962536
213 600.0 9911.0 33.03666666666667 0.12303495177938648 0.04674457429048414 0.0008104286786280432 0.49098360655737705 0.033295386354897254 0.0014289283919753193
214 600.0 9911.0 33.03666666666667 0.12303495177938648 0.04006677796327212 0.0005761290900602431 0.47805267358339987 0.027390059885858745 0.0012422953973161362
215 600.0 9911.0 33.03666666666667 0.12303495177938648 0.04340567612687813 0.0007793918202877822 0.46687451286048326 0.02402775183692628 0.0013471278159494131
216 600.0 9911.0 33.03666666666667 0.12303495177938648 0.05175292153589316 0.001100369497400274 0.48818255908720454 0.03274822474143266 0.001575301671014394
217 600.0 9911.0 33.03666666666667 0.12303495177938648 0.06010016694490818 0.0017451901986062749 0.47996794871794873 0.027196997284701523 0.001826750791024242
218 600.0 9911.0 33.03666666666667 0.12303495177938648 0.05843071786310518 0.0016412868681691178 0.49341021416803954 0.03433195437356224 0.001771713313472644
219 600.0 9911.0 33.03666666666667 0.12303495177938648 0.06010016694490818 0.001618290330064546 0.48502024291497975 0.028847023828316654 0.001820527819871793
22 600.0 9911.0 33.03666666666667 0.12303495177938648 0.2303839732888147 0.02193620098220023 0.5650943396226416 0.13675628532386663 0.006437465781336108
220 600.0 9911.0 33.03666666666667 0.12303495177938648 0.048414023372287146 0.0009222527261469617 0.48267526188557613 0.03079391639282131 0.0014808616085250168
221 600.0 9911.0 33.03666666666667 0.12303495177938648 0.045075125208681135 0.0008337555192431544 0.48423605497170574 0.029878049113499575 0.0013899505584782403
222 600.0 9911.0 33.03666666666667 0.12303495177938648 0.05509181969949917 0.0012967956390782128 0.4830645161290323 0.02917943889905934 0.0016785779037792681
223 600.0 9911.0 33.03666666666667 0.12303495177938648 0.05175292153589316 0.0010848244770185374 0.4792 0.028906211308361386 0.0015767671927365765
224 600.0 9911.0 33.03666666666667 0.12303495177938648 0.041736227045075125 0.0005637104978451101 0.47091194968553457 0.026890773525725848 0.0012916393950521909
225 600.0 9911.0 33.03666666666667 0.12303495177938648 0.05342237061769616 0.0012934649233173692 0.4889795918367347 0.031859448780644034 0.0016277568930441618
226 600.0 9911.0 33.03666666666667 0.12303495177938648 0.041736227045075125 0.0005998339211645221 0.47805267358339987 0.026911956521897578 0.001291810469486186
227 600.0 9911.0 33.03666666666667 0.12303495177938648 0.05342237061769616 0.0012253791925911984 0.4815112540192926 0.0301729168824877 0.0016280946065455409
228 600.0 9911.0 33.03666666666667 0.12303495177938648 0.05342237061769616 0.001260259550004219 0.47805267358339987 0.0286550289340976 0.0016359955455897074
229 600.0 9911.0 33.03666666666667 0.12303495177938648 0.048414023372287146 0.0010336694105178817 0.4862012987012987 0.03175781683117316 0.0014811756672025635
23 600.0 9911.0 33.03666666666667 0.12303495177938648 0.22370617696160267 0.02072940831417046 0.5629699248120301 0.13381083065695948 0.006252955001601825
230 600.0 9911.0 33.03666666666667 0.12303495177938648 0.038397328881469114 0.00045163010365718425 0.472397476340694 0.025555561650960876 0.001195642536700803
231 600.0 9911.0 33.03666666666667 0.12303495177938648 0.05175292153589316 0.0011665233756122148 0.48384491114701134 0.03046890624897558 0.0015838227483062363
232 600.0 9911.0 33.03666666666667 0.12303495177938648 0.05175292153589316 0.0012730043492482125 0.4753968253968254 0.02595339478042192 0.0015929220363724143
233 600.0 9911.0 33.03666666666667 0.12303495177938648 0.04340567612687813 0.0006801851601045581 0.4618350038550501 0.023738088958342188 0.0013458852736434527
234 600.0 9911.0 33.03666666666667 0.12303495177938648 0.04674457429048414 0.0009314710877771537 0.4716535433070866 0.026400777912159563 0.0014425735396483477
235 600.0 9911.0 33.03666666666667 0.12303495177938648 0.05175292153589316 0.0010828772284572571 0.483454398708636 0.029670701774126333 0.0015769230798478827
236 600.0 9911.0 33.03666666666667 0.12303495177938648 0.04340567612687813 0.0007089400428569778 0.48423605497170574 0.030326564833781346 0.0013421493733296718
237 600.0 9911.0 33.03666666666667 0.12303495177938648 0.04340567612687813 0.0007547852301027309 0.4735177865612648 0.02520304836745128 0.001346530693674612
238 600.0 9911.0 33.03666666666667 0.12303495177938648 0.03672787979966611 0.00043922937697296095 0.47277032359905286 0.026032554779829294 0.001152293909354504
239 600.0 9911.0 33.03666666666667 0.12303495177938648 0.045075125208681135 0.0006936037029642137 0.48035284683239776 0.029069206211836274 0.001382635934016497
24 600.0 9911.0 33.03666666666667 0.12303495177938648 0.20701168614357263 0.018329761678736428 0.5577281191806331 0.12760998904436693 0.0058122011445413905
240 600.0 9911.0 33.03666666666667 0.12303495177938648 0.038397328881469114 0.0005772843114761097 0.4665109034267913 0.021881404567384004 0.0012090335016811363
241 600.0 9911.0 33.03666666666667 0.12303495177938648 0.048414023372287146 0.0010353043517831216 0.47615262321144675 0.025609530038336225 0.0014949064814946283
242 600.0 9911.0 33.03666666666667 0.12303495177938648 0.041736227045075125 0.000681665009635177 0.48580697485806973 0.0289014219672746 0.0012952999088298518
243 600.0 9911.0 33.03666666666667 0.12303495177938648 0.041736227045075125 0.0005800789236665795 0.48035284683239776 0.028416062178078613 0.0012906925478088239
244 600.0 9911.0 33.03666666666667 0.12303495177938648 0.06343906510851419 0.0021207818323050773 0.4854132901134522 0.02933205311273972 0.001923413107786202
245 600.0 9911.0 33.03666666666667 0.12303495177938648 0.05175292153589316 0.0011164789895880664 0.47767145135566186 0.02784728218074201 0.0015862069156718263
246 600.0 9911.0 33.03666666666667 0.12303495177938648 0.035058430717863104 0.000324065352588217 0.47767145135566186 0.02830163489792116 0.0010965629746289506
247 600.0 9911.0 33.03666666666667 0.12303495177938648 0.05342237061769616 0.0013586338931425616 0.46906812842599843 0.023654465096983428 0.0016470623761249952
248 600.0 9911.0 33.03666666666667 0.12303495177938648 0.05175292153589316 0.0013003398105197383 0.4811244979919679 0.026600089464783292 0.0015879049534112686
249 600.0 9911.0 33.03666666666667 0.12303495177938648 0.04340567612687813 0.0007475154517787394 0.47653142402545745 0.026774150572425732 0.0013426167268010083
25 600.0 9911.0 33.03666666666667 0.12303495177938648 0.20868113522537562 0.017597757621210304 0.5582479030754893 0.12540644112804125 0.005838650029795074
250 600.0 9911.0 33.03666666666667 0.12303495177938648 0.045075125208681135 0.000668495773863286 0.47805267358339987 0.02742291885542266 0.0013832818643543829
251 600.0 9911.0 33.03666666666667 0.12303495177938648 0.03672787979966611 0.0003616535680135513 0.4788169464428457 0.028711991035051017 0.0011448870625127452
252 600.0 9911.0 33.03666666666667 0.12303495177938648 0.04340567612687813 0.0007318966918520313 0.4784345047923323 0.028492821781002455 0.0013445893183834019
253 600.0 9911.0 33.03666666666667 0.12303495177938648 0.05342237061769616 0.0013049425968454141 0.4897792313982011 0.03352872044003193 0.0016252111975671637
254 600.0 9911.0 33.03666666666667 0.12303495177938648 0.05342237061769616 0.0012546181913044208 0.483454398708636 0.0288760569881028 0.0016298456458749763
255 600.0 9911.0 33.03666666666667 0.12303495177938648 0.04340567612687813 0.0008771956278578105 0.4769108280254777 0.026601600729555825 0.0013462705535394904
256 600.0 9911.0 33.03666666666667 0.12303495177938648 0.041736227045075125 0.000813499537299145 0.46470131885182314 0.022990276855700528 0.0013118376426281214
257 600.0 9911.0 33.03666666666667 0.12303495177938648 0.035058430717863104 0.0003887576316135209 0.46906812842599843 0.024659280601369436 0.001106636143151896
258 600.0 9911.0 33.03666666666667 0.12303495177938648 0.038397328881469114 0.00042341557652432265 0.4769108280254777 0.027623986526321694 0.0011964915629303899
259 600.0 9911.0 33.03666666666667 0.12303495177938648 0.06343906510851419 0.0020187679535766676 0.49098360655737705 0.03321119614197714 0.0019235132926783676
26 600.0 9911.0 33.03666666666667 0.12303495177938648 0.1903171953255426 0.01218425305325732 0.5525830258302583 0.12470203234809311 0.005290764830367119
260 600.0 9911.0 33.03666666666667 0.12303495177938648 0.05843071786310518 0.0016292515899326866 0.48937908496732024 0.03253819487969747 0.0017751656814708723
261 600.0 9911.0 33.03666666666667 0.12303495177938648 0.038397328881469114 0.00033231373446715353 0.48189863234111024 0.031000623866084275 0.0011862853443183195
262 600.0 9911.0 33.03666666666667 0.12303495177938648 0.04006677796327212 0.0005692056538986958 0.47615262321144675 0.029357157938475237 0.001244378891753673
263 600.0 9911.0 33.03666666666667 0.12303495177938648 0.048414023372287146 0.0010872120838707627 0.46041506533435816 0.022598086801618632 0.0014997739823142558
264 600.0 9911.0 33.03666666666667 0.12303495177938648 0.041736227045075125 0.0006461434576889098 0.4792 0.029613000583523577 0.001296591849489776
265 600.0 9911.0 33.03666666666667 0.12303495177938648 0.038397328881469114 0.0004756268620159513 0.47653142402545745 0.029281171836348412 0.0011941667421472772
266 600.0 9911.0 33.03666666666667 0.12303495177938648 0.04340567612687813 0.0008170415532530572 0.46870109546165883 0.024342920966692955 0.0013524125104829475
267 600.0 9911.0 33.03666666666667 0.12303495177938648 0.04674457429048414 0.0009691069826764548 0.4784345047923323 0.028041530334875834 0.001443550481742256
268 600.0 9911.0 33.03666666666667 0.12303495177938648 0.04674457429048414 0.0007972714315749378 0.47653142402545745 0.02914902991373074 0.001435591655498004
269 600.0 9911.0 33.03666666666667 0.12303495177938648 0.04006677796327212 0.0004859685973427306 0.4830645161290323 0.030507799113938826 0.0012400403517333763
27 600.0 9911.0 33.03666666666667 0.12303495177938648 0.21035058430717865 0.017264829159542992 0.5582479030754893 0.1286888377022445 0.005881253494350781
270 600.0 9911.0 33.03666666666667 0.12303495177938648 0.04674457429048414 0.0009958768071564065 0.47996794871794873 0.029460655398232078 0.0014435915005115959
271 600.0 9911.0 33.03666666666667 0.12303495177938648 0.03171953255425709 0.00029176015278693963 0.4683346364347146 0.022933546998672272 0.0010137179355813493
272 600.0 9911.0 33.03666666666667 0.12303495177938648 0.04006677796327212 0.0005481061006628543 0.4676034348165496 0.024325399346048385 0.0012510489029930595
273 600.0 9911.0 33.03666666666667 0.12303495177938648 0.038397328881469114 0.0004929257336953323 0.46219135802469136 0.023397683920778466 0.0012081944814634248
274 600.0 9911.0 33.03666666666667 0.12303495177938648 0.045075125208681135 0.0008739688207223817 0.47615262321144675 0.026282760555562452 0.0014002208483181742
275 600.0 9911.0 33.03666666666667 0.12303495177938648 0.045075125208681135 0.0008360798922937518 0.47577442414614773 0.026378865704073554 0.0013957097515472972
276 600.0 9911.0 33.03666666666667 0.12303495177938648 0.035058430717863104 0.00042388103528045193 0.4665109034267913 0.022771691006136317 0.0011096213960553282
277 600.0 9911.0 33.03666666666667 0.12303495177938648 0.041736227045075125 0.0006678112030121416 0.47091194968553457 0.026045877431773716 0.0012985229092951087
278 600.0 9911.0 33.03666666666667 0.12303495177938648 0.041736227045075125 0.0006052679107163971 0.46326372776488783 0.02480650678412778 0.0012955195274366796
279 600.0 9911.0 33.03666666666667 0.12303495177938648 0.041736227045075125 0.0005865741126916949 0.48035284683239776 0.03103400002576599 0.0012918880832736373
28 600.0 9911.0 33.03666666666667 0.12303495177938648 0.17863105175292154 0.012817119113357534 0.5490375802016498 0.1081160612309196 0.005027577905354909
280 600.0 9911.0 33.03666666666667 0.12303495177938648 0.038397328881469114 0.00046554794471815377 0.47501982553528943 0.027860457754255222 0.001199327674761874
281 600.0 9911.0 33.03666666666667 0.12303495177938648 0.03171953255425709 0.0003224073257614099 0.46006144393241166 0.0219343374777097 0.0010158714061373137
282 600.0 9911.0 33.03666666666667 0.12303495177938648 0.038397328881469114 0.0005603598294843834 0.46076923076923076 0.021019249698163194 0.0012076829317697432
283 600.0 9911.0 33.03666666666667 0.12303495177938648 0.038397328881469114 0.0006127443096294466 0.47054202670856243 0.0244779798834352 0.001210528031077308
284 600.0 9911.0 33.03666666666667 0.12303495177938648 0.035058430717863104 0.00040396277480682005 0.46254826254826253 0.023721346420770555 0.0011088718252762987
285 600.0 9911.0 33.03666666666667 0.12303495177938648 0.04340567612687813 0.0007997142785298085 0.4672386895475819 0.023623178650574814 0.0013522868483024195
286 600.0 9911.0 33.03666666666667 0.12303495177938648 0.041736227045075125 0.0007726627772644858 0.46219135802469136 0.020511387154917397 0.001308371575224506
287 600.0 9911.0 33.03666666666667 0.12303495177938648 0.041736227045075125 0.0006607541458017403 0.4788169464428457 0.029764690699457995 0.0012937907780924433
288 600.0 9911.0 33.03666666666667 0.12303495177938648 0.03672787979966611 0.000498753111225375 0.46076923076923076 0.022523056748840208 0.001161394101854556
289 600.0 9911.0 33.03666666666667 0.12303495177938648 0.038397328881469114 0.0007001519007667629 0.4590038314176245 0.020004360003601687 0.0012193386800790945
29 600.0 9911.0 33.03666666666667 0.12303495177938648 0.15525876460767948 0.009740001479836093 0.5415913200723327 0.09735468664064463 0.004380057214924568
290 600.0 9911.0 33.03666666666667 0.12303495177938648 0.03672787979966611 0.0005310639105431293 0.4410898379970545 0.016345167649329532 0.00117107556809896
291 600.0 9911.0 33.03666666666667 0.12303495177938648 0.035058430717863104 0.00048666445546153675 0.4544764795144158 0.018818442237704097 0.0011198820121667108
292 600.0 9911.0 33.03666666666667 0.12303495177938648 0.045075125208681135 0.000902329449331902 0.46506211180124224 0.022952793437725237 0.0014089692664089799
293 600.0 9911.0 33.03666666666667 0.12303495177938648 0.04674457429048414 0.000941373648307108 0.4795836669335468 0.026406116368543606 0.0014397367685052291
294 600.0 9911.0 33.03666666666667 0.12303495177938648 0.04006677796327212 0.0005681060856916589 0.4720252167060678 0.023786953680438913 0.0012480563857299024
295 600.0 9911.0 33.03666666666667 0.12303495177938648 0.04006677796327212 0.000580151687630194 0.46506211180124224 0.02542009143651631 0.0012556199823017039
296 600.0 9911.0 33.03666666666667 0.12303495177938648 0.04006677796327212 0.0006518148353035412 0.46006144393241166 0.022984207568233384 0.001260698806281763
297 600.0 9911.0 33.03666666666667 0.12303495177938648 0.0333889816360601 0.00026809814039333995 0.4753968253968254 0.028012972979522717 0.001052605261178367
298 600.0 9911.0 33.03666666666667 0.12303495177938648 0.04340567612687813 0.0007391467394957009 0.47653142402545745 0.026392049470484832 0.001348651448447787
299 600.0 9911.0 33.03666666666667 0.12303495177938648 0.038397328881469114 0.0005684645942467878 0.45003756574004505 0.01952898254257132 0.0012148365908760139
3 600.0 9911.0 33.03666666666667 0.12303495177938648 0.11519198664440734 0.005200301982533664 0.5272887323943662 0.06968118418460446 0.003299122883385782
30 600.0 9911.0 33.03666666666667 0.12303495177938648 0.23873121869782973 0.023186902351754236 0.5672348484848485 0.13265622425743478 0.006668605406094538
300 600.0 9911.0 33.03666666666667 0.12303495177938648 0.038397328881469114 0.0005620310685001045 0.4565548780487805 0.021637004517406175 0.0012088719250232098
301 600.0 9911.0 33.03666666666667 0.12303495177938648 0.04006677796327212 0.0006336926197537719 0.4746434231378764 0.02622729220490809 0.0012493493511998347
302 600.0 9911.0 33.03666666666667 0.12303495177938648 0.05676126878130217 0.0016153359039699547 0.48858075040783033 0.030324176790042626 0.0017324650348588388
303 600.0 9911.0 33.03666666666667 0.12303495177938648 0.038397328881469114 0.0006049505436663476 0.4544764795144158 0.020991945759122912 0.0012125589740005402
304 600.0 9911.0 33.03666666666667 0.12303495177938648 0.04006677796327212 0.000665649990846438 0.45970836531082115 0.022985804980109062 0.0012586059644671618
305 600.0 9911.0 33.03666666666667 0.12303495177938648 0.04340567612687813 0.0008355813722446655 0.45970836531082115 0.0217254610712054 0.0013583321637626144
306 600.0 9911.0 33.03666666666667 0.12303495177938648 0.048414023372287146 0.0009977008204838074 0.4854132901134522 0.03164329390139898 0.0014914277218723497
307 600.0 9911.0 33.03666666666667 0.12303495177938648 0.04006677796327212 0.000656324178287204 0.46470131885182314 0.024242400740895533 0.001255895931135499
308 600.0 9911.0 33.03666666666667 0.12303495177938648 0.048414023372287146 0.0010530196966409896 0.4822866344605475 0.02955926458712297 0.0014898724447724733
309 600.0 9911.0 33.03666666666667 0.12303495177938648 0.04674457429048414 0.0009620659394908299 0.47017268445839877 0.024408601773985444 0.0014477245809219534
31 600.0 9911.0 33.03666666666667 0.12303495177938648 0.2020033388981636 0.015218923197656135 0.5561745589600743 0.12394617509151142 0.005634305016742001
310 600.0 9911.0 33.03666666666667 0.12303495177938648 0.0333889816360601 0.000288849371752706 0.46906812842599843 0.025567807835407165 0.0010576096667159818
311 600.0 9911.0 33.03666666666667 0.12303495177938648 0.045075125208681135 0.0009322136788001559 0.47277032359905286 0.024653046948834825 0.001404084962841663
312 600.0 9911.0 33.03666666666667 0.12303495177938648 0.04006677796327212 0.0006699329286488095 0.4517345399698341 0.019981481559436645 0.0012624251040958471
313 600.0 9911.0 33.03666666666667 0.12303495177938648 0.03672787979966611 0.0005479537054246333 0.4716535433070866 0.024659429378361575 0.0011592485595510733
314 600.0 9911.0 33.03666666666667 0.12303495177938648 0.04006677796327212 0.0006848176389880309 0.4618350038550501 0.020810176547203883 0.001262120072533551
315 600.0 9911.0 33.03666666666667 0.12303495177938648 0.03672787979966611 0.00048108164541474423 0.46506211180124224 0.020954043607174143 0.0011638516868796218
316 600.0 9911.0 33.03666666666667 0.12303495177938648 0.045075125208681135 0.001042343252477817 0.4618350038550501 0.02077384718282038 0.0014140919038919523
317 600.0 9911.0 33.03666666666667 0.12303495177938648 0.035058430717863104 0.00035833412101714886 0.46470131885182314 0.025073111213819974 0.0011070061981425933
318 600.0 9911.0 33.03666666666667 0.12303495177938648 0.035058430717863104 0.0004427250202789038 0.45725190839694657 0.020982007697753484 0.0011174816114675884
319 600.0 9911.0 33.03666666666667 0.12303495177938648 0.04674457429048414 0.000997471282705209 0.4590038314176245 0.022324105979379102 0.001456048780347509
32 600.0 9911.0 33.03666666666667 0.12303495177938648 0.17529215358931552 0.012735829915432524 0.5475319926873857 0.10258738426347631 0.004951182682245498
320 600.0 9911.0 33.03666666666667 0.12303495177938648 0.041736227045075125 0.0007461910015048883 0.4611239414934565 0.021109816360770514 0.0013122801642893402
321 600.0 9911.0 33.03666666666667 0.12303495177938648 0.03171953255425709 0.00028110588929443223 0.44734876773711724 0.018057577935641837 0.0010209983524127235
322 600.0 9911.0 33.03666666666667 0.12303495177938648 0.03171953255425709 0.00022677670584949985 0.46943573667711597 0.02541196470224545 0.0010075397479943026
323 600.0 9911.0 33.03666666666667 0.12303495177938648 0.041736227045075125 0.0005585593738380361 0.45760122230710465 0.022639060429438796 0.0012987540286520534
324 600.0 9911.0 33.03666666666667 0.12303495177938648 0.038397328881469114 0.0006552837507285281 0.46470131885182314 0.021763003899186305 0.0012168480846157553
325 600.0 9911.0 33.03666666666667 0.12303495177938648 0.04006677796327212 0.000750721822550347 0.4490254872563718 0.017738811770990414 0.0012758460757414133
326 600.0 9911.0 33.03666666666667 0.12303495177938648 0.05509181969949917 0.001347647339419753 0.4889795918367347 0.03219379537074871 0.001686331174106645
327 600.0 9911.0 33.03666666666667 0.12303495177938648 0.04006677796327212 0.0005889347056593982 0.47017268445839877 0.026215512629669844 0.0012506582326549977
328 600.0 9911.0 33.03666666666667 0.12303495177938648 0.0333889816360601 0.0003999280035028158 0.4672386895475819 0.02313101840716955 0.001066040408635414
329 600.0 9911.0 33.03666666666667 0.12303495177938648 0.035058430717863104 0.0003934161440291309 0.48423605497170574 0.03181543822368234 0.0011016333424473613
33 600.0 9911.0 33.03666666666667 0.12303495177938648 0.18196994991652754 0.014974026890055732 0.5500459136822773 0.10214923245310703 0.005154664720175762
330 600.0 9911.0 33.03666666666667 0.12303495177938648 0.0333889816360601 0.00035033140391319836 0.46362229102167185 0.022311731929816083 0.001062898374134979
331 600.0 9911.0 33.03666666666667 0.12303495177938648 0.03171953255425709 0.00021076170784490014 0.4731437598736177 0.02643549642496541 0.0010061978514425071
332 600.0 9911.0 33.03666666666667 0.12303495177938648 0.0333889816360601 0.000368854531501082 0.46076923076923076 0.022577540141048017 0.0010678508628500574
333 600.0 9911.0 33.03666666666667 0.12303495177938648 0.04006677796327212 0.0006484832982710671 0.46147919876733434 0.022813770356751962 0.001261476260719463
334 600.0 9911.0 33.03666666666667 0.12303495177938648 0.041736227045075125 0.0008287074282506686 0.448689138576779 0.01904503850597246 0.0013162673636633658
335 600.0 9911.0 33.03666666666667 0.12303495177938648 0.035058430717863104 0.00048817475045389214 0.44668158090976884 0.019025515444546514 0.0011210494325355437
336 600.0 9911.0 33.03666666666667 0.12303495177938648 0.0333889816360601 0.00039159760161361107 0.46687451286048326 0.024549283472293352 0.00106183683722181
337 600.0 9911.0 33.03666666666667 0.12303495177938648 0.035058430717863104 0.0003642424490523288 0.46362229102167185 0.023437826341015256 0.001106950544256128
338 600.0 9911.0 33.03666666666667 0.12303495177938648 0.04006677796327212 0.0006669308941883722 0.4618350038550501 0.02244978289293793 0.0012636577645184287
339 600.0 9911.0 33.03666666666667 0.12303495177938648 0.03672787979966611 0.0004320909856152755 0.4569031273836766 0.02097970526367861 0.0011601682299428027
34 600.0 9911.0 33.03666666666667 0.12303495177938648 0.14023372287145242 0.007646497166488551 0.5367383512544803 0.08826994820668001 0.003968079875509173
340 600.0 9911.0 33.03666666666667 0.12303495177938648 0.035058430717863104 0.00043141736138352306 0.4510542168674699 0.019782459946111667 0.0011187374278506656
341 600.0 9911.0 33.03666666666667 0.12303495177938648 0.038397328881469114 0.0005510994398150172 0.46434108527131784 0.022687356866906348 0.0012098035709291492
342 600.0 9911.0 33.03666666666667 0.12303495177938648 0.04340567612687813 0.000806183965718595 0.46006144393241166 0.02381468968061067 0.0013591222230073777
343 600.0 9911.0 33.03666666666667 0.12303495177938648 0.03672787979966611 0.0005049926600459976 0.4618350038550501 0.022720944734099767 0.0011621898936494332
344 600.0 9911.0 33.03666666666667 0.12303495177938648 0.04006677796327212 0.0005979080045969467 0.4665109034267913 0.02382163112976703 0.0012530981550467183
345 600.0 9911.0 33.03666666666667 0.12303495177938648 0.035058430717863104 0.0004048495209709172 0.47054202670856243 0.024808384883415354 0.0011099919659963875
346 600.0 9911.0 33.03666666666667 0.12303495177938648 0.035058430717863104 0.000353928446014148 0.46076923076923076 0.023373548767229954 0.0011081974128011162
347 600.0 9911.0 33.03666666666667 0.12303495177938648 0.038397328881469114 0.0007443427613317425 0.45725190839694657 0.01892189190666257 0.0012270029421309141
348 600.0 9911.0 33.03666666666667 0.12303495177938648 0.038397328881469114 0.0006073481728006342 0.47054202670856243 0.023504084553345624 0.001209545986356383
349 600.0 9911.0 33.03666666666667 0.12303495177938648 0.038397328881469114 0.0006237124459387986 0.4565548780487805 0.020444548082878832 0.0012171100842656968
35 600.0 9911.0 33.03666666666667 0.12303495177938648 0.12687813021702837 0.0060120403112593635 0.5319715808170515 0.08604161040270002 0.003582997394116352
350 600.0 9911.0 33.03666666666667 0.12303495177938648 0.04340567612687813 0.0007621139742505392 0.4731437598736177 0.025806769876634005 0.0013543547750637305
351 600.0 9911.0 33.03666666666667 0.12303495177938648 0.035058430717863104 0.0005239754087247856 0.45970836531082115 0.019322427645533966 0.0011242134744399819
352 600.0 9911.0 33.03666666666667 0.12303495177938648 0.0333889816360601 0.00038447232246551226 0.46076923076923076 0.02195399399055215 0.0010639791871558078
353 600.0 9911.0 33.03666666666667 0.12303495177938648 0.038397328881469114 0.0005972186144207062 0.4548215641609719 0.020679401859486825 0.0012160218430983076
354 600.0 9911.0 33.03666666666667 0.12303495177938648 0.038397328881469114 0.0005900586525826497 0.4590038314176245 0.021722067877072246 0.0012151699969169443
355 600.0 9911.0 33.03666666666667 0.12303495177938648 0.03171953255425709 0.0003825924425596337 0.46506211180124224 0.022633565326819385 0.0010214256913687017
356 600.0 9911.0 33.03666666666667 0.12303495177938648 0.03672787979966611 0.0005218044595066842 0.46796875 0.023895958001673816 0.0011596028744092707
357 600.0 9911.0 33.03666666666667 0.12303495177938648 0.041736227045075125 0.0008697592412590008 0.4544764795144158 0.021437317982382558 0.0013208111590256493
358 600.0 9911.0 33.03666666666667 0.12303495177938648 0.038397328881469114 0.0006608832277265895 0.47653142402545745 0.027231143193515144 0.001207799677705403
359 600.0 9911.0 33.03666666666667 0.12303495177938648 0.038397328881469114 0.0005822828104076728 0.45795107033639143 0.02103745374936762 0.0012152110511247658
36 600.0 9911.0 33.03666666666667 0.12303495177938648 0.22036727879799667 0.021518668675810565 0.5613870665417057 0.11926355224696279 0.006207712686014429
360 600.0 9911.0 33.03666666666667 0.12303495177938648 0.03171953255425709 0.0003296591847834988 0.441740412979351 0.017345340453943158 0.0010206850644447515
361 600.0 9911.0 33.03666666666667 0.12303495177938648 0.038397328881469114 0.0006322560345809047 0.46796875 0.022018917941472926 0.0012183133485240338
362 600.0 9911.0 33.03666666666667 0.12303495177938648 0.041736227045075125 0.0008880152534447866 0.44668158090976884 0.017487711222199755 0.0013255759135023621
363 600.0 9911.0 33.03666666666667 0.12303495177938648 0.04006677796327212 0.0007319422649136845 0.47729083665338645 0.022673163437785908 0.0012616991495319973
364 600.0 9911.0 33.03666666666667 0.12303495177938648 0.0333889816360601 0.00023922792726877967 0.466147859922179 0.027246956987478494 0.0010511518041310358
365 600.0 9911.0 33.03666666666667 0.12303495177938648 0.03672787979966611 0.0005423332079633175 0.452416918429003 0.018893444904199926 0.0011680637900738735
366 600.0 9911.0 33.03666666666667 0.12303495177938648 0.038397328881469114 0.0006828097424997368 0.45865237366003064 0.020406518141097924 0.0012223081473608224
367 600.0 9911.0 33.03666666666667 0.12303495177938648 0.038397328881469114 0.0007063848271351244 0.4510542168674699 0.017310371563170845 0.0012260091328128598
368 600.0 9911.0 33.03666666666667 0.12303495177938648 0.038397328881469114 0.0005314916241222175 0.46470131885182314 0.02292246404422134 0.0012094695631705145
369 600.0 9911.0 33.03666666666667 0.12303495177938648 0.041736227045075125 0.0007171062895773736 0.46470131885182314 0.02307624286610432 0.0013074217707826799
37 600.0 9911.0 33.03666666666667 0.12303495177938648 0.11686143572621036 0.005166623361855307 0.5286849073256841 0.07397590122591571 0.0033307797398772145
370 600.0 9911.0 33.03666666666667 0.12303495177938648 0.038397328881469114 0.0005921456776122594 0.46796875 0.022309299931573195 0.0012141204842484065
371 600.0 9911.0 33.03666666666667 0.12303495177938648 0.0333889816360601 0.00038057400733648516 0.4544764795144158 0.020872518076598297 0.0010679828339665923
372 600.0 9911.0 33.03666666666667 0.12303495177938648 0.03672787979966611 0.0005109527996709416 0.46076923076923076 0.021909203568571484 0.001166148984507378
373 600.0 9911.0 33.03666666666667 0.12303495177938648 0.0333889816360601 0.0003795508716065485 0.4593558282208589 0.02198945193607737 0.001064981004638768
374 600.0 9911.0 33.03666666666667 0.12303495177938648 0.041736227045075125 0.0008345923753571481 0.4537878787878788 0.01928594750233378 0.0013201064048820334
375 600.0 9911.0 33.03666666666667 0.12303495177938648 0.041736227045075125 0.0008038558023077678 0.4611239414934565 0.02055149547988668 0.0013157062083213916
376 600.0 9911.0 33.03666666666667 0.12303495177938648 0.045075125208681135 0.001011181060099455 0.45865237366003064 0.020396998770190033 0.0014236311338599295
377 600.0 9911.0 33.03666666666667 0.12303495177938648 0.03672787979966611 0.0005575156748065266 0.4611239414934565 0.02004543013402459 0.0011774018850622867
378 600.0 9911.0 33.03666666666667 0.12303495177938648 0.041736227045075125 0.0006938230574474426 0.4769108280254777 0.027695594416469384 0.0013033834323849572
379 600.0 9911.0 33.03666666666667 0.12303495177938648 0.03171953255425709 0.00044241655511360607 0.43690736688548504 0.015508350466263851 0.0010354685427948554
38 600.0 9911.0 33.03666666666667 0.12303495177938648 0.17028380634390652 0.012886864862416143 0.5455373406193078 0.09476762975398093 0.004829587996471916
380 600.0 9911.0 33.03666666666667 0.12303495177938648 0.041736227045075125 0.0007542103868825404 0.4665109034267913 0.024836675244063865 0.0013094165572142082
381 600.0 9911.0 33.03666666666667 0.12303495177938648 0.03171953255425709 0.0002596048241126874 0.4517345399698341 0.02005826668248907 0.0010200824638775291
382 600.0 9911.0 33.03666666666667 0.12303495177938648 0.03005008347245409 0.0002901360148896347 0.4517345399698341 0.020207358403078805 0.0009755298583712556
383 600.0 9911.0 33.03666666666667 0.12303495177938648 0.038397328881469114 0.0006107080942695095 0.46219135802469136 0.020938389447867023 0.00121594028003105
384 600.0 9911.0 33.03666666666667 0.12303495177938648 0.03672787979966611 0.0005736217081383368 0.4541319181197877 0.021063295058485396 0.0011719886163270754
385 600.0 9911.0 33.03666666666667 0.12303495177938648 0.04006677796327212 0.0006746437676287986 0.4569031273836766 0.02151019097296555 0.0012597968402024034
386 600.0 9911.0 33.03666666666667 0.12303495177938648 0.0333889816360601 0.00033979910140026503 0.4590038314176245 0.02224624407704664 0.0010657516511637989
387 600.0 9911.0 33.03666666666667 0.12303495177938648 0.03005008347245409 0.0002481625100384954 0.4496996996996997 0.020031077191525228 0.0009726281909869974
388 600.0 9911.0 33.03666666666667 0.12303495177938648 0.035058430717863104 0.0003846502015082318 0.4548215641609719 0.02099252892794656 0.0011120891243740552
389 600.0 9911.0 33.03666666666667 0.12303495177938648 0.045075125208681135 0.0009190610267737342 0.4569031273836766 0.02097200508524785 0.0014128890409879822
39 600.0 9911.0 33.03666666666667 0.12303495177938648 0.09181969949916528 0.0032235688375149086 0.5226876090750436 0.06476591927997191 0.002646427933531265
390 600.0 9911.0 33.03666666666667 0.12303495177938648 0.035058430717863104 0.0004453301472562802 0.4537878787878788 0.021033840503171388 0.001116580570376913
391 600.0 9911.0 33.03666666666667 0.12303495177938648 0.038397328881469114 0.0006547719357023571 0.46290571870170016 0.021771392094140904 0.0012182278493398763
392 600.0 9911.0 33.03666666666667 0.12303495177938648 0.03672787979966611 0.0005482778383058426 0.45970836531082115 0.02043091116188806 0.0011688808474430846
393 600.0 9911.0 33.03666666666667 0.12303495177938648 0.0333889816360601 0.0005557944120927661 0.4404411764705882 0.015459038233265021 0.0010904752879484806
394 600.0 9911.0 33.03666666666667 0.12303495177938648 0.038397328881469114 0.0005418919931886555 0.47017268445839877 0.027474919100111808 0.0012028696553551725
395 600.0 9911.0 33.03666666666667 0.12303495177938648 0.03171953255425709 0.0002441084781640177 0.46980392156862744 0.027282187401590947 0.0010044424388176766
396 600.0 9911.0 33.03666666666667 0.12303495177938648 0.035058430717863104 0.0005132954237547635 0.442719881744272 0.018157897415446475 0.0011289613367047786
397 600.0 9911.0 33.03666666666667 0.12303495177938648 0.0333889816360601 0.00042238645277742527 0.4548215641609719 0.0197412354751004 0.0010761240968587987
398 600.0 9911.0 33.03666666666667 0.12303495177938648 0.0333889816360601 0.0003116359605209978 0.46362229102167185 0.022801270241271737 0.0010626148181378664
399 600.0 9911.0 33.03666666666667 0.12303495177938648 0.03171953255425709 0.0004418878976906903 0.4328034682080925 0.014985461047555493 0.001036909213212934
4 600.0 9911.0 33.03666666666667 0.12303495177938648 0.1302170283806344 0.007091373384241699 0.533868092691622 0.08637795451222348 0.003703657102620885
40 600.0 9911.0 33.03666666666667 0.12303495177938648 0.14524207011686144 0.007550504554702134 0.5377019748653501 0.09057682863159636 0.004095339028348904
400 600.0 9911.0 33.03666666666667 0.12303495177938648 0.03005008347245409 0.00026036218685042596 0.4555133079847909 0.019878604868804137 0.000970551641863417
401 600.0 9911.0 33.03666666666667 0.12303495177938648 0.038397328881469114 0.0006582878551686776 0.46254826254826253 0.023456501501051517 0.001221599517899562
402 600.0 9911.0 33.03666666666667 0.12303495177938648 0.03171953255425709 0.0003578712413871246 0.45003756574004505 0.018599997620863624 0.001025730512202215
403 600.0 9911.0 33.03666666666667 0.12303495177938648 0.035058430717863104 0.0004903343558701004 0.46870109546165883 0.025317639007232867 0.0011187359041086621
404 600.0 9911.0 33.03666666666667 0.12303495177938648 0.03672787979966611 0.000443985746475754 0.47091194968553457 0.02807275203051759 0.0011530357532718335
405 600.0 9911.0 33.03666666666667 0.12303495177938648 0.0333889816360601 0.00043588470647901504 0.46290571870170016 0.02210620510629779 0.0010742797386413879
406 600.0 9911.0 33.03666666666667 0.12303495177938648 0.0333889816360601 0.00028955059875972867 0.4769108280254777 0.028633146077114913 0.0010536839649819474
407 600.0 9911.0 33.03666666666667 0.12303495177938648 0.03171953255425709 0.0003160241874472072 0.4558599695585997 0.020448193482453136 0.0010189356811780043
408 600.0 9911.0 33.03666666666667 0.12303495177938648 0.0333889816360601 0.0004061688786145209 0.4590038314176245 0.021306301665885694 0.0010720952843163319
409 600.0 9911.0 33.03666666666667 0.12303495177938648 0.038397328881469114 0.0007037889083617337 0.4548215641609719 0.018449279852664063 0.001225571227511229
41 600.0 9911.0 33.03666666666667 0.12303495177938648 0.11352253756260434 0.004871227103486895 0.5291519434628975 0.07247055487257005 0.0032350895260783805
410 600.0 9911.0 33.03666666666667 0.12303495177938648 0.03672787979966611 0.0004999026217619531 0.4672386895475819 0.024806184441878106 0.0011620527795007207
411 600.0 9911.0 33.03666666666667 0.12303495177938648 0.03171953255425709 0.0004247242343719009 0.4359534206695779 0.015258162389918591 0.0010339547408318179
412 600.0 9911.0 33.03666666666667 0.12303495177938648 0.04340567612687813 0.0009166883913144329 0.46434108527131784 0.023652422343003902 0.0013633904243515712
413 600.0 9911.0 33.03666666666667 0.12303495177938648 0.0333889816360601 0.000433408201333857 0.46398140975987606 0.021375150562276776 0.0010742378663919825
414 600.0 9911.0 33.03666666666667 0.12303495177938648 0.035058430717863104 0.00048707789630975974 0.47128245476003144 0.024465724495426843 0.0011180980153035537
415 600.0 9911.0 33.03666666666667 0.12303495177938648 0.0333889816360601 0.00041558293629405407 0.46219135802469136 0.022226012359913852 0.0010728521991886068
416 600.0 9911.0 33.03666666666667 0.12303495177938648 0.035058430717863104 0.000517108811685247 0.4463487332339791 0.018073043525436226 0.0011298976913739823
417 600.0 9911.0 33.03666666666667 0.12303495177938648 0.03171953255425709 0.000409989148463986 0.44835329341317365 0.017855192148120123 0.0010321435797175798
418 600.0 9911.0 33.03666666666667 0.12303495177938648 0.035058430717863104 0.0006271150467501882 0.43690736688548504 0.0151261310550213 0.0011433015307831767
419 600.0 9911.0 33.03666666666667 0.12303495177938648 0.0333889816360601 0.0005388939050681506 0.4281629735525375 0.0136554033036845 0.001094908989746981
42 600.0 9911.0 33.03666666666667 0.12303495177938648 0.12520868113522537 0.005865071252590231 0.5319715808170515 0.08075556689411326 0.003552873678494158
420 600.0 9911.0 33.03666666666667 0.12303495177938648 0.045075125208681135 0.001173747968507897 0.4742676167854315 0.024909876398983687 0.0014146968635511572
421 600.0 9911.0 33.03666666666667 0.12303495177938648 0.035058430717863104 0.0005542367525502832 0.4551671732522796 0.019070284053614092 0.0011303841148740754
422 600.0 9911.0 33.03666666666667 0.12303495177938648 0.0333889816360601 0.0005200613002610339 0.4315561959654179 0.014296237194690795 0.0010945776212895868
423 600.0 9911.0 33.03666666666667 0.12303495177938648 0.03005008347245409 0.00030922890006711295 0.448689138576779 0.017674880550068762 0.0009771466605586593
424 600.0 9911.0 33.03666666666667 0.12303495177938648 0.035058430717863104 0.0005631783548348242 0.4410898379970545 0.016758758123067145 0.0011322146686222351
425 600.0 9911.0 33.03666666666667 0.12303495177938648 0.038397328881469114 0.0006011555061057971 0.46147919876733434 0.021528092202970733 0.0012173235640089062
426 600.0 9911.0 33.03666666666667 0.12303495177938648 0.0333889816360601 0.0004392226604383936 0.45725190839694657 0.019473842038651608 0.0010751447329613779
427 600.0 9911.0 33.03666666666667 0.12303495177938648 0.0333889816360601 0.000464179914187518 0.45725190839694657 0.01992185491408809 0.0010786821977223397
428 600.0 9911.0 33.03666666666667 0.12303495177938648 0.0333889816360601 0.0004201335865590535 0.4315561959654179 0.01623277718630575 0.001080827170503668
429 600.0 9911.0 33.03666666666667 0.12303495177938648 0.0333889816360601 0.0004529758441441819 0.4611239414934565 0.021285059583472397 0.001072295081682064
43 600.0 9911.0 33.03666666666667 0.12303495177938648 0.11853088480801335 0.005080638733808152 0.5286849073256841 0.07790831853659802 0.0033708013826483983
430 600.0 9911.0 33.03666666666667 0.12303495177938648 0.03672787979966611 0.0005639030020144392 0.4735177865612648 0.025068457383616773 0.0011677121070640339
431 600.0 9911.0 33.03666666666667 0.12303495177938648 0.035058430717863104 0.0004246480410428461 0.4665109034267913 0.021911344695446634 0.0011118759081357207
432 600.0 9911.0 33.03666666666667 0.12303495177938648 0.03171953255425709 0.0005047477143467858 0.4359534206695779 0.01441718757642834 0.0010424250518993013
433 600.0 9911.0 33.03666666666667 0.12303495177938648 0.03005008347245409 0.00026583938422614404 0.46147919876733434 0.023455466124786842 0.0009740974774765144
434 600.0 9911.0 33.03666666666667 0.12303495177938648 0.035058430717863104 0.0004709121420026453 0.4665109034267913 0.023086334070184185 0.0011159033156716565
435 600.0 9911.0 33.03666666666667 0.12303495177938648 0.0333889816360601 0.0005066747921609548 0.4346879535558781 0.015280524776002464 0.0010890530644647217
436 600.0 9911.0 33.03666666666667 0.12303495177938648 0.03005008347245409 0.0002680465179162613 0.45865237366003064 0.020579171461358597 0.0009738992661408419
437 600.0 9911.0 33.03666666666667 0.12303495177938648 0.03005008347245409 0.0003705977266015095 0.43754565376187 0.016278696476671985 0.0009849661978494993
438 600.0 9911.0 33.03666666666667 0.12303495177938648 0.03171953255425709 0.0003391116277632917 0.4551671732522796 0.019226042946590558 0.0010211953419553429
439 600.0 9911.0 33.03666666666667 0.12303495177938648 0.0333889816360601 0.0003702585592478979 0.46870109546165883 0.024672174255016353 0.0010618183328865113
44 600.0 9911.0 33.03666666666667 0.12303495177938648 0.14691151919866444 0.008212474661554107 0.5386690647482014 0.09128982462032115 0.00415120474463968
440 600.0 9911.0 33.03666666666667 0.12303495177938648 0.0333889816360601 0.0004401521432884477 0.4541319181197877 0.02096575239885079 0.0010761517477631249
441 600.0 9911.0 33.03666666666667 0.12303495177938648 0.03005008347245409 0.00032680653802721855 0.442719881744272 0.01689492231954929 0.0009841281493633558
442 600.0 9911.0 33.03666666666667 0.12303495177938648 0.04006677796327212 0.0008833356085195261 0.45830145371078806 0.01940004859351992 0.0012771365341406318
443 600.0 9911.0 33.03666666666667 0.12303495177938648 0.0333889816360601 0.00039087972110764827 0.453444360333081 0.02053633160928812 0.0010720839531280328
444 600.0 9911.0 33.03666666666667 0.12303495177938648 0.038397328881469114 0.0005956821301982725 0.45865237366003064 0.020955120137844584 0.001216077847619644
445 600.0 9911.0 33.03666666666667 0.12303495177938648 0.0333889816360601 0.0003740991145335854 0.4493623405851463 0.020025199250345186 0.001070931312080272
446 600.0 9911.0 33.03666666666667 0.12303495177938648 0.03672787979966611 0.0007387847956427437 0.4490254872563718 0.0178806897232405 0.0011859807131414653
447 600.0 9911.0 33.03666666666667 0.12303495177938648 0.03171953255425709 0.00039546636148369 0.45760122230710465 0.01866272843754649 0.0010218316520430708
448 600.0 9911.0 33.03666666666667 0.12303495177938648 0.03171953255425709 0.0003330338925756691 0.45037593984962404 0.019285033272542697 0.0010216645693463134
449 600.0 9911.0 33.03666666666667 0.12303495177938648 0.03171953255425709 0.0004245009766270261 0.44535315985130114 0.01831034328914447 0.0010386481122671909
45 600.0 9911.0 33.03666666666667 0.12303495177938648 0.15525876460767948 0.010840833893441613 0.5411020776874436 0.08607911692392001 0.004423020717443459
450 600.0 9911.0 33.03666666666667 0.12303495177938648 0.03005008347245409 0.000284853163078196 0.453444360333081 0.020686375261698114 0.0009734746547570251
451 600.0 9911.0 33.03666666666667 0.12303495177938648 0.03171953255425709 0.00037052168976243024 0.453444360333081 0.020215267370523756 0.001027455556713849
452 600.0 9911.0 33.03666666666667 0.12303495177938648 0.03171953255425709 0.0003422550058535944 0.46147919876733434 0.02236429764503321 0.0010207500023505154
453 600.0 9911.0 33.03666666666667 0.12303495177938648 0.028380634390651086 0.0002682319756532299 0.4446919079435783 0.017852827325610488 0.000937825205647387
454 600.0 9911.0 33.03666666666667 0.12303495177938648 0.03672787979966611 0.0006225288270753884 0.46362229102167185 0.020586307952522278 0.001173962433788543
455 600.0 9911.0 33.03666666666667 0.12303495177938648 0.0333889816360601 0.0004052081020055961 0.45037593984962404 0.019472828139356316 0.0010706967517713772
456 600.0 9911.0 33.03666666666667 0.12303495177938648 0.03005008347245409 0.0002898230640045111 0.442719881744272 0.01848602251499066 0.0009753623083128818
457 600.0 9911.0 33.03666666666667 0.12303495177938648 0.03171953255425709 0.0003992601226397276 0.46041506533435816 0.01954045692866132 0.0010296274519908375
458 600.0 9911.0 33.03666666666667 0.12303495177938648 0.03171953255425709 0.00041008327638671917 0.45003756574004505 0.01932383847197365 0.0010281500236303926
459 600.0 9911.0 33.03666666666667 0.12303495177938648 0.035058430717863104 0.0004032254008157293 0.45795107033639143 0.020636987295114734 0.0011171585074387959
46 600.0 9911.0 33.03666666666667 0.12303495177938648 0.08848080133555927 0.0034623930091685256 0.5181660899653979 0.05610356743622312 0.0025715594421195907
460 600.0 9911.0 33.03666666666667 0.12303495177938648 0.03005008347245409 0.0004319989252437447 0.44668158090976884 0.0165742890619333 0.000990335000299925
461 600.0 9911.0 33.03666666666667 0.12303495177938648 0.028380634390651086 0.000195513576289731 0.46219135802469136 0.023200754319193835 0.0009210018486186813
462 600.0 9911.0 33.03666666666667 0.12303495177938648 0.035058430717863104 0.0006561113830836522 0.42939068100358424 0.014749274615683476 0.0011437977377208443
463 600.0 9911.0 33.03666666666667 0.12303495177938648 0.035058430717863104 0.0004960393145982616 0.46980392156862744 0.024256161065204555 0.0011182731405482026
464 600.0 9911.0 33.03666666666667 0.12303495177938648 0.035058430717863104 0.0004619282531804404 0.45830145371078806 0.02102632788202534 0.0011203282991933267
465 600.0 9911.0 33.03666666666667 0.12303495177938648 0.03171953255425709 0.00036377065269564555 0.4517345399698341 0.018592477655452768 0.0010271728385390275
466 600.0 9911.0 33.03666666666667 0.12303495177938648 0.035058430717863104 0.0005103593606450736 0.4562071591774562 0.020661988677668764 0.0011244947053985364
467 600.0 9911.0 33.03666666666667 0.12303495177938648 0.0333889816360601 0.0003801513769028901 0.4555133079847909 0.020979720349452315 0.0010715768502819524
468 600.0 9911.0 33.03666666666667 0.12303495177938648 0.0333889816360601 0.0004761535942419079 0.4493623405851463 0.01791950674015797 0.001084890495489455
469 600.0 9911.0 33.03666666666667 0.12303495177938648 0.03171953255425709 0.00039106191295586775 0.4463487332339791 0.018135872442849862 0.0010284505575916874
47 600.0 9911.0 33.03666666666667 0.12303495177938648 0.1636060100166945 0.012072431844337074 0.543557168784029 0.08979007085827696 0.004646480197577535
470 600.0 9911.0 33.03666666666667 0.12303495177938648 0.03171953255425709 0.0004334611257577144 0.4510542168674699 0.01850106254659966 0.0010334065277078073
471 600.0 9911.0 33.03666666666667 0.12303495177938648 0.03005008347245409 0.0002630611546093577 0.4520754716981132 0.020244292496693416 0.000972139664841208
472 600.0 9911.0 33.03666666666667 0.12303495177938648 0.035058430717863104 0.00040921109140803927 0.46687451286048326 0.022629260813504148 0.0011138174296478633
473 600.0 9911.0 33.03666666666667 0.12303495177938648 0.03171953255425709 0.0002959018107256922 0.45725190839694657 0.02155406154870132 0.0010196203966561055
474 600.0 9911.0 33.03666666666667 0.12303495177938648 0.035058430717863104 0.0005512595914078067 0.453444360333081 0.020041281265934286 0.0011266472067223482
475 600.0 9911.0 33.03666666666667 0.12303495177938648 0.03005008347245409 0.00032579500879680593 0.46980392156862744 0.022615477011868782 0.0009764850674511407
476 600.0 9911.0 33.03666666666667 0.12303495177938648 0.03171953255425709 0.00022910256108875254 0.47653142402545745 0.02919880515970914 0.0010066839351657952
477 600.0 9911.0 33.03666666666667 0.12303495177938648 0.03005008347245409 0.00030910073074730737 0.4537878787878788 0.0205147070158953 0.0009788200080195681
478 600.0 9911.0 33.03666666666667 0.12303495177938648 0.0333889816360601 0.0003651206030025393 0.46290571870170016 0.024764647862130614 0.001063593463307287
479 600.0 9911.0 33.03666666666667 0.12303495177938648 0.03005008347245409 0.0003437331048863936 0.45865237366003064 0.02113830996749432 0.000980372604968983
48 600.0 9911.0 33.03666666666667 0.12303495177938648 0.09181969949916528 0.003341844787007867 0.5217770034843205 0.05891018194386271 0.002657495595203105
480 600.0 9911.0 33.03666666666667 0.12303495177938648 0.03005008347245409 0.0003059612777681282 0.45003756574004505 0.019706963017201963 0.0009767874822455684
481 600.0 9911.0 33.03666666666667 0.12303495177938648 0.028380634390651086 0.00020105850647222437 0.44668158090976884 0.0204291148610534 0.0009246894586958768
482 600.0 9911.0 33.03666666666667 0.12303495177938648 0.0333889816360601 0.0004688425674978422 0.4490254872563718 0.018876955070556343 0.001079209976724113
483 600.0 9911.0 33.03666666666667 0.12303495177938648 0.03171953255425709 0.0004418154758307608 0.4440326167531505 0.01663240046778612 0.0010400109755062418
484 600.0 9911.0 33.03666666666667 0.12303495177938648 0.035058430717863104 0.000536959477258303 0.45139412207987945 0.017577217428182225 0.0011294651187435433
485 600.0 9911.0 33.03666666666667 0.12303495177938648 0.0333889816360601 0.0005585704491511002 0.44206642066420665 0.016036124613401502 0.0010907723993555502
486 600.0 9911.0 33.03666666666667 0.12303495177938648 0.03005008347245409 0.0004048748572024391 0.4328034682080925 0.013915383957741449 0.0009950629715689161
487 600.0 9911.0 33.03666666666667 0.12303495177938648 0.028380634390651086 0.00029955630569828415 0.41946778711484595 0.01323244581627802 0.000945573320756265
488 600.0 9911.0 33.03666666666667 0.12303495177938648 0.03171953255425709 0.00041713550824671355 0.4437037037037037 0.016793972701034998 0.0010367399644105272
489 600.0 9911.0 33.03666666666667 0.12303495177938648 0.0333889816360601 0.00042498767823821135 0.4784345047923323 0.02662851012613411 0.001065124968086484
49 600.0 9911.0 33.03666666666667 0.12303495177938648 0.1001669449081803 0.003219166435906497 0.5208695652173913 0.06577478173068213 0.0028579519671259658
490 600.0 9911.0 33.03666666666667 0.12303495177938648 0.0333889816360601 0.0003726229082946502 0.46906812842599843 0.022257741643166087 0.0010693860335844185
491 600.0 9911.0 33.03666666666667 0.12303495177938648 0.028380634390651086 0.0003483047221423873 0.4404411764705882 0.015966410988736243 0.0009423030270344556
492 600.0 9911.0 33.03666666666667 0.12303495177938648 0.03171953255425709 0.00032495938303548564 0.4541319181197877 0.021415548973265554 0.0010206192871702287
493 600.0 9911.0 33.03666666666667 0.12303495177938648 0.035058430717863104 0.0005734898279258431 0.43217893217893216 0.014614001380322806 0.0011384083885521267
494 600.0 9911.0 33.03666666666667 0.12303495177938648 0.03005008347245409 0.000352403559583626 0.4397944199706314 0.016646963157163026 0.000986881799232372
495 600.0 9911.0 33.03666666666667 0.12303495177938648 0.03171953255425709 0.0003757984550841334 0.4450222882615156 0.017512216745018263 0.0010288987721672823
496 600.0 9911.0 33.03666666666667 0.12303495177938648 0.03005008347245409 0.00036342019275567024 0.43690736688548504 0.015512431649043082 0.0009900658867151952
497 600.0 9911.0 33.03666666666667 0.12303495177938648 0.03005008347245409 0.0003550860926399233 0.4404411764705882 0.017767698456483533 0.0009837194114492745
498 600.0 9911.0 33.03666666666667 0.12303495177938648 0.035058430717863104 0.0005095455492521676 0.4470149253731343 0.01890602581790461 0.001125303320686286
499 600.0 9911.0 33.03666666666667 0.12303495177938648 0.0333889816360601 0.0004924894816028151 0.4437037037037037 0.017638725899575675 0.001083044240295377
5 600.0 9911.0 33.03666666666667 0.12303495177938648 0.1285475792988314 0.00822832771756479 0.5329181494661922 0.07036601374194891 0.003702110905193131
50 600.0 9911.0 33.03666666666667 0.12303495177938648 0.11853088480801335 0.005925629371824059 0.5286849073256841 0.0686927385158331 0.003399717523880272
500 600.0 9911.0 33.03666666666667 0.12303495177938648 0.035058430717863104 0.0005823824166546694 0.4490254872563718 0.016578122424307257 0.0011355014205646275
501 600.0 9911.0 33.03666666666667 0.12303495177938648 0.0333889816360601 0.0004981306518113573 0.46041506533435816 0.020544104301306165 0.0010799122213972499
502 600.0 9911.0 33.03666666666667 0.12303495177938648 0.03171953255425709 0.0004281847186007558 0.44668158090976884 0.01764868843238218 0.001036930916248346
503 600.0 9911.0 33.03666666666667 0.12303495177938648 0.03005008347245409 0.0003542502043676043 0.4569031273836766 0.019705072679527407 0.0009818007127083935
504 600.0 9911.0 33.03666666666667 0.12303495177938648 0.03171953255425709 0.00041456233311178603 0.4654234654234654 0.02373037352748236 0.0010224440950922656
505 600.0 9911.0 33.03666666666667 0.12303495177938648 0.03171953255425709 0.00027545906051210177 0.47128245476003144 0.024780574361062218 0.0010135347988082027
506 600.0 9911.0 33.03666666666667 0.12303495177938648 0.03005008347245409 0.0003067427048893208 0.44535315985130114 0.01811830830444794 0.000976503822285291
507 600.0 9911.0 33.03666666666667 0.12303495177938648 0.03171953255425709 0.0003677791291836481 0.46578538102643857 0.02504032783429083 0.0010195586845601692
508 600.0 9911.0 33.03666666666667 0.12303495177938648 0.03171953255425709 0.00034391432533357704 0.4507148231753198 0.019659879995915685 0.0010225245487426099
509 600.0 9911.0 33.03666666666667 0.12303495177938648 0.028380634390651086 0.0002761286612233171 0.4517345399698341 0.01937325637068479 0.0009330818092620767
51 600.0 9911.0 33.03666666666667 0.12303495177938648 0.13689482470784642 0.008485954729198872 0.5367383512544803 0.07477400403779537 0.003916371964761004
510 600.0 9911.0 33.03666666666667 0.12303495177938648 0.03005008347245409 0.0002947435506417244 0.4548215641609719 0.021003371324832633 0.0009777959173165344
511 600.0 9911.0 33.03666666666667 0.12303495177938648 0.03005008347245409 0.00039152126622851735 0.438506588579795 0.014876049782175483 0.000993419459731139
512 600.0 9911.0 33.03666666666667 0.12303495177938648 0.035058430717863104 0.0006500843371886575 0.4460163812360387 0.017184046625452046 0.0011396494829610622
513 600.0 9911.0 33.03666666666667 0.12303495177938648 0.03171953255425709 0.00035040222655570723 0.4520754716981132 0.019394145273577756 0.0010311984302845902
514 600.0 9911.0 33.03666666666667 0.12303495177938648 0.03171953255425709 0.00045379248406163356 0.4359534206695779 0.015083408182682567 0.0010407052843417728
515 600.0 9911.0 33.03666666666667 0.12303495177938648 0.028380634390651086 0.00019868863713389217 0.4720252167060678 0.027079096655342135 0.0009163467821642699
516 600.0 9911.0 33.03666666666667 0.12303495177938648 0.03005008347245409 0.0002629835048405029 0.45003756574004505 0.019865139620131384 0.0009734395038028743
517 600.0 9911.0 33.03666666666667 0.12303495177938648 0.03005008347245409 0.00036211424306539254 0.442719881744272 0.01729840916832486 0.000990699854775828
518 600.0 9911.0 33.03666666666667 0.12303495177938648 0.03171953255425709 0.0004889004856619507 0.45003756574004505 0.0173019306087931 0.0010392221531456709
519 600.0 9911.0 33.03666666666667 0.12303495177938648 0.028380634390651086 0.0002322797101701051 0.43249097472924186 0.016158938835112473 0.0009311561104808306
52 600.0 9911.0 33.03666666666667 0.12303495177938648 0.08013355592654424 0.0024189523557415155 0.5137221269296741 0.05223042707891238 0.0023306927128474964
520 600.0 9911.0 33.03666666666667 0.12303495177938648 0.028380634390651086 0.0002993994663362694 0.4407652685798381 0.01651052930522019 0.0009376425616977336
521 600.0 9911.0 33.03666666666667 0.12303495177938648 0.028380634390651086 0.0001816300890525877 0.45970836531082115 0.021526118515212266 0.0009167525940136039
522 600.0 9911.0 33.03666666666667 0.12303495177938648 0.03005008347245409 0.00026789565486956047 0.45830145371078806 0.020871887801310635 0.0009722456156516248
523 600.0 9911.0 33.03666666666667 0.12303495177938648 0.028380634390651086 0.00024800252155336125 0.4470149253731343 0.01782109976547026 0.0009314628363446809
524 600.0 9911.0 33.03666666666667 0.12303495177938648 0.028380634390651086 0.0002290043921210337 0.4388278388278388 0.015986115839932397 0.0009306636321099284
525 600.0 9911.0 33.03666666666667 0.12303495177938648 0.028380634390651086 0.0002750590547996505 0.4490254872563718 0.018065790574010376 0.0009315256818219253
526 600.0 9911.0 33.03666666666667 0.12303495177938648 0.03171953255425709 0.0005128371978359134 0.44206642066420665 0.01632920838978041 0.001047818504930175
527 600.0 9911.0 33.03666666666667 0.12303495177938648 0.028380634390651086 0.0003331349448447796 0.4388278388278388 0.01594030884521986 0.0009401134349295363
528 600.0 9911.0 33.03666666666667 0.12303495177938648 0.03005008347245409 0.00040778511411155595 0.43186733958183127 0.014082659874108946 0.0009968944188311721
529 600.0 9911.0 33.03666666666667 0.12303495177938648 0.035058430717863104 0.0006993026225793547 0.43342981186685964 0.013336070319377053 0.0011433759746668983
53 600.0 9911.0 33.03666666666667 0.12303495177938648 0.08848080133555927 0.003030883637230141 0.5168248490077653 0.05559248330992338 0.0025668562144612436
530 600.0 9911.0 33.03666666666667 0.12303495177938648 0.0333889816360601 0.0004898732989312894 0.4309352517985611 0.013499244983834346 0.001089670296540736
531 600.0 9911.0 33.03666666666667 0.12303495177938648 0.03005008347245409 0.00028734347912811475 0.4423929098966027 0.0183702328002625 0.0009789144265555335
532 600.0 9911.0 33.03666666666667 0.12303495177938648 0.028380634390651086 0.0003628748987355635 0.45003756574004505 0.01800810182439403 0.0009415122502604889
533 600.0 9911.0 33.03666666666667 0.12303495177938648 0.03005008347245409 0.0004133787356151559 0.44337527757216877 0.016417149954419712 0.0009889446555506074
534 600.0 9911.0 33.03666666666667 0.12303495177938648 0.03005008347245409 0.0003200020575741889 0.4527588813303099 0.019422518433466523 0.0009809598087732164
535 600.0 9911.0 33.03666666666667 0.12303495177938648 0.03005008347245409 0.0003537564794188377 0.4443620178041543 0.017141208184171346 0.0009831013162757772
536 600.0 9911.0 33.03666666666667 0.12303495177938648 0.03005008347245409 0.00027933482358353964 0.46254826254826253 0.023404881906385355 0.000970363949529872
537 600.0 9911.0 33.03666666666667 0.12303495177938648 0.03005008347245409 0.0002777042890978767 0.45795107033639143 0.021280229949606138 0.0009727714602752531
538 600.0 9911.0 33.03666666666667 0.12303495177938648 0.03171953255425709 0.0002542965427629793 0.47091194968553457 0.02551956105735653 0.0010094691131376692
539 600.0 9911.0 33.03666666666667 0.12303495177938648 0.028380634390651086 0.00018371343625561533 0.4527588813303099 0.019451210133041328 0.0009217275603039041
54 600.0 9911.0 33.03666666666667 0.12303495177938648 0.10684474123539232 0.004030844690637238 0.5268249780123131 0.0690782120787157 0.0030472308613947183
540 600.0 9911.0 33.03666666666667 0.12303495177938648 0.028380634390651086 0.00023071043994100874 0.45310136157337366 0.02083309118101693 0.0009303429149606576
541 600.0 9911.0 33.03666666666667 0.12303495177938648 0.028380634390651086 0.00023466783033517197 0.45003756574004505 0.020100874097228386 0.0009269423380438156
542 600.0 9911.0 33.03666666666667 0.12303495177938648 0.028380634390651086 0.00032150927391750683 0.43437273386511965 0.01531745664313792 0.0009445481447168712
543 600.0 9911.0 33.03666666666667 0.12303495177938648 0.03171953255425709 0.0003557496949261096 0.4565548780487805 0.02007513296571113 0.001023958143430338
544 600.0 9911.0 33.03666666666667 0.12303495177938648 0.0333889816360601 0.0005602440260149127 0.4309352517985611 0.013986123740073525 0.0011014763073340895
545 600.0 9911.0 33.03666666666667 0.12303495177938648 0.03171953255425709 0.0004728484147441553 0.4510542168674699 0.019403505436934743 0.0010361948252965681
546 600.0 9911.0 33.03666666666667 0.12303495177938648 0.03005008347245409 0.0004283913687542236 0.4423929098966027 0.015948595302185228 0.000997255561163036
547 600.0 9911.0 33.03666666666667 0.12303495177938648 0.03171953255425709 0.00032749013890979805 0.4443620178041543 0.018995354077686075 0.0010241106975041635
548 600.0 9911.0 33.03666666666667 0.12303495177938648 0.03171953255425709 0.0004891503703011672 0.4450222882615156 0.01608112572795969 0.001047947613142722
549 600.0 9911.0 33.03666666666667 0.12303495177938648 0.03005008347245409 0.00043922034697415664 0.4388278388278388 0.01582988297921538 0.000998190458143214
55 600.0 9911.0 33.03666666666667 0.12303495177938648 0.08180300500834725 0.002955627375536787 0.5141630901287554 0.056389537736984144 0.002393400509588049
550 600.0 9911.0 33.03666666666667 0.12303495177938648 0.03005008347245409 0.00031132755632691566 0.4470149253731343 0.018398508838106196 0.000979906146042747
551 600.0 9911.0 33.03666666666667 0.12303495177938648 0.0333889816360601 0.0004279181240805312 0.45037593984962404 0.019622874454823084 0.0010761574551082984
552 600.0 9911.0 33.03666666666667 0.12303495177938648 0.03005008347245409 0.00037888639390572026 0.453444360333081 0.01928494686475951 0.0009889466878780216
553 600.0 9911.0 33.03666666666667 0.12303495177938648 0.028380634390651086 0.0002806971518362057 0.4251242015613911 0.012782123640065347 0.0009391742129395827
554 600.0 9911.0 33.03666666666667 0.12303495177938648 0.028380634390651086 0.00024871608442845913 0.43249097472924186 0.01541699856178236 0.00093830972015229
555 600.0 9911.0 33.03666666666667 0.12303495177938648 0.03171953255425709 0.0004994180894441408 0.4388278388278388 0.016161705018474592 0.0010425637665286704
556 600.0 9911.0 33.03666666666667 0.12303495177938648 0.03005008347245409 0.0003430089518716715 0.4381858083394294 0.015516836174064562 0.0009858680261425061
557 600.0 9911.0 33.03666666666667 0.12303495177938648 0.028380634390651086 0.00025596358184490765 0.4410898379970545 0.01710667967101933 0.0009366801501507719
558 600.0 9911.0 33.03666666666667 0.12303495177938648 0.028380634390651086 0.00025156418880832587 0.4510542168674699 0.019538214096757097 0.0009317893697422714
559 600.0 9911.0 33.03666666666667 0.12303495177938648 0.03005008347245409 0.00036236615637878094 0.4520754716981132 0.018604075019732172 0.0009902657115753318
56 600.0 9911.0 33.03666666666667 0.12303495177938648 0.14357262103505844 0.009507722862819316 0.537219730941704 0.07718481339474276 0.004094605386296031
560 600.0 9911.0 33.03666666666667 0.12303495177938648 0.028380634390651086 0.00036114872064141914 0.4430473372781065 0.0164407938668761 0.0009426384786460804
561 600.0 9911.0 33.03666666666667 0.12303495177938648 0.028380634390651086 0.0002360482004764564 0.46870109546165883 0.024874886040027574 0.000924275297841191
562 600.0 9911.0 33.03666666666667 0.12303495177938648 0.028380634390651086 0.0002009194052492567 0.45795107033639143 0.020465786657588768 0.0009217710572428173
563 600.0 9911.0 33.03666666666667 0.12303495177938648 0.028380634390651086 0.00028693508207583044 0.44668158090976884 0.018452602573971768 0.0009337402611505883
564 600.0 9911.0 33.03666666666667 0.12303495177938648 0.028380634390651086 0.0002803538002264273 0.42939068100358424 0.014771156478648408 0.000940577003338067
565 600.0 9911.0 33.03666666666667 0.12303495177938648 0.028380634390651086 0.0002535796968577822 0.4548215641609719 0.020211779627209776 0.0009276129638553395
566 600.0 9911.0 33.03666666666667 0.12303495177938648 0.03171953255425709 0.000305024108608748 0.4569031273836766 0.021903501546979797 0.0010189347027889512
567 600.0 9911.0 33.03666666666667 0.12303495177938648 0.03005008347245409 0.000390617162918413 0.4496996996996997 0.019310350477360183 0.0009845096157989142
568 600.0 9911.0 33.03666666666667 0.12303495177938648 0.028380634390651086 0.00023088489995232855 0.43658892128279886 0.016705745663374797 0.0009381578643126359
569 600.0 9911.0 33.03666666666667 0.12303495177938648 0.028380634390651086 0.0003646904330383483 0.41684064022268613 0.01208685410151281 0.0009521731063146463
57 600.0 9911.0 33.03666666666667 0.12303495177938648 0.11185308848080133 0.005784808660169779 0.525438596491228 0.061475818389065205 0.0032384297319167908
570 600.0 9911.0 33.03666666666667 0.12303495177938648 0.03005008347245409 0.00033886600164253865 0.43690736688548504 0.01588503041724058 0.0009851229853054975
571 600.0 9911.0 33.03666666666667 0.12303495177938648 0.028380634390651086 0.00025273569208802813 0.4337436640115858 0.01621699601008408 0.0009376100969790456
572 600.0 9911.0 33.03666666666667 0.12303495177938648 0.03005008347245409 0.0003823167856092497 0.45139412207987945 0.01883489512418737 0.0009879720899859676
573 600.0 9911.0 33.03666666666667 0.12303495177938648 0.028380634390651086 0.0002589379556017599 0.452416918429003 0.01945183071581042 0.0009318493154508548
574 600.0 9911.0 33.03666666666667 0.12303495177938648 0.028380634390651086 0.00043071612987178026 0.43342981186685964 0.013290316827403142 0.0009597317494035598
575 600.0 9911.0 33.03666666666667 0.12303495177938648 0.028380634390651086 0.00023651438897413538 0.4460163812360387 0.018302002177247343 0.0009277715657863008
576 600.0 9911.0 33.03666666666667 0.12303495177938648 0.03005008347245409 0.00038970332456337724 0.43947175348495965 0.01568175713484082 0.0009955540622696342
577 600.0 9911.0 33.03666666666667 0.12303495177938648 0.028380634390651086 0.000311693409784057 0.4423929098966027 0.016633107029122945 0.0009397003977300944
578 600.0 9911.0 33.03666666666667 0.12303495177938648 0.028380634390651086 0.0003224532782680286 0.43563636363636365 0.01500085733798028 0.0009421831636867135
579 600.0 9911.0 33.03666666666667 0.12303495177938648 0.028380634390651086 0.00029249133530065424 0.43754565376187 0.015446241575194213 0.0009377713083057885
58 600.0 9911.0 33.03666666666667 0.12303495177938648 0.11853088480801335 0.0057221940192090075 0.5268249780123131 0.07123984675160792 0.0033895415408832247
580 600.0 9911.0 33.03666666666667 0.12303495177938648 0.028380634390651086 0.0002827140516424592 0.448689138576779 0.017744842236715536 0.0009332060294247476
581 600.0 9911.0 33.03666666666667 0.12303495177938648 0.03005008347245409 0.00022946878629673124 0.4496996996996997 0.020458724763789973 0.0009771526443285215
582 600.0 9911.0 33.03666666666667 0.12303495177938648 0.028380634390651086 0.00027986298314544366 0.4440326167531505 0.01709736477734438 0.0009308702330899976
583 600.0 9911.0 33.03666666666667 0.12303495177938648 0.028380634390651086 0.00035735455639657643 0.4450222882615156 0.01664708715846685 0.0009431626578479663
584 600.0 9911.0 33.03666666666667 0.12303495177938648 0.028380634390651086 0.00028499202527325796 0.4359534206695779 0.016086604645342034 0.000934642793612208
585 600.0 9911.0 33.03666666666667 0.12303495177938648 0.028380634390651086 0.00024045590570186378 0.4558599695585997 0.020510233120996448 0.0009252033752186233
586 600.0 9911.0 33.03666666666667 0.12303495177938648 0.028380634390651086 0.00025021230835590205 0.4410898379970545 0.017107131624562667 0.0009318636929442102
587 600.0 9911.0 33.03666666666667 0.12303495177938648 0.028380634390651086 0.0003285958592273879 0.4544764795144158 0.019331827105062645 0.0009360463634725173
588 600.0 9911.0 33.03666666666667 0.12303495177938648 0.028380634390651086 0.00021280956618794313 0.4493623405851463 0.01945248589948695 0.0009280472073984255
589 600.0 9911.0 33.03666666666667 0.12303495177938648 0.028380634390651086 0.000273744898026746 0.4510542168674699 0.018779560264183114 0.0009318420634131941
59 600.0 9911.0 33.03666666666667 0.12303495177938648 0.07846410684474124 0.0019450235379806626 0.5097872340425532 0.05339281432890682 0.002271753914214519
590 600.0 9911.0 33.03666666666667 0.12303495177938648 0.028380634390651086 0.00033329879386423503 0.4423929098966027 0.016389059012057842 0.0009397750614188133
591 600.0 9911.0 33.03666666666667 0.12303495177938648 0.028380634390651086 0.00030898870827502045 0.45003756574004505 0.01737144054216043 0.0009394636078666101
592 600.0 9911.0 33.03666666666667 0.12303495177938648 0.028380634390651086 0.000272127360744706 0.45760122230710465 0.021686430327681458 0.0009306241736686687
593 600.0 9911.0 33.03666666666667 0.12303495177938648 0.028380634390651086 0.00041069176777372055 0.433116413593637 0.014650682792356194 0.0009520276914884182
594 600.0 9911.0 33.03666666666667 0.12303495177938648 0.028380634390651086 0.00021728262608258485 0.4437037037037037 0.017664243922063793 0.0009341434032524176
595 600.0 9911.0 33.03666666666667 0.12303495177938648 0.028380634390651086 0.0002863164420844292 0.4507148231753198 0.019882265502476407 0.0009342816091572844
596 600.0 9911.0 33.03666666666667 0.12303495177938648 0.028380634390651086 0.00034955076820580074 0.4446919079435783 0.014938722525191066 0.0009422020360909099
597 600.0 9911.0 33.03666666666667 0.12303495177938648 0.028380634390651086 0.0003899325022475126 0.4290830945558739 0.013326179680757312 0.0009476834773846416
598 600.0 9911.0 33.03666666666667 0.12303495177938648 0.028380634390651086 0.00029914025651553205 0.4490254872563718 0.018214311939709252 0.0009406588534053964
599 600.0 9911.0 33.03666666666667 0.12303495177938648 0.028380634390651086 0.00022599321010664475 0.44668158090976884 0.018168803164412595 0.0009319472298763597
6 600.0 9911.0 33.03666666666667 0.12303495177938648 0.1318864774624374 0.007363778467719064 0.5319715808170515 0.07316677613829367 0.0037689669530257754
60 600.0 9911.0 33.03666666666667 0.12303495177938648 0.10183639398998331 0.003956720948130076 0.5240594925634295 0.06419953590417848 0.002919506568350738
61 600.0 9911.0 33.03666666666667 0.12303495177938648 0.10350584307178631 0.004117512578025791 0.5245183887915937 0.065762723635537 0.0029701800626491023
62 600.0 9911.0 33.03666666666667 0.12303495177938648 0.10350584307178631 0.004173389274322629 0.5222319093286836 0.060128978371728994 0.0029725913262687196
63 600.0 9911.0 33.03666666666667 0.12303495177938648 0.08347245409015025 0.002537578521521621 0.5137221269296741 0.050484253489870144 0.0024261164291262175
64 600.0 9911.0 33.03666666666667 0.12303495177938648 0.10684474123539232 0.004275700022732261 0.5258999122036875 0.06557078398773762 0.0030689188072014315
65 600.0 9911.0 33.03666666666667 0.12303495177938648 0.09682804674457429 0.004241758965222576 0.5172711571675302 0.05636598412692508 0.0028064023149974664
66 600.0 9911.0 33.03666666666667 0.12303495177938648 0.09682804674457429 0.0033686576607542514 0.5217770034843205 0.06088222880931306 0.00278889838306144
67 600.0 9911.0 33.03666666666667 0.12303495177938648 0.09015025041736227 0.002985041464435036 0.5172711571675302 0.054632654542166155 0.0026085601833923124
68 600.0 9911.0 33.03666666666667 0.12303495177938648 0.07011686143572621 0.0016362629986025733 0.5132819194515853 0.0514023495816583 0.002051338699372847
69 600.0 9911.0 33.03666666666667 0.12303495177938648 0.11853088480801335 0.005979788435916461 0.5282186948853616 0.06647170095185587 0.003392681384034529
7 600.0 9911.0 33.03666666666667 0.12303495177938648 0.08013355592654424 0.002151395742248713 0.5159345391903531 0.05794680687011314 0.0023183049605073882
70 600.0 9911.0 33.03666666666667 0.12303495177938648 0.08514190317195326 0.002619043606443072 0.5146048109965635 0.05327118252555258 0.002470246084044615
71 600.0 9911.0 33.03666666666667 0.12303495177938648 0.07345575959933222 0.0017837985357055917 0.5124037639007699 0.052979333262043675 0.0021401676189091523
72 600.0 9911.0 33.03666666666667 0.12303495177938648 0.07846410684474124 0.0022866737404811073 0.5097872340425532 0.049566176702002675 0.0022898914266243353
73 600.0 9911.0 33.03666666666667 0.12303495177938648 0.15525876460767948 0.010110570526459637 0.5406137184115524 0.08475020087643637 0.004405726087173278
74 600.0 9911.0 33.03666666666667 0.12303495177938648 0.07846410684474124 0.0023163406393331273 0.5106564364876386 0.04943146456316115 0.002288956267386914
75 600.0 9911.0 33.03666666666667 0.12303495177938648 0.07512520868113523 0.002345981620850495 0.5071972904318375 0.04571981744102252 0.0022145823409878617
76 600.0 9911.0 33.03666666666667 0.12303495177938648 0.10350584307178631 0.004228935932430588 0.5213228894691035 0.05772003181626206 0.002981839866088549
77 600.0 9911.0 33.03666666666667 0.12303495177938648 0.08347245409015025 0.0022764118802102765 0.5150472914875323 0.05293821166588734 0.0024163805053347143
78 600.0 9911.0 33.03666666666667 0.12303495177938648 0.11853088480801335 0.006052296995300874 0.5258999122036875 0.06275466083242 0.003411326567017204
79 600.0 9911.0 33.03666666666667 0.12303495177938648 0.0984974958263773 0.0041793347841298486 0.5199652777777778 0.05969606672449127 0.002851254021476347
8 600.0 9911.0 33.03666666666667 0.12303495177938648 0.06844741235392321 0.0019062032213786283 0.5063398140321217 0.045693783488027225 0.0020194904913835446
80 600.0 9911.0 33.03666666666667 0.12303495177938648 0.07846410684474124 0.002292303517819931 0.5146048109965635 0.04966483532838064 0.0022890620990464383
81 600.0 9911.0 33.03666666666667 0.12303495177938648 0.09682804674457429 0.004114767685424042 0.5177182368193605 0.05567931240490703 0.0028108622370102156
82 600.0 9911.0 33.03666666666667 0.12303495177938648 0.09682804674457429 0.0035735080275604157 0.5177182368193605 0.056465469118047354 0.00279439449380258
83 600.0 9911.0 33.03666666666667 0.12303495177938648 0.07345575959933222 0.002237426585759037 0.5050590219224284 0.046112861400957945 0.00216431730666572
84 600.0 9911.0 33.03666666666667 0.12303495177938648 0.09015025041736227 0.0034342756972831063 0.5124037639007699 0.050488711113457374 0.0026213087746180218
85 600.0 9911.0 33.03666666666667 0.12303495177938648 0.07512520868113523 0.002197353106674487 0.5084889643463497 0.04600473647516529 0.002202125458518813
86 600.0 9911.0 33.03666666666667 0.12303495177938648 0.08347245409015025 0.0026279725362811607 0.5137221269296741 0.05263481313333921 0.0024223158989312753
87 600.0 9911.0 33.03666666666667 0.12303495177938648 0.09348914858096828 0.003940518660352562 0.5181660899653979 0.052848233013164936 0.0027215551614272098
88 600.0 9911.0 33.03666666666667 0.12303495177938648 0.08013355592654424 0.0023136089060952587 0.5132819194515853 0.05260586413121934 0.002324548598866763
89 600.0 9911.0 33.03666666666667 0.12303495177938648 0.06176961602671119 0.0010756730855483354 0.4987510407993339 0.04404658514053782 0.0018164053541354377
9 600.0 9911.0 33.03666666666667 0.12303495177938648 0.10851419031719532 0.004899283534011208 0.5268249780123131 0.07286933607236006 0.003116607379379192
90 600.0 9911.0 33.03666666666667 0.12303495177938648 0.06844741235392321 0.0018124472124254048 0.510221465076661 0.04861890281424894 0.0020113066200417432
91 600.0 9911.0 33.03666666666667 0.12303495177938648 0.07846410684474124 0.0023442109537765714 0.5050590219224284 0.04250249030386693 0.002302531468197426
92 600.0 9911.0 33.03666666666667 0.12303495177938648 0.06844741235392321 0.0018945588172581305 0.5046335299073293 0.04492752793206058 0.002023216864365676
93 600.0 9911.0 33.03666666666667 0.12303495177938648 0.08347245409015025 0.00312849479095065 0.5054852320675105 0.0446582413153738 0.0024591836916077075
94 600.0 9911.0 33.03666666666667 0.12303495177938648 0.1001669449081803 0.003906565625145694 0.5204170286707211 0.05408659801306823 0.0028874506792360972
95 600.0 9911.0 33.03666666666667 0.12303495177938648 0.0951585976627713 0.003959853786776282 0.5181660899653979 0.05145822646672745 0.002768638650548088
96 600.0 9911.0 33.03666666666667 0.12303495177938648 0.07512520868113523 0.0022213853921521707 0.5071972904318375 0.042463357366740874 0.00221280678069941
97 600.0 9911.0 33.03666666666667 0.12303495177938648 0.08848080133555927 0.003469924843882174 0.5159345391903531 0.053557674712045374 0.002588447206211562
98 600.0 9911.0 33.03666666666667 0.12303495177938648 0.05175292153589316 0.000883903718799901 0.4905814905814906 0.036023131010946736 0.0015596552308367465
99 600.0 9911.0 33.03666666666667 0.12303495177938648 0.06844741235392321 0.0020397278415526256 0.5004177109440268 0.0415474831790499 0.00203484513205414