0 0.81875
1 0.29375
10 0.1375
100 0.1125
1000 0.04375
1001 0.0375
1002 0.0375
1003 0.03125
1004 0.0375
1005 0.0375
1006 0.04375
1007 0.03125
1008 0.025
1009 0.03125
101 0.075
1010 0.025
1011 0.03125
1012 0.03125
1013 0.0375
1014 0.03125
1015 0.03125
1016 0.0375
1017 0.0375
1018 0.0375
1019 0.0375
102 0.1375
1020 0.04375
1021 0.04375
1022 0.0375
1023 0.04375
1024 0.0375
1025 0.03125
1026 0.0375
1027 0.04375
1028 0.04375
1029 0.03125
103 0.1875
1030 0.05
1031 0.0375
1032 0.04375
1033 0.0375
1034 0.04375
1035 0.04375
1036 0.025
1037 0.01875
1038 0.0375
1039 0.03125
104 0.05
1040 0.025
1041 0.03125
1042 0.03125
1043 0.04375
1044 0.025
1045 0.03125
1046 0.03125
1047 0.0375
1048 0.0375
1049 0.0375
105 0.05625
1050 0.03125
1051 0.0375
1052 0.03125
1053 0.05
1054 0.04375
1055 0.03125
1056 0.03125
1057 0.025
1058 0.03125
1059 0.03125
106 0.11875
1060 0.03125
1061 0.03125
1062 0.03125
1063 0.0375
1064 0.0375
1065 0.0375
1066 0.0375
1067 0.03125
1068 0.0375
1069 0.03125
107 0.05625
1070 0.03125
1071 0.025
1072 0.025
1073 0.025
1074 0.0375
1075 0.04375
1076 0.0375
1077 0.03125
1078 0.03125
1079 0.01875
108 0.125
1080 0.0375
1081 0.03125
1082 0.0375
1083 0.0375
1084 0.025
1085 0.03125
1086 0.03125
1087 0.01875
1088 0.025
1089 0.0375
109 0.1125
1090 0.0375
1091 0.025
1092 0.04375
1093 0.03125
1094 0.025
1095 0.01875
1096 0.0375
1097 0.03125
1098 0.0375
1099 0.0375
11 0.6125
110 0.05625
1100 0.0375
1101 0.03125
1102 0.0375
1103 0.0375
1104 0.025
1105 0.01875
1106 0.025
1107 0.03125
1108 0.03125
1109 0.04375
111 0.1375
1110 0.0375
1111 0.0375
1112 0.0375
1113 0.025
1114 0.03125
1115 0.0375
1116 0.0375
1117 0.0375
1118 0.0375
1119 0.0125
112 0.0375
1120 0.03125
1121 0.0375
1122 0.0375
1123 0.03125
1124 0.03125
1125 0.01875
1126 0.0375
1127 0.03125
1128 0.025
1129 0.03125
113 0.1375
1130 0.0375
1131 0.0375
1132 0.03125
1133 0.0375
1134 0.03125
1135 0.03125
1136 0.0375
1137 0.0375
1138 0.03125
1139 0.03125
114 0.08125
1140 0.03125
1141 0.0375
1142 0.0375
1143 0.03125
1144 0.0375
1145 0.0375
1146 0.0375
1147 0.0375
1148 0.03125
1149 0.01875
115 0.275
116 0.0875
117 0.13125
118 0.13125
119 0.13125
12 0.25
120 0.0625
121 0.10625
122 0.075
123 0.075
124 0.15625
125 0.1625
126 0.08125
127 0.2375
128 0.075
129 0.05625
13 0.06875
130 0.14375
131 0.0625
132 0.075
133 0.0875
134 0.10625
135 0.0625
136 0.06875
137 0.1
138 0.1375
139 0.08125
14 0.225
140 0.05
141 0.08125
142 0.06875
143 0.10625
144 0.0875
145 0.0625
146 0.0375
147 0.05625
148 0.06875
149 0.1
15 1.0
150 0.0625
151 0.03125
152 0.03125
153 0.1125
154 0.08125
155 0.05625
156 0.13125
157 0.04375
158 0.05
159 0.04375
16 0.175
160 0.125
161 0.05
162 0.0625
163 0.1
164 0.05625
165 0.04375
166 0.05625
167 0.1
168 0.05625
169 0.08125
17 0.28125
170 0.20625
171 0.075
172 0.0875
173 0.08125
174 0.09375
175 0.11875
176 0.0625
177 0.10625
178 0.04375
179 0.1375
18 0.525
180 0.0375
181 0.05
182 0.1125
183 0.1125
184 0.0625
185 0.0375
186 0.13125
187 0.1
188 0.1
189 0.0875
19 0.30625
190 0.0875
191 0.1
192 0.0375
193 0.075
194 0.05625
195 0.05
196 0.075
197 0.0375
198 0.0875
199 0.09375
2 0.34375
20 0.1625
200 0.05625
201 0.0875
202 0.14375
203 0.0625
204 0.05
205 0.03125
206 0.10625
207 0.125
208 0.0625
209 0.075
21 0.4125
210 0.09375
211 0.05
212 0.06875
213 0.11875
214 0.0625
215 0.0375
216 0.06875
217 0.05
218 0.1125
219 0.04375
22 0.28125
220 0.1
221 0.0625
222 0.09375
223 0.0625
224 0.075
225 0.05
226 0.03125
227 0.0625
228 0.11875
229 0.0625
23 0.13125
230 0.0625
231 0.08125
232 0.05
233 0.075
234 0.05
235 0.06875
236 0.04375
237 0.03125
238 0.09375
239 0.05
24 0.08125
240 0.1
241 0.0875
242 0.06875
243 0.06875
244 0.05
245 0.09375
246 0.0875
247 0.04375
248 0.075
249 0.06875
25 0.20625
250 0.0625
251 0.0625
252 0.04375
253 0.10625
254 0.03125
255 0.13125
256 0.01875
257 0.075
258 0.09375
259 0.0625
26 0.1
260 0.05625
261 0.08125
262 0.0375
263 0.05625
264 0.08125
265 0.04375
266 0.025
267 0.05
268 0.04375
269 0.04375
27 0.1375
270 0.0375
271 0.0625
272 0.075
273 0.05625
274 0.05625
275 0.09375
276 0.05625
277 0.04375
278 0.025
279 0.05
28 0.4625
280 0.075
281 0.0625
282 0.0625
283 0.03125
284 0.05625
285 0.10625
286 0.05625
287 0.05
288 0.04375
289 0.05625
29 0.29375
290 0.09375
291 0.06875
292 0.05
293 0.05
294 0.0375
295 0.05
296 0.04375
297 0.08125
298 0.05625
299 0.0875
3 0.14375
30 0.0875
300 0.0625
301 0.09375
302 0.025
303 0.05
304 0.04375
305 0.06875
306 0.04375
307 0.05625
308 0.08125
309 0.05625
31 0.16875
310 0.0625
311 0.05625
312 0.075
313 0.0875
314 0.0625
315 0.0375
316 0.03125
317 0.05
318 0.01875
319 0.01875
32 0.1875
320 0.05
321 0.05
322 0.08125
323 0.03125
324 0.05625
325 0.04375
326 0.03125
327 0.08125
328 0.05625
329 0.075
33 0.275
330 0.06875
331 0.0375
332 0.0375
333 0.0625
334 0.0875
335 0.05625
336 0.06875
337 0.06875
338 0.05
339 0.06875
34 0.21875
340 0.0375
341 0.09375
342 0.0375
343 0.08125
344 0.08125
345 0.0625
346 0.04375
347 0.05625
348 0.04375
349 0.10625
35 0.15
350 0.04375
351 0.03125
352 0.0375
353 0.08125
354 0.0625
355 0.05625
356 0.0375
357 0.09375
358 0.04375
359 0.0375
36 0.1625
360 0.08125
361 0.04375
362 0.08125
363 0.0875
364 0.03125
365 0.0375
366 0.05625
367 0.04375
368 0.0875
369 0.06875
37 0.075
370 0.09375
371 0.05625
372 0.06875
373 0.075
374 0.05
375 0.0875
376 0.1
377 0.0625
378 0.05625
379 0.0375
38 0.1625
380 0.05625
381 0.05
382 0.025
383 0.06875
384 0.04375
385 0.08125
386 0.05
387 0.09375
388 0.0875
389 0.0375
39 0.15
390 0.075
391 0.05625
392 0.05625
393 0.0375
394 0.05625
395 0.04375
396 0.05625
397 0.075
398 0.10625
399 0.04375
4 0.3875
40 0.06875
400 0.06875
401 0.04375
402 0.05625
403 0.05
404 0.0375
405 0.05625
406 0.0625
407 0.05625
408 0.0625
409 0.05625
41 0.175
410 0.0375
411 0.08125
412 0.075
413 0.0625
414 0.05
415 0.05
416 0.04375
417 0.04375
418 0.08125
419 0.0625
42 0.1625
420 0.0375
421 0.0625
422 0.05
423 0.0875
424 0.04375
425 0.03125
426 0.05
427 0.01875
428 0.03125
429 0.0375
43 0.10625
430 0.05
431 0.0625
432 0.05625
433 0.05625
434 0.04375
435 0.025
436 0.05625
437 0.05625
438 0.05
439 0.03125
44 0.0875
440 0.05
441 0.0375
442 0.025
443 0.04375
444 0.08125
445 0.05
446 0.04375
447 0.0375
448 0.10625
449 0.0375
45 0.1625
450 0.00625
451 0.0375
452 0.0625
453 0.025
454 0.06875
455 0.0375
456 0.04375
457 0.05625
458 0.0625
459 0.04375
46 0.20625
460 0.04375
461 0.03125
462 0.0375
463 0.0375
464 0.0375
465 0.04375
466 0.0375
467 0.06875
468 0.0
469 0.0625
47 0.0875
470 0.0375
471 0.05625
472 0.05
473 0.05625
474 0.03125
475 0.05
476 0.05625
477 0.05
478 0.05
479 0.05625
48 0.175
480 0.04375
481 0.05
482 0.08125
483 0.04375
484 0.03125
485 0.05
486 0.0625
487 0.025
488 0.075
489 0.0375
49 0.175
490 0.0625
491 0.05625
492 0.05625
493 0.0375
494 0.04375
495 0.0375
496 0.025
497 0.0625
498 0.04375
499 0.0375
5 0.0625
50 0.2875
500 0.05625
501 0.09375
502 0.04375
503 0.025
504 0.05625
505 0.05625
506 0.0625
507 0.0375
508 0.08125
509 0.04375
51 0.05625
510 0.075
511 0.04375
512 0.03125
513 0.06875
514 0.04375
515 0.04375
516 0.03125
517 0.01875
518 0.05625
519 0.0625
52 0.16875
520 0.04375
521 0.05
522 0.03125
523 0.04375
524 0.0375
525 0.05625
526 0.03125
527 0.04375
528 0.05625
529 0.05625
53 0.06875
530 0.06875
531 0.0375
532 0.0625
533 0.03125
534 0.05
535 0.025
536 0.025
537 0.0375
538 0.025
539 0.06875
54 0.1
540 0.025
541 0.05
542 0.0625
543 0.0625
544 0.04375
545 0.0375
546 0.04375
547 0.03125
548 0.025
549 0.04375
55 0.1125
550 0.03125
551 0.05
552 0.05
553 0.06875
554 0.04375
555 0.03125
556 0.05
557 0.03125
558 0.04375
559 0.06875
56 0.08125
560 0.05625
561 0.0125
562 0.03125
563 0.1
564 0.0375
565 0.0625
566 0.1
567 0.05625
568 0.075
569 0.04375
57 0.4125
570 0.06875
571 0.03125
572 0.05
573 0.0375
574 0.05
575 0.0375
576 0.01875
577 0.05
578 0.05
579 0.06875
58 0.1875
580 0.075
581 0.05625
582 0.03125
583 0.04375
584 0.0375
585 0.05
586 0.025
587 0.03125
588 0.03125
589 0.06875
59 0.0875
590 0.025
591 0.0375
592 0.025
593 0.05
594 0.03125
595 0.025
596 0.05
597 0.05625
598 0.04375
599 0.04375
6 0.175
60 0.15625
600 0.0375
601 0.0375
602 0.04375
603 0.05
604 0.0375
605 0.0375
606 0.03125
607 0.0625
608 0.05
609 0.025
61 0.08125
610 0.05
611 0.05
612 0.01875
613 0.06875
614 0.05
615 0.04375
616 0.04375
617 0.04375
618 0.04375
619 0.0375
62 0.0875
620 0.0625
621 0.0375
622 0.05
623 0.05
624 0.05
625 0.025
626 0.04375
627 0.06875
628 0.04375
629 0.05625
63 0.08125
630 0.05
631 0.0375
632 0.04375
633 0.05
634 0.05
635 0.03125
636 0.0375
637 0.04375
638 0.05625
639 0.0375
64 0.06875
640 0.04375
641 0.05
642 0.0625
643 0.075
644 0.0625
645 0.05
646 0.0375
647 0.04375
648 0.03125
649 0.025
65 0.1625
650 0.05625
651 0.03125
652 0.0375
653 0.03125
654 0.025
655 0.0375
656 0.05
657 0.0375
658 0.05
659 0.03125
66 0.0875
660 0.025
661 0.0625
662 0.0375
663 0.03125
664 0.05
665 0.05
666 0.04375
667 0.0625
668 0.025
669 0.0125
67 0.11875
670 0.03125
671 0.05
672 0.0625
673 0.03125
674 0.025
675 0.04375
676 0.0375
677 0.0375
678 0.03125
679 0.04375
68 0.05625
680 0.05
681 0.0375
682 0.05625
683 0.04375
684 0.01875
685 0.025
686 0.0375
687 0.0375
688 0.0375
689 0.0375
69 0.09375
690 0.01875
691 0.04375
692 0.025
693 0.05
694 0.04375
695 0.04375
696 0.03125
697 0.025
698 0.04375
699 0.04375
7 0.2
70 0.1
700 0.0375
701 0.03125
702 0.05
703 0.03125
704 0.04375
705 0.03125
706 0.03125
707 0.0375
708 0.04375
709 0.0625
71 0.075
710 0.03125
711 0.05625
712 0.04375
713 0.0375
714 0.0375
715 0.04375
716 0.0625
717 0.04375
718 0.04375
719 0.0125
72 0.1375
720 0.04375
721 0.05
722 0.05
723 0.03125
724 0.05
725 0.03125
726 0.0375
727 0.0375
728 0.03125
729 0.025
73 0.06875
730 0.04375
731 0.0625
732 0.03125
733 0.05
734 0.05625
735 0.05
736 0.04375
737 0.04375
738 0.03125
739 0.03125
74 0.075
740 0.0375
741 0.0125
742 0.025
743 0.04375
744 0.0125
745 0.06875
746 0.0375
747 0.06875
748 0.04375
749 0.05
75 0.1375
750 0.05
751 0.0625
752 0.04375
753 0.04375
754 0.03125
755 0.0625
756 0.05
757 0.0375
758 0.04375
759 0.0375
76 0.125
760 0.0375
761 0.0375
762 0.05
763 0.03125
764 0.0375
765 0.0375
766 0.0375
767 0.0375
768 0.04375
769 0.025
77 0.08125
770 0.03125
771 0.025
772 0.05
773 0.05625
774 0.05625
775 0.0375
776 0.03125
777 0.0375
778 0.05
779 0.0375
78 0.19375
780 0.025
781 0.0375
782 0.04375
783 0.03125
784 0.03125
785 0.04375
786 0.0375
787 0.03125
788 0.06875
789 0.04375
79 0.08125
790 0.01875
791 0.05
792 0.0375
793 0.025
794 0.04375
795 0.025
796 0.05
797 0.025
798 0.0375
799 0.0375
8 0.25
80 0.20625
800 0.04375
801 0.05625
802 0.03125
803 0.05625
804 0.04375
805 0.025
806 0.05
807 0.05
808 0.04375
809 0.04375
81 0.08125
810 0.0375
811 0.0375
812 0.0375
813 0.04375
814 0.05
815 0.0375
816 0.04375
817 0.03125
818 0.03125
819 0.04375
82 0.09375
820 0.05
821 0.05
822 0.04375
823 0.05625
824 0.03125
825 0.05625
826 0.03125
827 0.0375
828 0.0375
829 0.05
83 0.08125
830 0.05625
831 0.0375
832 0.025
833 0.0375
834 0.025
835 0.04375
836 0.04375
837 0.01875
838 0.03125
839 0.0375
84 0.13125
840 0.01875
841 0.0375
842 0.05
843 0.0375
844 0.04375
845 0.0375
846 0.04375
847 0.0375
848 0.025
849 0.04375
85 0.05625
850 0.0375
851 0.04375
852 0.04375
853 0.04375
854 0.03125
855 0.00625
856 0.0375
857 0.0375
858 0.04375
859 0.04375
86 0.04375
860 0.0375
861 0.03125
862 0.05
863 0.025
864 0.0625
865 0.04375
866 0.025
867 0.04375
868 0.03125
869 0.03125
87 0.1125
870 0.04375
871 0.04375
872 0.05625
873 0.03125
874 0.03125
875 0.0375
876 0.0375
877 0.03125
878 0.04375
879 0.025
88 0.15625
880 0.03125
881 0.025
882 0.025
883 0.0375
884 0.0375
885 0.04375
886 0.0375
887 0.04375
888 0.04375
889 0.03125
89 0.1375
890 0.05
891 0.03125
892 0.0375
893 0.04375
894 0.0375
895 0.01875
896 0.0375
897 0.0625
898 0.01875
899 0.025
9 0.2
90 0.14375
900 0.04375
901 0.0375
902 0.03125
903 0.04375
904 0.025
905 0.0375
906 0.0375
907 0.0375
908 0.0375
909 0.03125
91 0.025
910 0.04375
911 0.0375
912 0.03125
913 0.0375
914 0.03125
915 0.025
916 0.03125
917 0.0125
918 0.04375
919 0.0375
92 0.1
920 0.04375
921 0.0375
922 0.05
923 0.04375
924 0.0125
925 0.04375
926 0.03125
927 0.04375
928 0.04375
929 0.0375
93 0.125
930 0.04375
931 0.0375
932 0.05
933 0.04375
934 0.04375
935 0.0375
936 0.025
937 0.03125
938 0.03125
939 0.0375
94 0.13125
940 0.0375
941 0.0375
942 0.0375
943 0.03125
944 0.01875
945 0.0375
946 0.04375
947 0.03125
948 0.04375
949 0.04375
95 0.05
950 0.0375
951 0.0375
952 0.04375
953 0.05
954 0.03125
955 0.0375
956 0.01875
957 0.0375
958 0.0375
959 0.03125
96 0.06875
960 0.04375
961 0.03125
962 0.03125
963 0.04375
964 0.03125
965 0.04375
966 0.025
967 0.05
968 0.0375
969 0.0375
97 0.10625
970 0.025
971 0.04375
972 0.0125
973 0.01875
974 0.03125
975 0.0375
976 0.0375
977 0.05
978 0.025
979 0.025
98 0.075
980 0.025
981 0.03125
982 0.04375
983 0.04375
984 0.03125
985 0.01875
986 0.04375
987 0.0375
988 0.03125
989 0.01875
99 0.15
990 0.04375
991 0.03125
992 0.03125
993 0.0375
994 0.04375
995 0.03125
996 0.04375
997 0.03125
998 0.025
999 0.03125