0 0
1 0
2 1
3 0
4 1
5 1
6 0
7 1
8 1
9 1
10 1
11 0
12 0
13 0
14 1
15 0
16 1
17 1
18 1
19 1
20 0
21 0
22 0
23 1
24 1
25 1
26 0
27 0
28 0
29 1
30 1
31 1
32 0
33 0
34 1
35 1
36 0
37 1
38 0
39 1
40 0
41 1
42 1
43 1
44 1
45 1
46 0
47 1
48 1
49 1
50 0
51 0
52 1
53 0
54 1
55 1
56 0
57 1
58 1
59 0
60 0
61 1
62 1
63 1
64 0
65 0
66 1
67 0
68 0
69 0
70 1
71 0
72 1
73 0
74 1
75 1
76 1
77 1
78 1
79 0
80 0
81 0
82 1
83 0
84 1
85 0
86 0
87 1
88 0
89 0
90 0
91 0
92 1
93 1
94 1
95 1
96 0
97 0
98 1
99 1
100 1
101 1
102 0
103 0
104 0
105 0
106 0
107 0
108 0
109 0
110 1
111 0
112 0
113 1
114 1
115 1
116 0
117 0
118 1
119 0
120 0
121 1
122 1
123 1
124 1
125 0
126 0
127 0
128 0
129 1
130 0
131 1
132 0
133 0
134 1
135 0
136 1
137 1
138 0
139 0
140 0
141 0
142 1
143 1
144 0
145 0
146 0
147 1
148 0
149 0
150 0
151 0
152 0
153 0
154 1
155 0
156 1
157 1
158 0
159 1
160 1
161 1
162 0
163 1
164 0
165 1
166 1
167 0
168 1
169 0
170 1
171 0
172 1
173 0
174 0
175 0
176 1
177 0
178 0
179 0
180 0
181 0
182 0
183 0
184 1
185 1
186 1
187 0
188 0
189 1
190 1
191 0
192 0
193 1
194 0
195 0
196 0
197 0
198 0
199 1
200 1
201 1
202 0
203 0
204 1
205 0
206 0
207 1
208 1
209 0
210 1
211 0
212 1
213 0
214 1
215 0
216 0
217 1
218 0
219 0
220 0
221 1
222 0
223 1
224 0
225 0
226 0
227 0
228 0
229 0
230 1
231 0
232 0
233 0
234 1
235 1
236 1
237 0
238 1
239 1
240 1
241 0
242 1
243 0
244 1
245 1
246 0
247 0
248 0
249 0
250 0
251 1
252 1
253 0
254 0
255 1
256 1
257 1
258 0
259 1
260 0
261 1
262 0
263 1
264 0
265 0
266 1
267 0
268 0
269 1
270 1
271 1
272 1
273 1
274 0
275 1
276 1
277 0
278 0
279 0
280 1
281 0
282 1
283 0
284 1
285 0
286 1
287 0
288 0
289 0
290 0
291 0
292 1
293 0
294 1
295 1
296 1
297 1
298 1
299 1
300 1
301 0
302 1
303 1
304 0
305 1
306 1
307 0
308 1
309 0
310 0
311 1
312 0
313 0
314 1
315 1
316 1
317 1
318 0
319 1
320 1
321 0
322 0
323 0
324 1
325 0
326 0
327 0
328 1
329 1
330 1
331 1
332 1
333 0
334 0
335 0
336 1
337 0
338 0
339 0
340 0
341 0
342 0
343 0
344 1
345 1
346 1
347 0
348 1
349 0
350 0
351 0
352 1
353 1
354 1
355 0
356 1
357 0
358 1
359 1
360 0
361 1
362 1
363 0
364 0
365 0
366 1
367 1
368 1
369 1
370 0
371 1
372 0
373 1
374 1
375 1
376 1
377 0
378 1
379 0
380 1
381 0
382 0
383 1
384 1
385 1
386 0
387 0
388 1
389 1
390 0
391 0
392 1
393 0
394 0
395 0
396 1
397 0
398 0
399 0
400 1
401 1
402 1
403 0
404 0
405 0
406 1
407 1
408 0
409 1
410 1
411 1
412 0
413 1
414 1
415 0
416 1
417 0
418 1
419 0
420 1
421 1
422 0
423 0
424 1
425 0
426 1
427 1
428 1
429 0
430 1
431 1
432 0
433 1
434 0
435 0
436 0
437 0
438 1
439 1
440 0
441 0
442 0
443 0
444 0
445 0
446 0
447 0
448 1
449 0
450 1
451 0
452 1
453 1
454 0
455 1
456 0
457 0
458 0
459 1
460 0
461 0
462 1
463 1
464 1
465 1
466 0
467 0
468 1
469 1
470 0
471 0
472 1
473 1
474 0
475 1
476 1
477 1
478 0
479 0
480 1
481 1
482 0
483 0
484 1
485 1
486 1
487 0
488 1
489 1
490 1
491 1
492 0
493 0
494 1
495 1
496 1
497 1
498 0
499 0
500 0
501 1
502 0
503 0
504 1
505 0
506 0
507 1
508 1
509 0
510 0
511 1
512 0
513 0
514 0
515 1
516 0
517 0
518 1
519 0
520 1
521 0
522 0
523 1
524 0
525 0
526 1
527 1
528 0
529 1
530 1
531 1
532 0
533 0
534 0
535 0
536 0
537 0
538 0
539 1
540 0
541 1
542 1
543 1
544 0
545 0
546 0
547 0
548 0
549 0
550 1
551 0
552 1
553 1
554 1
555 1
556 1
557 1
558 0
559 1
560 0
561 1
562 1
563 1
564 1
565 1
566 0
567 1
568 1
569 0
570 1
571 0
572 1
573 0
574 0
575 1
576 1
577 0
578 1
579 0
580 0
581 0
582 0
583 1
584 0
585 0
586 0
587 1
588 0
589 0
590 0
591 1
592 1
593 1
594 1
595 0
596 0
597 0
598 0
599 0
600 0
601 1
602 0
603 0
604 1
605 0
606 0
607 1
608 0
609 0
610 0
611 0
612 0
613 0
614 0
615 1
616 1
617 0
618 0
619 0
620 1
621 0
622 0
623 1
624 0
625 1
626 0
627 1
628 0
629 0
630 1
631 0
632 1
633 1
634 0
635 0
636 1
637 0
638 1
639 0
640 0
641 0
642 1
643 0
644 1
645 0
646 1
647 0
648 0
649 1
650 1
651 1
652 1
653 0
654 0
655 0
656 1
657 0
658 0
659 0
660 0
661 0
662 1
663 1
664 1
665 0
666 1
667 0
668 0
669 1
670 1
671 0
672 0
673 0
674 0
675 1
676 0
677 1
678 0
679 0
680 1
681 1
682 1
683 1
684 1
685 1
686 1
687 1
688 1
689 0
690 0
691 0
692 1
693 1
694 0
695 0
696 1
697 1
698 0
699 0
700 1
701 1
702 1
703 0
704 0
705 0
706 1
707 0
708 1
709 0
710 0
711 0
712 1
713 0
714 1
715 1
716 1
717 0
718 1
719 0
720 0
721 1
722 1
723 1
724 1
725 1
726 1
727 0
728 1
729 0
730 1
731 0
732 1
733 1
734 1
735 0
736 1
737 1
738 1
739 1
740 0
741 1
742 0
743 0
744 0
745 1
746 0
747 0
748 0
749 1
750 0
751 0
752 1
753 0
754 0
755 0
756 0
757 0
758 1
759 0
760 1
761 0
762 1
763 1
764 0
765 0
766 1
767 1
768 1
769 0
770 1
771 1
772 0
773 1
774 1
775 1
776 1
777 0
778 1
779 0
780 1
781 1
782 1
783 1
784 1
785 0
786 1
787 1
788 1
789 0
790 0
791 1
792 1
793 1
794 0
795 1
796 1
797 0
798 1
799 0
800 1
801 0
802 1
803 1
804 1
805 1
806 1
807 1
808 0
809 1
810 0
811 1
812 0
813 1
814 1
815 1
816 1
817 0
818 1
819 0
820 1
821 0
822 1
823 0
824 1
825 0
826 1
827 0
828 1
829 1
830 1
831 1
832 0
833 0
834 0
835 0
836 0
837 1
838 0
839 1
840 0
841 0
842 0
843 1
844 1
845 1
846 1
847 0
848 0
849 1
850 0
851 1
852 1
853 0
854 0
855 0
856 0
857 0
858 1
859 1
860 1
861 1
862 1
863 1
864 1
865 1
866 1
867 1
868 0
869 0
870 1
871 1
872 0
873 1
874 1
875 0
876 0
877 0
878 0
879 0
880 1
881 1
882 0
883 0
884 0
885 0
886 0
887 1
888 1
889 0
890 0
891 0
892 1
893 0
894 1
895 1
896 0
897 1
898 1
899 0
900 1
901 1
902 0
903 0
904 0
905 0
906 0
907 1
908 1
909 0
910 0
911 1
912 1
913 1
914 1
915 0
916 0
917 1
918 0
919 0
920 0
921 0
922 0
923 1
924 1
925 1
926 0
927 1
928 0
929 1
930 1
931 1
932 1
933 1
934 0
935 0
936 1
937 0
938 0
939 0
940 0
941 1
942 0
943 1
944 1
945 1
946 1
947 0
948 0
949 1
950 0
951 0
952 0
953 0
954 1
955 0
956 1
957 1
958 1
959 1
960 0
961 1
962 0
963 1
964 0
965 1
966 1
967 0
968 0
969 1
970 0
971 0
972 1
973 0
974 0
975 0
976 0
977 0
978 0
979 0
980 0
981 1
982 0
983 1
984 1
985 1
986 0
987 1
988 0
989 1
990 0
991 0
992 0
993 1
994 0
995 1
996 1
997 0
998 1
999 0
1000 0
1001 0
1002 0
1003 0
1004 1
1005 1
1006 1
1007 1
1008 0
1009 1
1010 0
1011 1
1012 1
1013 0
1014 1
1015 0
1016 1
1017 1
1018 0
1019 0
1020 1
1021 0
1022 0
1023 0
1024 1
1025 0
1026 0
1027 1
1028 0
1029 1
1030 0
1031 0
1032 0
1033 1
1034 0
1035 1
1036 1
1037 0
1038 1
1039 0
1040 1
1041 1
1042 1
1043 0
1044 0
1045 1
1046 0
1047 0
1048 0
1049 0
1050 1
1051 1
1052 0
1053 1
1054 1
1055 1
1056 1
1057 0
1058 0
1059 1
1060 1
1061 0
1062 1
1063 1
1064 1
1065 0
1066 0
1067 0
1068 0
1069 1
1070 1
1071 1
1072 0
1073 0
1074 1
1075 0
1076 0
1077 0
1078 1
1079 0
1080 0
1081 0
1082 0
1083 1
1084 0
1085 1
1086 1
1087 1
1088 1
1089 1
1090 0
1091 1
1092 1
1093 1
1094 0
1095 1
1096 1
1097 0
1098 1
1099 0
1100 0
1101 0
1102 0
1103 0
1104 0
1105 1
1106 0
1107 1
1108 1
1109 1
1110 0
1111 1
1112 1
1113 0
1114 1
1115 1
1116 1
1117 0
1118 1
1119 0
1120 1
1121 1
1122 1
1123 0
1124 0
1125 1
1126 1
1127 1
1128 1
1129 0
1130 0
1131 1
1132 1
1133 1
1134 1
1135 1
1136 0
1137 0
1138 1
1139 0
1140 1
1141 1
1142 0
1143 1
1144 0
1145 0
1146 1
1147 0
1148 0
1149 0
1150 0
1151 0
1152 1
1153 1
1154 1
1155 0
1156 1
1157 1
1158 0
1159 1
1160 0
1161 0
1162 0
1163 1
1164 1
1165 1
1166 0
1167 0
1168 0
1169 1
1170 0
1171 1
1172 1
1173 1
1174 0
1175 1
1176 0
1177 0
1178 1
1179 0
1180 1
1181 0
1182 0
1183 0
1184 0
1185 1
1186 1
1187 0
1188 0
1189 0
1190 0
1191 0
1192 1
1193 1
1194 0
1195 0
1196 1
1197 1
1198 1
1199 0
1200 0
1201 0
1202 0
1203 1
1204 0
1205 0
1206 1
1207 1
1208 0
1209 1
1210 1
1211 1
1212 0
1213 1
1214 0
1215 0
1216 0
1217 0
1218 1
1219 0
1220 0
1221 1
1222 0
1223 1
1224 1
1225 1
1226 0
1227 0
1228 1
1229 1
1230 1
1231 0
1232 0
1233 0
1234 1
1235 1
1236 1
1237 0
1238 1
1239 1
1240 0
1241 0
1242 0
1243 1
1244 1
1245 1
1246 0
1247 1
1248 1
1249 1
1250 0
1251 1
1252 0
1253 0
1254 0
1255 0
1256 1
1257 0
1258 0
1259 0
1260 1
1261 0
1262 0
1263 1
1264 0
1265 0
1266 0
1267 0
1268 1
1269 1
1270 1
1271 1
1272 1
1273 1
1274 0
1275 1
1276 1
1277 0
1278 0
1279 1
1280 0
1281 0
1282 1
1283 1
1284 1
1285 0
1286 1
1287 0
1288 0
1289 0
1290 1
1291 1
1292 0
1293 0
1294 0
1295 1
1296 0
1297 1
1298 0
1299 0
1300 0
1301 0
1302 0
1303 1
1304 0
1305 0
1306 0
1307 0
1308 1
1309 1
1310 0
1311 0
1312 1
1313 0
1314 0
1315 1
1316 0
1317 0
1318 1
1319 1
1320 1
1321 1
1322 1
1323 0
1324 1
1325 0
1326 0
1327 1
1328 0
1329 1
1330 1
1331 0
1332 1
1333 0
1334 0
1335 0
1336 0
1337 0
1338 1
1339 1
1340 0
1341 1
1342 1
1343 1
1344 1
1345 0
1346 1
1347 0
1348 0
1349 1
1350 1
1351 1
1352 0
1353 0
1354 0
1355 0
1356 1
1357 1
1358 1
1359 0
1360 1
1361 0
1362 1
1363 1
1364 1
1365 0
1366 1
1367 1
1368 0
1369 0
1370 1
1371 1
1372 0
1373 1
1374 1
1375 1
1376 0
1377 0
1378 0
1379 0
1380 1
1381 0
1382 1
1383 0
1384 1
1385 1
1386 0
1387 0
1388 0
1389 1
1390 1
1391 0
1392 1
1393 0
1394 0
1395 0
1396 1
1397 1
1398 0
1399 1
1400 0
1401 1
1402 0
1403 0
1404 0
1405 1
1406 1
1407 0
1408 0
1409 1
1410 1
1411 0
1412 1
1413 1
1414 1
1415 1
1416 1
1417 0
1418 1
1419 0
1420 0
1421 0
1422 0
1423 1
1424 0
1425 0
1426 0
1427 0
1428 0
1429 0
1430 0
1431 0
1432 0
1433 0
1434 0
1435 0
1436 0
1437 0
1438 0
1439 0
1440 1
1441 0
1442 1
1443 0
1444 1
1445 1
1446 0
1447 0
1448 1
1449 0
1450 1
1451 0
1452 1
1453 1
1454 0
1455 1
1456 0
1457 1
1458 1
1459 1
1460 1
1461 1
1462 0
1463 1
1464 1
1465 0
1466 0
1467 0
1468 1
1469 0
1470 0
1471 0
1472 1
1473 0
1474 1
1475 1
1476 0
1477 0
1478 1
1479 0
1480 1
1481 0
1482 0
1483 1
1484 1
1485 1
1486 0
1487 0
1488 1
1489 1
1490 1
1491 1
1492 0
1493 0
1494 1
1495 0
1496 1
1497 1
1498 1
1499 1
1500 0
1501 0
1502 1
1503 0
1504 1
1505 0
1506 0
1507 1
1508 1
1509 1
1510 0
1511 1
1512 1
1513 0
1514 1
1515 0
1516 0
1517 1
1518 0
1519 0
1520 0
1521 1
1522 0
1523 0
1524 1
1525 1
1526 0
1527 0
1528 0
1529 1
1530 0
1531 1
1532 1
1533 0
1534 1
1535 1
1536 1
1537 1
1538 1
1539 1
1540 0
1541 0
1542 0
1543 0
1544 1
1545 0
1546 1
1547 0
1548 1
1549 1
1550 1
1551 0
1552 1
1553 1
1554 0
1555 1
1556 0
1557 1
1558 0
1559 1
1560 1
1561 1
1562 0
1563 0
1564 1
1565 1
1566 0
1567 0
1568 0
1569 0
1570 1
1571 1
1572 0
1573 1
1574 0
1575 0
1576 1
1577 0
1578 0
1579 0
1580 1
1581 0
1582 0
1583 0
1584 1
1585 0
1586 1
1587 0
1588 0
1589 1
1590 0
1591 0
1592 0
1593 1
1594 1
1595 0
1596 0
1597 1
1598 1
1599 1
1600 0
1601 1
1602 1
1603 0
1604 0
1605 0
1606 1
1607 0
1608 0
1609 1
1610 0
1611 1
1612 1
1613 1
1614 0
1615 0
1616 1
1617 0
1618 1
1619 1
1620 1
1621 1
1622 0
1623 1
1624 1
1625 1
1626 0
1627 1
1628 0
1629 1
1630 1
1631 0
1632 1
1633 1
1634 0
1635 0
1636 1
1637 1
1638 0
1639 1
1640 1
1641 0
1642 0
1643 1
1644 1
1645 0
1646 1
1647 0
1648 0
1649 0
1650 0
1651 0
1652 1
1653 1
1654 1
1655 1
1656 1
1657 0
1658 0
1659 0
1660 0
1661 1
1662 0
1663 0
1664 1
1665 0
1666 1
1667 1
1668 0
1669 1
1670 0
1671 0
1672 1
1673 0
1674 1
1675 0
1676 0
1677 1
1678 1
1679 1
1680 1
1681 1
1682 1
1683 1
1684 1
1685 0
1686 1
1687 0
1688 0
1689 0
1690 1
1691 0
1692 1
1693 0
1694 1
1695 1
1696 1
1697 0
1698 1
1699 0
1700 0
1701 0
1702 0
1703 1
1704 1
1705 0
1706 1
1707 1
1708 0
1709 1
1710 1
1711 0
1712 1
1713 0
1714 1
1715 1
1716 1
1717 1
1718 0
1719 1
1720 1
1721 0
1722 0
1723 1
1724 0
1725 1
1726 0
1727 0
1728 0
1729 0
1730 0
1731 1
1732 1
1733 1
1734 1
1735 1
1736 1
1737 0
1738 1
1739 0
1740 1
1741 1
1742 0
1743 0
1744 0
1745 1
1746 0
1747 1
1748 1
1749 1
1750 1
1751 0
1752 0
1753 0
1754 0
1755 1
1756 1
1757 0
1758 0
1759 0
1760 1
1761 1
1762 0
1763 1
1764 0
1765 0
1766 1
1767 1
1768 1
1769 1
1770 0
1771 0
1772 1
1773 0
1774 0
1775 1
1776 0
1777 0
1778 1
1779 0
1780 1
1781 0
1782 1
1783 1
1784 1
1785 1
1786 0
1787 0
1788 1
1789 1
1790 0
1791 0
1792 0
1793 0
1794 0
1795 1
1796 0
1797 0
1798 1
1799 0
1800 1
1801 0
1802 1
1803 1
1804 0
1805 0
1806 1
1807 0
1808 1
1809 0
1810 0
1811 1
1812 0
1813 0
1814 0
1815 0
1816 0
1817 0
1818 0
1819 1
1820 0
1821 1
1822 1
1823 0
1824 1
1825 0
1826 0
1827 0
1828 0
1829 0
1830 0
1831 1
1832 1
1833 1
1834 0
1835 1
1836 0
1837 0
1838 0
1839 1
1840 0
1841 0
1842 1
1843 1
1844 0
1845 1
1846 1
1847 1
1848 1
1849 1
1850 0
1851 1
1852 0
1853 0
1854 1
1855 0
1856 0
1857 1
1858 1
1859 0
1860 0
1861 0
1862 0
1863 0
1864 0
1865 0
1866 1
1867 1
1868 0
1869 1
1870 0
1871 1
1872 1
1873 0
1874 1
1875 1
1876 0
1877 1
1878 1
1879 1
1880 0
1881 1
1882 0
1883 1
1884 0
1885 0
1886 0
1887 0
1888 1
1889 1
1890 0
1891 0
1892 1
1893 0
1894 1
1895 1
1896 1
1897 0
1898 0
1899 0
1900 0
1901 1
1902 1
1903 1
1904 1
1905 0
1906 1
1907 1
1908 0
1909 1
1910 1
1911 1
1912 1
1913 0
1914 1
1915 0
1916 0
1917 1
1918 0
1919 1
1920 1
1921 1
1922 0
1923 0
1924 0
1925 0
1926 1
1927 1
1928 0
1929 1
1930 0
1931 0
1932 0
1933 0
1934 1
1935 0
1936 1
1937 0
1938 0
1939 0
1940 0
1941 0
1942 0
1943 0
1944 0
1945 0
1946 0
1947 1
1948 1
1949 0
1950 0
1951 1
1952 1
1953 1
1954 1
1955 1
1956 0
1957 1
1958 0
1959 0
1960 0
1961 0
1962 1
1963 0
1964 0
1965 0
1966 0
1967 1
1968 1
1969 1
1970 1
1971 0
1972 1
1973 1
1974 1
1975 0
1976 0
1977 1
1978 1
1979 0
1980 1
1981 1
1982 0
1983 1
1984 0
1985 0
1986 0
1987 1
1988 0
1989 0
1990 0
1991 1
1992 1
1993 0
1994 1
1995 0
1996 1
1997 1
1998 1
1999 1
2000 1
2001 1
2002 1
2003 0
2004 1
2005 1
2006 1
2007 0
2008 0
2009 1
2010 1
2011 0
2012 0
2013 0
2014 1
2015 0
2016 1
2017 1
2018 1
2019 1
2020 0
2021 0
2022 0
2023 0
2024 1
2025 0
2026 1
2027 1
2028 1
2029 1
2030 0
2031 1
2032 0
2033 1
2034 0
2035 1
2036 0
2037 0
2038 0
2039 1
2040 1
2041 1
2042 0
2043 0
2044 1
2045 0
2046 1
2047 1
2048 1
2049 1
2050 1
2051 0
2052 0
2053 1
2054 0
2055 0
2056 1
2057 1
2058 1
2059 1
2060 0
2061 0
2062 0
2063 0
2064 1
2065 1
2066 1
2067 1
2068 1
2069 1
2070 0
2071 1
2072 1
2073 0
2074 0
2075 1
2076 0
2077 1
2078 1
2079 0
2080 0
2081 0
2082 1
2083 1
2084 1
2085 1
2086 0
2087 1
2088 1
2089 0
2090 0
2091 1
2092 1
2093 1
2094 0
2095 0
2096 0
2097 1
2098 0
2099 0
2100 1
2101 1
2102 1
2103 0
2104 0
2105 1
2106 1
2107 0
2108 1
2109 0
2110 0
2111 1
2112 1
2113 0
2114 0
2115 1
2116 1
2117 0
2118 1
2119 1
2120 0
2121 1
2122 1
2123 0
2124 0
2125 1
2126 1
2127 0
2128 1
2129 0
2130 1
2131 0
2132 1
2133 1
2134 1
2135 1
2136 0
2137 1
2138 1
2139 0
2140 1
2141 1
2142 0
2143 1
2144 1
2145 1
2146 0
2147 0
2148 0
2149 1
2150 0
2151 0
2152 1
2153 1
2154 0
2155 0
2156 1
2157 0
2158 1
2159 0
2160 1
2161 0
2162 1
2163 1
2164 0
2165 1
2166 0
2167 0
2168 1
2169 1
2170 1
2171 1
2172 1
2173 0
2174 0
2175 0
2176 0
2177 1
2178 0
2179 0
2180 1
2181 1
2182 0
2183 1
2184 0
2185 0
2186 0
2187 1
2188 0
2189 0
2190 0
2191 0
2192 0
2193 1
2194 0
2195 0
2196 0
2197 0
2198 1
2199 0
2200 0
2201 0
2202 1
2203 0
2204 0
2205 0
2206 0
2207 1
2208 0
2209 0
2210 0
2211 0
2212 1
2213 0
2214 1
2215 1
2216 0
2217 1
2218 1
2219 1
2220 1
2221 0
2222 0
2223 0
2224 0
2225 1
2226 1
2227 0
2228 0
2229 1
2230 1
2231 0
2232 0
2233 0
2234 1
2235 1
2236 0
2237 1
2238 1
2239 1
2240 0
2241 0
2242 1
2243 0
2244 1
2245 1
2246 0
2247 1
2248 0
2249 1
2250 0
2251 0
2252 1
2253 0
2254 0
2255 1
2256 0
2257 0
2258 0
2259 1
2260 0
2261 0
2262 0
2263 0
2264 1
2265 0
2266 0
2267 1
2268 0
2269 1
2270 0
2271 0
2272 0
2273 0
2274 0
2275 0
2276 0
2277 1
2278 0
2279 0
2280 0
2281 0
2282 0
2283 1
2284 1
2285 1
2286 0
2287 0
2288 0
2289 1
2290 0
2291 1
2292 1
2293 1
2294 1
2295 1
2296 0
2297 1
2298 0
2299 0
2300 0
2301 1
2302 0
2303 0
2304 1
2305 1
2306 0
2307 1
2308 1
2309 1
2310 0
2311 1
2312 1
2313 0
2314 0
2315 0
2316 0
2317 0
2318 1
2319 0
2320 0
2321 1
2322 1
2323 1
2324 0
2325 0
2326 0
2327 1
2328 0
2329 0
2330 1
2331 1
2332 0
2333 0
2334 1
2335 0
2336 0
2337 1
2338 1
2339 1
2340 1
2341 1
2342 0
2343 0
2344 0
2345 1
2346 0
2347 0
2348 0
2349 0
2350 0
2351 1
2352 1
2353 0
2354 0
2355 0
2356 1
2357 0
2358 1
2359 1
2360 1
2361 1
2362 0
2363 0
2364 1
2365 1
2366 1
2367 1
2368 0
2369 0
2370 0
2371 1
2372 1
2373 0
2374 1
2375 0
2376 0
2377 1
2378 0
2379 1
2380 1
2381 1
2382 1
2383 0
2384 0
2385 0
2386 1
2387 0
2388 0
2389 0
2390 1
2391 1
2392 1
2393 1
2394 1
2395 1
2396 1
2397 1
2398 0
2399 0
2400 0
2401 1
2402 0
2403 1
2404 0
2405 1
2406 0
2407 0
2408 0
2409 0
2410 1
2411 0
2412 1
2413 1
2414 0
2415 1
2416 1
2417 0
2418 0
2419 1
2420 0
2421 1
2422 0
2423 0
2424 1
2425 0
2426 0
2427 1
2428 0
2429 1
2430 0
2431 1
2432 1
2433 1
2434 1
2435 0
2436 1
2437 1
2438 1
2439 0
2440 1
2441 0
2442 0
2443 1
2444 0
2445 0
2446 1
2447 0
2448 1
2449 0
2450 0
2451 1
2452 1
2453 1
2454 1
2455 0
2456 1
2457 0
2458 1
2459 0
2460 0
2461 1
2462 1
2463 1
2464 1
2465 0
2466 0
2467 0
2468 0
2469 1
2470 0
2471 1
2472 1
2473 0
2474 1
2475 1
2476 1
2477 1
2478 0
2479 0
2480 0
2481 0
2482 1
2483 0
2484 1
2485 0
2486 0
2487 0
2488 1
2489 1
2490 1
2491 0
2492 1
2493 1
2494 1
2495 1
2496 1
2497 0
2498 1
2499 1
2500 0
2501 0
2502 0
2503 1
2504 0
2505 1
2506 0
2507 0
2508 0
2509 1
2510 0
2511 1
2512 0
2513 0
2514 1
2515 0
2516 0
2517 1
2518 0
2519 1
2520 0
2521 1
2522 0
2523 1
2524 1
2525 1
2526 0
2527 0
2528 0
2529 1
2530 0
2531 0
2532 0
2533 1
2534 0
2535 0
2536 0
2537 0
2538 0
2539 0
2540 0
2541 0
2542 1
2543 0
2544 0
2545 1
2546 0
2547 0
2548 1
2549 0
2550 0
2551 0
2552 1
2553 0
2554 0
2555 1
2556 0
2557 0
2558 1
2559 1
2560 1
2561 0
2562 0
2563 1
2564 0
2565 0
2566 0
2567 0
2568 0
2569 1
2570 0
2571 1
2572 1
2573 0
2574 1
2575 0
2576 1
2577 1
2578 0
2579 0
2580 0
2581 0
2582 0
2583 1
2584 1
2585 0
2586 0
2587 0
2588 0
2589 0
2590 1
2591 1
2592 0
2593 0
2594 0
2595 1
2596 0
2597 0
2598 0
2599 1
2600 1
2601 1
2602 1
2603 0
2604 1
2605 0
2606 1
2607 0
2608 0
2609 1
2610 1
2611 1
2612 0
2613 0
2614 1
2615 0
2616 0
2617 1
2618 0
2619 0
2620 1
2621 1
2622 1
2623 0
2624 0
2625 0
2626 1
2627 1
2628 1
2629 1
2630 1
2631 1
2632 0
2633 0
2634 0
2635 0
2636 1
2637 0
2638 1
2639 1
2640 1
2641 1
2642 1
2643 0
2644 0
2645 1
2646 0
2647 0
2648 0
2649 1
2650 1
2651 0
2652 0
2653 0
2654 0
2655 1
2656 0
2657 0
2658 1
2659 0
2660 0
2661 0
2662 1
2663 1
2664 1
2665 1
2666 0
2667 0
2668 0
2669 0
2670 1
2671 1
2672 1
2673 1
2674 0
2675 1
2676 0
2677 0
2678 1
2679 1
2680 1
2681 0
2682 1
2683 1
2684 1
2685 1
2686 1
2687 0
2688 1
2689 0
2690 1
2691 1
2692 1
2693 0
2694 1
2695 1
2696 1
2697 0
2698 1
2699 0
2700 0
2701 0
2702 1
2703 1
2704 1
2705 0
2706 0
2707 1
2708 1
2709 1
2710 1
2711 1
2712 1
2713 0
2714 0
2715 0
2716 0
2717 1
2718 0
2719 1
2720 1
2721 1
2722 1
2723 1
2724 1
2725 0
2726 1
2727 0
2728 0
2729 0
2730 0
2731 1
2732 1
2733 0
2734 1
2735 1
2736 0
2737 0
2738 1
2739 1
2740 1
2741 0
2742 1
2743 0
2744 0
2745 0
2746 1
2747 1
2748 1
2749 1
2750 0
2751 1
2752 1
2753 0
2754 0
2755 1
2756 0
2757 0
2758 1
2759 0
2760 1
2761 0
2762 0
2763 1
2764 0
2765 1
2766 0
2767 1
2768 1
2769 0
2770 1
2771 1
2772 1
2773 0
2774 0
2775 1
2776 1
2777 0
2778 1
2779 1
2780 1
2781 1
2782 1
2783 0
2784 0
2785 1
2786 1
2787 0
2788 1
2789 0
2790 0
2791 0
2792 1
2793 1
2794 0
2795 0
2796 0
2797 1
2798 1
2799 0
2800 1
2801 0
2802 0
2803 1
2804 0
2805 0
2806 0
2807 0
2808 0
2809 1
2810 0
2811 1
2812 0
2813 0
2814 1
2815 1
2816 0
2817 1
2818 0
2819 1
2820 1
2821 1
2822 1
2823 1
2824 0
2825 0
2826 1
2827 0
2828 1
2829 1
2830 0
2831 0
2832 0
2833 0
2834 0
2835 0
2836 0
2837 1
2838 0
2839 0
2840 0
2841 0
2842 1
2843 1
2844 0
2845 1
2846 0
2847 1
2848 0
2849 0
2850 1
2851 1
2852 0
2853 1
2854 0
2855 0
2856 0
2857 0
2858 1
2859 0
2860 0
2861 1
2862 0
2863 0
2864 0
2865 0
2866 0
2867 0
2868 0
2869 0
2870 0
2871 1
2872 0
2873 0
2874 0
2875 1
2876 1
2877 0
2878 0
2879 1
2880 1
2881 1
2882 0
2883 1
2884 1
2885 1
2886 1
2887 0
2888 0
2889 1
2890 0
2891 1
2892 0
2893 1
2894 1
2895 0
2896 1
2897 1
2898 0
2899 0
2900 0
2901 1
2902 1
2903 0
2904 0
2905 0
2906 1
2907 1
2908 1
2909 1
2910 0
2911 1
2912 1
2913 1
2914 0
2915 1
2916 0
2917 0
2918 0
2919 1
2920 1
2921 1
2922 1
2923 1
2924 1
2925 1
2926 0
2927 1
2928 0
2929 0
2930 0
2931 0
2932 0
2933 1
2934 0
2935 0
2936 1
2937 0
2938 1
2939 0
2940 1
2941 0
2942 1
2943 1
2944 0
2945 1
2946 0
2947 0
2948 0
2949 0
2950 0
2951 0
2952 0
2953 1
2954 0
2955 0
2956 1
2957 0
2958 1
2959 1
2960 1
2961 0
2962 1
2963 1
2964 1
2965 1
2966 1
2967 1
2968 0
2969 1
2970 1
2971 0
2972 1
2973 1
2974 0
2975 1
2976 1
2977 0
2978 0
2979 0
2980 1
2981 0
2982 1
2983 0
2984 1
2985 0
2986 1
2987 1
2988 1
2989 0
2990 0
2991 0
2992 0
2993 0
2994 0
2995 0
2996 0
2997 0
2998 1
2999 0
3000 1
3001 0
3002 0
3003 0
3004 1
3005 1
3006 0
3007 0
3008 1
3009 0
3010 0
3011 1
3012 1
3013 0
3014 1
3015 0
3016 1
3017 1
3018 0
3019 0
3020 0
3021 1
3022 0
3023 1
3024 0
3025 1
3026 1
3027 1
3028 0
3029 1
3030 1
3031 0
3032 1
3033 0
3034 0
3035 0
3036 1
3037 0
3038 0
3039 0
3040 0
3041 1
3042 0
3043 1
3044 1
3045 0
3046 0
3047 0
3048 0
3049 1
3050 1
3051 0
3052 1
3053 1
3054 1
3055 1
3056 0
3057 0
3058 0
3059 1
3060 1
3061 1
3062 0
3063 0
3064 0
3065 1
3066 1
3067 1
3068 1
3069 1
3070 1
3071 1
3072 0
3073 1
3074 0
3075 1
3076 1
3077 0
3078 1
3079 1
3080 1
3081 0
3082 0
3083 0
3084 0
3085 1
3086 1
3087 0
3088 0
3089 1
3090 1
3091 1
3092 1
3093 0
3094 1
3095 0
3096 1
3097 1
3098 0
3099 0
3100 1
3101 1
3102 0
3103 1
3104 1
3105 1
3106 1
3107 0
3108 1
3109 0
3110 1
3111 1
3112 1
3113 1
3114 1
3115 1
3116 1
3117 1
3118 1
3119 0
3120 1
3121 1
3122 1
3123 1
3124 1
3125 0
3126 0
3127 0
3128 1
3129 1
3130 0
3131 0
3132 0
3133 1
3134 1
3135 0
3136 0
3137 1
3138 1
3139 0
3140 1
3141 0
3142 0
3143 0
3144 1
3145 1
3146 0
3147 1
3148 0
3149 1
3150 1
3151 0
3152 0
3153 1
3154 1
3155 0
3156 1
3157 1
3158 1
3159 1
3160 0
3161 0
3162 1
3163 1
3164 1
3165 1
3166 1
3167 0
3168 0
3169 1
3170 1
3171 1
3172 0
3173 1
3174 0
3175 1
3176 1
3177 1
3178 1
3179 1
3180 1
3181 0
3182 1
3183 0
3184 0
3185 0
3186 0
3187 1
3188 1
3189 0
3190 1
3191 0
3192 1
3193 0
3194 0
3195 1
3196 0
3197 1
3198 0
3199 0
3200 1
3201 1
3202 0
3203 0
3204 1
3205 1
3206 0
3207 0
3208 0
3209 1
3210 1
3211 0
3212 0
3213 0
3214 0
3215 0
3216 1
3217 0
3218 1
3219 1
3220 0
3221 1
3222 1
3223 1
3224 1
3225 1
3226 1
3227 1
3228 0
3229 0
3230 1
3231 0
3232 0
3233 1
3234 0
3235 0
3236 0
3237 0
3238 1
3239 1
3240 0
3241 0
3242 0
3243 1
3244 0
3245 0
3246 0
3247 1
3248 1
3249 1
3250 0
3251 0
3252 0
3253 0
3254 0
3255 1
3256 1
3257 0
3258 0
3259 1
3260 0
3261 0
3262 1
3263 1
3264 0
3265 0
3266 0
3267 0
3268 1
3269 1
3270 0
3271 1
3272 1
3273 0
3274 0
3275 1
3276 1
3277 0
3278 0
3279 1
3280 0
3281 1
3282 0
3283 1
3284 1
3285 0
3286 0
3287 1
3288 0
3289 0
3290 1
3291 0
3292 0
3293 1
3294 1
3295 1
3296 1
3297 0
3298 1
3299 0
3300 0
3301 1
3302 0
3303 1
3304 0
3305 0
3306 1
3307 0
3308 1
3309 1
3310 0
3311 1
3312 0
3313 1
3314 1
3315 1
3316 0
3317 0
3318 0
3319 0
3320 1
3321 0
3322 1
3323 0
3324 0
3325 1
3326 0
3327 0
3328 1
3329 1
3330 1
3331 0
3332 1
3333 1
3334 0
3335 0
3336 1
3337 0
3338 0
3339 1
3340 1
3341 0
3342 0
3343 1
3344 0
3345 1
3346 1
3347 1
3348 1
3349 1
3350 0
3351 0
3352 1
3353 1
3354 1
3355 1
3356 1
3357 0
3358 0
3359 0
3360 1
3361 1
3362 0
3363 0
3364 1
3365 0
3366 0
3367 1
3368 1
3369 1
3370 0
3371 0
3372 0
3373 0
3374 1
3375 0
3376 1
3377 0
3378 1
3379 1
3380 1
3381 0
3382 0
3383 0
3384 1
3385 0
3386 0
3387 1
3388 0
3389 0
3390 0
3391 0
3392 0
3393 0
3394 0
3395 1
3396 1
3397 1
3398 0
3399 1
3400 1
3401 1
3402 0
3403 1
3404 0
3405 1
3406 1
3407 1
3408 1
3409 0
3410 0
3411 0
3412 0
3413 0
3414 0
3415 0
3416 1
3417 1
3418 1
3419 1
3420 0
3421 1
3422 1
3423 0
3424 1
3425 0
3426 0
3427 1
3428 0
3429 1
3430 0
3431 1
3432 1
3433 0
3434 0
3435 1
3436 0
3437 0
3438 0
3439 0
3440 0
3441 0
3442 1
3443 0
3444 1
3445 0
3446 1
3447 0
3448 0
3449 0
3450 0
3451 0
3452 0
3453 0
3454 1
3455 0
3456 0
3457 0
3458 0
3459 0
3460 1
3461 0
3462 0
3463 0
3464 0
3465 1
3466 0
3467 0
3468 1
3469 0
3470 1
3471 0
3472 1
3473 1
3474 1
3475 1
3476 1
3477 1
3478 0
3479 0
3480 1
3481 0
3482 1
3483 1
3484 1
3485 1
3486 0
3487 0
3488 1
3489 1
3490 1
3491 0
3492 1
3493 1
3494 0
3495 1
3496 1
3497 1
3498 0
3499 0
3500 1
3501 0
3502 0
3503 0
3504 1
3505 1
3506 0
3507 0
3508 1
3509 0
3510 1
3511 1
3512 1
3513 1
3514 1
3515 0
3516 0
3517 0
3518 1
3519 0
3520 0
3521 1
3522 0
3523 0
3524 0
3525 1
3526 1
3527 1
3528 1
3529 0
3530 1
3531 0
3532 1
3533 1
3534 1
3535 0
3536 0
3537 0
3538 0
3539 0
3540 1
3541 1
3542 1
3543 1
3544 1
3545 1
3546 1
3547 0
3548 1
3549 1
3550 1
3551 1
3552 0
3553 1
3554 1
3555 0
3556 0
3557 1
3558 1
3559 0
3560 1
3561 1
3562 0
3563 0
3564 0
3565 0
3566 1
3567 0
3568 0
3569 1
3570 0
3571 1
3572 0
3573 0
3574 1
3575 0
3576 1
3577 1
3578 1
3579 1
3580 1
3581 1
3582 1
3583 1
3584 1
3585 0
3586 1
3587 0
3588 0
3589 0
3590 0
3591 1
3592 1
3593 0
3594 1
3595 0
3596 0
3597 1
3598 1
3599 0
3600 0
3601 0
3602 1
3603 0
3604 0
3605 0
3606 0
3607 0
3608 0
3609 1
3610 0
3611 1
3612 0
3613 1
3614 0
3615 0
3616 0
3617 0
3618 1
3619 0
3620 0
3621 0
3622 1
3623 1
3624 1
3625 1
3626 0
3627 1
3628 1
3629 1
3630 0
3631 0
3632 1
3633 1
3634 0
3635 1
3636 1
3637 1
3638 0
3639 1
3640 1
3641 0
3642 1
3643 0
3644 1
3645 1
3646 1
3647 1
3648 0
3649 0
3650 0
3651 0
3652 1
3653 1
3654 1
3655 1
3656 1
3657 1
3658 0
3659 1
3660 1
3661 0
3662 0
3663 1
3664 0
3665 1
3666 0
3667 0
3668 1
3669 1
3670 1
3671 0
3672 0
3673 1
3674 1
3675 1
3676 0
3677 0
3678 0
3679 0
3680 1
3681 1
3682 0
3683 0
3684 0
3685 1
3686 0
3687 1
3688 0
3689 0
3690 1
3691 1
3692 1
3693 0
3694 1
3695 1
3696 0
3697 1
3698 1
3699 1
3700 1
3701 0
3702 0
3703 1
3704 0
3705 0
3706 1
3707 1
3708 0
3709 1
3710 0
3711 0
3712 1
3713 1
3714 1
3715 0
3716 1
3717 0
3718 1
3719 0
3720 1
3721 0
3722 0
3723 1
3724 0
3725 0
3726 1
3727 1
3728 0
3729 0
3730 1
3731 0
3732 0
3733 1
3734 1
3735 1
3736 0
3737 0
3738 1
3739 1
3740 0
3741 1
3742 1
3743 0
3744 1
3745 1
3746 1
3747 0
3748 1
3749 1
3750 1
3751 1
3752 0
3753 0
3754 0
3755 1
3756 1
3757 1
3758 1
3759 1
3760 0
3761 0
3762 0
3763 0
3764 1
3765 1
3766 1
3767 1
3768 1
3769 0
3770 0
3771 1
3772 0
3773 1
3774 1
3775 0
3776 1
3777 0
3778 1
3779 1
3780 0
3781 0
3782 1
3783 1
3784 1
3785 0
3786 0
3787 1
3788 1
3789 1
3790 1
3791 1
3792 0
3793 1
3794 1
3795 0
3796 0
3797 0
3798 0
3799 0
3800 1
3801 1
3802 0
3803 1
3804 1
3805 1
3806 1
3807 0
3808 0
3809 1
3810 1
3811 0
3812 0
3813 1
3814 1
3815 0
3816 0
3817 0
3818 1
3819 1
3820 0
3821 1
3822 1
3823 1
3824 0
3825 1
3826 0
3827 0
3828 0
3829 1
3830 1
3831 1
3832 0
3833 1
3834 1
3835 0
3836 1
3837 0
3838 1
3839 0
3840 0
3841 0
3842 0
3843 1
3844 0
3845 1
3846 1
3847 0
3848 1
3849 1
3850 0
3851 0
3852 1
3853 0
3854 1
3855 1
3856 0
3857 0
3858 0
3859 1
3860 0
3861 0
3862 1
3863 1
3864 1
3865 0
3866 0
3867 1
3868 1
3869 0
3870 0
3871 0
3872 0
3873 0
3874 1
3875 0
3876 1
3877 1
3878 1
3879 1
3880 1
3881 1
3882 1
3883 1
3884 1
3885 0
3886 0
3887 0
3888 1
3889 1
3890 1
3891 1
3892 0
3893 0
3894 0
3895 0
3896 1
3897 0
3898 0
3899 1
3900 0
3901 0
3902 1
3903 0
3904 0
3905 0
3906 0
3907 0
3908 0
3909 0
3910 0
3911 1
3912 1
3913 1
3914 1
3915 0
3916 1
3917 1
3918 0
3919 1
3920 1
3921 1
3922 1
3923 1
3924 1
3925 1
3926 0
3927 0
3928 1
3929 1
3930 1
3931 1
3932 1
3933 0
3934 0
3935 1
3936 1
3937 1
3938 0
3939 1
3940 1
3941 1
3942 1
3943 1
3944 1
3945 1
3946 1
3947 1
3948 0
3949 0
3950 0
3951 0
3952 1
3953 0
3954 0
3955 0
3956 0
3957 1
3958 0
3959 1
3960 1
3961 0
3962 1
3963 0
3964 1
3965 0
3966 1
3967 1
3968 1
3969 1
3970 0
3971 0
3972 0
3973 1
3974 1
3975 1
3976 0
3977 0
3978 1
3979 1
3980 0
3981 1
3982 0
3983 1
3984 0
3985 1
3986 0
3987 0
3988 1
3989 0
3990 1
3991 1
3992 0
3993 1
3994 0
3995 0
3996 0
3997 1
3998 0
3999 1
4000 1
4001 1
4002 0
4003 1
4004 1
4005 0
4006 1
4007 0
4008 0
4009 0
4010 0
4011 0
4012 0
4013 1
4014 1
4015 0
4016 1
4017 1
4018 0
4019 0
4020 0
4021 1
4022 1
4023 0
4024 0
4025 1
4026 0
4027 1
4028 1
4029 1
4030 0
4031 1
4032 1
4033 0
4034 0
4035 0
4036 1
4037 1
4038 0
4039 1
4040 1
4041 0
4042 0
4043 0
4044 0
4045 1
4046 1
4047 1
4048 0
4049 0
4050 0
4051 0
4052 1
4053 1
4054 0
4055 0
4056 0
4057 1
4058 0
4059 1
4060 0
4061 1
4062 0
4063 0
4064 0
4065 1
4066 1
4067 0
4068 0
4069 0
4070 0
4071 0
4072 0
4073 0
4074 0
4075 1
4076 1
4077 0
4078 1
4079 0
4080 1
4081 0
4082 1
4083 1
4084 0
4085 0
4086 1
4087 0
4088 0
4089 1
4090 0
4091 0
4092 1
4093 0
4094 0
4095 1
4096 0
4097 1
4098 1
4099 0
4100 1
4101 0
4102 0
4103 1
4104 0
4105 1
4106 0
4107 0
4108 1
4109 1
4110 1
4111 1
4112 0
4113 1
4114 1
4115 0
4116 0
4117 0
4118 1
4119 0
4120 1
4121 0
4122 0
4123 0
4124 1
4125 1
4126 1
4127 1
4128 1
4129 1
4130 1
4131 1
4132 0
4133 1
4134 1
4135 0
4136 1
4137 1
4138 1
4139 1
4140 1
4141 0
4142 0
4143 0
4144 1
4145 0
4146 0
4147 1
4148 0
4149 0
4150 1
4151 1
4152 1
4153 0
4154 0
4155 0
4156 1
4157 1
4158 1
4159 1
4160 1
4161 0
4162 0
4163 1
4164 1
4165 1
4166 1
4167 1
4168 1
4169 1
4170 0
4171 1
4172 1
4173 1
4174 1
4175 0
4176 1
4177 0
4178 1
4179 1
4180 1
4181 0
4182 0
4183 1
4184 0
4185 0
4186 1
4187 0
4188 0
4189 1
4190 0
4191 0
4192 1
4193 0
4194 0
4195 0
4196 0
4197 1
4198 0
4199 1
4200 1
4201 0
4202 1
4203 0
4204 1
4205 1
4206 1
4207 1
4208 0
4209 0
4210 0
4211 1
4212 0
4213 1
4214 1
4215 0
4216 1
4217 0
4218 1
4219 1
4220 1
4221 1
4222 0
4223 1
4224 1
4225 1
4226 1
4227 1
4228 0
4229 1
4230 1
4231 1
4232 1
4233 1
4234 1
4235 1
4236 0
4237 0
4238 0
4239 1
4240 1
4241 0
4242 1
4243 0
4244 0
4245 1
4246 0
4247 1
4248 0
4249 0
4250 1
4251 0
4252 0
4253 1
4254 1
4255 0
4256 0
4257 1
4258 0
4259 1
4260 1
4261 1
4262 1
4263 1
4264 1
4265 1
4266 0
4267 1
4268 0
4269 0
4270 1
4271 1
4272 0
4273 0
4274 1
4275 1
4276 0
4277 1
4278 0
4279 0
4280 0
4281 1
4282 0
4283 1
4284 1
4285 1
4286 1
4287 0
4288 1
4289 1
4290 1
4291 0
4292 0
4293 1
4294 0
4295 1
4296 1
4297 0
4298 1
4299 0
4300 1
4301 1
4302 0
4303 1
4304 0
4305 1
4306 1
4307 0
4308 1
4309 1
4310 0
4311 0
4312 1
4313 1
4314 1
4315 1
4316 0
4317 1
4318 0
4319 1
4320 1
4321 1
4322 0
4323 0
4324 1
4325 1
4326 1
4327 0
4328 1
4329 0
4330 1
4331 1
4332 1
4333 0
4334 1
4335 1
4336 0
4337 0
4338 1
4339 1
4340 0
4341 1
4342 1
4343 1
4344 0
4345 0
4346 0
4347 1
4348 1
4349 1
4350 1
4351 1
4352 1
4353 1
4354 0
4355 0
4356 1
4357 1
4358 0
4359 0
4360 1
4361 1
4362 0
4363 0
4364 0
4365 0
4366 1
4367 1
4368 1
4369 0
4370 0
4371 0
4372 1
4373 0
4374 1
4375 1
4376 1
4377 0
4378 0
4379 0
4380 0
4381 1
4382 1
4383 0
4384 0
4385 1
4386 0
4387 0
4388 0
4389 1
4390 0
4391 0
4392 0
4393 0
4394 1
4395 1
4396 1
4397 0
4398 0
4399 1
4400 1
4401 0
4402 1
4403 0
4404 1
4405 1
4406 0
4407 1
4408 0
4409 0
4410 0
4411 1
4412 1
4413 0
4414 1
4415 1
4416 0
4417 1
4418 0
4419 1
4420 1
4421 0
4422 1
4423 1
4424 1
4425 0
4426 0
4427 0
4428 1
4429 1
4430 0
4431 1
4432 1
4433 0
4434 0
4435 0
4436 0
4437 1
4438 1
4439 1
4440 0
4441 1
4442 1
4443 1
4444 1
4445 1
4446 0
4447 0
4448 0
4449 0
4450 0
4451 1
4452 0
4453 1
4454 1
4455 0
4456 1
4457 0
4458 0
4459 0
4460 0
4461 1
4462 1
4463 0
4464 0
4465 1
4466 0
4467 1
4468 1
4469 1
4470 0
4471 0
4472 0
4473 0
4474 1
4475 0
4476 1
4477 0
4478 0
4479 0
4480 1
4481 0
4482 1
4483 1
4484 0
4485 1
4486 0
4487 0
4488 0
4489 1
4490 1
4491 1
4492 1
4493 1
4494 0
4495 0
4496 0
4497 1
4498 0
4499 0
4500 1
4501 1
4502 1
4503 1
4504 1
4505 1
4506 0
4507 1
4508 0
4509 1
4510 1
4511 0
4512 1
4513 0
4514 1
4515 0
4516 1
4517 0
4518 0
4519 0
4520 1
4521 0
4522 0
4523 0
4524 1
4525 1
4526 0
4527 1
4528 1
4529 1
4530 1
4531 0
4532 1
4533 1
4534 0
4535 1
4536 1
4537 0
4538 0
4539 0
4540 1
4541 0
4542 0
4543 0
4544 0
4545 1
4546 0
4547 0
4548 0
4549 1
4550 1
4551 1
4552 1
4553 0
4554 1
4555 0
4556 1
4557 0
4558 1
4559 1
4560 0
4561 1
4562 0
4563 0
4564 1
4565 0
4566 1
4567 1
4568 1
4569 0
4570 0
4571 0
4572 1
4573 1
4574 0
4575 0
4576 1
4577 0
4578 1
4579 1
4580 0
4581 0
4582 0
4583 1
4584 0
4585 1
4586 0
4587 1
4588 0
4589 0
4590 1
4591 1
4592 0
4593 0
4594 1
4595 1
4596 1
4597 1
4598 1
4599 0
4600 0
4601 1
4602 0
4603 0
4604 1
4605 0
4606 1
4607 1
4608 1
4609 1
4610 0
4611 1
4612 0
4613 0
4614 0
4615 1
4616 1
4617 0
4618 1
4619 0
4620 1
4621 0
4622 0
4623 0
4624 1
4625 0
4626 1
4627 0
4628 0
4629 1
4630 1
4631 1
4632 1
4633 0
4634 0
4635 0
4636 0
4637 1
4638 1
4639 1
4640 1
4641 0
4642 1
4643 1
4644 1
4645 0
4646 1
4647 0
4648 1
4649 0