0 338
1 287
2 417
3 579
4 359
5 51
6 825
7 589
8 266
9 737
10 181
11 547
12 313
13 137
14 821
15 920
16 389
17 21
18 697
19 38
20 46
21 419
22 38
23 861
24 491
25 747
26 376
27 693
28 696
29 385
30 434
31 119
32 738
33 632
34 231
35 936
36 312
37 450
38 996
39 675
40 705
41 195
42 454
43 292
44 696
45 312
46 156
47 334
48 482
49 187
50 765
51 758
52 451
53 108
54 754
55 255
56 191
57 495
58 947
59 139
60 33
61 285
62 827
63 347
64 590
65 603
66 939
67 332
68 698
69 486
70 285
71 906
72 177
73 378
74 704
75 715
76 382
77 215
78 137
79 618
80 258
81 446
82 733
83 369
84 322
85 377
86 347
87 753
88 46
89 513
90 187
91 573
92 535
93 137
94 243
95 743
96 642
97 286
98 124
99 676
100 404
101 630
102 445
103 437
104 909
105 112
106 60
107 967
108 148
109 880
110 250
111 309
112 772
113 365
114 26
115 801
116 237
117 239
118 626
119 787
120 668
121 936
122 381
123 427
124 354
125 437
126 690
127 115
128 391
129 595
130 641
131 216
132 30
133 211
134 369
135 681
136 389
137 679
138 8
139 152
140 701
141 157
142 299
143 985
144 57
145 530
146 775
147 863
148 935
149 431
150 346
151 409
152 566
153 69
154 113
155 598
156 914
157 396
158 114
159 523
160 194
161 1
162 817
163 441
164 759
165 317
166 573
167 428
168 819
169 316
170 703
171 659
172 764
173 17
174 60
175 512
176 529
177 993
178 991
179 649
180 45
181 188
182 814
183 422
184 691
185 218
186 163
187 300
188 894
189 970
190 846
191 456
192 30
193 542
194 902
195 402
196 827
197 331
198 646
199 971
200 223
201 366
202 6
203 366
204 697
205 110
206 348
207 193
208 426
209 601
210 37
211 116
212 422
213 118
214 225
215 407
216 839
217 42
218 147
219 96
220 930
221 957
222 556
223 750
224 870
225 598
226 968
227 675
228 818
229 246
230 614
231 452
232 386
233 188
234 58
235 259
236 527
237 605
238 64
239 563
240 117
241 671
242 950
243 940
244 554
245 424
246 311
247 15
248 57
249 458
250 416
251 232
252 833
253 290
254 589
255 630
256 401
257 750
258 739
259 8
260 581
261 918
262 834
263 719
264 355
265 401
266 931
267 727
268 931
269 297
270 403
271 16
272 660
273 771
274 70
275 892
276 950
277 136
278 80
279 865
280 895
281 78
282 383
283 487
284 182
285 261
286 505
287 292
288 51
289 585
290 960
291 698
292 171
293 464
294 583
295 403
296 918
297 385
298 766
299 925
300 532
301 398
302 722
303 618
304 198
305 337
306 493
307 904
308 284
309 918
310 525
311 683
312 645
313 74
314 889
315 382
316 556
317 873
318 935
319 686
320 932
321 484
322 167
323 412
324 424
325 465
326 543
327 897
328 225
329 760
330 469
331 611
332 398
333 885
334 572
335 76
336 332
337 266
338 772
339 588
340 880
341 996
342 731
343 14
344 270
345 601
346 249
347 5
348 908
349 582
350 369
351 991
352 746
353 362
354 186
355 112
356 526
357 98
358 627
359 459
360 497
361 419
362 548
363 79
364 26
365 710
366 862
367 513
368 696
369 106
370 943
371 413
372 499
373 578
374 85
375 984
376 589
377 531
378 19
379 23
380 580
381 825
382 210
383 545
384 58
385 328
386 243
387 46
388 781
389 641
390 89
391 831
392 248
393 890
394 89
395 830
396 828
397 532
398 258
399 714
400 41
401 167
402 217
403 82
404 70
405 738
406 165
407 240
408 922
409 618
410 385
411 700
412 980
413 994
414 800
415 325
416 337
417 499
418 499
419 935
420 268
421 165
422 299
423 892
424 109
425 713
426 752
427 873
428 453
429 834
430 651
431 597
432 293
433 802
434 535
435 403
436 80
437 294
438 534
439 443
440 287
441 582
442 590
443 554
444 537
445 754
446 889
447 538
448 985
449 272
450 708
451 835
452 722
453 595
454 173
455 575
456 105
457 689
458 229
459 971
460 447
461 566
462 231
463 230
464 361
465 292
466 641
467 347
468 264
469 327
470 4
471 495
472 915
473 843
474 294
475 374
476 177
477 235
478 685
479 194
480 408
481 58
482 549
483 888
484 156
485 67
486 758
487 927
488 143
489 213
490 763
491 92
492 803
493 142
494 757
495 239
496 217
497 155
498 772
499 724
500 89
501 341
502 425
503 206
504 974
505 395
506 650
507 280
508 662
509 126
510 154
511 793
512 221
513 667
514 951
515 123
516 19
517 430
518 528
519 966
520 372
521 917
522 34
523 469
524 844
525 158
526 767
527 753
528 732
529 803
530 284
531 583
532 451
533 871
534 305
535 818
536 750
537 518
538 505
539 956
540 159
541 411
542 181
543 843
544 321
545 433
546 905
547 74
548 970
549 19
550 299
551 638
552 202
553 118
554 114
555 729
556 561
557 343
558 160
559 813
560 346
561 718
562 680
563 945
564 335
565 702
566 553
567 206
568 777
569 837
570 871
571 684
572 245
573 709
574 165
575 752
576 591
577 148
578 813
579 322
580 891
581 596
582 664
583 449
584 148
585 772
586 161
587 475
588 255
589 491
590 112
591 131
592 160
593 554
594 868
595 905
596 415
597 256
598 499
599 595
600 616
601 573
602 896
603 161
604 226
605 609
606 385
607 278
608 273
609 97
610 404
611 247
612 493
613 629
614 310
615 174
616 815
617 300
618 720
619 69
620 123
621 189
622 335
623 188
624 521
625 151
626 331
627 651
628 352
629 686
630 926
631 210
632 804
633 393
634 432
635 966
636 762
637 332
638 77
639 253
640 191
641 736
642 996
643 18
644 936
645 640
646 687
647 491
648 121
649 345
650 223
651 73
652 622
653 423
654 395
655 80
656 887
657 815
658 970
659 741
660 516
661 776
662 102
663 4
664 937
665 744
666 300
667 133
668 197
669 345
670 425
671 638
672 783
673 224
674 97
675 802
676 619
677 537
678 511
679 606
680 606
681 807
682 976
683 748
684 796
685 266
686 585
687 261
688 99
689 144
690 52
691 296
692 317
693 695
694 872
695 135
696 982
697 373
698 59
699 159
700 61
701 352
702 560
703 369
704 709
705 79
706 90
707 863
708 370
709 582
710 120
711 376
712 865
713 513
714 702
715 760
716 723
717 293
718 840
719 741
720 888
721 827
722 441
723 657
724 820
725 485
726 798
727 109
728 840
729 847
730 402
731 827
732 637
733 961
734 248
735 172
736 646
737 652
738 727
739 794
740 282
741 247
742 339
743 528
744 376
745 436
746 323
747 818
748 576
749 521
750 56
751 763
752 807
753 415
754 632
755 773
756 778
757 874
758 7
759 277
760 303
761 850
762 489
763 245
764 741
765 713
766 58
767 794
768 803
769 581
770 646
771 58
772 543
773 277
774 918
775 237
776 716
777 25
778 990
779 452
780 929
781 40
782 177
783 923
784 504
785 196
786 148
787 262
788 298
789 633
790 24
791 214
792 55
793 592
794 931
795 409
796 808
797 352
798 764
799 633
800 32
801 410
802 537
803 735
804 894
805 519
806 563
807 883
808 178
809 84
810 168
811 9
812 105
813 292
814 656
815 567
816 476
817 152
818 549
819 891
820 863
821 638
822 685
823 697
824 888
825 498
826 497
827 397
828 711
829 404
830 880
831 299
832 344
833 376
834 254
835 678
836 863
837 558
838 662
839 492
840 887
841 438
842 640
843 55
844 469
845 117
846 663
847 725
848 474
849 342
850 583
851 835
852 261
853 758
854 347
855 344
856 990
857 544
858 413
859 646
860 62
861 569
862 36
863 813
864 261
865 487
866 994
867 290
868 378
869 39
870 179
871 580
872 405
873 996
874 367
875 933
876 895
877 309
878 503
879 65
880 880
881 592
882 548
883 878
884 434
885 217
886 894
887 642
888 559
889 159
890 849
891 253
892 956
893 559
894 720
895 801
896 331
897 853
898 451
899 860
900 110
901 495
902 548
903 531
904 922
905 645
906 653
907 993
908 26
909 130
910 85
911 621
912 299
913 528
914 723
915 4
916 42
917 389
918 542
919 407
920 672
921 365
922 941
923 32
924 480
925 393
926 315
927 492
928 8
929 608
930 965
931 212
932 600
933 385
934 417
935 107
936 335
937 746
938 138
939 760
940 971
941 917
942 336
943 538
944 286
945 452
946 15
947 304
948 396
949 198
950 894
951 819
952 110
953 60
954 571
955 947
956 695
957 170
958 772
959 942
960 491
961 322
962 52
963 785
964 671
965 135
966 847
967 661
968 151
969 88
970 36
971 105
972 196
973 952
974 280
975 521
976 789
977 194
978 979
979 184
980 964
981 159
982 507
983 160
984 246
985 772
986 7
987 264
988 384
989 26
990 736
991 930
992 154
993 607
994 697
995 245
996 392
997 954
998 129
999 870
1000 436
1001 161
1002 150
1003 297
1004 935
1005 76
1006 508
1007 758
1008 273
1009 631
1010 163
1011 519
1012 565
1013 478
1014 352
1015 597
1016 536
1017 685
1018 215
1019 928
1020 548
1021 213
1022 290
1023 344
1024 979
1025 176
1026 712
1027 636
1028 689
1029 634
1030 927
1031 618
1032 863
1033 879
1034 364
1035 322
1036 345
1037 740
1038 166
1039 167
1040 341
1041 157
1042 840
1043 895
1044 918
1045 582
1046 329
1047 230
1048 965
1049 999
1050 990
1051 712
1052 348
1053 595
1054 719
1055 925
1056 585
1057 229
1058 787
1059 362
1060 770
1061 891
1062 916
1063 516
1064 233
1065 913
1066 91
1067 448
1068 886
1069 324
1070 900
1071 879
1072 685
1073 99
1074 148
1075 352
1076 248
1077 117
1078 234
1079 333
1080 344
1081 173
1082 422
1083 503
1084 861
1085 453
1086 154
1087 947
1088 927
1089 257
1090 439
1091 149
1092 396
1093 734
1094 705
1095 936
1096 453
1097 496
1098 354
1099 251
1100 338
1101 818
1102 877
1103 770
1104 332
1105 214
1106 337
1107 932
1108 486
1109 897
1110 54
1111 192
1112 95
1113 709
1114 233
1115 195
1116 429
1117 404
1118 455
1119 794
1120 84
1121 156
1122 53
1123 153
1124 444
1125 686
1126 245
1127 941
1128 368
1129 955
1130 138
1131 699
1132 107
1133 88
1134 205
1135 770
1136 760
1137 560
1138 654
1139 793
1140 768
1141 229
1142 534
1143 662
1144 568
1145 910
1146 422
1147 440
1148 914
1149 169
1150 259
1151 99
1152 714
1153 109
1154 915
1155 633
1156 252
1157 102
1158 761
1159 219
1160 689
1161 506
1162 569
1163 824
1164 872
1165 791
1166 160
1167 66
1168 604
1169 633
1170 819
1171 241
1172 497
1173 630
1174 723
1175 39
1176 364
1177 99
1178 66
1179 215
1180 887
1181 350
1182 999
1183 326
1184 466
1185 496
1186 229
1187 318
1188 178
1189 843
1190 493
1191 845
1192 360
1193 968
1194 594
1195 367
1196 797
1197 159
1198 495
1199 521
1200 48
1201 648
1202 725
1203 939
1204 547
1205 789
1206 616
1207 929
1208 297
1209 650
1210 82
1211 571
1212 814
1213 330
1214 473
1215 513
1216 195
1217 565
1218 565
1219 622
1220 222
1221 605
1222 421
1223 621
1224 84
1225 815
1226 98
1227 906
1228 988
1229 823
1230 788
1231 614
1232 903
1233 683
1234 445
1235 384
1236 580
1237 656
1238 486
1239 325
1240 424
1241 858
1242 658
1243 810
1244 595
1245 311
1246 539
1247 129
1248 210
1249 685
1250 607
1251 393
1252 856
1253 126
1254 489
1255 270
1256 216
1257 830
1258 452
1259 728
1260 64
1261 873
1262 787
1263 129
1264 441
1265 795
1266 260
1267 272
1268 469
1269 152
1270 342
1271 786
1272 763
1273 739
1274 763
1275 159
1276 659
1277 588
1278 448
1279 188
1280 647
1281 164
1282 582
1283 396
1284 986
1285 988
1286 74
1287 629
1288 167
1289 68
1290 210
1291 629
1292 348
1293 690
1294 939
1295 202
1296 400
1297 275
1298 560
1299 763
1300 877
1301 349
1302 265
1303 416
1304 749
1305 974
1306 214
1307 905
1308 36
1309 315
1310 774
1311 405
1312 858
1313 778
1314 443
1315 42
1316 547
1317 784
1318 455
1319 983
1320 676
1321 313
1322 602
1323 245
1324 281
1325 306
1326 746
1327 826
1328 939
1329 919
1330 326
1331 393
1332 744
1333 906
1334 728
1335 181
1336 113
1337 343
1338 932
1339 844
1340 906
1341 375
1342 851
1343 354
1344 703
1345 210
1346 831
1347 126
1348 392
1349 573
1350 400
1351 34
1352 565
1353 506
1354 160
1355 616
1356 136
1357 472
1358 333
1359 562
1360 61
1361 582
1362 74
1363 241
1364 318
1365 94
1366 550
1367 679
1368 31
1369 696
1370 271
1371 351
1372 257
1373 352
1374 798
1375 845
1376 179
1377 654
1378 501
1379 796
1380 855
1381 614
1382 90
1383 816
1384 813
1385 820
1386 106
1387 822
1388 622
1389 657
1390 729
1391 95
1392 329
1393 536
1394 52
1395 676
1396 651
1397 478
1398 379
1399 152
1400 582
1401 118
1402 686
1403 912
1404 748
1405 566
1406 908
1407 414
1408 558
1409 637
1410 448
1411 742
1412 431
1413 196
1414 804
1415 508
1416 12
1417 375
1418 309
1419 161
1420 57
1421 895
1422 232
1423 519
1424 635
1425 39
1426 324
1427 597
1428 143
1429 853
1430 723
1431 545
1432 850
1433 53
1434 193
1435 545
1436 227
1437 518
1438 488
1439 520
1440 876
1441 525
1442 378
1443 454
1444 52
1445 976
1446 247
1447 873
1448 563
1449 737
1450 132
1451 548
1452 733
1453 953
1454 553
1455 34
1456 640
1457 865
1458 422
1459 804
1460 969
1461 756
1462 162
1463 831
1464 830
1465 397
1466 269
1467 682
1468 302
1469 820
1470 920
1471 223
1472 767
1473 811
1474 767
1475 476
1476 478
1477 698
1478 647
1479 621
1480 965
1481 681
1482 654
1483 487
1484 773
1485 884
1486 232
1487 503
1488 401
1489 943
1490 271
1491 722
1492 8
1493 243
1494 24
1495 65
1496 15
1497 578
1498 795
1499 953
1500 726
1501 393
1502 507
1503 745
1504 692
1505 316
1506 676
1507 249
1508 87
1509 474
1510 421
1511 10
1512 250
1513 82
1514 568
1515 775
1516 495
1517 648
1518 789
1519 185
1520 78
1521 194
1522 453
1523 347
1524 185
1525 562
1526 864
1527 142
1528 539
1529 424
1530 532
1531 768
1532 12
1533 186
1534 130
1535 477
1536 335
1537 100
1538 292
1539 478
1540 106
1541 783
1542 125
1543 89
1544 162
1545 751
1546 247
1547 959
1548 887
1549 422
1550 181
1551 549
1552 33
1553 454
1554 381
1555 334
1556 480
1557 248
1558 743
1559 639
1560 879
1561 188
1562 733
1563 557
1564 958
1565 774
1566 660
1567 465
1568 58
1569 135
1570 736
1571 858
1572 58
1573 493
1574 923
1575 115
1576 656
1577 982
1578 992
1579 559
1580 171
1581 947
1582 472
1583 889
1584 549
1585 31
1586 105
1587 146
1588 302
1589 876
1590 102
1591 267
1592 709
1593 267
1594 419
1595 141
1596 225
1597 185
1598 308
1599 447
1600 80
1601 501
1602 587
1603 670
1604 115
1605 229
1606 870
1607 25
1608 368
1609 436
1610 75
1611 864
1612 442
1613 796
1614 244
1615 260
1616 906
1617 427
1618 153
1619 691
1620 572
1621 815
1622 732
1623 207
1624 121
1625 413
1626 108
1627 682
1628 269
1629 927
1630 787
1631 992
1632 728
1633 397
1634 706
1635 297
1636 484
1637 206
1638 983
1639 577
1640 564
1641 828
1642 90
1643 817
1644 853
1645 467
1646 197
1647 264
1648 877
1649 995
1650 375
1651 158
1652 158
1653 722
1654 241
1655 796
1656 770
1657 89
1658 949
1659 12
1660 207
1661 337
1662 693
1663 183
1664 790
1665 769
1666 195
1667 405
1668 136
1669 693
1670 47
1671 369
1672 954
1673 49
1674 683
1675 65
1676 344
1677 338
1678 100
1679 755
1680 863
1681 461
1682 971
1683 489
1684 96
1685 974
1686 655
1687 976
1688 904
1689 133
1690 907
1691 84
1692 590
1693 168
1694 400
1695 476
1696 977
1697 200
1698 953
1699 566
1700 105
1701 717
1702 997
1703 828
1704 413
1705 685
1706 297
1707 750
1708 843
1709 845
1710 190
1711 331
1712 253
1713 610
1714 275
1715 705
1716 858
1717 883
1718 311
1719 516
1720 123
1721 876
1722 8
1723 650
1724 514
1725 333
1726 815
1727 926
1728 855
1729 51
1730 355
1731 207
1732 66
1733 615
1734 479
1735 853
1736 515
1737 856
1738 988
1739 178
1740 580
1741 713
1742 505
1743 439
1744 312
1745 153
1746 78
1747 664
1748 413
1749 348
1750 937
1751 545
1752 838
1753 378
1754 192
1755 112
1756 701
1757 901
1758 472
1759 50
1760 40
1761 380
1762 440
1763 389
1764 803
1765 647
1766 984
1767 480
1768 544
1769 485
1770 963
1771 684
1772 360
1773 913
1774 502
1775 212
1776 890
1777 584
1778 856
1779 240
1780 868
1781 871
1782 862
1783 38
1784 906
1785 921
1786 82
1787 590
1788 686
1789 392
1790 599
1791 652
1792 764
1793 506
1794 683
1795 519
1796 200
1797 319
1798 237
1799 621
1800 369
1801 570
1802 440
1803 370
1804 300
1805 29
1806 235
1807 199
1808 612
1809 903
1810 479
1811 336
1812 683
1813 53
1814 91
1815 496
1816 882
1817 854
1818 746
1819 539
1820 787
1821 556
1822 960
1823 885
1824 167
1825 657
1826 582
1827 65
1828 336
1829 134
1830 510
1831 967
1832 854
1833 538
1834 228
1835 657
1836 833
1837 767
1838 239
1839 734
1840 896
1841 42
1842 747
1843 104
1844 973
1845 239
1846 684
1847 820
1848 820
1849 254
1850 359
1851 835
1852 281
1853 484
1854 536
1855 674
1856 263
1857 272
1858 191
1859 921
1860 518
1861 369
1862 284
1863 281
1864 249
1865 567
1866 727
1867 847
1868 680
1869 232
1870 35
1871 214
1872 249
1873 234
1874 905
1875 661
1876 83
1877 236
1878 269
1879 40
1880 442
1881 718
1882 437
1883 110
1884 195
1885 516
1886 965
1887 857
1888 571
1889 325
1890 931
1891 244
1892 572
1893 811
1894 932
1895 399
1896 324
1897 158
1898 552
1899 172
1900 332
1901 696
1902 254
1903 520
1904 461
1905 757
1906 348
1907 599
1908 726
1909 733
1910 853
1911 632
1912 540
1913 307
1914 543
1915 145
1916 43
1917 700
1918 420
1919 592
1920 542
1921 403
1922 270
1923 868
1924 846
1925 137
1926 51
1927 253
1928 459
1929 234
1930 895
1931 322
1932 738
1933 696
1934 89
1935 408
1936 891
1937 876
1938 620
1939 536
1940 568
1941 472
1942 309
1943 969
1944 834
1945 429
1946 180
1947 711
1948 681
1949 479
1950 983
1951 934
1952 118
1953 520
1954 875
1955 644
1956 611
1957 277
1958 523
1959 275
1960 475
1961 682
1962 626
1963 743
1964 863
1965 935
1966 346
1967 665
1968 378
1969 331
1970 821
1971 904
1972 623
1973 904
1974 535
1975 710
1976 127
1977 355
1978 461
1979 577
1980 564
1981 311
1982 392
1983 568
1984 414
1985 433
1986 704
1987 876
1988 814
1989 935
1990 541
1991 608
1992 411
1993 647
1994 101
1995 925
1996 13
1997 309
1998 600
1999 610
2000 418
2001 514
2002 905
2003 385
2004 680
2005 713
2006 965
2007 86
2008 766
2009 295
2010 23
2011 117
2012 228
2013 810
2014 387
2015 667
2016 152
2017 704
2018 952
2019 596
2020 625
2021 670
2022 275
2023 828
2024 652
2025 775
2026 148
2027 53
2028 797
2029 973
2030 525
2031 939
2032 478
2033 561
2034 751
2035 522
2036 861
2037 652
2038 825
2039 313
2040 755
2041 516
2042 656
2043 444
2044 971
2045 480
2046 204
2047 747
2048 42
2049 348
2050 900
2051 720
2052 297
2053 767
2054 876
2055 117
2056 527
2057 661
2058 693
2059 735
2060 330
2061 762
2062 57
2063 345
2064 185
2065 506
2066 325
2067 747
2068 49
2069 22
2070 881
2071 539
2072 241
2073 557
2074 521
2075 522
2076 257
2077 852
2078 336
2079 979
2080 336
2081 529
2082 89
2083 276
2084 201
2085 838
2086 714
2087 530
2088 269
2089 896
2090 158
2091 824
2092 928
2093 522
2094 313
2095 44
2096 564
2097 624
2098 8
2099 927
2100 637
2101 219
2102 423
2103 750
2104 298
2105 724
2106 477
2107 163
2108 208
2109 879
2110 771
2111 171
2112 93
2113 249
2114 301
2115 318
2116 38
2117 378
2118 374
2119 915
2120 911
2121 760
2122 532
2123 582
2124 884
2125 592
2126 277
2127 899
2128 537
2129 158
2130 105
2131 444
2132 747
2133 168
2134 500
2135 796
2136 966
2137 770
2138 883
2139 67
2140 889
2141 604
2142 7
2143 781
2144 116
2145 10
2146 553
2147 391
2148 635
2149 357
2150 905
2151 314
2152 58
2153 415
2154 588
2155 239
2156 215
2157 435
2158 127
2159 313
2160 561
2161 749
2162 840
2163 203
2164 996
2165 618
2166 270
2167 483
2168 743
2169 547
2170 898
2171 701
2172 596
2173 142
2174 502
2175 345
2176 927
2177 900
2178 456
2179 738
2180 184
2181 253
2182 541
2183 80
2184 857
2185 325
2186 640
2187 808
2188 9
2189 704
2190 667
2191 46
2192 559
2193 489
2194 282
2195 648
2196 465
2197 860
2198 443
2199 506
2200 644
2201 652
2202 521
2203 755
2204 528
2205 80
2206 322
2207 86
2208 377
2209 429
2210 312
2211 643
2212 170
2213 343
2214 89
2215 864
2216 894
2217 673
2218 191
2219 900
2220 368
2221 664
2222 469
2223 753
2224 40
2225 761
2226 721
2227 553
2228 661
2229 350
2230 512
2231 196
2232 189
2233 503
2234 425
2235 978
2236 804
2237 159
2238 489
2239 203
2240 25
2241 697
2242 57
2243 427
2244 99
2245 27
2246 693
2247 109
2248 62
2249 783
2250 105
2251 506
2252 727
2253 19
2254 283
2255 113
2256 665
2257 993
2258 848
2259 25
2260 740
2261 320
2262 503
2263 180
2264 803
2265 154
2266 188
2267 422
2268 807
2269 501
2270 347
2271 32
2272 841
2273 614
2274 911
2275 77
2276 875
2277 991
2278 901
2279 325
2280 705
2281 488
2282 10
2283 852
2284 961
2285 347
2286 924
2287 463
2288 816
2289 425
2290 623
2291 894
2292 946
2293 809
2294 55
2295 993
2296 109
2297 368
2298 709
2299 682
2300 782
2301 649
2302 556
2303 438
2304 111
2305 904
2306 63
2307 784
2308 305
2309 963
2310 220
2311 709
2312 832
2313 957
2314 603
2315 381
2316 249
2317 355
2318 998
2319 400
2320 983
2321 144
2322 664
2323 287
2324 885
2325 730
2326 275
2327 989
2328 442
2329 578
2330 854
2331 822
2332 971
2333 931
2334 865
2335 798
2336 448
2337 433
2338 628
2339 550
2340 300
2341 713
2342 237
2343 474
2344 170
2345 317
2346 573
2347 631
2348 209
2349 28
2350 644
2351 180
2352 728
2353 736
2354 301
2355 970
2356 391
2357 885
2358 872
2359 527
2360 725
2361 536
2362 378
2363 247
2364 570
2365 503
2366 266
2367 989
2368 272
2369 763
2370 584
2371 722
2372 543
2373 809
2374 35
2375 785
2376 777
2377 105
2378 591
2379 198
2380 562
2381 937
2382 151
2383 317
2384 919
2385 768
2386 273
2387 48
2388 158
2389 421
2390 1
2391 238
2392 310
2393 149
2394 761
2395 932
2396 911
2397 750
2398 551
2399 119
2400 657
2401 293
2402 624
2403 624
2404 183
2405 962
2406 883
2407 113
2408 516
2409 746
2410 556
2411 292
2412 680
2413 921
2414 439
2415 697
2416 256
2417 74
2418 215
2419 322
2420 241
2421 524
2422 651
2423 386
2424 682
2425 21
2426 737
2427 322
2428 661
2429 516
2430 735
2431 663
2432 763
2433 782
2434 224
2435 844
2436 316
2437 593
2438 945
2439 506
2440 625
2441 623
2442 645
2443 731
2444 64
2445 137
2446 785
2447 430
2448 206
2449 886
2450 669
2451 420
2452 438
2453 859
2454 812
2455 208
2456 438
2457 306
2458 268
2459 944
2460 744
2461 147
2462 127
2463 514
2464 530
2465 15
2466 306
2467 497
2468 271
2469 119
2470 317
2471 129
2472 114
2473 460
2474 504
2475 343
2476 318
2477 949
2478 254
2479 176
2480 351
2481 875
2482 337
2483 285
2484 12
2485 659
2486 578
2487 962
2488 682
2489 764
2490 878
2491 977
2492 883
2493 867
2494 996
2495 798
2496 718
2497 465
2498 104
2499 844
2500 605
2501 445
2502 26
2503 408
2504 50
2505 552
2506 734
2507 794
2508 373
2509 394
2510 421
2511 943
2512 268
2513 321
2514 360
2515 564
2516 765
2517 787
2518 888
2519 714
2520 20
2521 34
2522 28
2523 175
2524 989
2525 289
2526 798
2527 952
2528 697
2529 640
2530 531
2531 961
2532 395
2533 939
2534 643
2535 707
2536 451
2537 962
2538 431
2539 501
2540 417
2541 11
2542 714
2543 659
2544 144
2545 498
2546 946
2547 261
2548 233
2549 431
2550 892
2551 738
2552 257
2553 449
2554 966
2555 978
2556 370
2557 828
2558 646
2559 112
2560 46
2561 983
2562 75
2563 509
2564 554
2565 82
2566 637
2567 931
2568 912
2569 486
2570 306
2571 249
2572 185
2573 821
2574 13
2575 354
2576 905
2577 695
2578 326
2579 896
2580 221
2581 167
2582 862
2583 189
2584 17
2585 236
2586 869
2587 935
2588 603
2589 252
2590 881
2591 248
2592 251
2593 316
2594 953
2595 835
2596 143
2597 857
2598 193
2599 296
2600 182
2601 100
2602 230
2603 796
2604 393
2605 58
2606 126
2607 374
2608 963
2609 260
2610 635
2611 446
2612 3
2613 536
2614 149
2615 442
2616 476
2617 551
2618 484
2619 4
2620 905
2621 172
2622 923
2623 889
2624 421
2625 589
2626 608
2627 174
2628 487
2629 433
2630 924
2631 582
2632 61
2633 220
2634 47
2635 504
2636 358
2637 117
2638 36
2639 215
2640 532
2641 871
2642 979
2643 147
2644 274
2645 109
2646 295
2647 960
2648 864
2649 172
2650 510
2651 218
2652 530
2653 646
2654 266
2655 569
2656 998
2657 517
2658 143
2659 987
2660 440
2661 365
2662 415
2663 394
2664 111
2665 177
2666 541
2667 793
2668 612
2669 407
2670 144
2671 787
2672 71
2673 984
2674 793
2675 105
2676 619
2677 585
2678 343
2679 172
2680 389
2681 866
2682 932
2683 111
2684 901
2685 468
2686 815
2687 495
2688 785
2689 897
2690 213
2691 418
2692 25
2693 165
2694 303
2695 544
2696 553
2697 969
2698 819
2699 60
2700 142
2701 5
2702 784
2703 878
2704 748
2705 657
2706 476
2707 120
2708 963
2709 506
2710 248
2711 732
2712 555
2713 642
2714 790
2715 140
2716 579
2717 933
2718 169
2719 798
2720 215
2721 319
2722 799
2723 393
2724 467
2725 484
2726 779
2727 764
2728 141
2729 539
2730 700
2731 426
2732 99
2733 914
2734 963
2735 755
2736 312
2737 788
2738 820
2739 153
2740 182
2741 372
2742 486
2743 16
2744 283
2745 635
2746 91
2747 491
2748 649
2749 192
2750 247
2751 441
2752 580
2753 504
2754 947
2755 540
2756 593
2757 925
2758 87
2759 414
2760 803
2761 22
2762 456
2763 973
2764 467
2765 435
2766 774
2767 203
2768 981
2769 332
2770 675
2771 185
2772 841
2773 206
2774 758
2775 848
2776 94
2777 910
2778 46
2779 879
2780 151
2781 309
2782 608
2783 435
2784 15
2785 837
2786 893
2787 456
2788 225
2789 317
2790 523
2791 485
2792 30
2793 465
2794 992
2795 759
2796 786
2797 226
2798 369
2799 746
2800 72
2801 950
2802 873
2803 654
2804 960
2805 903
2806 578
2807 131
2808 779
2809 151
2810 306
2811 160
2812 242
2813 273
2814 466
2815 609
2816 797
2817 889
2818 876
2819 490
2820 828
2821 229
2822 118
2823 363
2824 425
2825 611
2826 964
2827 727
2828 227
2829 550
2830 644
2831 325
2832 4
2833 320
2834 690
2835 621
2836 400
2837 714
2838 210
2839 330
2840 989
2841 805
2842 840
2843 507
2844 472
2845 454
2846 985
2847 291
2848 440
2849 724
2850 981
2851 907
2852 241
2853 577
2854 957
2855 882
2856 487
2857 950
2858 855
2859 632
2860 35
2861 87
2862 382
2863 185
2864 583
2865 994
2866 453
2867 271
2868 733
2869 708
2870 88
2871 319
2872 710
2873 709
2874 22
2875 174
2876 993
2877 121
2878 227
2879 626
2880 993
2881 970
2882 461
2883 429
2884 501
2885 145
2886 813
2887 186
2888 235
2889 514
2890 506
2891 223
2892 935
2893 217
2894 682
2895 29
2896 69
2897 481
2898 497
2899 129
2900 381
2901 971
2902 586
2903 473
2904 15
2905 183
2906 9
2907 256
2908 199
2909 83
2910 950
2911 798
2912 893
2913 356
2914 807
2915 280
2916 313
2917 340
2918 796
2919 932
2920 777
2921 477
2922 849
2923 545
2924 682
2925 553
2926 421
2927 749
2928 791
2929 19
2930 674
2931 0
2932 693
2933 570
2934 946
2935 497
2936 717
2937 100
2938 871
2939 663
2940 540
2941 141
2942 405
2943 358
2944 208
2945 19
2946 723
2947 969
2948 32
2949 578
2950 196
2951 817
2952 281
2953 522
2954 842
2955 949
2956 795
2957 669
2958 822
2959 496
2960 885
2961 628
2962 433
2963 602
2964 942
2965 931
2966 6
2967 356
2968 823
2969 644
2970 768
2971 59
2972 526
2973 167
2974 240
2975 437
2976 881
2977 398
2978 371
2979 385
2980 892
2981 264
2982 577
2983 557
2984 650
2985 394
2986 114
2987 207
2988 530
2989 54
2990 439
2991 147
2992 816
2993 450
2994 345
2995 975
2996 575
2997 993
2998 86
2999 609
3000 655
3001 949
3002 134
3003 638
3004 557
3005 919
3006 357
3007 990
3008 141
3009 809
3010 23
3011 700
3012 562
3013 464
3014 543
3015 482
3016 503
3017 278
3018 210
3019 461
3020 63
3021 776
3022 418
3023 172
3024 650
3025 269
3026 949
3027 833
3028 865
3029 487
3030 33
3031 212
3032 123
3033 492
3034 97
3035 803
3036 32
3037 897
3038 317
3039 574
3040 188
3041 385
3042 606
3043 39
3044 435
3045 206
3046 77
3047 377
3048 642
3049 253
3050 197
3051 631
3052 833
3053 405
3054 524
3055 747
3056 425
3057 956
3058 509
3059 353
3060 926
3061 995
3062 527
3063 19
3064 706
3065 485
3066 202
3067 450
3068 310
3069 890
3070 457
3071 104
3072 959
3073 52
3074 581
3075 767
3076 358
3077 134
3078 121
3079 897
3080 679
3081 835
3082 810
3083 235
3084 23
3085 848
3086 181
3087 512
3088 104
3089 246
3090 264
3091 115
3092 763
3093 277
3094 865
3095 598
3096 663
3097 369
3098 225
3099 983
3100 526
3101 688
3102 627
3103 915
3104 691
3105 360
3106 801
3107 369
3108 925
3109 602
3110 764
3111 471
3112 786
3113 773
3114 176
3115 378
3116 436
3117 812
3118 641
3119 458
3120 934
3121 239
3122 868
3123 875
3124 754
3125 34
3126 992
3127 593
3128 120
3129 318
3130 401
3131 129
3132 101
3133 119
3134 48
3135 923
3136 983
3137 393
3138 417
3139 521
3140 174
3141 484
3142 759
3143 919
3144 729
3145 573
3146 358
3147 623
3148 929
3149 898
3150 70
3151 752
3152 976
3153 15
3154 862
3155 550
3156 353
3157 619
3158 812
3159 885
3160 312
3161 276
3162 981
3163 76
3164 630
3165 697
3166 232
3167 410
3168 658
3169 825
3170 198
3171 780
3172 168
3173 764
3174 130
3175 149
3176 183
3177 295
3178 638
3179 765
3180 22
3181 193
3182 678
3183 105
3184 102
3185 386
3186 235
3187 448
3188 37
3189 46
3190 299
3191 581
3192 218
3193 316
3194 757
3195 353
3196 730
3197 317
3198 975
3199 216
3200 3
3201 556
3202 245
3203 524
3204 72
3205 284
3206 155
3207 753
3208 360
3209 558
3210 141
3211 174
3212 142
3213 466
3214 118
3215 342
3216 340
3217 784
3218 750
3219 256
3220 424
3221 165
3222 186
3223 565
3224 972
3225 805
3226 189
3227 124
3228 166
3229 513
3230 329
3231 473
3232 500
3233 188
3234 74
3235 903
3236 417
3237 478
3238 442
3239 2
3240 97
3241 176
3242 718
3243 924
3244 238
3245 586
3246 902
3247 1
3248 215
3249 580
3250 913
3251 835
3252 864
3253 429
3254 846
3255 300
3256 28
3257 643
3258 399
3259 422
3260 739
3261 156
3262 794
3263 3
3264 728
3265 19
3266 458
3267 144
3268 147
3269 217
3270 476
3271 503
3272 321
3273 509
3274 55
3275 10
3276 194
3277 255
3278 660
3279 336
3280 161
3281 397
3282 74
3283 741
3284 38
3285 190
3286 651
3287 491
3288 308
3289 73
3290 852
3291 948
3292 574
3293 914
3294 493
3295 661
3296 446
3297 661
3298 368
3299 661
3300 367
3301 450
3302 879
3303 252
3304 163
3305 97
3306 504
3307 29
3308 228
3309 993
3310 264
3311 272
3312 972
3313 197
3314 145
3315 558
3316 117
3317 852
3318 158
3319 37
3320 307
3321 783
3322 392
3323 780
3324 555
3325 667
3326 983
3327 40
3328 35
3329 810
3330 196
3331 258
3332 505
3333 472
3334 752
3335 512
3336 686
3337 697
3338 375
3339 975
3340 416
3341 166
3342 801
3343 806
3344 829
3345 803
3346 651
3347 687
3348 931
3349 573
3350 474
3351 546
3352 886
3353 772
3354 145
3355 450
3356 241
3357 336
3358 901
3359 893
3360 837
3361 804
3362 385
3363 557
3364 76
3365 682
3366 127
3367 663
3368 385
3369 240
3370 228
3371 934
3372 241
3373 305
3374 804
3375 92
3376 440
3377 642
3378 920
3379 932
3380 481
3381 325
3382 999
3383 745
3384 195
3385 925
3386 759
3387 231
3388 685
3389 642
3390 369
3391 639
3392 9
3393 831
3394 121
3395 608
3396 496
3397 167
3398 455
3399 116
3400 767
3401 81
3402 476
3403 585
3404 901
3405 887
3406 900
3407 587
3408 274
3409 583
3410 46
3411 358
3412 745
3413 821
3414 896
3415 488
3416 85
3417 989
3418 268
3419 792
3420 454
3421 817
3422 829
3423 33
3424 787
3425 806
3426 901
3427 649
3428 67
3429 821
3430 482
3431 372
3432 570
3433 618
3434 459
3435 846
3436 504
3437 42
3438 400
3439 767
3440 407
3441 539
3442 656
3443 496
3444 666
3445 373
3446 455
3447 649
3448 623
3449 556
3450 594
3451 134
3452 953
3453 289
3454 793
3455 154
3456 635
3457 301
3458 960
3459 779
3460 478
3461 71
3462 531
3463 894
3464 920
3465 422
3466 764
3467 584
3468 157
3469 619
3470 525
3471 719
3472 411
3473 758
3474 315
3475 696
3476 833
3477 847
3478 141
3479 565
3480 753
3481 296
3482 838
3483 472
3484 30
3485 591
3486 60
3487 474
3488 691
3489 379
3490 536
3491 854
3492 297
3493 805
3494 112
3495 738
3496 745
3497 50
3498 98
3499 235
3500 105
3501 494
3502 384
3503 189
3504 374
3505 485
3506 337
3507 988
3508 824
3509 119
3510 941
3511 0
3512 774
3513 362
3514 969
3515 541
3516 657
3517 765
3518 644
3519 169
3520 257
3521 456
3522 724
3523 435
3524 674
3525 603
3526 191
3527 216
3528 153
3529 677
3530 642
3531 663
3532 822
3533 503
3534 792
3535 482
3536 304
3537 645
3538 107
3539 108
3540 925
3541 847
3542 497
3543 59
3544 17
3545 64
3546 268
3547 847
3548 230
3549 79
3550 383
3551 540
3552 203
3553 467
3554 530
3555 967
3556 136
3557 543
3558 500
3559 567
3560 33
3561 829
3562 379
3563 863
3564 156
3565 657
3566 88
3567 471
3568 673
3569 154
3570 952
3571 24
3572 175
3573 640
3574 232
3575 492
3576 844
3577 888
3578 266
3579 428
3580 940
3581 516
3582 496
3583 212
3584 212
3585 833
3586 11
3587 197
3588 326
3589 521
3590 94
3591 802
3592 151
3593 877
3594 425
3595 123
3596 881
3597 11
3598 350
3599 204
3600 424
3601 584
3602 421
3603 517
3604 714
3605 60
3606 830
3607 528
3608 355
3609 539
3610 47
3611 686
3612 408
3613 176
3614 636
3615 594
3616 945
3617 352
3618 390
3619 405
3620 356
3621 688
3622 617
3623 438
3624 867
3625 588
3626 501
3627 246
3628 350
3629 322
3630 764
3631 299
3632 921
3633 66
3634 376
3635 464
3636 505
3637 503
3638 154
3639 412
3640 662
3641 262
3642 658
3643 43
3644 56
3645 265
3646 313
3647 586
3648 605
3649 648
3650 472
3651 947
3652 207
3653 629
3654 708
3655 876
3656 316
3657 680
3658 680
3659 967
3660 783
3661 104
3662 995
3663 424
3664 512
3665 680
3666 352
3667 73
3668 788
3669 614
3670 65
3671 465
3672 277
3673 312
3674 756
3675 962
3676 307
3677 442
3678 700
3679 459
3680 653
3681 947
3682 546
3683 804
3684 884
3685 99
3686 701
3687 346
3688 249
3689 728
3690 636
3691 728
3692 321
3693 641
3694 233
3695 535
3696 594
3697 291
3698 631
3699 961
3700 876
3701 295
3702 340
3703 540
3704 630
3705 948
3706 151
3707 317
3708 586
3709 692
3710 750
3711 669
3712 165
3713 202
3714 343
3715 12
3716 2
3717 350
3718 834
3719 651
3720 913
3721 373
3722 102
3723 857
3724 735
3725 809
3726 257
3727 70
3728 653
3729 232
3730 465
3731 623
3732 854
3733 865
3734 363
3735 792
3736 340
3737 177
3738 742
3739 756
3740 42
3741 279
3742 553
3743 569
3744 400
3745 292
3746 894
3747 28
3748 59
3749 102
3750 602
3751 536
3752 499
3753 706
3754 572
3755 198
3756 785
3757 70
3758 279
3759 301
3760 432
3761 594
3762 954
3763 84
3764 931
3765 58
3766 921
3767 723
3768 209
3769 739
3770 647
3771 578
3772 390
3773 506
3774 46
3775 377
3776 716
3777 294
3778 771
3779 919
3780 672
3781 775
3782 314
3783 537
3784 141
3785 938
3786 347
3787 286
3788 608
3789 280
3790 574
3791 55
3792 938
3793 777
3794 134
3795 373
3796 852
3797 222
3798 645
3799 185
3800 160
3801 273
3802 211
3803 800
3804 371
3805 10
3806 655
3807 428
3808 540
3809 245
3810 901
3811 254
3812 102
3813 771
3814 969
3815 323
3816 571
3817 826
3818 427
3819 874
3820 269
3821 926
3822 133
3823 611
3824 149
3825 923
3826 986
3827 825
3828 383
3829 236
3830 705
3831 914
3832 697
3833 791
3834 528
3835 95
3836 812
3837 511
3838 932
3839 816
3840 19
3841 801
3842 25
3843 788
3844 204
3845 936
3846 473
3847 690
3848 884
3849 765
3850 756
3851 700
3852 181
3853 784
3854 889
3855 687
3856 747
3857 169
3858 559
3859 51
3860 666
3861 252
3862 293
3863 782
3864 384
3865 657
3866 832
3867 222
3868 560
3869 793
3870 502
3871 969
3872 940
3873 198
3874 887
3875 673
3876 848
3877 617
3878 469
3879 589
3880 796
3881 116
3882 899
3883 15
3884 871
3885 726
3886 898
3887 23
3888 820
3889 467
3890 57
3891 506
3892 738
3893 855
3894 237
3895 341
3896 838
3897 182
3898 237
3899 618
3900 41
3901 720
3902 959
3903 539
3904 772
3905 307
3906 879
3907 64
3908 289
3909 317
3910 985
3911 952
3912 426
3913 119
3914 351
3915 755
3916 51
3917 468
3918 937
3919 758
3920 798
3921 843
3922 918
3923 696
3924 3
3925 870
3926 739
3927 851
3928 494
3929 184
3930 104
3931 536
3932 718
3933 93
3934 221
3935 654
3936 416
3937 79
3938 787
3939 98
3940 227
3941 678
3942 106
3943 182
3944 378
3945 922
3946 383
3947 410
3948 954
3949 264
3950 344
3951 626
3952 115
3953 703
3954 205
3955 357
3956 710
3957 459
3958 219
3959 859
3960 553
3961 70
3962 915
3963 639
3964 23
3965 142
3966 192
3967 234
3968 628
3969 788
3970 253
3971 999
3972 308
3973 153
3974 322
3975 658
3976 480
3977 178
3978 511
3979 984
3980 615
3981 920
3982 995
3983 211
3984 502
3985 18
3986 2
3987 297
3988 498
3989 411
3990 271
3991 548
3992 106
3993 649
3994 276
3995 577
3996 952
3997 672
3998 539
3999 798
4000 130
4001 707
4002 406
4003 776
4004 581
4005 268
4006 477
4007 646
4008 921
4009 649
4010 601
4011 202
4012 646
4013 699
4014 684
4015 247
4016 949
4017 964
4018 422
4019 993
4020 948
4021 788
4022 566
4023 420
4024 554
4025 213
4026 725
4027 516
4028 53
4029 984
4030 186
4031 868
4032 635
4033 960
4034 284
4035 940
4036 229
4037 92
4038 103
4039 231
4040 225
4041 88
4042 473
4043 129
4044 502
4045 513
4046 655
4047 735
4048 277
4049 936
4050 215
4051 138
4052 32
4053 506
4054 612
4055 584
4056 867
4057 434
4058 276
4059 507
4060 869
4061 24
4062 431
4063 817
4064 732
4065 775
4066 103
4067 638
4068 452
4069 322
4070 98
4071 646
4072 715
4073 765
4074 34
4075 896
4076 985
4077 418
4078 637
4079 971
4080 25
4081 54
4082 13
4083 90
4084 253
4085 830
4086 556
4087 131
4088 617
4089 74
4090 671
4091 486
4092 135
4093 464
4094 302
4095 830
4096 677
4097 416
4098 255
4099 581
4100 27
4101 591
4102 420
4103 862
4104 565
4105 554
4106 133
4107 266
4108 384
4109 573
4110 979
4111 333
4112 554
4113 283
4114 920
4115 646
4116 779
4117 862
4118 78
4119 426
4120 605
4121 973
4122 630
4123 923
4124 45
4125 843
4126 834
4127 371
4128 640
4129 544
4130 42
4131 943
4132 515
4133 256
4134 954
4135 849
4136 717
4137 259
4138 857
4139 674
4140 2
4141 228
4142 93
4143 110
4144 915
4145 689
4146 408
4147 368
4148 985
4149 146
4150 914
4151 221
4152 949
4153 633
4154 935
4155 867
4156 784
4157 969
4158 435
4159 442
4160 177
4161 661
4162 476
4163 118
4164 901
4165 990
4166 506
4167 30
4168 385
4169 199
4170 257
4171 629
4172 148
4173 401
4174 112
4175 737
4176 737
4177 617
4178 768
4179 992
4180 543
4181 123
4182 518
4183 97
4184 700
4185 932
4186 0
4187 598
4188 669
4189 981
4190 897
4191 655
4192 225
4193 983
4194 884
4195 203
4196 930
4197 834
4198 557
4199 18
4200 243
4201 260
4202 276
4203 300
4204 210
4205 346
4206 808
4207 915
4208 59
4209 540
4210 146
4211 326
4212 89
4213 517
4214 643
4215 162
4216 18
4217 979
4218 531
4219 533
4220 890
4221 104
4222 26
4223 38
4224 466
4225 422
4226 185
4227 171
4228 443
4229 396
4230 617
4231 717
4232 900
4233 388
4234 843
4235 720
4236 987
4237 280
4238 294
4239 969
4240 761
4241 594
4242 297
4243 769
4244 413
4245 411
4246 285
4247 890
4248 664
4249 973
4250 351
4251 783
4252 205
4253 608
4254 594
4255 217
4256 270
4257 355
4258 221
4259 615
4260 281
4261 168
4262 523
4263 308
4264 782
4265 777
4266 608
4267 913
4268 120
4269 52
4270 130
4271 277
4272 372
4273 984
4274 822
4275 925
4276 190
4277 581
4278 164
4279 158
4280 814
4281 867
4282 694
4283 91
4284 537
4285 420
4286 897
4287 486
4288 924
4289 810
4290 578
4291 382
4292 88
4293 330
4294 785
4295 290
4296 163
4297 977
4298 989
4299 731
4300 448
4301 876
4302 518
4303 340
4304 398
4305 446
4306 726
4307 562
4308 554
4309 888
4310 801
4311 784
4312 634
4313 98
4314 86
4315 927
4316 637
4317 607
4318 2
4319 936
4320 869
4321 0
4322 418
4323 107
4324 328
4325 190
4326 909
4327 802
4328 896
4329 307
4330 19
4331 868
4332 233
4333 709
4334 257
4335 849
4336 457
4337 756
4338 632
4339 679
4340 167
4341 111
4342 149
4343 647
4344 937
4345 528
4346 668
4347 822
4348 511
4349 243
4350 839
4351 996
4352 198
4353 172
4354 161
4355 610
4356 226
4357 425
4358 375
4359 901
4360 750
4361 374
4362 611
4363 60
4364 870
4365 54
4366 841
4367 491
4368 321
4369 789
4370 871
4371 990
4372 172
4373 687
4374 409
4375 453
4376 467
4377 504
4378 974
4379 829
4380 868
4381 347
4382 565
4383 209
4384 574
4385 629
4386 628
4387 273
4388 554
4389 279
4390 774
4391 173
4392 475
4393 391
4394 575
4395 992
4396 19
4397 19
4398 714
4399 995
4400 109
4401 230
4402 301
4403 975
4404 5
4405 348
4406 389
4407 915
4408 898
4409 403
4410 761
4411 870
4412 833
4413 519
4414 547
4415 288
4416 965
4417 613
4418 560
4419 470
4420 720
4421 664
4422 904
4423 274
4424 600
4425 487
4426 547
4427 74
4428 963
4429 698
4430 6
4431 322
4432 834
4433 84
4434 669
4435 451
4436 317
4437 371
4438 456
4439 171
4440 699
4441 13
4442 261
4443 978
4444 441
4445 410
4446 313
4447 252
4448 43
4449 727
4450 228
4451 153
4452 979
4453 267
4454 873
4455 65
4456 952
4457 653
4458 859
4459 504
4460 478
4461 933
4462 707
4463 353
4464 670
4465 124
4466 418
4467 670
4468 169
4469 59
4470 149
4471 546
4472 131
4473 850
4474 277
4475 846
4476 535
4477 124
4478 485
4479 803
4480 971
4481 27
4482 468
4483 561
4484 486
4485 830
4486 113
4487 660
4488 248
4489 615
4490 515
4491 200
4492 327
4493 893
4494 298
4495 540
4496 41
4497 158
4498 226
4499 341
4500 333
4501 533
4502 578
4503 955
4504 415
4505 745
4506 158
4507 550
4508 497
4509 518
4510 464
4511 278
4512 976
4513 679
4514 194
4515 94
4516 986
4517 954
4518 136
4519 97
4520 672
4521 350
4522 774
4523 550
4524 810
4525 270
4526 994
4527 575
4528 3
4529 156
4530 164
4531 704
4532 368
4533 538
4534 149
4535 662
4536 351
4537 566
4538 727
4539 679
4540 355
4541 702
4542 644
4543 131
4544 754
4545 791
4546 510
4547 731
4548 916
4549 125
4550 557
4551 640
4552 835
4553 542
4554 597
4555 178
4556 851
4557 99
4558 693
4559 871
4560 278
4561 727
4562 248
4563 454
4564 508
4565 752
4566 837
4567 81
4568 972
4569 618
4570 877
4571 262
4572 61
4573 144
4574 636
4575 760
4576 488
4577 772
4578 924
4579 375
4580 283
4581 251
4582 750
4583 55
4584 275
4585 138
4586 607
4587 75
4588 732
4589 507
4590 683
4591 85
4592 247
4593 793
4594 591
4595 663
4596 782
4597 704
4598 802
4599 766
4600 491
4601 286
4602 442
4603 262
4604 37
4605 87
4606 664
4607 685
4608 46
4609 917
4610 206
4611 993
4612 361
4613 779
4614 206
4615 207
4616 739
4617 746
4618 774
4619 658
4620 754
4621 689
4622 59
4623 796
4624 581
4625 584
4626 589
4627 207
4628 354
4629 400
4630 511
4631 254
4632 159
4633 526
4634 562
4635 141
4636 895
4637 333
4638 822
4639 333
4640 956
4641 413
4642 514
4643 130
4644 240
4645 289
4646 280
4647 620
4648 173
4649 618