0 11
0 87
0 103
0 138
0 166
0 237
0 255
0 264
0 307
0 365
0 384
0 399
0 412
0 488
0 504
0 513
0 604
0 673
0 748
0 762
0 769
0 772
1 13
1 24
1 66
1 89
1 95
1 112
1 202
1 225
1 242
1 280
1 315
1 365
1 411
1 420
1 421
1 457
1 469
1 476
1 477
1 639
1 650
1 669
1 744
1 756
1 792
2 14
2 56
2 108
2 119
2 156
2 172
2 221
2 273
2 291
2 328
2 337
2 342
2 409
2 420
2 452
2 498
2 656
2 664
2 686
2 729
3 25
3 47
3 64
3 76
3 102
3 132
3 151
3 157
3 163
3 164
3 178
3 251
3 320
3 321
3 410
3 501
3 513
3 526
3 533
3 538
3 552
3 588
3 590
3 714
3 767
4 5
4 18
4 22
4 38
4 60
4 90
4 147
4 160
4 223
4 284
4 292
4 441
4 449
4 487
4 494
4 520
4 523
4 541
4 631
4 745
4 748
4 766
4 785
4 787
4 790
5 24
5 57
5 62
5 194
5 228
5 273
5 296
5 307
5 373
5 434
5 452
5 479
5 498
5 518
5 533
5 547
5 605
5 618
5 668
5 670
5 722
5 746
5 747
5 768
5 786
5 799
6 30
6 32
6 136
6 219
6 226
6 228
6 237
6 286
6 290
6 314
6 404
6 446
6 516
6 533
6 641
6 647
6 682
6 686
6 718
6 756
6 762
6 764
7 19
7 115
7 154
7 194
7 213
7 230
7 235
7 294
7 297
7 306
7 314
7 328
7 420
7 527
7 603
7 608
7 647
7 754
7 778
7 796
8 15
8 46
8 115
8 119
8 284
8 285
8 320
8 367
8 372
8 399
8 423
8 440
8 445
8 461
8 467
8 536
8 538
8 579
8 629
8 728
8 734
8 752
9 14
9 35
9 41
9 50
9 152
9 157
9 172
9 218
9 245
9 258
9 261
9 290
9 325
9 343
9 349
9 361
9 421
9 443
9 506
9 510
9 525
9 535
9 539
9 569
9 643
9 647
9 649
9 663
9 743
9 763
9 775
10 48
10 151
10 164
10 204
10 218
10 243
10 262
10 436
10 535
10 557
10 565
10 567
10 583
10 630
10 693
10 704
10 730
11 50
11 191
11 249
11 418
11 426
11 586
11 662
11 664
11 684
11 792
12 38
12 54
12 147
12 210
12 272
12 330
12 351
12 366
12 457
12 501
12 511
12 513
12 527
12 534
12 613
12 640
12 667
12 719
12 726
13 230
13 250
13 268
13 279
13 300
13 323
13 351
13 356
13 392
13 442
13 445
13 454
13 516
13 562
13 628
13 761
13 774
14 19
14 29
14 50
14 128
14 144
14 199
14 213
14 216
14 328
14 347
14 356
14 368
14 407
14 468
14 500
14 532
14 535
14 619
14 623
14 636
14 660
14 685
14 793
15 21
15 28
15 48
15 64
15 92
15 117
15 153
15 155
15 216
15 308
15 367
15 371
15 384
15 391
15 428
15 432
15 439
15 467
15 471
15 509
15 544
15 556
15 570
15 600
15 609
15 639
15 708
15 743
16 71
16 124
16 198
16 210
16 317
16 381
16 449
16 484
16 504
16 529
16 533
16 558
16 639
16 664
16 672
16 710
16 725
16 728
16 751
16 780
17 51
17 98
17 108
17 150
17 195
17 200
17 201
17 220
17 249
17 279
17 291
17 308
17 355
17 363
17 384
17 439
17 509
17 541
17 587
17 649
17 672
17 687
17 703
17 786
17 798
18 55
18 61
18 62
18 102
18 166
18 176
18 183
18 213
18 220
18 304
18 361
18 372
18 408
18 425
18 434
18 445
18 539
18 561
18 575
18 582
18 654
18 702
19 67
19 126
19 163
19 225
19 263
19 311
19 332
19 369
19 451
19 605
19 627
19 689
19 706
19 709
19 719
19 764
20 41
20 115
20 287
20 405
20 465
20 524
20 581
20 621
20 671
20 731
20 748
21 32
21 86
21 94
21 95
21 99
21 116
21 178
21 191
21 215
21 280
21 354
21 359
21 372
21 456
21 472
21 583
21 592
21 625
21 629
21 643
21 670
21 729
21 798
22 27
22 146
22 149
22 166
22 210
22 273
22 288
22 326
22 377
22 462
22 538
22 557
22 562
22 608
22 622
22 629
22 633
22 634
22 639
22 653
22 674
22 688
22 693
22 715
22 728
23 58
23 65
23 81
23 91
23 152
23 158
23 189
23 214
23 265
23 283
23 363
23 452
23 481
23 508
23 512
23 522
23 536
23 583
23 591
24 44
24 53
24 84
24 89
24 120
24 152
24 154
24 184
24 295
24 386
24 518
24 550
24 569
24 631
24 691
24 743
24 798
25 44
25 58
25 79
25 138
25 154
25 163
25 170
25 191
25 199
25 217
25 233
25 268
25 289
25 366
25 387
25 437
25 512
25 571
25 596
25 616
25 621
25 625
25 644
25 651
25 657
25 710
25 717
25 786
26 29
26 57
26 109
26 148
26 164
26 198
26 208
26 264
26 266
26 283
26 290
26 312
26 412
26 517
26 566
26 570
26 571
26 578
26 616
26 628
26 654
26 657
26 708
26 709
26 720
26 741
27 28
27 31
27 158
27 214
27 249
27 307
27 309
27 327
27 431
27 437
27 447
27 455
27 486
27 498
27 523
27 544
27 551
27 565
27 592
27 605
27 639
27 652
27 653
27 664
27 730
27 748
28 77
28 87
28 107
28 156
28 184
28 194
28 225
28 266
28 345
28 349
28 389
28 458
28 635
28 694
28 701
29 81
29 125
29 187
29 193
29 194
29 379
29 408
29 426
29 431
29 464
29 547
29 549
29 597
29 659
29 666
29 696
29 707
29 742
29 744
29 768
30 36
30 87
30 138
30 146
30 165
30 257
30 269
30 342
30 420
30 521
30 527
30 562
30 620
30 623
30 626
30 679
30 713
30 745
30 793
31 39
31 43
31 44
31 57
31 70
31 71
31 150
31 171
31 250
31 253
31 258
31 291
31 295
31 357
31 366
31 380
31 384
31 408
31 412
31 457
31 507
31 531
31 538
31 564
31 605
31 628
31 683
31 690
31 692
31 717
31 765
31 767
32 72
32 96
32 161
32 256
32 327
32 332
32 339
32 355
32 413
32 414
32 422
32 463
32 544
32 559
32 560
32 570
32 694
32 697
32 709
32 722
32 723
32 729
32 752
33 150
33 246
33 300
33 350
33 357
33 388
33 458
33 539
33 559
33 575
33 585
33 676
33 712
33 789
34 48
34 73
34 94
34 100
34 101
34 153
34 156
34 172
34 180
34 182
34 183
34 263
34 338
34 343
34 369
34 378
34 421
34 439
34 448
34 467
34 523
34 600
34 607
34 658
34 709
34 748
34 766
34 782
35 43
35 48
35 104
35 152
35 165
35 204
35 209
35 261
35 318
35 319
35 328
35 345
35 404
35 419
35 435
35 463
35 515
35 605
35 608
35 730
35 761
35 779
36 93
36 197
36 199
36 238
36 264
36 268
36 282
36 331
36 359
36 383
36 387
36 403
36 404
36 411
36 418
36 426
36 476
36 489
36 505
36 524
36 538
36 553
36 651
36 665
36 714
36 776
37 52
37 104
37 138
37 147
37 151
37 159
37 167
37 175
37 183
37 198
37 231
37 256
37 259
37 338
37 368
37 383
37 408
37 422
37 492
37 501
37 541
37 569
37 599
37 671
37 700
37 720
37 721
37 728
37 790
38 140
38 154
38 184
38 216
38 262
38 269
38 351
38 363
38 373
38 413
38 430
38 436
38 512
38 514
38 546
38 581
38 650
38 716
38 791
39 53
39 65
39 116
39 131
39 137
39 142
39 150
39 176
39 227
39 296
39 370
39 399
39 463
39 467
39 471
39 477
39 518
39 545
39 641
39 707
39 711
39 722
39 780
39 792
40 51
40 126
40 255
40 257
40 292
40 321
40 322
40 370
40 384
40 416
40 513
40 622
40 661
40 722
40 739
40 761
41 48
41 85
41 86
41 103
41 104
41 112
41 128
41 138
41 154
41 205
41 207
41 213
41 252
41 305
41 390
41 426
41 587
41 647
41 673
41 679
41 682
41 691
41 755
41 771
41 783
42 47
42 92
42 117
42 132
42 143
42 144
42 167
42 183
42 196
42 198
42 211
42 254
42 261
42 262
42 267
42 308
42 374
42 590
42 603
42 736
43 56
43 76
43 116
43 125
43 134
43 151
43 196
43 198
43 235
43 237
43 261
43 393
43 401
43 414
43 463
43 464
43 490
43 509
43 569
43 599
43 627
43 732
43 783
44 169
44 381
44 384
44 446
44 521
44 541
44 585
44 591
44 670
44 693
44 722
44 795
45 112
45 144
45 158
45 208
45 249
45 269
45 319
45 330
45 365
45 382
45 387
45 556
45 581
45 613
45 636
45 673
45 742
45 748
45 750
45 775
45 791
45 794
46 122
46 138
46 156
46 177
46 325
46 508
46 535
46 553
46 576
46 584
46 615
46 788
46 799
47 48
47 77
47 157
47 276
47 371
47 404
47 458
47 509
47 596
47 601
47 699
47 713
47 735
47 737
47 788
47 798
48 122
48 132
48 214
48 253
48 265
48 279
48 292
48 378
48 429
48 501
48 505
48 513
48 528
48 584
48 603
48 605
48 667
48 703
48 760
48 772
48 779
49 110
49 113
49 135
49 178
49 216
49 230
49 333
49 395
49 434
49 483
49 492
49 531
49 634
49 700
49 717
49 779
49 780
50 57
50 109
50 189
50 211
50 263
50 282
50 326
50 361
50 447
50 468
50 518
50 532
50 567
50 601
50 618
50 631
50 675
50 709
50 712
50 719
50 731
50 734
50 775
50 779
50 790
50 798
51 70
51 127
51 156
51 162
51 239
51 312
51 402
51 445
51 453
51 506
51 525
51 552
51 567
51 634
51 643
51 655
51 666
51 680
52 82
52 95
52 108
52 141
52 175
52 248
52 292
52 344
52 356
52 363
52 390
52 416
52 419
52 432
52 487
52 503
52 517
52 631
52 655
52 664
52 686
52 700
52 743
52 777
52 798
53 55
53 56
53 129
53 205
53 224
53 262
53 285
53 315
53 364
53 444
53 463
53 465
53 520
53 559
53 560
53 672
53 703
53 728
53 753
53 796
54 92
54 172
54 221
54 227
54 229
54 238
54 246
54 284
54 384
54 414
54 419
54 457
54 504
54 509
54 513
54 555
54 630
54 636
54 649
54 664
54 680
54 787
55 81
55 83
55 91
55 93
55 94
55 115
55 145
55 190
55 221
55 226
55 229
55 253
55 266
55 379
55 405
55 409
55 411
55 415
55 432
55 444
55 518
55 524
55 525
55 577
55 582
55 639
55 640
55 648
55 738
56 123
56 164
56 357
56 442
56 451
56 470
56 556
56 654
56 658
56 680
56 681
56 716
56 724
56 730
57 161
57 228
57 271
57 295
57 305
57 311
57 345
57 356
57 382
57 412
57 465
57 470
57 602
57 615
57 698
57 752
57 758
57 779
57 795
57 798
58 80
58 101
58 152
58 179
58 245
58 252
58 285
58 318
58 329
58 375
58 411
58 446
58 477
58 489
58 526
58 544
58 551
58 562
58 573
58 583
58 605
58 627
58 646
58 662
58 684
58 786
58 795
59 161
59 170
59 374
59 433
59 509
59 530
59 531
59 611
59 641
59 655
59 661
59 680
59 681
59 701
59 705
59 752
59 756
59 757
59 764
59 765
59 778
60 67
60 165
60 190
60 232
60 281
60 343
60 374
60 387
60 433
60 436
60 438
60 461
60 495
60 679
60 694
60 718
61 92
61 101
61 133
61 137
61 211
61 285
61 298
61 325
61 404
61 471
61 476
61 477
61 494
61 502
61 548
61 565
61 614
61 615
61 722
61 776
62 152
62 191
62 228
62 258
62 278
62 305
62 341
62 395
62 421
62 423
62 440
62 452
62 455
62 482
62 519
62 525
62 598
62 600
62 622
62 623
62 666
62 686
62 767
62 787
62 791
62 794
63 84
63 89
63 150
63 152
63 198
63 253
63 275
63 284
63 297
63 300
63 371
63 382
63 403
63 407
63 496
63 631
63 635
63 690
63 726
64 163
64 343
64 344
64 439
64 463
64 502
64 503
64 537
64 609
64 673
64 690
64 768
64 794
64 798
65 69
65 160
65 270
65 287
65 304
65 312
65 322
65 368
65 431
65 443
65 492
65 499
65 521
65 560
65 633
65 635
65 760
66 67
66 97
66 99
66 127
66 136
66 144
66 145
66 148
66 273
66 311
66 330
66 371
66 372
66 414
66 415
66 421
66 459
66 486
66 496
66 544
66 571
66 623
66 627
66 671
66 681
66 792
67 72
67 134
67 139
67 171
67 277
67 300
67 336
67 353
67 368
67 374
67 388
67 432
67 531
67 537
67 578
67 625
67 627
67 675
68 131
68 264
68 291
68 305
68 328
68 363
68 379
68 405
68 425
68 583
68 592
68 632
68 648
68 672
68 711
69 161
69 234
69 342
69 424
69 439
69 455
69 456
69 480
69 503
69 509
69 666
69 675
70 117
70 123
70 126
70 153
70 223
70 234
70 251
70 257
70 284
70 345
70 360
70 365
70 409
70 415
70 442
70 607
70 614
70 632
70 682
70 684
70 718
70 721
70 749
70 779
70 797
71 226
71 233
71 239
71 274
71 298
71 433
71 477
71 512
71 515
71 524
71 617
71 646
71 708
71 732
72 75
72 87
72 125
72 163
72 224
72 283
72 295
72 355
72 364
72 375
72 487
72 550
72 588
72 623
72 648
72 651
72 655
72 705
72 775
73 106
73 134
73 159
73 212
73 218
73 238
73 249
73 296
73 371
73 418
73 465
73 481
73 492
73 550
73 568
73 611
73 615
73 620
73 621
73 659
73 705
73 771
74 111
74 171
74 256
74 305
74 347
74 411
74 467
74 553
74 575
74 621
74 629
74 710
74 750
74 765
74 781
75 111
75 183
75 191
75 269
75 290
75 291
75 298
75 306
75 325
75 338
75 365
75 368
75 384
75 396
75 413
75 440
75 446
75 475
75 519
75 527
75 557
75 613
75 626
75 643
75 660
75 715
75 732
75 762
76 91
76 149
76 248
76 264
76 268
76 338
76 359
76 502
76 519
76 525
76 571
76 619
76 648
76 673
76 680
76 724
76 790
77 100
77 110
77 127
77 165
77 184
77 320
77 341
77 408
77 420
77 422
77 577
77 642
77 644
77 681
77 706
77 721
77 728
77 748
77 773
78 98
78 148
78 198
78 209
78 244
78 248
78 317
78 338
78 438
78 462
78 573
78 574
78 676
78 753
78 762
78 775
79 82
79 88
79 118
79 141
79 147
79 205
79 218
79 263
79 396
79 410
79 433
79 447
79 475
79 477
79 517
79 529
79 530
79 564
79 595
79 613
79 645
79 668
79 674
79 770
80 83
80 113
80 149
80 169
80 171
80 174
80 231
80 262
80 341
80 420
80 469
80 474
80 476
80 568
80 573
80 595
80 663
80 710
80 743
81 130
81 144
81 207
81 229
81 247
81 325
81 334
81 345
81 441
81 453
81 468
81 481
81 505
81 522
81 525
81 566
81 578
81 583
81 604
81 652
81 662
81 697
81 705
81 798
82 109
82 116
82 136
82 139
82 162
82 180
82 204
82 208
82 222
82 238
82 279
82 299
82 341
82 348
82 358
82 419
82 496
82 497
82 503
82 546
82 570
82 571
82 576
82 631
82 633
82 694
82 729
82 757
82 768
82 790
83 84
83 141
83 178
83 184
83 191
83 206
83 236
83 315
83 319
83 340
83 342
83 350
83 373
83 466
83 536
83 580
83 622
83 650
83 690
83 693
83 727
83 795
84 91
84 134
84 152
84 162
84 210
84 292
84 336
84 346
84 388
84 509
84 537
84 573
84 615
84 646
84 668
84 715
84 727
84 748
84 785
85 157
85 163
85 173
85 280
85 287
85 342
85 374
85 433
85 457
85 472
85 488
85 496
85 521
85 529
85 530
85 562
85 584
85 602
85 672
85 720
85 722
85 776
85 777
86 101
86 161
86 197
86 204
86 240
86 243
86 327
86 335
86 350
86 391
86 393
86 433
86 468
86 562
86 621
86 702
86 706
86 789
87 105
87 115
87 128
87 130
87 151
87 163
87 183
87 192
87 194
87 264
87 273
87 331
87 360
87 387
87 400
87 434
87 544
87 561
87 595
87 681
87 706
87 724
87 762
87 782
87 786
87 787
88 109
88 111
88 112
88 119
88 124
88 156
88 160
88 171
88 290
88 291
88 319
88 320
88 371
88 486
88 516
88 553
88 613
88 659
88 669
88 671
88 730
88 758
88 796
89 150
89 186
89 205
89 215
89 239
89 284
89 333
89 395
89 400
89 406
89 598
89 623
89 636
89 651
89 736
89 741
89 766
89 776
90 94
90 123
90 133
90 208
90 223
90 245
90 254
90 292
90 323
90 381
90 432
90 443
90 449
90 456
90 485
90 539
90 583
90 586
90 626
90 729
90 752
91 103
91 305
91 368
91 408
91 420
91 452
91 479
91 495
91 512
91 591
91 621
91 648
91 703
92 129
92 183
92 207
92 224
92 323
92 339
92 353
92 393
92 411
92 421
92 502
92 514
92 651
92 661
92 685
92 691
92 798
93 120
93 175
93 258
93 305
93 319
93 379
93 403
93 470
93 478
93 484
93 489
93 542
93 573
93 653
93 657
93 670
93 684
93 796
94 96
94 151
94 199
94 218
94 230
94 232
94 337
94 344
94 400
94 474
94 482
94 484
94 516
94 530
94 550
94 591
94 643
94 727
94 745
94 760
94 762
94 772
95 175
95 177
95 225
95 238
95 260
95 404
95 409
95 433
95 526
95 557
95 574
95 665
95 693
95 729
95 736
95 776
96 141
96 345
96 358
96 440
96 453
96 488
96 517
96 538
96 565
96 631
96 645
97 123
97 225
97 243
97 294
97 374
97 386
97 402
97 551
97 571
97 581
97 598
97 625
97 782
97 784
98 125
98 153
98 203
98 256
98 278
98 293
98 317
98 456
98 485
98 543
98 561
98 594
98 617
98 654
98 732
98 776
98 779
99 177
99 223
99 266
99 335
99 359
99 360
99 395
99 460
99 476
99 496
99 551
99 605
99 609
99 639
99 751
99 767
100 123
100 159
100 168
100 197
100 219
100 230
100 265
100 373
100 383
100 384
100 397
100 418
100 493
100 511
100 562
100 572
100 593
100 602
100 674
100 749
100 788
100 795
101 136
101 335
101 352
101 393
101 394
101 432
101 443
101 466
101 554
101 586
101 711
101 743
101 784
101 786
102 128
102 133
102 151
102 237
102 253
102 265
102 280
102 291
102 318
102 319
102 324
102 358
102 396
102 407
102 448
102 476
102 481
102 484
102 507
102 511
102 551
102 571
102 589
102 673
102 738
103 115
103 124
103 147
103 165
103 211
103 263
103 346
103 356
103 376
103 413
103 414
103 418
103 429
103 516
103 571
103 655
103 680
103 693
103 701
103 705
103 796
104 190
104 193
104 230
104 408
104 487
104 490
104 513
104 537
104 542
104 573
104 606
104 683
104 702
104 704
104 758
104 767
104 799
105 131
105 160
105 221
105 258
105 324
105 326
105 368
105 420
105 429
105 493
105 495
105 536
105 545
105 588
105 601
105 633
105 683
105 685
105 707
105 730
105 765
105 789
105 792
106 140
106 146
106 148
106 171
106 176
106 194
106 211
106 249
106 259
106 269
106 304
106 341
106 358
106 366
106 381
106 404
106 448
106 486
106 498
106 504
106 539
106 544
106 699
106 721
106 738
106 751
107 126
107 137
107 254
107 309
107 317
107 321
107 463
108 115
108 142
108 150
108 167
108 171
108 181
108 200
108 219
108 272
108 319
108 388
108 425
108 452
108 454
108 495
108 545
108 566
108 612
108 637
108 727
108 748
109 119
109 161
109 167
109 174
109 180
109 212
109 238
109 249
109 308
109 358
109 378
109 384
109 410
109 420
109 505
109 547
109 567
109 642
109 682
109 708
109 764
110 160
110 167
110 186
110 188
110 193
110 214
110 246
110 261
110 310
110 324
110 337
110 350
110 494
110 652
110 654
110 693
110 711
110 760
111 131
111 168
111 207
111 210
111 225
111 277
111 300
111 316
111 331
111 332
111 395
111 404
111 439
111 513
111 528
111 547
111 630
111 646
111 654
111 657
111 662
111 686
111 736
112 145
112 150
112 281
112 309
112 382
112 425
112 428
112 451
112 521
112 522
112 569
112 614
112 645
112 667
112 757
112 777
113 151
113 153
113 164
113 190
113 208
113 221
113 277
113 279
113 299
113 325
113 327
113 363
113 486
113 491
113 514
113 523
113 543
113 647
113 651
113 693
113 697
113 704
113 716
113 720
113 745
114 146
114 159
114 179
114 253
114 295
114 349
114 464
114 469
114 482
114 494
114 538
114 557
114 595
114 629
114 680
114 695
114 728
114 733
115 132
115 149
115 182
115 242
115 264
115 285
115 309
115 310
115 330
115 331
115 341
115 375
115 391
115 492
115 528
115 607
115 612
115 619
115 697
115 702
115 723
115 735
115 743
115 770
116 127
116 213
116 240
116 266
116 275
116 295
116 310
116 311
116 362
116 372
116 485
116 491
116 500
116 612
116 691
116 703
116 733
116 748
116 754
116 789
116 792
116 798
117 147
117 157
117 238
117 256
117 347
117 371
117 403
117 410
117 462
117 471
117 510
117 530
117 534
117 587
117 603
117 668
117 676
117 677
117 719
117 737
117 738
117 747
117 768
118 123
118 143
118 157
118 184
118 203
118 232
118 260
118 294
118 348
118 387
118 427
118 457
118 466
118 570
118 645
118 652
118 656
118 723
118 740
118 745
118 751
118 752
119 222
119 251
119 269
119 277
119 338
119 347
119 357
119 371
119 387
119 434
119 461
119 491
119 510
119 544
119 546
119 582
119 644
119 671
119 704
119 747
119 770
120 132
120 267
120 332
120 365
120 372
120 422
120 452
120 470
120 493
120 515
120 520
120 548
120 560
120 561
120 581
120 629
120 641
120 673
120 674
120 730
120 737
120 747
120 757
120 778
121 165
121 223
121 232
121 328
121 329
121 344
121 372
121 378
121 388
121 389
121 390
121 425
121 431
121 434
121 484
121 604
121 655
121 666
121 678
121 683
121 689
121 690
121 714
121 739
121 792
122 126
122 155
122 178
122 240
122 259
122 284
122 292
122 293
122 332
122 406
122 473
122 550
122 623
122 695
122 707
122 708
122 721
122 745
123 155
123 176
123 234
123 242
123 251
123 300
123 509
123 526
123 585
123 666
123 669
123 670
123 671
123 738
123 762
123 788
124 209
124 260
124 478
124 504
124 507
124 557
124 572
124 618
124 643
124 657
124 682
124 721
124 753
124 757
124 778
125 145
125 169
125 257
125 267
125 286
125 396
125 442
125 451
125 482
125 508
125 517
125 582
125 598
125 646
125 689
125 695
125 701
126 128
126 132
126 133
126 207
126 212
126 238
126 255
126 271
126 278
126 309
126 329
126 335
126 340
126 378
126 383
126 420
126 427
126 433
126 492
126 495
126 510
126 518
126 598
126 642
126 649
126 688
126 699
126 725
126 777
127 143
127 196
127 222
127 249
127 283
127 308
127 333
127 363
127 490
127 519
127 606
127 651
127 667
127 674
127 679
127 691
127 755
127 793
128 221
128 222
128 269
128 290
128 347
128 352
128 369
128 376
128 386
128 416
128 470
128 478
128 512
128 517
128 659
128 734
128 794
128 798
129 169
129 171
129 223
129 259
129 330
129 347
129 397
129 415
129 438
129 464
129 471
129 526
129 555
129 568
129 585
129 685
129 720
129 758
129 766
129 774
129 782
130 164
130 175
130 190
130 215
130 216
130 309
130 352
130 362
130 379
130 397
130 473
130 504
130 512
130 514
130 579
130 587
130 611
130 618
130 632
130 691
130 695
130 790
131 198
131 280
131 293
131 362
131 415
131 420
131 502
131 594
131 641
131 695
131 708
131 713
131 746
131 774
132 143
132 230
132 231
132 250
132 321
132 459
132 507
132 543
132 559
132 675
132 698
132 703
132 733
132 751
133 196
133 223
133 259
133 298
133 301
133 441
133 481
133 524
133 533
133 589
133 606
133 653
134 184
134 186
134 195
134 212
134 221
134 262
134 276
134 309
134 314
134 338
134 362
134 396
134 399
134 436
134 474
134 504
134 522
134 630
134 662
134 688
134 751
134 794
135 185
135 242
135 305
135 347
135 440
135 489
135 497
135 526
135 558
135 617
135 665
135 694
135 732
135 777
135 794
136 143
136 169
136 178
136 182
136 204
136 260
136 261
136 322
136 339
136 342
136 357
136 379
136 386
136 451
136 486
136 501
136 573
136 592
136 595
136 679
136 732
137 144
137 164
137 177
137 281
137 321
137 365
137 368
137 371
137 530
137 543
137 545
137 607
137 685
137 751
138 335
138 354
138 407
138 422
138 438
138 471
138 481
138 501
138 627
138 657
138 676
138 692
138 752
138 768
138 769
138 770
139 155
139 293
139 348
139 400
139 404
139 439
139 453
139 518
139 584
139 645
139 705
140 170
140 198
140 280
140 334
140 354
140 382
140 402
140 466
140 491
140 497
140 503
140 528
140 530
140 586
140 643
140 649
140 734
140 765
141 148
141 191
141 211
141 252
141 285
141 293
141 302
141 334
141 352
141 363
141 369
141 393
141 415
141 437
141 452
141 458
141 519
141 536
141 550
141 563
141 569
141 673
141 778
141 780
141 784
142 211
142 317
142 352
142 492
142 507
142 512
142 566
142 590
142 660
142 668
142 690
142 755
142 779
142 786
143 151
143 161
143 184
143 193
143 209
143 263
143 268
143 290
143 312
143 320
143 344
143 385
143 393
143 394
143 405
143 407
143 507
143 560
143 572
143 601
143 664
143 696
143 755
144 238
144 260
144 289
144 310
144 330
144 370
144 393
144 402
144 497
144 525
144 552
144 565
144 571
144 585
144 606
144 638
144 747
144 778
145 194
145 266
145 267
145 290
145 315
145 327
145 346
145 361
145 379
145 394
145 624
145 648
145 653
145 662
145 674
145 691
145 715
146 186
146 187
146 204
146 231
146 282
146 341
146 419
146 423
146 474
146 487
146 492
146 529
146 626
146 632
146 754
147 169
147 177
147 216
147 235
147 244
147 275
147 298
147 362
147 404
147 428
147 472
147 476
147 483
147 493
147 606
147 618
147 635
147 682
147 687
147 693
147 793
147 799
148 151
148 273
148 313
148 361
148 374
148 392
148 431
148 472
148 489
148 524
148 560
148 637
148 662
148 664
148 665
148 682
148 697
148 747
149 280
149 348
149 381
149 395
149 434
149 461
149 544
149 565
149 614
149 619
149 641
149 660
149 678
149 685
149 721
149 745
149 797
150 155
150 177
150 236
150 278
150 308
150 375
150 383
150 418
150 439
150 460
150 585
150 656
150 673
150 688
150 733
150 734
150 758
150 769
150 777
151 163
151 250
151 278
151 295
151 300
151 306
151 330
151 338
151 372
151 421
151 430
151 525
151 530
151 538
151 545
151 562
151 572
151 573
151 593
151 706
151 756
151 765
151 777
152 158
152 177
152 215
152 247
152 255
152 277
152 387
152 406
152 457
152 528
152 643
152 736
152 747
152 790
153 161
153 176
153 202
153 254
153 269
153 294
153 404
153 408
153 438
153 469
153 552
153 560
153 584
153 595
153 623
153 737
153 752
153 775
153 798
154 192
154 193
154 208
154 219
154 220
154 243
154 310
154 389
154 397
154 420
154 425
154 434
154 465
154 497
154 539
154 558
154 613
154 702
154 709
154 767
154 792
155 252
155 310
155 326
155 339
155 371
155 428
155 508
155 515
155 678
155 694
155 697
155 708
155 709
155 776
155 780
155 783
155 790
156 179
156 214
156 249
156 269
156 327
156 366
156 388
156 414
156 505
156 522
156 640
156 712
156 724
156 751
156 784
157 204
157 218
157 233
157 271
157 332
157 380
157 401
157 420
157 433
157 502
157 512
157 526
157 537
157 559
157 567
157 589
157 686
157 708
157 760
157 783
157 788
158 161
158 171
158 182
158 291
158 371
158 395
158 416
158 428
158 430
158 500
158 501
158 507
158 542
158 595
158 624
158 694
158 695
158 704
158 726
159 160
159 191
159 266
159 328
159 345
159 349
159 439
159 448
159 462
159 472
159 512
159 532
159 568
159 657
159 669
159 680
159 688
159 716
159 774
160 172
160 178
160 198
160 250
160 268
160 317
160 374
160 416
160 589
160 623
160 668
160 723
160 744
161 204
161 206
161 212
161 228
161 256
161 282
161 320
161 391
161 429
161 466
161 492
161 571
161 578
161 684
161 785
162 166
162 173
162 231
162 248
162 252
162 289
162 318
162 319
162 475
162 509
162 525
162 541
162 550
162 585
162 588
162 604
162 626
162 627
162 650
162 710
162 752
162 772
162 790
163 200
163 214
163 230
163 248
163 258
163 296
163 395
163 404
163 460
163 461
163 464
163 531
163 554
163 571
163 624
163 627
163 659
163 671
163 683
163 772
164 187
164 241
164 244
164 291
164 366
164 386
164 397
164 448
164 460
164 513
164 615
164 628
164 666
164 671
164 702
164 704
164 712
164 748
164 768
165 230
165 239
165 249
165 320
165 324
165 478
165 511
165 561
165 667
166 219
166 277
166 324
166 354
166 358
166 400
166 438
166 461
166 467
166 492
166 513
166 528
166 566
166 591
166 635
166 700
166 708
166 719
166 720
166 727
166 758
167 180
167 244
167 245
167 291
167 324
167 343
167 352
167 356
167 370
167 446
167 456
167 506
167 562
167 631
167 633
167 662
167 681
167 700
167 702
167 763
167 769
167 794
168 174
168 227
168 260
168 276
168 392
168 398
168 457
168 465
168 469
168 525
168 595
168 640
168 645
168 672
168 715
168 733
168 765
168 798
169 221
169 228
169 234
169 263
169 344
169 361
169 382
169 430
169 431
169 511
169 516
169 607
169 717
169 720
169 745
170 218
170 271
170 280
170 286
170 350
170 377
170 379
170 416
170 553
170 636
170 684
170 695
170 708
170 760
171 215
171 273
171 294
171 349
171 353
171 390
171 435
171 455
171 456
171 475
171 496
171 520
171 533
171 617
171 631
171 683
171 711
171 764
171 770
171 775
171 777
171 778
171 797
172 173
172 269
172 362
172 390
172 399
172 464
172 485
172 496
172 515
172 575
172 608
172 646
172 652
172 663
172 688
172 710
172 725
172 772
173 260
173 300
173 323
173 361
173 367
173 403
173 426
173 451
173 496
173 550
173 612
173 626
173 665
173 668
173 697
173 704
173 792
174 209
174 229
174 291
174 298
174 314
174 378
174 414
174 449
174 461
174 469
174 526
174 528
174 541
174 571
174 612
174 657
174 694
174 748
174 757
174 789
175 215
175 252
175 271
175 280
175 292
175 295
175 311
175 383
175 386
175 409
175 431
175 474
175 577
175 584
175 586
175 617
175 661
176 190
176 286
176 296
176 315
176 321
176 375
176 458
176 459
176 468
176 586
176 595
176 632
176 755
176 773
177 182
177 191
177 193
177 208
177 226
177 235
177 309
177 347
177 401
177 404
177 447
177 465
177 470
177 539
177 605
177 619
177 648
177 699
177 732
177 734
177 771
178 187
178 240
178 256
178 318
178 325
178 347
178 357
178 368
178 403
178 461
178 506
178 507
178 509
178 546
178 592
178 661
178 668
178 676
178 687
178 746
178 759
178 763
179 181
179 209
179 331
179 408
179 416
179 417
179 482
179 498
179 506
179 539
179 604
179 648
179 676
179 701
179 731
180 201
180 227
180 267
180 313
180 328
180 333
180 343
180 344
180 350
180 396
180 421
180 547
180 592
180 651
180 660
180 678
180 691
180 708
180 744
180 782
181 184
181 190
181 200
181 211
181 229
181 236
181 249
181 333
181 342
181 419
181 434
181 476
181 550
181 622
181 625
181 627
181 633
181 647
181 675
181 758
181 779
182 190
182 245
182 285
182 305
182 379
182 446
182 497
182 501
182 552
182 603
182 662
182 673
182 694
182 779
183 204
183 276
183 432
183 455
183 472
183 550
183 710
183 797
184 254
184 260
184 326
184 342
184 354
184 357
184 367
184 391
184 404
184 422
184 451
184 459
184 462
184 473
184 478
184 486
184 519
184 523
184 541
184 542
184 561
184 668
185 194
185 195
185 214
185 219
185 250
185 298
185 306
185 344
185 346
185 383
185 404
185 409
185 433
185 444
185 458
185 605
185 639
185 664
185 671
185 676
185 733
185 759
185 768
185 789
186 215
186 260
186 266
186 289
186 444
186 473
186 569
186 573
186 633
186 728
186 747
187 278
187 363
187 412
187 443
187 458
187 470
187 538
187 705
187 743
188 217
188 239
188 392
188 413
188 471
188 496
188 520
188 580
188 703
188 728
188 752
188 773
188 790
189 197
189 198
189 348
189 359
189 360
189 420
189 447
189 460
189 481
189 505
189 531
189 567
189 624
189 672
189 691
190 240
190 319
190 323
190 409
190 423
190 494
190 499
190 509
190 562
190 564
190 580
190 616
190 617
190 623
190 719
190 730
190 736
190 738
190 740
190 771
190 775
190 784
191 200
191 215
191 221
191 257
191 289
191 294
191 366
191 376
191 377
191 417
191 466
191 492
191 506
191 512
191 573
191 577
191 752
191 763
191 797
192 210
192 236
192 241
192 344
192 377
192 516
192 606
192 616
192 645
192 660
192 725
192 741
192 782
193 206
193 221
193 234
193 277
193 358
193 530
193 579
193 588
193 639
193 794
194 325
194 404
194 453
194 455
194 475
194 484
194 562
194 566
194 596
194 694
194 700
194 760
195 196
195 211
195 237
195 251
195 286
195 302
195 356
195 373
195 408
195 427
195 567
195 568
195 696
195 729
195 736
195 773
196 205
196 220
196 267
196 271
196 338
196 431
196 454
196 543
196 546
196 559
196 575
196 592
196 641
196 671
196 677
196 683
196 791
196 792
196 793
196 794
197 243
197 267
197 320
197 383
197 412
197 417
197 424
197 521
197 618
197 662
197 665
197 694
197 742
197 749
197 755
198 205
198 209
198 247
198 255
198 260
198 270
198 281
198 296
198 340
198 387
198 414
198 476
198 486
198 581
198 586
198 696
198 714
198 719
198 737
198 748
198 769
198 781
198 793
199 202
199 252
199 253
199 256
199 259
199 276
199 277
199 336
199 349
199 395
199 401
199 457
199 462
199 467
199 470
199 553
199 613
199 643
199 671
199 714
199 728
199 763
199 779
200 254
200 274
200 308
200 315
200 349
200 432
200 455
200 528
200 532
200 629
200 738
200 752
200 764
201 212
201 248
201 262
201 321
201 358
201 457
201 553
201 554
201 565
201 596
201 658
201 687
201 719
201 752
202 227
202 272
202 311
202 389
202 414
202 444
202 514
202 540
202 575
202 587
202 674
202 681
202 755
202 756
203 243
203 252
203 267
203 312
203 361
203 442
203 481
203 532
203 553
203 592
203 715
203 759
203 773
203 776
204 227
204 250
204 285
204 351
204 401
204 462
204 495
204 532
204 540
204 551
204 566
204 639
204 642
204 697
204 751
204 762
204 765
204 782
205 218
205 247
205 264
205 299
205 346
205 348
205 365
205 381
205 433
205 462
205 464
205 498
205 530
205 537
205 541
205 583
205 611
205 677
205 710
205 713
205 732
205 748
205 762
205 784
205 788
205 795
206 238
206 292
206 312
206 339
206 342
206 404
206 442
206 443
206 476
206 513
206 547
206 548
206 571
206 593
206 638
206 649
206 666
206 706
206 727
206 745
206 752
206 758
206 775
206 795
207 284
207 311
207 317
207 336
207 377
207 393
207 519
207 526
207 550
207 671
207 675
207 728
207 738
208 242
208 275
208 279
208 323
208 347
208 369
208 482
208 498
208 550
208 565
208 586
208 613
208 657
208 673
208 680
208 731
208 732
208 738
208 757
208 794
209 221
209 305
209 406
209 411
209 473
209 519
209 554
209 606
209 657
209 665
209 670
209 719
210 319
210 321
210 375
210 461
210 481
210 498
210 514
210 524
210 527
210 550
210 567
210 586
210 588
210 721
210 781
211 247
211 251
211 307
211 335
211 397
211 633
211 717
211 725
212 215
212 216
212 252
212 299
212 301
212 375
212 376
212 384
212 443
212 513
212 517
212 566
212 681
212 688
212 694
212 761
213 285
213 293
213 310
213 321
213 324
213 342
213 343
213 377
213 435
213 447
213 475
213 539
213 614
213 708
213 722
213 732
213 796
214 244
214 265
214 274
214 277
214 300
214 303
214 319
214 369
214 406
214 452
214 465
214 478
214 490
214 537
214 548
214 616
214 625
214 722
214 723
214 753
214 788
215 254
215 289
215 295
215 303
215 381
215 450
215 458
215 463
215 470
215 503
215 506
215 528
215 558
215 569
215 620
215 663
215 701
215 729
215 731
215 757
215 786
216 233
216 245
216 253
216 293
216 311
216 332
216 334
216 345
216 346
216 383
216 452
216 459
216 490
216 512
216 513
216 638
216 653
216 738
216 746
216 784
216 796
217 266
217 300
217 302
217 472
217 532
217 537
217 616
217 627
217 654
217 670
217 719
217 773
218 260
218 275
218 287
218 299
218 439
218 473
218 481
218 526
218 597
218 691
218 693
218 705
218 758
218 794
219 241
219 293
219 308
219 322
219 331
219 431
219 464
219 495
219 498
219 506
219 523
219 621
219 647
219 678
219 683
219 772
219 776
219 788
220 280
220 296
220 298
220 302
220 314
220 394
220 481
220 504
220 508
220 514
220 567
220 659
220 672
220 743
220 777
220 792
221 257
221 281
221 309
221 312
221 388
221 462
221 506
221 565
221 587
221 596
221 629
221 638
221 666
221 744
221 763
221 790
222 238
222 319
222 395
222 403
222 452
222 499
222 512
222 515
222 546
222 561
222 604
222 619
222 626
222 680
222 712
222 741
223 232
223 302
223 314
223 337
223 339
223 343
223 393
223 441
223 460
223 494
223 530
223 625
223 652
223 678
223 680
223 708
223 722
223 730
223 785
224 348
224 349
224 388
224 465
224 541
224 582
224 726
225 248
225 260
225 269
225 280
225 293
225 323
225 338
225 384
225 407
225 462
225 474
225 486
225 489
225 494
225 534
225 567
225 580
225 608
225 629
225 642
225 703
225 734
225 778
226 310
226 324
226 366
226 377
226 407
226 413
226 420
226 562
226 567
226 596
226 604
226 627
226 653
226 768
226 769
227 276
227 305
227 365
227 434
227 450
227 459
227 486
227 497
227 528
227 545
227 559
227 586
227 770
227 799
228 231
228 247
228 253
228 348
228 365
228 392
228 393
228 539
228 580
228 623
228 660
228 662
228 720
228 778
229 254
229 283
229 341
229 382
229 408
229 444
229 522
229 526
229 532
229 571
229 610
229 627
229 633
229 721
229 741
229 742
229 791
230 366
230 387
230 507
230 558
230 559
230 588
230 616
230 656
230 663
230 682
230 684
230 740
230 768
231 267
231 289
231 300
231 407
231 439
231 444
231 458
231 513
231 533
231 558
231 580
231 598
231 609
231 619
231 751
231 756
232 235
232 276
232 427
232 432
232 474
232 520
232 606
232 749
233 278
233 292
233 370
233 376
233 402
233 440
233 564
233 575
233 579
233 597
233 629
233 647
233 648
233 674
233 792
234 283
234 285
234 300
234 377
234 482
234 487
234 535
234 551
234 581
234 584
234 611
234 630
234 646
234 702
234 717
235 236
235 241
235 244
235 265
235 268
235 277
235 312
235 458
235 533
235 587
235 598
235 657
235 708
235 717
236 260
236 373
236 422
236 441
236 467
236 470
236 500
236 537
236 553
236 605
236 639
236 678
236 710
236 725
236 734
236 774
236 796
237 240
237 315
237 373
237 449
237 464
237 473
237 524
237 574
237 610
237 620
237 660
237 720
237 778
238 266
238 323
238 372
238 377
238 401
238 429
238 492
238 499
238 544
238 554
238 633
238 658
238 691
238 705
238 769
238 773
238 786
239 252
239 317
239 346
239 384
239 387
239 390
239 404
239 426
239 432
239 459
239 465
239 472
239 566
239 593
239 672
239 701
239 741
239 778
240 305
240 312
240 335
240 351
240 396
240 422
240 439
240 476
240 492
240 545
240 565
240 604
240 610
240 643
240 691
240 723
240 770
240 772
241 248
241 403
241 411
241 431
241 482
241 490
241 613
241 617
241 640
241 664
241 686
241 734
241 737
242 243
242 246
242 270
242 282
242 291
242 296
242 303
242 394
242 428
242 444
242 457
242 482
242 488
242 565
242 571
242 583
242 648
242 672
242 739
242 746
242 780
242 781
242 783
243 280
243 296
243 302
243 318
243 404
243 442
243 485
243 555
243 558
243 617
243 655
243 709
243 720
244 254
244 263
244 287
244 326
244 373
244 405
244 417
244 443
244 460
244 481
244 534
244 564
244 600
244 604
244 614
244 627
244 644
244 647
244 649
244 699
244 718
244 724
244 773
244 780
245 314
245 364
245 416
245 514
245 562
245 596
245 615
245 681
245 704
245 758
246 266
246 274
246 286
246 307
246 332
246 347
246 356
246 370
246 381
246 386
246 427
246 492
246 511
246 552
246 581
246 604
246 642
246 663
246 676
246 697
246 756
246 762
247 325
247 337
247 402
247 405
247 428
247 435
247 453
247 490
247 508
247 516
247 574
247 644
247 671
247 759
247 767
247 781
247 790
248 258
248 283
248 352
248 391
248 408
248 411
248 447
248 533
248 565
248 578
248 634
248 702
248 768
249 361
249 375
249 380
249 381
249 387
249 459
249 468
249 472
249 501
249 582
249 615
249 616
249 660
249 662
249 670
249 737
250 261
250 294
250 317
250 466
250 491
250 526
250 544
250 617
250 638
250 674
250 719
250 780
251 287
251 293
251 311
251 367
251 389
251 426
251 461
251 482
251 516
251 524
251 793
252 344
252 386
252 404
252 443
252 463
252 464
252 537
252 560
252 563
252 580
252 682
252 710
252 758
253 305
253 348
253 351
253 369
253 423
253 455
253 458
253 468
253 550
253 559
253 561
253 563
253 565
253 585
253 589
253 597
253 612
253 641
253 642
253 649
253 725
253 766
253 777
254 329
254 416
254 425
254 433
254 436
254 453
254 471
254 482
254 565
254 591
254 613
254 639
254 644
254 647
254 661
254 676
254 760
255 288
255 348
255 352
255 410
255 415
255 444
255 451
255 453
255 459
255 465
255 470
255 490
255 548
255 656
255 678
256 313
256 347
256 380
256 541
256 602
256 609
256 619
256 633
256 660
256 693
256 695
256 708
256 709
256 735
256 753
256 781
257 264
257 378
257 427
257 514
257 515
257 523
257 527
257 555
257 561
257 585
257 707
257 724
257 744
258 277
258 325
258 328
258 343
258 349
258 377
258 409
258 466
258 491
258 550
258 562
258 641
258 694
258 717
258 758
258 762
259 286
259 300
259 331
259 352
259 356
259 424
259 533
259 584
259 589
259 643
259 728
259 737
259 741
259 745
260 287
260 383
260 514
260 546
260 549
260 551
260 663
260 664
260 669
260 700
260 703
260 731
260 742
260 747
260 756
260 758
260 789
261 310
261 327
261 337
261 358
261 370
261 438
261 481
261 493
261 570
261 597
261 598
261 641
261 657
261 768
261 772
262 274
262 319
262 366
262 454
262 483
262 516
262 548
262 566
262 620
262 750
262 784
263 331
263 378
263 423
263 441
263 520
263 562
263 584
263 599
263 614
263 672
263 715
263 722
263 753
263 754
263 790
263 797
264 311
264 336
264 438
264 534
264 585
264 621
264 639
264 647
264 689
264 712
264 741
264 767
265 312
265 326
265 332
265 382
265 401
265 447
265 525
265 532
265 572
265 594
265 615
265 626
265 641
265 659
265 666
265 678
265 690
265 694
265 732
265 747
265 771
265 783
266 282
266 299
266 343
266 362
266 386
266 454
266 456
266 457
266 488
266 496
266 502
266 581
266 611
266 636
266 676
266 752
267 268
267 294
267 296
267 312
267 368
267 369
267 453
267 549
267 555
267 572
267 636
267 654
267 677
267 680
267 749
267 752
267 778
268 272
268 293
268 345
268 419
268 444
268 572
268 582
268 590
268 703
268 726
268 730
269 271
269 287
269 294
269 308
269 314
269 330
269 402
269 413
269 432
269 443
269 484
269 518
269 586
269 587
269 613
269 638
269 646
269 689
269 719
269 721
269 733
269 760
269 778
270 321
270 332
270 335
270 336
270 338
270 381
270 385
270 487
270 494
270 673
270 760
271 293
271 321
271 373
271 385
271 407
271 421
271 457
271 466
271 469
271 477
271 485
271 491
271 502
271 533
271 541
271 549
271 565
271 591
271 627
271 639
271 661
271 679
271 704
271 730
271 735
271 738
272 323
272 370
272 376
272 414
272 455
272 463
272 547
272 557
272 558
272 617
272 620
272 640
272 678
272 714
272 719
272 733
272 755
272 758
272 766
272 773
272 792
272 797
273 284
273 313
273 325
273 351
273 359
273 386
273 523
273 574
273 582
273 599
273 608
273 676
273 693
273 696
273 735
273 794
274 339
274 371
274 427
274 465
274 471
274 485
274 591
274 616
274 677
274 700
274 721
274 729
274 750
274 756
274 787
275 285
275 327
275 341
275 375
275 398
275 405
275 450
275 473
275 507
275 531
275 588
275 614
275 633
275 638
275 713
275 715
275 736
275 753
276 282
276 311
276 319
276 372
276 376
276 411
276 462
276 482
276 484
276 496
276 497
276 575
276 640
276 678
276 679
276 680
276 741
276 746
276 770
277 281
277 344
277 383
277 446
277 579
277 585
277 651
277 652
277 657
277 702
277 764
278 292
278 303
278 317
278 530
278 551
278 587
278 616
278 637
278 647
278 662
278 718
278 755
279 300
279 361
279 391
279 410
279 411
279 412
279 462
279 527
279 532
279 569
279 597
279 621
279 636
279 673
279 697
279 712
279 724
279 765
279 780
280 287
280 333
280 357
280 403
280 414
280 424
280 503
280 548
280 563
280 568
280 569
280 594
280 622
280 624
280 726
280 755
280 770
280 781
280 788
280 789
281 402
281 435
281 484
281 495
281 554
281 577
281 608
281 698
282 322
282 348
282 359
282 431
282 505
282 522
282 628
282 630
282 648
282 762
283 299
283 343
283 346
283 401
283 452
283 527
283 564
283 571
283 574
283 601
283 625
283 634
283 650
283 679
284 314
284 337
284 366
284 381
284 394
284 449
284 465
284 548
284 556
284 607
284 628
284 639
284 647
284 689
284 706
284 734
285 386
285 391
285 444
285 617
285 634
285 648
285 653
285 787
286 328
286 355
286 375
286 383
286 384
286 417
286 419
286 441
286 571
286 577
286 629
286 630
286 652
286 677
286 692
286 717
287 314
287 367
287 388
287 439
287 452
287 523
287 530
287 532
287 539
287 640
287 651
287 665
287 672
287 699
287 718
287 755
287 768
287 787
288 340
288 370
288 388
288 435
288 501
288 540
288 541
288 565
288 600
288 604
288 680
288 697
288 751
288 765
289 344
289 376
289 385
289 448
289 456
289 478
289 499
289 503
289 550
289 577
289 585
289 596
289 663
289 708
289 719
289 777
290 306
290 361
290 362
290 421
290 431
290 490
290 540
290 556
290 607
290 610
290 613
290 671
290 711
290 714
290 774
290 777
291 297
291 305
291 337
291 343
291 409
291 416
291 434
291 444
291 525
291 550
291 605
291 630
291 699
291 713
291 738
291 740
291 744
291 749
291 768
291 772
292 294
292 295
292 403
292 471
292 519
292 543
292 570
292 599
292 640
292 648
292 736
293 327
293 352
293 370
293 401
293 415
293 447
293 465
293 502
293 630
293 637
293 682
293 707
293 728
293 744
293 745
293 770
293 778
294 298
294 345
294 369
294 407
294 481
294 501
294 569
294 611
294 638
294 654
294 703
294 735
295 299
295 333
295 360
295 366
295 436
295 437
295 454
295 480
295 502
295 550
295 555
295 650
295 739
295 771
295 773
295 775
295 779
295 789
296 306
296 309
296 327
296 369
296 384
296 396
296 404
296 423
296 436
296 442
296 461
296 489
296 505
296 513
296 612
296 623
296 634
296 685
296 704
296 712
296 724
296 745
296 758
296 763
296 779
297 330
297 345
297 368
297 395
297 442
297 447
297 500
297 508
297 516
297 518
297 526
297 540
297 552
297 566
297 618
297 641
297 706
297 717
297 737
297 748
298 366
298 397
298 408
298 433
298 472
298 502
298 507
298 637
298 642
298 669
298 720
298 753
299 377
299 380
299 388
299 395
299 416
299 467
299 484
299 513
299 521
299 635
299 657
299 670
299 680
299 683
299 740
300 313
300 315
300 335
300 365
300 397
300 417
300 418
300 426
300 438
300 492
300 508
300 550
300 561
300 609
300 679
300 691
300 699
300 730
300 742
300 747
300 771
300 798
301 302
301 313
301 340
301 362
301 405
301 512
301 529
301 613
301 646
301 658
301 665
301 720
301 767
301 785
301 798
302 312
302 313
302 315
302 316
302 317
302 327
302 346
302 368
302 397
302 451
302 537
302 550
302 582
302 645
302 717
302 785
302 797
303 363
303 379
303 424
303 509
303 586
303 641
303 647
303 667
303 677
303 729
303 749
303 754
304 328
304 329
304 330
304 332
304 368
304 394
304 412
304 459
304 460
304 487
304 496
304 597
304 601
304 685
304 701
304 739
305 328
305 392
305 436
305 457
305 492
305 508
305 538
305 685
305 707
305 715
306 330
306 421
306 425
306 560
306 580
306 590
306 596
306 603
306 632
306 634
306 680
306 716
306 773
306 775
307 311
307 318
307 339
307 344
307 481
307 494
307 496
307 588
307 595
307 619
307 628
307 665
307 726
307 739
308 336
308 369
308 403
308 428
308 435
308 521
308 579
308 606
308 629
308 644
308 659
308 665
308 738
308 759
308 772
309 331
309 334
309 341
309 406
309 416
309 442
309 480
309 498
309 584
309 590
309 602
309 646
309 679
309 683
310 391
310 403
310 477
310 538
310 585
310 618
310 724
310 752
310 791
311 317
311 418
311 435
311 442
311 482
311 524
311 548
311 562
311 564
311 576
311 578
311 603
311 616
311 624
311 625
311 641
311 721
311 764
311 783
311 785
311 789
312 398
312 436
312 496
312 543
312 559
312 566
312 586
312 597
312 601
312 640
312 644
312 761
312 781
312 791
313 340
313 460
313 526
313 583
313 697
313 774
313 785
313 786
314 331
314 358
314 359
314 393
314 546
314 563
314 567
314 576
314 613
314 701
314 708
314 790
315 340
315 348
315 363
315 391
315 394
315 401
315 527
315 548
315 551
315 603
315 604
315 619
315 650
315 732
315 748
315 752
315 781
316 340
316 370
316 382
316 442
316 448
316 495
316 583
316 604
316 708
316 713
316 767
316 794
317 327
317 332
317 351
317 361
317 398
317 458
317 534
317 579
317 586
317 672
317 768
318 352
318 404
318 423
318 487
318 533
318 542
318 543
318 573
318 600
318 622
318 640
318 677
318 719
318 771
319 333
319 389
319 392
319 409
319 457
319 496
319 541
319 591
319 643
319 673
319 679
319 721
319 725
319 745
319 758
319 761
319 785
320 340
320 390
320 407
320 489
320 497
320 562
320 624
320 647
320 683
320 713
320 717
320 740
320 771
321 324
321 382
321 431
321 436
321 653
321 681
321 736
321 795
322 501
322 523
322 548
322 585
322 663
322 670
322 735
322 741
323 342
323 375
323 384
323 392
323 410
323 521
323 527
323 543
323 675
323 686
323 724
323 756
324 332
324 343
324 369
324 411
324 422
324 447
324 475
324 524
324 600
324 678
324 684
324 687
324 698
324 736
324 740
324 756
324 765
324 766
325 341
325 349
325 352
325 454
325 463
325 479
325 600
325 653
325 752
325 777
326 363
326 420
326 453
326 489
326 500
326 543
326 565
326 594
326 601
326 609
326 622
326 636
326 714
326 715
327 386
327 419
327 473
327 533
327 551
327 622
327 649
327 689
327 692
327 710
327 771
328 382
328 384
328 481
328 533
328 544
328 547
328 587
328 634
328 637
328 759
328 784
328 796
329 353
329 357
329 478
329 521
329 603
329 654
329 655
329 693
329 744
330 353
330 367
330 378
330 391
330 412
330 521
330 563
330 584
330 656
330 681
330 749
331 345
331 381
331 401
331 421
331 444
331 502
331 545
331 577
331 639
331 673
331 690
331 772
331 779
331 787
332 382
332 659
332 704
332 706
332 707
332 713
332 783
333 347
333 368
333 383
333 390
333 456
333 467
333 478
333 484
333 499
333 589
333 592
333 651
333 657
333 695
333 702
334 339
334 398
334 413
334 414
334 430
334 433
334 492
334 532
334 751
334 758
334 762
335 347
335 352
335 430
335 463
335 492
335 590
335 597
335 626
335 638
335 663
335 686
336 388
336 389
336 456
336 473
336 490
336 531
336 535
336 633
336 645
336 677
336 697
336 725
336 734
337 349
337 364
337 377
337 404
337 459
337 490
337 509
337 528
337 740
337 751
337 773
337 787
338 342
338 506
338 509
338 580
338 602
338 682
338 742
338 744
338 747
338 755
339 364
339 390
339 441
339 529
339 548
339 553
339 583
339 601
339 602
339 666
339 730
339 743
339 748
340 347
340 369
340 473
340 598
340 611
340 628
340 637
340 667
340 779
340 790
341 344
341 356
341 367
341 375
341 379
341 390
341 440
341 458
341 512
341 606
341 616
341 633
341 654
341 664
341 696
341 735
341 786
341 787
342 385
342 404
342 420
342 465
342 493
342 574
342 629
342 667
342 675
342 678
342 681
342 722
342 746
342 787
342 791
343 354
343 450
343 465
343 484
343 492
343 520
343 539
343 586
343 604
343 676
343 678
343 711
343 719
344 395
344 396
344 427
344 443
344 522
344 556
344 557
344 561
344 579
344 672
344 689
344 723
344 726
344 730
344 737
344 740
344 745
345 349
345 452
345 489
345 507
345 528
345 548
345 600
345 671
345 737
345 790
346 360
346 479
346 618
346 665
346 679
346 744
346 780
347 350
347 377
347 395
347 474
347 490
347 563
347 594
347 665
347 763
347 782
348 363
348 476
348 496
348 502
348 512
348 634
348 644
348 649
348 670
348 745
348 780
349 384
349 427
349 486
349 585
349 608
349 652
349 736
349 759
350 489
350 505
350 529
350 678
350 751
351 402
351 415
351 456
351 491
351 514
351 542
351 554
351 582
351 621
351 643
351 653
351 667
351 670
351 674
351 739
351 740
351 776
352 457
352 505
352 534
352 542
352 544
352 567
352 578
352 583
352 595
352 644
352 733
352 751
352 757
352 759
352 767
353 393
353 444
353 448
353 493
353 678
353 689
353 702
353 720
353 771
354 355
354 457
354 532
354 576
354 609
354 628
354 636
354 651
354 717
354 752
355 389
355 408
355 426
355 432
355 483
355 540
355 547
355 571
355 577
355 632
355 651
355 710
355 774
355 797
356 404
356 423
356 459
356 505
356 511
356 550
356 559
356 630
356 676
356 677
356 684
356 689
356 741
356 747
356 750
357 359
357 426
357 455
357 456
357 514
357 605
357 638
357 692
357 700
357 702
357 728
357 743
357 749
357 759
358 380
358 395
358 412
358 443
358 464
358 495
358 504
358 506
358 512
358 560
358 590
358 611
358 626
358 668
358 766
359 375
359 398
359 403
359 409
359 426
359 462
359 488
359 506
359 617
359 630
359 634
359 738
359 758
359 781
360 370
360 431
360 476
360 480
360 501
360 510
360 515
360 524
360 567
360 618
360 621
360 670
360 689
360 700
360 774
360 786
361 375
361 491
361 549
361 610
361 637
361 650
361 720
361 734
361 788
361 793
362 378
362 394
362 467
362 481
362 485
362 494
362 506
362 570
362 602
362 723
362 738
363 479
363 530
363 562
363 630
363 646
363 655
363 741
363 747
363 761
363 766
363 780
364 398
364 400
364 407
364 415
364 465
364 516
364 550
364 592
364 639
364 663
364 708
364 760
364 790
365 430
365 434
365 542
365 571
365 596
365 612
365 708
365 731
365 753
365 769
365 785
366 435
366 450
366 623
366 654
366 658
367 377
367 378
367 396
367 409
367 410
367 480
367 549
367 593
367 607
367 654
367 687
367 709
367 755
367 797
368 473
368 484
368 509
368 521
368 525
368 546
368 576
368 605
368 624
368 627
368 661
368 690
368 695
368 760
369 461
369 505
369 526
369 533
369 543
369 560
369 566
369 614
369 618
369 621
369 666
369 708
369 717
369 753
369 755
370 400
370 405
370 416
370 424
370 437
370 445
370 516
370 517
370 556
370 594
370 597
370 702
370 717
370 765
370 767
370 781
371 397
371 400
371 431
371 432
371 442
371 575
371 580
371 600
371 617
371 628
371 629
371 652
371 659
371 668
371 673
371 688
371 697
371 751
372 412
372 499
372 541
372 593
372 598
372 609
372 624
372 658
372 716
373 452
373 453
373 459
373 483
373 514
373 549
373 638
373 649
373 683
373 684
373 704
373 715
373 758
373 781
373 792
374 375
374 389
374 392
374 440
374 460
374 473
374 639
374 711
374 720
374 780
375 423
375 485
375 541
375 549
375 570
375 573
375 611
375 651
375 696
375 726
375 750
375 796
376 388
376 469
376 484
376 519
376 530
376 610
376 643
376 667
376 678
376 707
376 741
376 793
376 797
377 380
377 382
377 400
377 403
377 433
377 470
377 561
377 585
377 600
377 604
377 618
377 645
377 662
377 711
377 718
377 770
377 777
377 792
378 471
378 478
378 515
378 518
378 523
378 592
378 625
378 637
378 679
378 685
378 715
378 735
378 739
378 765
379 394
379 399
379 400
379 408
379 420
379 423
379 458
379 497
379 555
379 590
379 604
379 636
379 675
379 687
379 739
379 745
379 788
379 789
380 396
380 409
380 481
380 482
380 496
380 618
380 699
380 726
380 748
380 755
380 794
381 533
381 608
381 654
381 659
381 715
381 766
381 794
382 423
382 424
382 435
382 477
382 487
382 499
382 551
382 602
382 612
382 650
382 708
382 779
382 780
382 783
383 585
383 586
383 609
383 636
383 692
383 737
383 776
383 778
384 456
384 536
384 562
384 565
384 566
384 694
384 731
384 768
385 390
385 418
385 448
385 510
385 519
385 627
385 643
385 718
385 726
386 418
386 452
386 467
386 582
386 607
386 722
386 744
386 745
387 401
387 413
387 449
387 515
387 521
387 593
387 644
387 659
387 736
387 759
388 448
388 460
388 518
388 569
388 576
388 603
388 777
389 434
389 442
389 468
389 514
389 663
389 778
389 782
390 451
390 474
390 551
390 590
390 654
390 715
390 790
391 417
391 461
391 580
391 600
391 615
391 631
391 649
391 657
391 669
391 757
392 441
392 444
392 470
392 534
392 576
392 584
392 669
392 707
392 750
393 438
393 466
393 520
393 527
393 542
393 576
393 596
393 602
393 631
393 634
393 723
393 750
393 751
393 783
394 423
394 432
394 583
394 604
394 650
394 652
394 685
394 690
394 772
395 398
395 402
395 535
395 556
395 606
395 647
395 714
395 726
395 762
395 772
395 776
396 435
396 437
396 477
396 481
396 501
396 509
396 541
396 555
396 599
396 600
396 617
396 687
396 735
396 779
396 795
396 797
397 399
397 441
397 472
397 494
397 497
397 532
397 636
397 645
397 719
397 766
397 777
397 779
397 787
398 409
398 419
398 450
398 471
398 482
398 494
398 503
398 575
398 580
398 606
398 619
398 644
398 670
398 708
398 711
398 720
398 726
398 733
398 735
398 789
399 426
399 437
399 463
399 474
399 499
399 507
399 534
399 552
399 555
399 578
399 602
399 604
399 613
399 617
399 655
399 664
399 676
399 677
399 696
399 700
399 705
399 720
399 748
399 773
400 446
400 497
400 534
400 535
400 599
400 631
400 675
400 735
400 761
400 765
401 413
401 445
401 491
401 521
401 598
401 624
401 635
401 643
401 662
401 702
401 741
401 751
402 439
402 538
402 636
402 663
402 668
402 709
402 731
402 770
402 787
403 440
403 470
403 524
403 529
403 561
403 715
403 731
403 750
404 443
404 471
404 493
404 532
404 571
404 573
404 639
404 680
404 701
404 713
404 734
404 784
405 415
405 482
405 535
405 540
405 558
405 589
405 609
405 611
405 614
405 649
405 683
405 735
406 561
406 583
406 607
406 678
406 691
406 704
406 739
407 445
407 495
407 496
407 500
407 524
407 567
407 625
407 634
407 653
407 679
407 728
407 751
407 784
407 789
408 452
408 458
408 483
408 490
408 562
408 574
408 594
408 645
408 676
408 700
408 714
408 718
408 745
408 762
408 774
409 435
409 442
409 445
409 463
409 472
409 500
409 514
409 531
409 583
409 594
409 616
409 620
409 714
409 748
409 776
410 448
410 452
410 473
410 478
410 487
410 491
410 512
410 530
410 542
410 609
410 635
410 651
410 772
410 776
410 789
411 442
411 463
411 540
411 576
411 586
411 644
411 653
411 672
411 673
411 677
412 418
412 442
412 597
412 601
412 694
412 717
412 719
412 720
412 747
412 780
413 439
413 451
413 479
413 523
413 554
413 582
413 609
413 654
413 793
413 796
414 462
414 472
414 530
414 548
414 551
414 561
414 570
414 600
414 742
414 778
415 420
415 446
415 454
415 537
415 577
415 604
415 667
415 678
416 520
416 593
416 667
416 738
416 787
417 420
417 422
417 430
417 446
417 477
417 497
417 499
417 566
417 585
417 601
417 684
417 712
417 739
417 767
417 771
417 780
417 782
417 786
418 450
418 500
418 532
418 566
418 672
418 692
418 708
418 752
418 756
418 776
419 449
419 455
419 483
419 511
419 539
419 554
419 572
419 586
419 592
419 598
419 600
419 617
419 633
419 655
419 661
419 718
420 472
420 597
420 618
420 657
420 700
420 729
420 792
421 452
421 455
421 523
421 578
421 584
421 671
421 711
421 725
421 747
421 789
422 428
422 533
422 544
422 646
422 675
422 677
422 714
422 790
423 456
423 504
423 527
423 528
423 530
423 545
423 632
423 635
423 680
424 447
424 611
424 616
424 621
424 687
424 695
424 720
424 741
425 459
425 460
425 506
425 509
425 570
425 576
425 612
425 644
425 646
425 674
425 685
425 691
425 711
425 715
425 724
425 767
426 477
426 502
426 558
426 688
426 716
426 726
426 762
427 433
427 473
427 509
427 513
427 631
427 679
427 700
427 712
427 721
427 786
428 447
428 473
428 566
428 597
428 604
428 728
428 746
428 787
429 459
429 613
429 674
429 703
429 712
429 713
429 719
429 727
429 799
430 453
430 517
430 522
430 568
430 594
430 722
430 766
430 767
431 450
431 505
431 558
431 631
431 651
431 654
431 666
431 702
431 782
431 799
432 453
432 503
432 644
432 718
432 785
433 509
433 511
433 526
433 541
433 567
433 627
433 717
433 718
433 733
433 746
433 752
434 463
434 518
434 576
434 607
434 624
434 638
434 642
434 713
434 739
434 763
434 788
435 464
435 468
435 473
435 567
435 575
435 629
435 745
435 763
435 775
436 498
436 505
436 575
436 599
436 605
436 721
436 740
437 467
437 478
437 523
437 577
437 588
437 618
437 719
437 739
437 763
438 506
438 544
438 558
438 568
438 723
438 733
438 746
438 753
438 793
439 498
439 513
439 546
439 555
439 556
439 566
439 572
439 594
439 611
439 637
439 641
439 660
439 679
439 714
439 762
440 459
440 541
440 606
440 619
440 663
440 689
440 690
440 739
440 762
440 774
441 504
441 515
441 537
441 563
441 571
441 595
441 598
441 739
441 741
442 458
442 475
442 478
442 483
442 600
442 630
442 639
442 642
442 779
443 491
443 533
443 580
443 601
443 669
443 739
443 769
443 785
444 548
444 610
444 612
444 632
444 652
444 663
444 667
444 678
444 681
444 682
444 694
444 708
444 720
444 725
444 790
444 795
445 524
445 537
445 585
445 591
445 664
445 694
445 703
445 712
446 456
446 485
446 615
446 631
446 638
446 674
446 748
446 766
447 520
447 549
447 551
447 591
447 592
447 595
447 598
447 613
447 627
447 701
447 711
447 744
447 771
447 779
448 468
448 505
448 520
448 591
448 616
448 706
448 749
449 468
449 479
449 518
449 558
449 601
449 660
449 705
449 721
449 772
449 799
450 544
451 462
451 482
451 510
451 535
451 561
451 562
451 680
451 717
451 726
451 771
452 488
452 510
452 553
452 598
452 609
452 632
452 633
452 653
452 714
452 730
452 734
452 747
452 781
452 788
453 482
453 484
453 490
453 507
453 521
453 556
453 562
453 626
453 628
453 643
453 654
453 670
453 725
453 782
454 484
454 487
454 556
454 568
454 601
454 608
454 692
454 769
454 781
455 542
455 604
455 630
455 683
455 697
455 736
455 781
456 458
456 470
456 504
456 511
456 659
456 674
456 681
456 693
456 768
457 483
457 489
457 501
457 581
457 652
457 767
457 771
457 796
458 496
458 569
458 581
458 584
458 601
458 750
459 468
459 479
459 527
459 529
459 573
459 619
459 631
459 698
459 750
459 787
460 474
460 495
460 503
460 552
460 675
460 715
460 716
460 739
460 750
460 765
461 517
461 607
461 654
461 721
461 773
461 776
461 782
462 490
462 528
462 599
462 624
462 632
462 639
462 658
462 686
462 727
462 750
462 770
462 795
463 471
463 476
463 503
463 519
463 528
463 547
463 569
463 571
463 590
463 591
464 509
464 528
464 644
464 767
465 500
465 528
465 531
465 532
465 555
465 595
465 620
465 631
465 752
466 565
466 576
466 577
466 635
466 686
466 761
466 764
467 497
467 525
467 564
467 565
467 581
467 614
467 623
467 631
467 636
467 645
467 664
467 716
467 740
467 780
468 506
468 538
468 652
468 661
468 743
468 775
468 797
469 477
469 571
469 636
469 661
469 669
469 676
469 706
469 758
469 768
470 595
470 612
470 621
470 710
470 754
471 510
471 518
471 541
471 572
471 573
471 586
471 648
471 649
471 687
471 688
471 734
471 747
471 772
471 794
472 483
472 567
472 624
472 625
472 647
472 661
472 692
473 489
473 508
473 510
473 556
473 581
473 615
473 736
473 766
474 492
474 504
474 527
474 574
474 630
474 684
475 498
475 541
475 548
475 561
475 577
475 600
475 637
475 647
475 662
476 544
476 587
476 660
476 676
476 744
476 784
476 788
477 481
477 535
477 543
477 593
477 664
477 714
478 491
478 516
478 580
478 588
478 603
478 653
478 674
478 684
478 689
479 511
479 538
479 583
479 594
479 625
479 679
479 689
479 698
479 707
479 748
480 543
480 683
480 718
480 732
480 779
480 795
480 798
481 509
481 538
481 602
481 605
481 612
481 629
481 757
482 567
482 610
482 615
482 661
482 682
482 718
482 734
482 740
482 764
482 780
483 507
483 566
483 577
483 585
483 721
483 798
484 517
484 532
484 542
484 543
484 585
484 596
484 640
484 650
485 489
485 546
485 623
485 631
485 701
485 784
486 579
486 601
486 681
486 733
486 756
486 779
487 511
487 514
487 640
487 651
487 664
487 695
487 712
487 723
487 746
487 750
487 762
487 793
488 506
488 513
488 548
488 575
488 620
488 685
488 694
488 751
488 770
488 797
489 490
489 507
489 549
489 608
489 611
489 623
489 640
489 680
489 728
489 756
489 772
489 786
490 558
490 598
490 668
490 698
490 755
491 512
491 583
491 586
491 593
491 612
491 632
491 663
491 669
491 721
491 797
492 506
492 554
492 615
492 618
492 624
492 639
492 686
492 728
492 739
492 746
492 770
493 566
493 601
493 611
493 617
493 636
493 642
493 657
493 665
493 712
493 750
493 782
494 512
494 535
494 552
494 554
494 564
494 616
494 627
494 648
494 680
494 688
494 707
494 739
494 799
495 503
495 534
495 558
495 582
495 636
495 637
495 677
495 718
495 729
495 755
496 559
496 577
496 593
496 621
496 644
496 673
496 713
497 527
497 553
497 561
497 574
497 682
497 683
497 700
497 748
497 772
498 547
498 593
498 666
498 794
499 545
499 565
499 599
499 653
499 667
499 674
499 708
499 799
500 512
500 563
500 564
500 598
500 625
500 644
500 692
500 709
500 718
500 745
500 754
501 550
501 559
501 583
501 596
501 634
501 647
501 694
501 726
501 735
501 749
501 762
502 513
502 524
502 577
502 593
502 629
502 667
502 780
502 790
503 521
503 524
503 540
503 569
503 580
503 618
503 620
503 650
503 679
503 683
503 713
503 749
503 770
503 799
504 557
504 573
504 671
504 761
504 764
504 798
504 799
505 536
505 567
505 620
505 647
505 649
505 650
505 712
505 775
506 517
506 539
506 581
506 593
506 598
506 600
506 686
506 687
506 688
506 704
506 708
506 727
506 755
507 631
507 669
507 749
508 521
508 651
508 664
508 668
508 682
508 685
508 737
508 757
509 672
509 682
509 688
509 733
509 796
509 799
510 700
511 516
511 525
511 552
511 560
511 660
511 682
511 687
511 690
511 721
511 737
511 756
511 757
511 784
512 517
512 644
512 658
512 663
512 665
512 704
512 719
512 784
512 794
512 798
513 617
513 688
513 769
513 799
514 535
514 572
514 583
514 597
514 606
514 664
514 678
514 761
514 784
514 788
514 794
515 562
515 597
515 615
515 622
515 624
516 579
516 592
516 619
516 624
516 652
517 592
517 594
517 710
517 726
517 775
518 520
518 523
518 547
518 548
518 585
518 595
518 598
518 652
518 677
518 744
518 768
518 779
519 547
519 601
519 626
519 635
519 637
519 662
519 672
519 709
519 731
519 734
519 756
519 767
520 612
520 635
520 638
520 649
520 724
521 540
521 547
521 596
521 601
521 627
521 665
521 734
521 792
522 553
522 593
522 597
522 605
522 675
522 695
523 548
523 628
523 630
523 640
523 731
524 561
524 576
524 580
524 617
524 627
524 648
524 660
524 681
524 702
524 706
524 726
524 786
525 579
525 616
525 709
525 756
526 561
526 566
526 588
526 620
526 631
526 669
526 671
526 705
526 707
527 548
527 593
527 625
527 654
527 743
528 534
528 537
528 551
528 552
528 562
528 610
528 614
528 632
528 636
528 735
528 743
528 772
529 538
529 609
529 635
529 718
530 699
530 713
530 728
531 579
531 619
531 628
531 656
531 680
531 694
531 722
531 750
531 752
531 798
532 535
532 553
532 561
532 620
532 651
532 660
532 671
532 711
532 713
532 721
532 743
532 798
533 551
533 561
533 578
533 585
533 639
533 647
533 796
534 538
534 559
534 567
534 569
534 582
534 584
534 634
534 710
534 752
535 547
535 672
535 717
535 765
535 786
536 544
536 563
536 583
536 594
536 703
536 714
536 759
537 546
537 601
537 620
537 623
537 626
537 676
537 690
537 712
538 596
538 614
538 673
538 681
538 689
538 693
538 796
539 631
539 693
539 792
540 555
540 589
540 682
540 759
540 770
540 799
541 545
541 551
541 558
541 627
541 714
541 715
541 720
541 739
541 796
542 550
542 554
542 589
542 628
542 638
542 699
542 718
542 723
542 781
543 550
543 581
543 646
543 684
543 696
543 715
543 735
543 756
543 782
544 571
544 607
544 628
544 699
544 724
544 725
544 729
544 753
545 595
545 601
545 617
545 627
545 702
545 712
545 752
545 785
546 634
547 578
547 611
547 634
547 648
547 703
547 712
547 791
548 569
548 576
548 604
548 624
548 646
548 650
548 673
548 674
548 684
548 696
548 699
548 751
548 763
548 786
549 570
549 715
549 782
550 597
550 657
550 665
550 672
550 675
550 687
550 717
550 775
550 781
551 576
551 603
551 668
551 675
551 716
551 742
551 766
551 791
551 798
552 607
552 620
552 655
552 741
552 786
552 797
553 579
553 587
553 627
553 632
553 679
553 700
553 706
553 797
554 556
554 637
554 687
554 695
554 714
554 729
554 749
554 759
555 630
555 638
555 667
556 595
556 596
556 668
556 676
556 742
556 771
557 559
557 577
557 662
557 663
557 697
557 700
557 777
557 791
558 573
558 575
558 627
558 645
558 650
558 687
558 749
558 777
558 795
559 570
559 594
559 705
559 724
559 739
559 748
560 563
560 565
560 579
560 607
560 628
560 710
560 740
560 757
560 759
561 577
561 625
561 629
561 651
561 697
562 566
562 575
562 576
562 674
562 678
562 705
563 578
563 597
563 638
563 641
563 773
564 672
564 726
564 744
564 748
564 751
564 770
565 575
565 620
565 623
565 681
565 730
565 735
565 754
565 783
566 622
566 656
566 715
566 786
566 787
566 792
567 658
567 727
568 575
568 629
568 656
568 664
568 688
568 714
568 773
568 786
569 611
569 612
569 704
569 708
569 737
569 758
569 797
570 584
570 611
570 626
570 699
570 726
570 754
570 778
571 674
571 711
571 770
571 779
572 595
572 660
572 663
572 669
572 687
572 705
572 712
572 760
572 782
572 787
573 618
573 666
573 698
574 590
574 599
574 664
574 717
574 733
575 606
575 671
575 690
575 706
575 707
575 758
575 777
576 679
576 684
576 702
576 741
576 746
576 750
576 773
576 792
577 631
577 663
577 676
577 706
577 711
578 635
578 663
578 703
578 760
578 788
579 582
579 592
579 613
579 620
579 622
579 726
579 743
580 588
580 634
580 658
580 695
580 753
580 755
581 594
581 638
581 689
581 690
581 719
581 780
581 782
581 797
582 627
582 657
582 700
582 736
582 787
583 591
583 612
583 635
583 643
583 650
583 659
583 755
584 613
584 692
584 765
585 611
585 624
585 653
585 717
585 720
585 762
586 605
586 633
586 636
586 656
586 687
586 772
587 607
587 615
587 701
588 623
588 632
588 705
588 711
588 769
589 591
589 601
589 723
590 606
590 615
590 632
590 633
590 674
590 700
590 749
591 630
591 648
591 743
591 752
591 784
591 798
592 637
592 679
592 749
592 772
593 600
593 603
593 634
593 733
593 753
594 619
594 639
594 657
594 688
594 710
595 596
595 648
595 662
595 692
595 700
595 706
595 730
595 769
596 622
596 639
596 654
596 655
596 661
596 665
596 695
596 721
596 765
596 771
596 772
596 780
597 636
597 637
597 644
597 679
597 717
597 744
597 759
597 763
597 775
597 778
598 750
598 777
598 792
599 618
599 653
599 746
600 603
600 635
600 694
600 770
600 787
600 796
601 608
601 612
601 660
601 686
601 713
601 721
601 724
601 730
601 745
602 697
602 733
602 792
603 649
603 672
603 695
604 609
604 617
604 700
604 714
604 720
605 624
605 650
605 655
605 658
605 680
605 782
606 612
606 659
606 683
606 687
606 694
606 787
606 797
607 624
607 685
607 689
607 776
608 614
608 633
608 635
608 639
608 664
609 628
609 658
609 686
609 722
609 773
609 785
610 649
610 736
611 630
611 659
611 686
611 782
611 787
611 793
611 796
612 704
612 750
613 628
614 783
615 734
615 784
616 638
616 652
617 620
617 622
617 629
617 630
617 713
617 763
617 798
618 631
618 645
618 646
618 702
618 753
619 627
619 666
619 696
619 768
619 772
619 779
620 640
620 725
620 780
620 793
621 702
621 744
621 747
622 637
622 654
622 664
622 695
623 655
623 689
623 732
623 750
623 775
624 665
624 750
624 761
624 764
624 765
625 628
625 632
625 707
625 745
625 756
625 761
625 766
626 658
626 774
627 721
627 726
627 743
627 746
627 749
627 765
627 776
627 793
628 635
628 706
628 730
628 732
628 751
628 753
628 763
628 784
629 692
629 742
630 684
630 703
630 724
630 729
631 689
631 692
631 716
631 742
631 774
631 785
632 663
632 791
633 644
633 736
633 741
633 771
633 797
634 653
634 741
634 798
635 639
635 701
635 740
635 758
635 773
635 788
635 795
636 639
636 720
636 790
637 655
637 657
637 662
637 745
637 783
638 644
638 710
638 723
638 749
638 755
639 659
639 662
639 667
639 722
639 732
639 733
639 740
639 789
640 660
640 721
640 785
641 644
641 681
641 698
641 721
641 757
642 671
642 726
642 758
642 786
643 666
643 687
643 697
643 708
643 779
644 691
644 721
644 733
644 735
644 782
644 788
644 799
645 652
645 653
645 677
645 704
645 765
646 685
646 691
646 718
646 722
646 771
647 740
647 755
648 656
648 723
648 771
648 783
649 685
649 711
649 745
649 773
651 653
651 656
651 756
651 763
651 772
651 773
652 722
652 781
654 670
654 680
654 682
654 725
654 784
655 685
655 743
655 752
655 779
655 793
656 667
656 699
656 700
656 743
657 691
657 731
657 788
659 767
660 719
660 733
660 750
660 758
660 761
660 793
661 703
661 730
661 738
661 747
662 729
662 753
662 775
662 787
663 688
663 747
663 784
663 798
664 778
665 703
665 707
665 724
665 745
666 693
666 701
666 738
667 675
667 690
667 699
667 718
667 732
667 735
668 672
668 674
668 705
668 742
668 785
669 725
669 780
669 786
670 671
670 675
670 703
670 735
670 761
671 687
671 692
671 699
671 719
671 734
671 748
671 765
671 786
671 795
672 685
672 743
672 749
673 749
673 799
674 676
674 694
674 708
674 766
674 780
675 699
675 741
675 766
676 691
676 725
676 734
676 778
676 796
677 680
677 683
677 685
677 709
677 715
677 719
677 737
677 751
677 783
678 726
678 734
679 682
679 702
679 730
679 783
679 785
679 795
680 751
680 762
681 742
681 751
682 686
682 717
682 795
682 798
683 697
683 747
684 691
684 733
684 748
684 760
685 739
685 772
686 745
686 756
686 772
687 712
687 729
687 777
687 799
688 745
688 785
688 798
689 727
689 738
689 790
690 716
690 763
690 778
690 786
690 794
691 723
691 726
691 799
692 733
692 742
692 747
692 779
693 794
694 699
694 794
696 725
696 786
697 716
698 711
698 751
698 757
699 704
699 723
700 715
700 739
700 742
700 772
700 777
702 729
702 741
702 797
703 758
703 759
703 760
703 782
704 739
705 722
705 779
705 794
706 759
707 734
707 759
708 793
708 797
709 716
709 741
709 753
709 773
710 715
710 781
710 788
710 793
711 741
711 796
712 713
712 730
712 731
712 776
714 783
715 763
715 792
716 759
716 790
717 766
718 722
718 752
718 757
719 728
719 735
719 746
719 784
720 753
721 730
721 788
721 792
721 796
722 733
722 764
723 790
724 745
725 741
725 766
726 750
726 759
726 761
726 795
728 777
729 736
730 735
730 765
730 793
731 733
731 751
731 754
732 781
732 794
732 799
733 789
733 794
734 776
735 751
736 757
737 752
738 756
738 767
738 772
740 749
741 768
741 775
742 762
742 775
743 795
744 751
746 750
746 758
746 762
747 752
747 753
748 760
748 766
749 780
750 786
751 765
751 782
751 784
752 796
753 755
753 768
753 776
755 764
755 799
756 776
757 769
758 789
759 775
759 795
764 782
765 769
767 784
767 799
769 774
769 790
770 780
770 795
771 773
771 778
776 785
777 791
778 781
782 798
783 788
785 798
791 796