0 1
1 1
10 1
100 0
1000 1
1001 1
1002 0
1003 0
1004 0
1005 0
1006 0
1007 0
1008 0
1009 0
101 0
1010 0
1011 1
1012 0
1013 1
1014 0
1015 0
1016 1
1017 0
1018 0
1019 1
102 0
1020 1
1021 1
1022 1
1023 1
1024 0
1025 1
1026 1
1027 0
1028 1
1029 1
103 0
1030 1
1031 0
1032 0
1033 1
1034 0
1035 1
1036 1
1037 1
1038 1
1039 1
104 1
1040 1
1041 1
1042 1
1043 1
1044 1
1045 1
1046 1
1047 1
1048 1
1049 1
105 0
106 0
107 0
108 0
109 0
11 1
110 1
111 0
112 1
113 0
114 1
115 1
116 1
117 0
118 0
119 0
12 1
120 1
121 0
122 1
123 0
124 0
125 1
126 1
127 0
128 1
129 1
13 1
130 1
131 1
132 1
133 0
134 0
135 0
136 0
137 0
138 1
139 0
14 1
140 0
141 0
142 0
143 0
144 1
145 1
146 1
147 1
148 1
149 0
15 1
150 0
151 1
152 1
153 0
154 1
155 1
156 1
157 1
158 1
159 1
16 1
160 0
161 0
162 1
163 0
164 0
165 0
166 0
167 0
168 1
169 0
17 1
170 1
171 1
172 0
173 1
174 1
175 1
176 1
177 1
178 0
179 1
18 1
180 1
181 0
182 0
183 0
184 1
185 1
186 0
187 1
188 1
189 0
19 1
190 0
191 0
192 0
193 1
194 1
195 0
196 0
197 1
198 1
199 0
2 1
20 1
200 0
201 1
202 0
203 1
204 0
205 0
206 1
207 0
208 0
209 1
21 1
210 1
211 1
212 1
213 1
214 0
215 1
216 0
217 1
218 0
219 0
22 1
220 1
221 0
222 1
223 0
224 0
225 0
226 0
227 1
228 0
229 1
23 1
230 1
231 1
232 1
233 1
234 0
235 0
236 1
237 0
238 1
239 1
24 1
240 1
241 0
242 1
243 1
244 0
245 1
246 0
247 1
248 0
249 0
25 1
250 0
251 1
252 1
253 0
254 0
255 0
256 1
257 1
258 0
259 1
26 1
260 0
261 1
262 1
263 0
264 1
265 1
266 1
267 0
268 1
269 1
27 1
270 0
271 1
272 0
273 1
274 1
275 1
276 1
277 1
278 0
279 0
28 1
280 1
281 0
282 1
283 0
284 1
285 1
286 0
287 1
288 0
289 1
29 1
290 1
291 0
292 1
293 0
294 0
295 1
296 1
297 1
298 1
299 1
3 1
30 1
300 0
301 0
302 1
303 1
304 0
305 0
306 0
307 0
308 0
309 1
31 1
310 1
311 1
312 1
313 1
314 0
315 0
316 0
317 0
318 0
319 1
32 1
320 0
321 0
322 0
323 0
324 1
325 1
326 0
327 0
328 0
329 0
33 1
330 0
331 0
332 1
333 1
334 0
335 0
336 1
337 1
338 1
339 0
34 1
340 0
341 0
342 0
343 0
344 0
345 1
346 1
347 1
348 0
349 1
35 1
350 1
351 1
352 0
353 1
354 0
355 0
356 0
357 0
358 0
359 1
36 1
360 1
361 0
362 1
363 1
364 0
365 1
366 1
367 1
368 0
369 0
37 1
370 1
371 0
372 0
373 1
374 0
375 0
376 1
377 0
378 1
379 0
38 1
380 1
381 0
382 0
383 0
384 1
385 1
386 0
387 1
388 0
389 1
39 1
390 0
391 1
392 1
393 0
394 1
395 0
396 0
397 1
398 0
399 0
4 1
40 1
400 0
401 0
402 0
403 1
404 1
405 0
406 1
407 0
408 0
409 0
41 1
410 1
411 0
412 0
413 0
414 0
415 1
416 1
417 1
418 0
419 1
42 1
420 1
421 1
422 0
423 1
424 1
425 1
426 1
427 0
428 0
429 0
43 0
430 0
431 0
432 1
433 0
434 0
435 0
436 1
437 0
438 0
439 1
44 1
440 1
441 0
442 0
443 1
444 0
445 0
446 0
447 0
448 1
449 1
45 0
450 1
451 1
452 1
453 1
454 1
455 1
456 0
457 0
458 1
459 1
46 0
460 1
461 0
462 0
463 0
464 0
465 0
466 0
467 1
468 0
469 1
47 0
470 1
471 0
472 1
473 1
474 1
475 0
476 1
477 1
478 0
479 1
48 1
480 0
481 1
482 1
483 1
484 1
485 1
486 0
487 1
488 0
489 1
49 0
490 1
491 1
492 0
493 1
494 1
495 1
496 0
497 1
498 0
499 0
5 1
50 0
500 0
501 0
502 1
503 1
504 1
505 0
506 1
507 1
508 0
509 0
51 1
510 1
511 0
512 0
513 0
514 0
515 0
516 0
517 0
518 1
519 0
52 1
520 1
521 1
522 0
523 0
524 1
525 0
526 1
527 1
528 0
529 0
53 1
530 0
531 0
532 1
533 0
534 1
535 1
536 1
537 0
538 0
539 0
54 1
540 0
541 1
542 0
543 0
544 1
545 0
546 1
547 1
548 0
549 0
55 1
550 0
551 1
552 1
553 0
554 1
555 0
556 1
557 1
558 0
559 0
56 1
560 0
561 0
562 0
563 1
564 0
565 1
566 0
567 1
568 0
569 0
57 0
570 1
571 1
572 1
573 1
574 0
575 0
576 1
577 1
578 1
579 0
58 1
580 0
581 0
582 0
583 1
584 1
585 0
586 1
587 1
588 0
589 0
59 1
590 0
591 0
592 1
593 0
594 1
595 0
596 1
597 0
598 1
599 1
6 1
60 0
600 1
601 0
602 0
603 1
604 0
605 0
606 0
607 0
608 1
609 0
61 1
610 0
611 1
612 0
613 0
614 0
615 1
616 1
617 1
618 0
619 1
62 0
620 1
621 0
622 1
623 1
624 1
625 0
626 0
627 0
628 1
629 1
63 0
630 1
631 0
632 1
633 1
634 1
635 1
636 0
637 1
638 0
639 1
64 1
640 1
641 0
642 1
643 0
644 1
645 0
646 1
647 1
648 1
649 0
65 0
650 0
651 1
652 0
653 0
654 1
655 1
656 1
657 0
658 0
659 1
66 1
660 1
661 0
662 0
663 1
664 0
665 0
666 0
667 1
668 1
669 0
67 0
670 1
671 1
672 0
673 0
674 1
675 0
676 0
677 1
678 0
679 1
68 0
680 1
681 1
682 1
683 1
684 0
685 1
686 0
687 1
688 1
689 1
69 0
690 0
691 1
692 1
693 0
694 0
695 0
696 1
697 1
698 0
699 1
7 1
70 0
700 0
701 0
702 0
703 1
704 1
705 1
706 1
707 0
708 0
709 0
71 0
710 0
711 0
712 0
713 1
714 0
715 0
716 0
717 0
718 1
719 1
72 0
720 1
721 1
722 0
723 1
724 1
725 1
726 1
727 1
728 0
729 0
73 0
730 1
731 0
732 1
733 1
734 0
735 0
736 1
737 0
738 0
739 1
74 0
740 1
741 0
742 0
743 0
744 0
745 1
746 1
747 0
748 0
749 0
75 1
750 0
751 0
752 1
753 0
754 1
755 0
756 0
757 0
758 0
759 1
76 0
760 1
761 0
762 0
763 0
764 0
765 0
766 1
767 0
768 0
769 1
77 0
770 0
771 0
772 1
773 1
774 0
775 0
776 1
777 0
778 0
779 0
78 1
780 1
781 1
782 0
783 0
784 0
785 1
786 0
787 1
788 0
789 0
79 0
790 0
791 1
792 1
793 0
794 0
795 1
796 0
797 0
798 1
799 0
8 1
80 1
800 1
801 0
802 0
803 1
804 0
805 1
806 1
807 1
808 1
809 0
81 1
810 1
811 1
812 0
813 0
814 0
815 1
816 1
817 0
818 0
819 0
82 1
820 0
821 1
822 1
823 0
824 1
825 0
826 0
827 1
828 0
829 1
83 1
830 0
831 1
832 0
833 0
834 0
835 1
836 0
837 1
838 0
839 0
84 0
840 0
841 0
842 0
843 0
844 0
845 0
846 0
847 0
848 0
849 1
85 0
850 0
851 0
852 1
853 0
854 0
855 1
856 1
857 1
858 0
859 0
86 1
860 1
861 0
862 1
863 0
864 1
865 0
866 0
867 1
868 1
869 1
87 0
870 0
871 1
872 0
873 0
874 1
875 1
876 0
877 1
878 0
879 1
88 1
880 0
881 0
882 1
883 0
884 1
885 1
886 0
887 0
888 0
889 1
89 1
890 0
891 0
892 0
893 0
894 1
895 0
896 0
897 1
898 1
899 1
9 1
90 1
900 1
901 1
902 1
903 1
904 1
905 0
906 0
907 1
908 0
909 0
91 1
910 0
911 0
912 1
913 1
914 0
915 0
916 0
917 1
918 0
919 0
92 0
920 1
921 1
922 1
923 1
924 0
925 1
926 0
927 1
928 0
929 1
93 0
930 0
931 0
932 1
933 0
934 0
935 1
936 1
937 1
938 0
939 1
94 0
940 0
941 1
942 0
943 0
944 1
945 0
946 1
947 0
948 0
949 0
95 1
950 1
951 0
952 0
953 0
954 0
955 0
956 1
957 0
958 0
959 1
96 1
960 1
961 0
962 1
963 0
964 1
965 1
966 1
967 0
968 1
969 1
97 0
970 1
971 1
972 1
973 0
974 0
975 0
976 1
977 0
978 0
979 0
98 0
980 1
981 0
982 0
983 1
984 1
985 1
986 0
987 1
988 1
989 0
99 0
990 0
991 1
992 1
993 0
994 1
995 0
996 0
997 0
998 0
999 0