0 450.0 6750.0 30.0 0.13549550136451982 0.05790645879732739 0.0018124319253157973 0.46917450365726227 0.04108224271008552 0.0019523479573404987
1 450.0 6750.0 30.0 0.13549550136451982 0.06236080178173719 0.0023530323456368986 0.4802139037433155 0.04374661132323414 0.00208883939269062
10 450.0 6750.0 30.0 0.13549550136451982 0.07349665924276169 0.003056938018443682 0.47867803837953093 0.05037354960517631 0.002426113489204592
100 450.0 6750.0 30.0 0.13549550136451982 0.060133630289532294 0.0017397017114085516 0.4605128205128205 0.04365624938272054 0.002015384230336614
101 450.0 6750.0 30.0 0.13549550136451982 0.07349665924276169 0.002952060104769428 0.4854054054054054 0.05266691228295622 0.0024177893673113706
102 450.0 6750.0 30.0 0.13549550136451982 0.0779510022271715 0.003544837354228361 0.48645720476706394 0.054991480397594585 0.002554016649767607
103 450.0 6750.0 30.0 0.13549550136451982 0.06904231625835189 0.002805739567671825 0.48751357220412594 0.0494749607700709 0.0022837024402505243
104 450.0 6750.0 30.0 0.13549550136451982 0.06904231625835189 0.0024632215291225776 0.47463002114164904 0.048637221481366615 0.0022867838844410986
105 450.0 6750.0 30.0 0.13549550136451982 0.06236080178173719 0.0022371325722726015 0.47362869198312235 0.045278745938212336 0.0020828317683547442
106 450.0 6750.0 30.0 0.13549550136451982 0.0779510022271715 0.0031806168825187454 0.49613259668508286 0.057664549317567634 0.0025427064632396637
107 450.0 6750.0 30.0 0.13549550136451982 0.07126948775055679 0.0027920334112250295 0.4797008547008547 0.05101287100890999 0.002351412741590141
108 450.0 6750.0 30.0 0.13549550136451982 0.060133630289532294 0.0017670120169134874 0.4619341563786008 0.04274289268985534 0.0020196902743120533
109 450.0 6750.0 30.0 0.13549550136451982 0.06236080178173719 0.001718874854963157 0.4672216441207076 0.04556274915039986 0.002080614882303834
11 450.0 6750.0 30.0 0.13549550136451982 0.06458797327394208 0.002221212841814633 0.4701570680628272 0.04448220853354527 0.002158122220070186
110 450.0 6750.0 30.0 0.13549550136451982 0.060133630289532294 0.001479021294173765 0.4595701125895599 0.04504829296153642 0.0020107109610640415
111 450.0 6750.0 30.0 0.13549550136451982 0.08240534521158129 0.003210525941930621 0.48488120950323976 0.05803439691535438 0.002687329327341411
112 450.0 6750.0 30.0 0.13549550136451982 0.06458797327394208 0.0024592323851668875 0.475635593220339 0.04543803261088387 0.0021549063916096326
113 450.0 6750.0 30.0 0.13549550136451982 0.060133630289532294 0.0019160494482020234 0.47064989517819705 0.043003692013868604 0.0020182032943526816
114 450.0 6750.0 30.0 0.13549550136451982 0.0779510022271715 0.0035171436867834777 0.48488120950323976 0.05425648997174666 0.0025570489953626228
115 450.0 6750.0 30.0 0.13549550136451982 0.0779510022271715 0.0034522447241051844 0.490174672489083 0.0555867836634622 0.0025509059848798196
116 450.0 6750.0 30.0 0.13549550136451982 0.060133630289532294 0.0019149762054214185 0.46098562628336753 0.04195947294605519 0.0020221930071171925
117 450.0 6750.0 30.0 0.13549550136451982 0.05567928730512249 0.0016359735168973313 0.47412882787750793 0.04087965269614024 0.0018810370013477705
118 450.0 6750.0 30.0 0.13549550136451982 0.07349665924276169 0.002906695518248011 0.4880434782608696 0.0525538415465466 0.0024171056168558365
119 450.0 6750.0 30.0 0.13549550136451982 0.06458797327394208 0.002113612074060052 0.46098562628336753 0.04513827324563058 0.002155251793608094
12 450.0 6750.0 30.0 0.13549550136451982 0.060133630289532294 0.002007127300725903 0.4643226473629783 0.041314918837237216 0.002025000914027281
120 450.0 6750.0 30.0 0.13549550136451982 0.0779510022271715 0.0036268168977846046 0.4907103825136612 0.05420817407343739 0.002557078029297754
121 450.0 6750.0 30.0 0.13549550136451982 0.06904231625835189 0.002684571669865888 0.4812433011789925 0.04864455988426919 0.002287662735456051
122 450.0 6750.0 30.0 0.13549550136451982 0.06236080178173719 0.0018497096523624138 0.46384297520661155 0.04447092614453649 0.002084941647563153
123 450.0 6750.0 30.0 0.13549550136451982 0.05567928730512249 0.0014961519518149802 0.4539939332659252 0.03874257612935255 0.0018893346666173324
124 450.0 6750.0 30.0 0.13549550136451982 0.06681514476614699 0.0025699496865344276 0.47114375655823715 0.04651659458675577 0.0022230775433179513
125 450.0 6750.0 30.0 0.13549550136451982 0.06236080178173719 0.001954885223741646 0.475635593220339 0.0450596709699271 0.0020829257789381286
126 450.0 6750.0 30.0 0.13549550136451982 0.06681514476614699 0.002342919388833725 0.47362869198312235 0.04827905764530251 0.0022154796909285117
127 450.0 6750.0 30.0 0.13549550136451982 0.06904231625835189 0.002716267582819945 0.4822771213748657 0.048424598138943786 0.0022895684614860287
128 450.0 6750.0 30.0 0.13549550136451982 0.06904231625835189 0.0026827437363918754 0.480728051391863 0.049531894620818834 0.0022832968483997187
129 450.0 6750.0 30.0 0.13549550136451982 0.06458797327394208 0.0021625559712687577 0.4633642930856553 0.04500111571433212 0.002156194425814925
13 450.0 6750.0 30.0 0.13549550136451982 0.060133630289532294 0.001838522317181536 0.46288659793814435 0.04277660035061187 0.00201852204194
130 450.0 6750.0 30.0 0.13549550136451982 0.07126948775055679 0.0029908253020149477 0.48331539289558667 0.04944153751783748 0.0023583223260301147
131 450.0 6750.0 30.0 0.13549550136451982 0.06236080178173719 0.0024362931614841086 0.480728051391863 0.04322461308741058 0.0020904618706373895
132 450.0 6750.0 30.0 0.13549550136451982 0.07349665924276169 0.00345562779418681 0.49503858875413453 0.05176113586761363 0.002420573143701895
133 450.0 6750.0 30.0 0.13549550136451982 0.07349665924276169 0.0026282031138762296 0.47664543524416136 0.051679780127198774 0.002420543531930278
134 450.0 6750.0 30.0 0.13549550136451982 0.06681514476614699 0.0026377009875522854 0.4812433011789925 0.047080553807956525 0.002220314041674604
135 450.0 6750.0 30.0 0.13549550136451982 0.07349665924276169 0.002962711035831018 0.480728051391863 0.05177749177676843 0.0024205522958207753
136 450.0 6750.0 30.0 0.13549550136451982 0.08017817371937638 0.004059812343520418 0.4983351831298557 0.05512068091040111 0.0026269942939274047
137 450.0 6750.0 30.0 0.13549550136451982 0.06904231625835189 0.002190963351204612 0.47463002114164904 0.05017445542379869 0.002281313617315865
138 450.0 6750.0 30.0 0.13549550136451982 0.06236080178173719 0.0018183803456637436 0.4657676348547718 0.044837442383513476 0.0020833479592534346
139 450.0 6750.0 30.0 0.13549550136451982 0.07126948775055679 0.0024564521184379123 0.4791889007470651 0.051286746751206334 0.002349533321506252
14 450.0 6750.0 30.0 0.13549550136451982 0.07349665924276169 0.0031965643212978293 0.4854054054054054 0.05022197587491078 0.002426716935671079
140 450.0 6750.0 30.0 0.13549550136451982 0.06458797327394208 0.0023156691984789687 0.4726315789473684 0.04693755620027568 0.0021490504021615476
141 450.0 6750.0 30.0 0.13549550136451982 0.06904231625835189 0.002922994199891253 0.4880434782608696 0.04946201437165387 0.0022843014228358964
142 450.0 6750.0 30.0 0.13549550136451982 0.07349665924276169 0.0027726162991658773 0.48175965665236054 0.0523887335369398 0.002417848313675779
143 450.0 6750.0 30.0 0.13549550136451982 0.05345211581291759 0.0017138691103102412 0.46098562628336753 0.0375732151789957 0.0018235631715553668
144 450.0 6750.0 30.0 0.13549550136451982 0.06904231625835189 0.0027432310514738227 0.4907103825136612 0.050919337576279394 0.0022782104563987835
145 450.0 6750.0 30.0 0.13549550136451982 0.08240534521158129 0.003635022804214426 0.49503858875413453 0.060393126870327385 0.002678671585776725
146 450.0 6750.0 30.0 0.13549550136451982 0.07126948775055679 0.002807745523307637 0.4791889007470651 0.050773971148472485 0.002351784010506048
147 450.0 6750.0 30.0 0.13549550136451982 0.06904231625835189 0.002766978198208143 0.4812433011789925 0.048612861354762525 0.0022878633349220244
148 450.0 6750.0 30.0 0.13549550136451982 0.05567928730512249 0.0013824932949808952 0.45723014256619143 0.04058712532193018 0.0018818769388863833
149 450.0 6750.0 30.0 0.13549550136451982 0.06458797327394208 0.002184271489530644 0.47114375655823715 0.04606754741826718 0.002152179195913466
15 450.0 6750.0 30.0 0.13549550136451982 0.06458797327394208 0.002465360897666102 0.4672216441207076 0.04381278718345064 0.0021601128972027085
150 450.0 6750.0 30.0 0.13549550136451982 0.0757238307349666 0.002584724943341273 0.47816826411075614 0.05382130939809592 0.0024861150657551306
151 450.0 6750.0 30.0 0.13549550136451982 0.06904231625835189 0.0026717443875723425 0.4791889007470651 0.0487338272510357 0.002287674877615729
152 450.0 6750.0 30.0 0.13549550136451982 0.06236080178173719 0.002222511468895987 0.47213459516298634 0.04456097100402017 0.002085577518869886
153 450.0 6750.0 30.0 0.13549550136451982 0.06458797327394208 0.0023305528685915846 0.4731296101159115 0.04618485763541151 0.002152140547748505
154 450.0 6750.0 30.0 0.13549550136451982 0.07349665924276169 0.002782083396652123 0.48751357220412594 0.05271595783787639 0.002416954497449839
155 450.0 6750.0 30.0 0.13549550136451982 0.09354120267260578 0.005510259319249932 0.5050618672665916 0.06459533750055277 0.003027718315799042
156 450.0 6750.0 30.0 0.13549550136451982 0.06904231625835189 0.002201662259321134 0.4672216441207076 0.04817207836692855 0.002290225161883484
157 450.0 6750.0 30.0 0.13549550136451982 0.05790645879732739 0.0013002096673005586 0.45035105315947843 0.041153368783826846 0.0019535321112287398
158 450.0 6750.0 30.0 0.13549550136451982 0.06458797327394208 0.0022452115756913804 0.47064989517819705 0.04600328251557553 0.00215329351667572
159 450.0 6750.0 30.0 0.13549550136451982 0.06236080178173719 0.0022358257121935826 0.47213459516298634 0.0434061205188556 0.002090028126024401
16 450.0 6750.0 30.0 0.13549550136451982 0.060133630289532294 0.001997794409493703 0.4643226473629783 0.041455978866806874 0.002025617590611396
160 450.0 6750.0 30.0 0.13549550136451982 0.06236080178173719 0.0019592925013468894 0.4681960375391032 0.043948022986184464 0.0020886458564746994
161 450.0 6750.0 30.0 0.13549550136451982 0.06236080178173719 0.0019476964837193882 0.4643226473629783 0.04312420115695724 0.002090481513539444
162 450.0 6750.0 30.0 0.13549550136451982 0.06904231625835189 0.00237718154874701 0.47513227513227513 0.049256588017754996 0.0022843760642622373
163 450.0 6750.0 30.0 0.13549550136451982 0.04899777282850779 0.0013939525377818505 0.46917450365726227 0.03671536234747999 0.0016797842078737474
164 450.0 6750.0 30.0 0.13549550136451982 0.06904231625835189 0.0028325425018985305 0.4885745375408052 0.04922054549710311 0.002285462610587058
165 450.0 6750.0 30.0 0.13549550136451982 0.0757238307349666 0.003295007470396043 0.48488120950323976 0.05318279526085371 0.0024897122301077135
166 450.0 6750.0 30.0 0.13549550136451982 0.06681514476614699 0.0025776652800269723 0.4802139037433155 0.04677793137046464 0.0022215515862808823
167 450.0 6750.0 30.0 0.13549550136451982 0.06904231625835189 0.0028953248086674723 0.4812433011789925 0.048941204904300144 0.0022858672490256855
168 450.0 6750.0 30.0 0.13549550136451982 0.06904231625835189 0.002903641037866805 0.47664543524416136 0.04759241618030227 0.0022919716113300047
169 450.0 6750.0 30.0 0.13549550136451982 0.05345211581291759 0.0012401926276088934 0.4526209677419355 0.03743333412286652 0.001823242968418141
17 450.0 6750.0 30.0 0.13549550136451982 0.06681514476614699 0.00224918913929066 0.46868475991649267 0.045095861888571745 0.0022283564229847955
170 450.0 6750.0 30.0 0.13549550136451982 0.07126948775055679 0.002307870275227943 0.4701570680628272 0.04972963707759996 0.0023563667962102656
171 450.0 6750.0 30.0 0.13549550136451982 0.06458797327394208 0.0026124623713545975 0.4731296101159115 0.04318761518842294 0.002165621115648524
172 450.0 6750.0 30.0 0.13549550136451982 0.08463251670378619 0.003982294133839668 0.49503858875413453 0.05922077048110724 0.0027577210689976525
173 450.0 6750.0 30.0 0.13549550136451982 0.06236080178173719 0.002185209994045142 0.46673596673596673 0.043449475780433885 0.0020897324372143337
174 450.0 6750.0 30.0 0.13549550136451982 0.06904231625835189 0.0028201498019014663 0.4802139037433155 0.047438615892543536 0.0022922315009277824
175 450.0 6750.0 30.0 0.13549550136451982 0.07126948775055679 0.002409329745116672 0.4726315789473684 0.04919941561697269 0.0023583918870886214
176 450.0 6750.0 30.0 0.13549550136451982 0.06904231625835189 0.0026928678912247483 0.47163865546218486 0.04737815171455523 0.00229333758587588
177 450.0 6750.0 30.0 0.13549550136451982 0.05567928730512249 0.0013862502157614648 0.45676500508647 0.03971201919628628 0.0018859448790533382
178 450.0 6750.0 30.0 0.13549550136451982 0.06681514476614699 0.002692218943062374 0.49503858875413453 0.04792964651180398 0.0022172528484558506
179 450.0 6750.0 30.0 0.13549550136451982 0.06236080178173719 0.0024976341912560413 0.4701570680628272 0.04210247355517284 0.0020967500607252535
18 450.0 6750.0 30.0 0.13549550136451982 0.07349665924276169 0.003119086424511175 0.47513227513227513 0.04878354077149901 0.0024343493366881072
180 450.0 6750.0 30.0 0.13549550136451982 0.07126948775055679 0.0027090846799636393 0.47816826411075614 0.05029415808595013 0.00235405410397502
181 450.0 6750.0 30.0 0.13549550136451982 0.07126948775055679 0.002726805072976561 0.47213459516298634 0.05022669597615475 0.0023547597530958644
182 450.0 6750.0 30.0 0.13549550136451982 0.07126948775055679 0.0025813097564710693 0.475635593220339 0.04925099824619931 0.0023581395244569453
183 450.0 6750.0 30.0 0.13549550136451982 0.051224944320712694 0.0015284965788408408 0.4558375634517767 0.03549445313236449 0.0017570322639038538
184 450.0 6750.0 30.0 0.13549550136451982 0.07126948775055679 0.0027192633531575184 0.47664543524416136 0.050216227297531675 0.0023547110144366114
185 450.0 6750.0 30.0 0.13549550136451982 0.06236080178173719 0.001979287210080082 0.47163865546218486 0.043963103457125056 0.002087261380199533
186 450.0 6750.0 30.0 0.13549550136451982 0.044543429844097995 0.0010370228522509051 0.449 0.03126196929299417 0.0015554005873845438
187 450.0 6750.0 30.0 0.13549550136451982 0.06458797327394208 0.0022034618448403065 0.47362869198312235 0.04493044221146616 0.002157627892021514
188 450.0 6750.0 30.0 0.13549550136451982 0.06236080178173719 0.0018764358351121937 0.46770833333333334 0.04274300869869128 0.002094056879720067
189 450.0 6750.0 30.0 0.13549550136451982 0.07126948775055679 0.0027235910817441315 0.475635593220339 0.049284773361793745 0.002358463198693258
19 450.0 6750.0 30.0 0.13549550136451982 0.06904231625835189 0.0025403239381500413 0.4797008547008547 0.04791892634542605 0.002291693137968959
190 450.0 6750.0 30.0 0.13549550136451982 0.05790645879732739 0.0017442720226309699 0.4619341563786008 0.04022536746829944 0.0019576914758374442
191 450.0 6750.0 30.0 0.13549550136451982 0.07349665924276169 0.00285614616395313 0.4797008547008547 0.049806253849702616 0.002430696303944589
192 450.0 6750.0 30.0 0.13549550136451982 0.06681514476614699 0.002467028861746735 0.4771519659936238 0.04641448547022015 0.002223214968259897
193 450.0 6750.0 30.0 0.13549550136451982 0.06904231625835189 0.0026441678932804195 0.47867803837953093 0.04892260562822923 0.002286358054414939
194 450.0 6750.0 30.0 0.13549550136451982 0.06236080178173719 0.0019994459772975574 0.46770833333333334 0.043833099986404056 0.0020889411280099694
195 450.0 6750.0 30.0 0.13549550136451982 0.0757238307349666 0.00313014895386408 0.4854054054054054 0.05211640627791427 0.002492530602536924
196 450.0 6750.0 30.0 0.13549550136451982 0.06458797327394208 0.002269408821584075 0.47213459516298634 0.04462062234237443 0.0021583236440078624
197 450.0 6750.0 30.0 0.13549550136451982 0.05790645879732739 0.0017942175190592943 0.46770833333333334 0.0407374118735726 0.001954610161966709
198 450.0 6750.0 30.0 0.13549550136451982 0.06681514476614699 0.0026239634751880525 0.475635593220339 0.04565418492614753 0.0022287094953267134
199 450.0 6750.0 30.0 0.13549550136451982 0.07126948775055679 0.003012629730244356 0.48751357220412594 0.05130120088986989 0.0023506375981451593
2 450.0 6750.0 30.0 0.13549550136451982 0.06236080178173719 0.002180477575608741 0.47114375655823715 0.04284992974002992 0.0020913748951624797
20 450.0 6750.0 30.0 0.13549550136451982 0.06904231625835189 0.002445899377591836 0.4797008547008547 0.048383869199239996 0.0022876752508471433
200 450.0 6750.0 30.0 0.13549550136451982 0.06681514476614699 0.002425505448041086 0.48175965665236054 0.0474292947598436 0.002218846633245696
201 450.0 6750.0 30.0 0.13549550136451982 0.06681514476614699 0.0024331568695956933 0.46917450365726227 0.04565032164276758 0.0022291694594002687
202 450.0 6750.0 30.0 0.13549550136451982 0.06681514476614699 0.0022310365660907984 0.47816826411075614 0.04844067477697194 0.002214941573802206
203 450.0 6750.0 30.0 0.13549550136451982 0.06236080178173719 0.002214526597946717 0.46868475991649267 0.04223966071461695 0.0020951087016894054
204 450.0 6750.0 30.0 0.13549550136451982 0.08017817371937638 0.0034001115584979353 0.48331539289558667 0.057248755192154464 0.002617191453147976
205 450.0 6750.0 30.0 0.13549550136451982 0.06904231625835189 0.0026791012808780367 0.4854054054054054 0.04918584349209509 0.002284607147235577
206 450.0 6750.0 30.0 0.13549550136451982 0.07126948775055679 0.002700732953341064 0.4776595744680851 0.04970013263370415 0.002355892150624538
207 450.0 6750.0 30.0 0.13549550136451982 0.060133630289532294 0.002216293705821381 0.46917450365726227 0.04190285320196774 0.002023517334351206
208 450.0 6750.0 30.0 0.13549550136451982 0.07349665924276169 0.0029055557454029947 0.4822771213748657 0.051438884309418655 0.002422504526054433
209 450.0 6750.0 30.0 0.13549550136451982 0.06681514476614699 0.0024541352763176147 0.4802139037433155 0.0483037225128683 0.0022151796711310625
21 450.0 6750.0 30.0 0.13549550136451982 0.07349665924276169 0.002813846235549696 0.4802139037433155 0.05112858310917744 0.0024237302490950014
210 450.0 6750.0 30.0 0.13549550136451982 0.06904231625835189 0.0028481737402278866 0.48751357220412594 0.04907372988388272 0.002284961722970505
211 450.0 6750.0 30.0 0.13549550136451982 0.08017817371937638 0.0034864662919082147 0.4907103825136612 0.0569914532826145 0.0026195470796482245
212 450.0 6750.0 30.0 0.13549550136451982 0.05567928730512249 0.0016751292429231248 0.4648033126293996 0.03884504084232571 0.0018891179705805782
213 450.0 6750.0 30.0 0.13549550136451982 0.05790645879732739 0.0019608055922611715 0.4672216441207076 0.039931947845841066 0.001958100852035514
214 450.0 6750.0 30.0 0.13549550136451982 0.06681514476614699 0.0024791566504329485 0.4797008547008547 0.04787333541740508 0.0022177687963599283
215 450.0 6750.0 30.0 0.13549550136451982 0.06236080178173719 0.0025483364593723527 0.46917450365726227 0.042086813293166915 0.002096498328034409
216 450.0 6750.0 30.0 0.13549550136451982 0.06458797327394208 0.002149798045177334 0.47463002114164904 0.04529018742725382 0.0021553037239036427
217 450.0 6750.0 30.0 0.13549550136451982 0.06904231625835189 0.0026540613692937827 0.4822771213748657 0.0490369732494458 0.00228577051027851
218 450.0 6750.0 30.0 0.13549550136451982 0.06681514476614699 0.0026359830090482744 0.48751357220412594 0.048194734996263464 0.002218685375505166
219 450.0 6750.0 30.0 0.13549550136451982 0.051224944320712694 0.0016164223744401804 0.45723014256619143 0.034986164908887736 0.001760925833779703
22 450.0 6750.0 30.0 0.13549550136451982 0.06458797327394208 0.0022290619792189976 0.475635593220339 0.04687980717678416 0.0021482654735485497
220 450.0 6750.0 30.0 0.13549550136451982 0.06904231625835189 0.0024693523722850662 0.47213459516298634 0.04844599596211203 0.0022886750585438547
221 450.0 6750.0 30.0 0.13549550136451982 0.07349665924276169 0.0027350284356079213 0.47816826411075614 0.052732676560981004 0.002418372467459899
222 450.0 6750.0 30.0 0.13549550136451982 0.06236080178173719 0.0022071833731368974 0.47213459516298634 0.0445871365873532 0.0020845511294554937
223 450.0 6750.0 30.0 0.13549550136451982 0.07126948775055679 0.0025197926909968885 0.480728051391863 0.04984186431608656 0.0023572906303360214
224 450.0 6750.0 30.0 0.13549550136451982 0.07349665924276169 0.003036075330097918 0.47362869198312235 0.050230393456764805 0.0024301277658710673
225 450.0 6750.0 30.0 0.13549550136451982 0.06236080178173719 0.0018916372917541875 0.4681960375391032 0.04396922446867119 0.0020888291499074124
226 450.0 6750.0 30.0 0.13549550136451982 0.05790645879732739 0.0016632802013616225 0.4600409836065574 0.04032801301873527 0.0019582796490887483
227 450.0 6750.0 30.0 0.13549550136451982 0.06458797327394208 0.0023858079134293324 0.47412882787750793 0.04510818298506293 0.002156627577069457
228 450.0 6750.0 30.0 0.13549550136451982 0.06904231625835189 0.0027527677454039384 0.4802139037433155 0.047672304004190307 0.0022926253032520185
229 450.0 6750.0 30.0 0.13549550136451982 0.06458797327394208 0.0023285468836445194 0.47816826411075614 0.04645264913406767 0.002150791918580487
23 450.0 6750.0 30.0 0.13549550136451982 0.05790645879732739 0.0016596207612843221 0.4701570680628272 0.04165337456911072 0.0019504295204800291
230 450.0 6750.0 30.0 0.13549550136451982 0.06904231625835189 0.0024626502893519754 0.47816826411075614 0.04822314466889444 0.0022914675788199986
231 450.0 6750.0 30.0 0.13549550136451982 0.07126948775055679 0.0030817955281539876 0.48751357220412594 0.04999048047304055 0.002356433176044651
232 450.0 6750.0 30.0 0.13549550136451982 0.07349665924276169 0.0024713253772441113 0.480728051391863 0.05240029031090843 0.0024199384070599786
233 450.0 6750.0 30.0 0.13549550136451982 0.04899777282850779 0.0012783110752161244 0.4605128205128205 0.03600541678013088 0.0016814735264705988
234 450.0 6750.0 30.0 0.13549550136451982 0.07349665924276169 0.002778329531513437 0.47816826411075614 0.05252191885608864 0.0024199481237764343
235 450.0 6750.0 30.0 0.13549550136451982 0.05790645879732739 0.0018005711039047495 0.4643226473629783 0.04097972581490174 0.0019540477203479224
236 450.0 6750.0 30.0 0.13549550136451982 0.08240534521158129 0.004085259453494658 0.4944933920704846 0.0575972020940036 0.0026910124493555185
237 450.0 6750.0 30.0 0.13549550136451982 0.06458797327394208 0.0023607567335976183 0.4812433011789925 0.0451618024737413 0.0021564803014332053
238 450.0 6750.0 30.0 0.13549550136451982 0.05790645879732739 0.0019756272047557655 0.4696652719665272 0.0401938108674996 0.0019572442548856303
239 450.0 6750.0 30.0 0.13549550136451982 0.04899777282850779 0.0007928890708540336 0.4346563407550823 0.035183825928774067 0.0016876864567343251
24 450.0 6750.0 30.0 0.13549550136451982 0.06904231625835189 0.0028734134080261355 0.4838362068965517 0.04695678707943824 0.002294330075183638
240 450.0 6750.0 30.0 0.13549550136451982 0.06681514476614699 0.0025819772084660353 0.4802139037433155 0.04665142333052715 0.002224455900691333
241 450.0 6750.0 30.0 0.13549550136451982 0.0779510022271715 0.0033097902521862753 0.48964013086150493 0.05457144944744897 0.0025583980683454885
242 450.0 6750.0 30.0 0.13549550136451982 0.0757238307349666 0.0033164941971879467 0.48964013086150493 0.05362449563075055 0.002486448211414084
243 450.0 6750.0 30.0 0.13549550136451982 0.06681514476614699 0.002491766154009583 0.4771519659936238 0.046368094479120645 0.0022268610872391765
244 450.0 6750.0 30.0 0.13549550136451982 0.0779510022271715 0.0036941462434604932 0.4955849889624724 0.054600633304056866 0.002557135793157871
245 450.0 6750.0 30.0 0.13549550136451982 0.05790645879732739 0.0016598463927209681 0.4696652719665272 0.04129660056025656 0.0019537078412524686
246 450.0 6750.0 30.0 0.13549550136451982 0.08017817371937638 0.003505203738654896 0.4885745375408052 0.055781235169502376 0.00262774634429103
247 450.0 6750.0 30.0 0.13549550136451982 0.07126948775055679 0.0031387722731504837 0.4885745375408052 0.050705500992426086 0.002354173047697515
248 450.0 6750.0 30.0 0.13549550136451982 0.08017817371937638 0.0034897174121491705 0.49394939493949397 0.05704358723742888 0.0026203577522332356
249 450.0 6750.0 30.0 0.13549550136451982 0.05567928730512249 0.001507633618437662 0.4600409836065574 0.03996208872895271 0.001886391909141449
25 450.0 6750.0 30.0 0.13549550136451982 0.06904231625835189 0.0026006875977289405 0.4791889007470651 0.04766304716970292 0.00229133472856668
250 450.0 6750.0 30.0 0.13549550136451982 0.07126948775055679 0.0027345953867778197 0.4843581445523193 0.05014554766610936 0.0023559639433180955
251 450.0 6750.0 30.0 0.13549550136451982 0.060133630289532294 0.0017595490179054846 0.4619341563786008 0.042635518327094925 0.0020224831512802646
252 450.0 6750.0 30.0 0.13549550136451982 0.05345211581291759 0.001776295069280797 0.4624098867147271 0.03696716892450177 0.001825897053273055
253 450.0 6750.0 30.0 0.13549550136451982 0.06681514476614699 0.002151084272538011 0.4701570680628272 0.04717395168843887 0.0022230090289570735
254 450.0 6750.0 30.0 0.13549550136451982 0.06458797327394208 0.0022491216789872416 0.46917450365726227 0.04526541162704297 0.0021581536134944908
255 450.0 6750.0 30.0 0.13549550136451982 0.06681514476614699 0.002673392112318254 0.48175965665236054 0.04795108099924929 0.002219277968078242
256 450.0 6750.0 30.0 0.13549550136451982 0.06681514476614699 0.0028032523609749374 0.4812433011789925 0.04602632317877358 0.0022254278675492532
257 450.0 6750.0 30.0 0.13549550136451982 0.060133630289532294 0.001977041658828823 0.46528497409326425 0.041403523524415044 0.0020260693630773383
258 450.0 6750.0 30.0 0.13549550136451982 0.07349665924276169 0.002852067871133041 0.4843581445523193 0.05312249882701388 0.0024170658905738646
259 450.0 6750.0 30.0 0.13549550136451982 0.07126948775055679 0.0027944821063517404 0.4802139037433155 0.04902148636988288 0.0023611261222072476
26 450.0 6750.0 30.0 0.13549550136451982 0.06236080178173719 0.0022042213235515416 0.46868475991649267 0.04215040958823865 0.0020966016263619302
260 450.0 6750.0 30.0 0.13549550136451982 0.09354120267260578 0.0052271590938181185 0.5005574136008919 0.06620746251422602 0.0030203732928175695
261 450.0 6750.0 30.0 0.13549550136451982 0.06681514476614699 0.0026146790114955497 0.48645720476706394 0.04721380514491405 0.002220525717845563
262 450.0 6750.0 30.0 0.13549550136451982 0.06236080178173719 0.002118502376270134 0.47064989517819705 0.042529064396061016 0.002095566840623812
263 450.0 6750.0 30.0 0.13549550136451982 0.06681514476614699 0.0025445107696495475 0.4812433011789925 0.046643998907859835 0.002223832215482103
264 450.0 6750.0 30.0 0.13549550136451982 0.05567928730512249 0.001981326044234986 0.4657676348547718 0.038099154265784675 0.0018930314588852834
265 450.0 6750.0 30.0 0.13549550136451982 0.06236080178173719 0.0019045446236261253 0.46673596673596673 0.04316644376769068 0.002092431194053054
266 450.0 6750.0 30.0 0.13549550136451982 0.06904231625835189 0.00279716327761219 0.4822771213748657 0.048750764057523786 0.0022879924533213973
267 450.0 6750.0 30.0 0.13549550136451982 0.05790645879732739 0.0019659640395913182 0.46288659793814435 0.038847121423465025 0.0019644350199166886
268 450.0 6750.0 30.0 0.13549550136451982 0.06681514476614699 0.002993561524813387 0.4822771213748657 0.04565601455336154 0.0022271848430301827
269 450.0 6750.0 30.0 0.13549550136451982 0.05790645879732739 0.001707242041069434 0.4558375634517767 0.039222569629154894 0.0019623278462412037
27 450.0 6750.0 30.0 0.13549550136451982 0.06236080178173719 0.002190896176204432 0.4701570680628272 0.04253964743713964 0.002093218188435535
270 450.0 6750.0 30.0 0.13549550136451982 0.06904231625835189 0.0023508308875613065 0.4802139037433155 0.04820747868938269 0.0022913469614142127
271 450.0 6750.0 30.0 0.13549550136451982 0.06904231625835189 0.002781239530296225 0.4812433011789925 0.04796654049087154 0.0022905163390844322
272 450.0 6750.0 30.0 0.13549550136451982 0.060133630289532294 0.0021773862690993343 0.47213459516298634 0.04113995809849645 0.002026655831384861
273 450.0 6750.0 30.0 0.13549550136451982 0.05790645879732739 0.0017222759644907372 0.4633642930856553 0.04122671854379263 0.001953600870219838
274 450.0 6750.0 30.0 0.13549550136451982 0.07349665924276169 0.003163760831463284 0.48331539289558667 0.0518688396166037 0.0024213200146349194
275 450.0 6750.0 30.0 0.13549550136451982 0.07349665924276169 0.002914936843063772 0.4827956989247312 0.05088729081561757 0.0024261171350986304
276 450.0 6750.0 30.0 0.13549550136451982 0.05567928730512249 0.0014731280184247944 0.4535353535353535 0.03747352933826408 0.001896189468565281
277 450.0 6750.0 30.0 0.13549550136451982 0.05790645879732739 0.0016500815974924918 0.45445344129554655 0.03886523972468673 0.001963421472778464
278 450.0 6750.0 30.0 0.13549550136451982 0.07349665924276169 0.003142100232377429 0.47664543524416136 0.049918912067331185 0.002430049746590986
279 450.0 6750.0 30.0 0.13549550136451982 0.05345211581291759 0.0016650741497888602 0.46384297520661155 0.03658030497981097 0.001826056736939573
28 450.0 6750.0 30.0 0.13549550136451982 0.07126948775055679 0.0030112261516520677 0.4838362068965517 0.04919511288755713 0.0023581557410942435
280 450.0 6750.0 30.0 0.13549550136451982 0.08017817371937638 0.003440758948306438 0.48331539289558667 0.05439171062368545 0.0026302573260406047
281 450.0 6750.0 30.0 0.13549550136451982 0.05790645879732739 0.001834619324588572 0.4591002044989775 0.038386879157396726 0.0019658532665320985
282 450.0 6750.0 30.0 0.13549550136451982 0.06458797327394208 0.0022058296553788175 0.47412882787750793 0.045192569096993554 0.0021561515212936504
283 450.0 6750.0 30.0 0.13549550136451982 0.05790645879732739 0.0016588310303447206 0.4553752535496957 0.039668783163936704 0.0019597491553080488
284 450.0 6750.0 30.0 0.13549550136451982 0.0757238307349666 0.0033671043157012834 0.4880434782608696 0.05330900055261705 0.0024892066295706602
285 450.0 6750.0 30.0 0.13549550136451982 0.06458797327394208 0.0023510122764374055 0.47412882787750793 0.0440030507859331 0.0021613551762029786
286 450.0 6750.0 30.0 0.13549550136451982 0.06236080178173719 0.00206081012536167 0.4643226473629783 0.04488759785325846 0.0020840486211525294
287 450.0 6750.0 30.0 0.13549550136451982 0.06236080178173719 0.001969923810292728 0.4643226473629783 0.04162392641396394 0.002097619801963854
288 450.0 6750.0 30.0 0.13549550136451982 0.060133630289532294 0.0019480283842387245 0.46673596673596673 0.041258704653294585 0.0020259909992691094
289 450.0 6750.0 30.0 0.13549550136451982 0.06458797327394208 0.00201704219305744 0.4600409836065574 0.04452454052813716 0.002159299002556231
29 450.0 6750.0 30.0 0.13549550136451982 0.05567928730512249 0.0015611321065339813 0.4648033126293996 0.03923598690861421 0.0018866282742897537
290 450.0 6750.0 30.0 0.13549550136451982 0.06236080178173719 0.001960468289947851 0.47163865546218486 0.045248347521127406 0.002082407755980155
291 450.0 6750.0 30.0 0.13549550136451982 0.060133630289532294 0.0021617014965588754 0.47412882787750793 0.042727173624789304 0.0020195922316911417
292 450.0 6750.0 30.0 0.13549550136451982 0.07349665924276169 0.0029261232449579342 0.47867803837953093 0.051087415230742256 0.0024244087961045146
293 450.0 6750.0 30.0 0.13549550136451982 0.07349665924276169 0.0029844757928988103 0.4802139037433155 0.05092580132982169 0.0024252589007772865
294 450.0 6750.0 30.0 0.13549550136451982 0.06236080178173719 0.002245918814340446 0.47163865546218486 0.044314875532319324 0.0020861593466521234
295 450.0 6750.0 30.0 0.13549550136451982 0.06904231625835189 0.0022542561912737725 0.47412882787750793 0.04868582322476925 0.0022874330460489604
296 450.0 6750.0 30.0 0.13549550136451982 0.06681514476614699 0.002591625529846566 0.47513227513227513 0.04657833236875065 0.0022232980879907894
297 450.0 6750.0 30.0 0.13549550136451982 0.0779510022271715 0.0034741277461513434 0.48645720476706394 0.05364245996098047 0.0025603841693595795
298 450.0 6750.0 30.0 0.13549550136451982 0.06904231625835189 0.002441960714043198 0.47613997879109227 0.04817453464885975 0.0022891811271684853
299 450.0 6750.0 30.0 0.13549550136451982 0.06458797327394208 0.0020519654033299517 0.4672216441207076 0.04496573529632163 0.002155375165072032
3 450.0 6750.0 30.0 0.13549550136451982 0.07126948775055679 0.0026574368277244376 0.4776595744680851 0.047827946307190505 0.0023638501312217143
30 450.0 6750.0 30.0 0.13549550136451982 0.06904231625835189 0.002439596891145118 0.475635593220339 0.04767747215259675 0.002291638507216557
300 450.0 6750.0 30.0 0.13549550136451982 0.07126948775055679 0.002848683539808324 0.4827956989247312 0.04980067474385517 0.0023559259936167323
301 450.0 6750.0 30.0 0.13549550136451982 0.06681514476614699 0.002325307013271295 0.4701570680628272 0.0472912945518873 0.002219918229272607
302 450.0 6750.0 30.0 0.13549550136451982 0.07126948775055679 0.002719246497831914 0.4822771213748657 0.05170800420044439 0.002347376279896232
303 450.0 6750.0 30.0 0.13549550136451982 0.0779510022271715 0.003036217483759934 0.49286498353457736 0.0566840042875295 0.002546514968559386
304 450.0 6750.0 30.0 0.13549550136451982 0.06458797327394208 0.0022907406550534484 0.4812433011789925 0.04733180139885456 0.0021482393050584864
305 450.0 6750.0 30.0 0.13549550136451982 0.07349665924276169 0.003044543968547023 0.4885745375408052 0.05363567950340392 0.0024137184711276265
306 450.0 6750.0 30.0 0.13549550136451982 0.06904231625835189 0.0023068060862545853 0.46868475991649267 0.04866680890485141 0.0022887050688197848
307 450.0 6750.0 30.0 0.13549550136451982 0.0757238307349666 0.003394413188721847 0.4880434782608696 0.05329461467070368 0.0024896372607204234
308 450.0 6750.0 30.0 0.13549550136451982 0.060133630289532294 0.0017801911021192126 0.4657676348547718 0.04276800346535177 0.00201943070910391
309 450.0 6750.0 30.0 0.13549550136451982 0.07126948775055679 0.0025012986107309666 0.480728051391863 0.05092485195708423 0.0023516991268620604
31 450.0 6750.0 30.0 0.13549550136451982 0.06236080178173719 0.0023018677487990657 0.47513227513227513 0.04196991361430603 0.0020957398861530334
310 450.0 6750.0 30.0 0.13549550136451982 0.06458797327394208 0.002211449513224387 0.47213459516298634 0.046577641883164184 0.0021496513109281346
311 450.0 6750.0 30.0 0.13549550136451982 0.06236080178173719 0.0020579062085622412 0.46770833333333334 0.044658001999667116 0.0020840876802883314
312 450.0 6750.0 30.0 0.13549550136451982 0.06236080178173719 0.002105322820917473 0.47816826411075614 0.045100566208919626 0.002082181785105299
313 450.0 6750.0 30.0 0.13549550136451982 0.060133630289532294 0.002041735125593014 0.4681960375391032 0.0423112167862651 0.002020431391398359
314 450.0 6750.0 30.0 0.13549550136451982 0.06904231625835189 0.002427739471009941 0.480728051391863 0.04944707613032524 0.002283975362834513
315 450.0 6750.0 30.0 0.13549550136451982 0.0779510022271715 0.0035220030356855605 0.4907103825136612 0.05579981648857633 0.002550455020292287
316 450.0 6750.0 30.0 0.13549550136451982 0.07126948775055679 0.0028220382298049635 0.47816826411075614 0.04971766313781876 0.0023562070227859822
317 450.0 6750.0 30.0 0.13549550136451982 0.06681514476614699 0.002388855983168126 0.47513227513227513 0.04872035744657608 0.002214087097104852
318 450.0 6750.0 30.0 0.13549550136451982 0.08240534521158129 0.003883583216933561 0.49394939493949397 0.056840181774310064 0.002694688261774015
319 450.0 6750.0 30.0 0.13549550136451982 0.06904231625835189 0.0025389970486622065 0.47664543524416136 0.04972464572252719 0.0022833436559199826
32 450.0 6750.0 30.0 0.13549550136451982 0.06458797327394208 0.002265600979566958 0.46868475991649267 0.045284499970579956 0.0021546624674644715
320 450.0 6750.0 30.0 0.13549550136451982 0.06236080178173719 0.0020284130694528195 0.4696652719665272 0.045089071931105236 0.0020822513780718987
321 450.0 6750.0 30.0 0.13549550136451982 0.04899777282850779 0.0013269188824783227 0.4614594039054471 0.03524656089313054 0.001684557887430794
322 450.0 6750.0 30.0 0.13549550136451982 0.0779510022271715 0.003511546701526019 0.4880434782608696 0.0527328487497057 0.0025639292569151944
323 450.0 6750.0 30.0 0.13549550136451982 0.07349665924276169 0.0026855158551812503 0.4797008547008547 0.05256012298380117 0.0024173778439945453
324 450.0 6750.0 30.0 0.13549550136451982 0.07349665924276169 0.00244168844628313 0.4802139037433155 0.05245353830423233 0.002418277965262969
325 450.0 6750.0 30.0 0.13549550136451982 0.07126948775055679 0.0027505952079874465 0.47816826411075614 0.04876174540571536 0.002359602056815336
326 450.0 6750.0 30.0 0.13549550136451982 0.06458797327394208 0.0023801712284470446 0.4822771213748657 0.046586766138747904 0.0021507317400055923
327 450.0 6750.0 30.0 0.13549550136451982 0.06236080178173719 0.002251474848044274 0.4726315789473684 0.043495590393210874 0.002088462082504764
328 450.0 6750.0 30.0 0.13549550136451982 0.05790645879732739 0.0017540147855771597 0.4624098867147271 0.04121386006634869 0.0019528530384160573
329 450.0 6750.0 30.0 0.13549550136451982 0.06904231625835189 0.0024953951857267383 0.47613997879109227 0.04941491065341877 0.0022835818258072405
33 450.0 6750.0 30.0 0.13549550136451982 0.0757238307349666 0.0034385199479135533 0.4912472647702407 0.05261432077252576 0.002490275685048699
330 450.0 6750.0 30.0 0.13549550136451982 0.06681514476614699 0.002378797575832837 0.47463002114164904 0.046005089745751265 0.0022250153468060087
331 450.0 6750.0 30.0 0.13549550136451982 0.06236080178173719 0.0017667957156722541 0.4595701125895599 0.04378723285813413 0.0020877779754597246
332 450.0 6750.0 30.0 0.13549550136451982 0.05790645879732739 0.0017118431521602122 0.4643226473629783 0.040919917102258674 0.0019547017585886607
333 450.0 6750.0 30.0 0.13549550136451982 0.0757238307349666 0.0030628943478847705 0.47816826411075614 0.05350027058458227 0.0024871436183041364
334 450.0 6750.0 30.0 0.13549550136451982 0.0757238307349666 0.0030108632817274815 0.49286498353457736 0.054797010525732624 0.002482050511002807
335 450.0 6750.0 30.0 0.13549550136451982 0.05567928730512249 0.0016992924741166147 0.4681960375391032 0.0403458967394515 0.0018832761627585392
336 450.0 6750.0 30.0 0.13549550136451982 0.07126948775055679 0.003127376874062709 0.4891067538126362 0.050753226752495724 0.0023523970955907376
337 450.0 6750.0 30.0 0.13549550136451982 0.05790645879732739 0.001730787395481975 0.4586312563840654 0.0408047086035366 0.0019547274216510737
338 450.0 6750.0 30.0 0.13549550136451982 0.06904231625835189 0.0027313032964045567 0.4822771213748657 0.05001361351518307 0.0022818131948005873
339 450.0 6750.0 30.0 0.13549550136451982 0.0757238307349666 0.003103226374577833 0.48645720476706394 0.05306280846154704 0.0024875448503482622
34 450.0 6750.0 30.0 0.13549550136451982 0.06681514476614699 0.002706320280122095 0.4797008547008547 0.04556083936943712 0.002226738792485075
340 450.0 6750.0 30.0 0.13549550136451982 0.06904231625835189 0.0026634111588510635 0.475635593220339 0.047009824805216524 0.0022949358265166512
341 450.0 6750.0 30.0 0.13549550136451982 0.06236080178173719 0.0021693081277225504 0.4701570680628272 0.043700348696445054 0.0020888882113708606
342 450.0 6750.0 30.0 0.13549550136451982 0.06458797327394208 0.002110729783877584 0.4771519659936238 0.0460909362778206 0.0021526524400197443
343 450.0 6750.0 30.0 0.13549550136451982 0.06681514476614699 0.0022386973463103792 0.47362869198312235 0.04739651788801088 0.002219624233123427
344 450.0 6750.0 30.0 0.13549550136451982 0.06236080178173719 0.002169761824869593 0.4726315789473684 0.0442563210921456 0.002085179410402956
345 450.0 6750.0 30.0 0.13549550136451982 0.06904231625835189 0.0027013745639865566 0.4776595744680851 0.0470368881998913 0.0022945015733093284
346 450.0 6750.0 30.0 0.13549550136451982 0.05345211581291759 0.0014003473957255625 0.4624098867147271 0.0387964843947707 0.0018173143637047653
347 450.0 6750.0 30.0 0.13549550136451982 0.08463251670378619 0.004244663421595148 0.5027995520716685 0.059504581251490156 0.002755085381913195
348 450.0 6750.0 30.0 0.13549550136451982 0.07349665924276169 0.0031696197555856924 0.48751357220412594 0.052032652552937 0.002420080037587942
349 450.0 6750.0 30.0 0.13549550136451982 0.08017817371937638 0.003195033371909062 0.480728051391863 0.05554979854141692 0.0026245792828232415
35 450.0 6750.0 30.0 0.13549550136451982 0.0779510022271715 0.003539132651299292 0.48645720476706394 0.05270503521632874 0.002562686896194578
350 450.0 6750.0 30.0 0.13549550136451982 0.0779510022271715 0.0038640289834570847 0.49394939493949397 0.05406128667033565 0.0025572836167352506
351 450.0 6750.0 30.0 0.13549550136451982 0.06236080178173719 0.0023473259469965623 0.47463002114164904 0.04325177160289948 0.002089718754110654
352 450.0 6750.0 30.0 0.13549550136451982 0.06458797327394208 0.0022385056614537546 0.4701570680628272 0.04464606824160379 0.002157716671490235
353 450.0 6750.0 30.0 0.13549550136451982 0.06458797327394208 0.002096039116521908 0.4657676348547718 0.0440841112866762 0.002160151303360174
354 450.0 6750.0 30.0 0.13549550136451982 0.06458797327394208 0.0023169969031393237 0.47412882787750793 0.04492431613206024 0.0021570863657835912
355 450.0 6750.0 30.0 0.13549550136451982 0.06681514476614699 0.0022816045691387353 0.47867803837953093 0.047290420695797544 0.0022192731380755613
356 450.0 6750.0 30.0 0.13549550136451982 0.06681514476614699 0.002205187378377223 0.4771519659936238 0.04766959598475818 0.0022177569399301055
357 450.0 6750.0 30.0 0.13549550136451982 0.07126948775055679 0.0025049847126425917 0.4791889007470651 0.05024538023618161 0.002353772400835272
358 450.0 6750.0 30.0 0.13549550136451982 0.05790645879732739 0.0019253113146652685 0.46917450365726227 0.04076362984787771 0.0019538877140122994
359 450.0 6750.0 30.0 0.13549550136451982 0.07126948775055679 0.0028911455475753734 0.4827956989247312 0.050045749063749194 0.0023550458044068493
36 450.0 6750.0 30.0 0.13549550136451982 0.06458797327394208 0.0020662864490485155 0.46673596673596673 0.04581937523220445 0.002152730988495469
360 450.0 6750.0 30.0 0.13549550136451982 0.07126948775055679 0.0025475543519715422 0.47664543524416136 0.04885889834421123 0.002359225610951742
361 450.0 6750.0 30.0 0.13549550136451982 0.07349665924276169 0.0028478691791332103 0.4797008547008547 0.05114237251945313 0.002423898692673215
362 450.0 6750.0 30.0 0.13549550136451982 0.060133630289532294 0.0020193672628797893 0.4672216441207076 0.04193667659826634 0.0020227653124209157
363 450.0 6750.0 30.0 0.13549550136451982 0.05567928730512249 0.0016313002202163467 0.4624098867147271 0.040202535428053694 0.0018830566882620024
364 450.0 6750.0 30.0 0.13549550136451982 0.06458797327394208 0.0022437491238172604 0.4701570680628272 0.04584072388633088 0.002152014499864471
365 450.0 6750.0 30.0 0.13549550136451982 0.07349665924276169 0.0028338165999247573 0.48175965665236054 0.0518924925196157 0.0024215335906117253
366 450.0 6750.0 30.0 0.13549550136451982 0.06236080178173719 0.001973908430466128 0.4657676348547718 0.04339795362594963 0.002089442044076432
367 450.0 6750.0 30.0 0.13549550136451982 0.07349665924276169 0.0028861383319089633 0.48175965665236054 0.049907890593395225 0.0024285297935927866
368 450.0 6750.0 30.0 0.13549550136451982 0.06236080178173719 0.0020489186776241892 0.4614594039054471 0.044093526876625204 0.0020862239193805685
369 450.0 6750.0 30.0 0.13549550136451982 0.06458797327394208 0.002620823166054715 0.480728051391863 0.04506032393053308 0.002154951352078337
37 450.0 6750.0 30.0 0.13549550136451982 0.060133630289532294 0.0018749731111402182 0.4648033126293996 0.04154316666098364 0.0020234809858959433
370 450.0 6750.0 30.0 0.13549550136451982 0.05567928730512249 0.0016681017156825685 0.4657676348547718 0.039223379194670206 0.0018880387118592025
371 450.0 6750.0 30.0 0.13549550136451982 0.060133630289532294 0.0018500504104097001 0.46868475991649267 0.04259658417048016 0.0020196789908962084
372 450.0 6750.0 30.0 0.13549550136451982 0.06236080178173719 0.00193564269986923 0.4624098867147271 0.042618530337975025 0.002093804932568352
373 450.0 6750.0 30.0 0.13549550136451982 0.06458797327394208 0.0022819542414567197 0.46384297520661155 0.04411674828304597 0.002160265688692201
374 450.0 6750.0 30.0 0.13549550136451982 0.06681514476614699 0.0023292433977789738 0.47163865546218486 0.045645275403634236 0.0022272682022484373
375 450.0 6750.0 30.0 0.13549550136451982 0.0757238307349666 0.00314443010615908 0.4812433011789925 0.05228002045122613 0.0024927975189209775
376 450.0 6750.0 30.0 0.13549550136451982 0.06681514476614699 0.0026263906809733213 0.47613997879109227 0.04485070729053209 0.0022317495534085476
377 450.0 6750.0 30.0 0.13549550136451982 0.06458797327394208 0.0023886265129703576 0.475635593220339 0.044780828736036435 0.002157097464046261
378 450.0 6750.0 30.0 0.13549550136451982 0.07349665924276169 0.0030049684432054704 0.4854054054054054 0.05208522161148859 0.0024203657175521816
379 450.0 6750.0 30.0 0.13549550136451982 0.06681514476614699 0.0021187958483394574 0.4681960375391032 0.04528642010400283 0.002228985049796033
38 450.0 6750.0 30.0 0.13549550136451982 0.06458797327394208 0.0020418582992776596 0.47064989517819705 0.04559411827579594 0.00215316161218527
380 450.0 6750.0 30.0 0.13549550136451982 0.07126948775055679 0.002775630720151358 0.48175965665236054 0.0493423732997365 0.0023589432819731285
381 450.0 6750.0 30.0 0.13549550136451982 0.05790645879732739 0.0017327980178987454 0.45445344129554655 0.03945683424078777 0.001961177917202388
382 450.0 6750.0 30.0 0.13549550136451982 0.07126948775055679 0.0031923029954199003 0.4822771213748657 0.04762667034512436 0.0023654229456270227
383 450.0 6750.0 30.0 0.13549550136451982 0.05790645879732739 0.0017192873088844873 0.4600409836065574 0.04003354976448961 0.00195801241214961
384 450.0 6750.0 30.0 0.13549550136451982 0.04899777282850779 0.0012391118805890095 0.4449950445986125 0.03349149225288106 0.0016930077992339356
385 450.0 6750.0 30.0 0.13549550136451982 0.06904231625835189 0.0022053475879634616 0.4731296101159115 0.048213746710388264 0.0022911363518445358
386 450.0 6750.0 30.0 0.13549550136451982 0.07349665924276169 0.0032567136269242274 0.4891067538126362 0.05231005350596622 0.002419232768543164
387 450.0 6750.0 30.0 0.13549550136451982 0.060133630289532294 0.0020985547494120505 0.46384297520661155 0.04092200256474923 0.002028695681200126
388 450.0 6750.0 30.0 0.13549550136451982 0.07126948775055679 0.0025166747688699855 0.47867803837953093 0.05009711869971522 0.0023549647227946086
389 450.0 6750.0 30.0 0.13549550136451982 0.08463251670378619 0.004391650463246238 0.49503858875413453 0.05992277629856282 0.0027539501198000195
39 450.0 6750.0 30.0 0.13549550136451982 0.051224944320712694 0.0015903548080593102 0.4643226473629783 0.03602883388188381 0.0017540412245845311
390 450.0 6750.0 30.0 0.13549550136451982 0.0757238307349666 0.0035770085654625887 0.49286498353457736 0.05291374409287328 0.002490061529427054
391 450.0 6750.0 30.0 0.13549550136451982 0.06904231625835189 0.0028248657724332326 0.475635593220339 0.04872596894618904 0.002287505853093971
392 450.0 6750.0 30.0 0.13549550136451982 0.06458797327394208 0.002314839662093044 0.46917450365726227 0.04346911958411606 0.0021640187914448664
393 450.0 6750.0 30.0 0.13549550136451982 0.060133630289532294 0.00205022418820544 0.47613997879109227 0.04265091544118369 0.002020836561203126
394 450.0 6750.0 30.0 0.13549550136451982 0.06681514476614699 0.0024655711137922965 0.47412882787750793 0.04632961047301891 0.0022256440225773806
395 450.0 6750.0 30.0 0.13549550136451982 0.06681514476614699 0.002742045383210258 0.47816826411075614 0.047689566687981924 0.002219115225059697
396 450.0 6750.0 30.0 0.13549550136451982 0.060133630289532294 0.002011233250978769 0.4726315789473684 0.042777628505604466 0.0020202238981425853
397 450.0 6750.0 30.0 0.13549550136451982 0.06681514476614699 0.0024831978232544207 0.4791889007470651 0.046729607714091306 0.002223755970454315
398 450.0 6750.0 30.0 0.13549550136451982 0.05790645879732739 0.0013909745017196846 0.45723014256619143 0.04052754158225789 0.0019560668470017667
399 450.0 6750.0 30.0 0.13549550136451982 0.0779510022271715 0.003296884935787504 0.48488120950323976 0.05376110157042111 0.002561443745343997
4 450.0 6750.0 30.0 0.13549550136451982 0.06681514476614699 0.00253037052774503 0.4812433011789925 0.04697198452550984 0.0022205507031988567
40 450.0 6750.0 30.0 0.13549550136451982 0.06236080178173719 0.0022370607139223946 0.47064989517819705 0.04319178322627972 0.002090628989872982
400 450.0 6750.0 30.0 0.13549550136451982 0.07126948775055679 0.003055417069605706 0.4885745375408052 0.05060854244693546 0.002354529855031414
401 450.0 6750.0 30.0 0.13549550136451982 0.06458797327394208 0.0021613075790766823 0.47613997879109227 0.046828255130360597 0.0021493640258130548
402 450.0 6750.0 30.0 0.13549550136451982 0.05790645879732739 0.001698219138269697 0.4643226473629783 0.04042902714988116 0.001957114157708496
403 450.0 6750.0 30.0 0.13549550136451982 0.05345211581291759 0.001658778179729633 0.4591002044989775 0.03764929546238005 0.001821750319001601
404 450.0 6750.0 30.0 0.13549550136451982 0.06681514476614699 0.0025113760340083986 0.47463002114164904 0.04540961656072491 0.0022281001663096126
405 450.0 6750.0 30.0 0.13549550136451982 0.06458797327394208 0.0024314510478507583 0.4771519659936238 0.0455979669155847 0.0021540360673941395
406 450.0 6750.0 30.0 0.13549550136451982 0.08463251670378619 0.004189473694098035 0.4994438264738598 0.05895766021703285 0.002757336261945951
407 450.0 6750.0 30.0 0.13549550136451982 0.06236080178173719 0.0021420480565953032 0.4624098867147271 0.042475897777648396 0.0020953266460482264
408 450.0 6750.0 30.0 0.13549550136451982 0.08463251670378619 0.004503447568745069 0.5022371364653244 0.059080707280151606 0.00275759385864067
409 450.0 6750.0 30.0 0.13549550136451982 0.0757238307349666 0.0028814715743759978 0.4854054054054054 0.053634914410822056 0.0024873363361540453
41 450.0 6750.0 30.0 0.13549550136451982 0.06458797327394208 0.0022633168892029223 0.4731296101159115 0.04446311971256135 0.0021583709871975205
410 450.0 6750.0 30.0 0.13549550136451982 0.06458797327394208 0.0021530253049144984 0.47064989517819705 0.04541912589513536 0.002155667608918905
411 450.0 6750.0 30.0 0.13549550136451982 0.060133630289532294 0.0020995629652943728 0.46384297520661155 0.0408086080108855 0.0020288809700857746
412 450.0 6750.0 30.0 0.13549550136451982 0.07126948775055679 0.003270303505384666 0.4880434782608696 0.0490379452690902 0.0023597080901564503
413 450.0 6750.0 30.0 0.13549550136451982 0.05345211581291759 0.0014185452577807492 0.4530776992936428 0.03712351952671049 0.0018249733942531379
414 450.0 6750.0 30.0 0.13549550136451982 0.06681514476614699 0.002636251925354264 0.47163865546218486 0.04642568437664713 0.002225579393299612
415 450.0 6750.0 30.0 0.13549550136451982 0.06681514476614699 0.002558898778089158 0.4771519659936238 0.046879313112451075 0.002222672285755857
416 450.0 6750.0 30.0 0.13549550136451982 0.06236080178173719 0.0020516097046028433 0.475635593220339 0.04569441420064417 0.002081523447640592
417 450.0 6750.0 30.0 0.13549550136451982 0.06458797327394208 0.0020449265186812875 0.47816826411075614 0.04871438967432472 0.0021417916926107653
418 450.0 6750.0 30.0 0.13549550136451982 0.060133630289532294 0.002155806200099444 0.46673596673596673 0.04156343154875324 0.002025876378230704
419 450.0 6750.0 30.0 0.13549550136451982 0.06458797327394208 0.001987491513957703 0.4648033126293996 0.046215067068255906 0.0021523757429244366
42 450.0 6750.0 30.0 0.13549550136451982 0.06236080178173719 0.0019857214259640685 0.4657676348547718 0.043445416411417345 0.0020880571298701935
420 450.0 6750.0 30.0 0.13549550136451982 0.0779510022271715 0.003099555739063585 0.48593073593073594 0.05631674707384599 0.002549699042111403
421 450.0 6750.0 30.0 0.13549550136451982 0.060133630289532294 0.0019907342747836625 0.46770833333333334 0.04209184031455246 0.0020246595661444705
422 450.0 6750.0 30.0 0.13549550136451982 0.06236080178173719 0.002035130840752712 0.46528497409326425 0.04488557914710074 0.0020843001315967247
423 450.0 6750.0 30.0 0.13549550136451982 0.0757238307349666 0.003319697440902052 0.48593073593073594 0.05272908336651223 0.002490655284808499
424 450.0 6750.0 30.0 0.13549550136451982 0.07126948775055679 0.002254290392850269 0.47412882787750793 0.05057150117344792 0.0023535357745177923
425 450.0 6750.0 30.0 0.13549550136451982 0.06458797327394208 0.002036805313856053 0.4643226473629783 0.0455540845882169 0.0021551089955088648
426 450.0 6750.0 30.0 0.13549550136451982 0.06458797327394208 0.002544244344760772 0.47064989517819705 0.04455616936709108 0.0021595389177607744
427 450.0 6750.0 30.0 0.13549550136451982 0.051224944320712694 0.0013101657294974712 0.45125628140703516 0.0360695573994969 0.0017549982780075161
428 450.0 6750.0 30.0 0.13549550136451982 0.08908685968819599 0.00433942720682484 0.4977827050997783 0.061790764802874355 0.002893205404396502
429 450.0 6750.0 30.0 0.13549550136451982 0.08240534521158129 0.0037427089573395596 0.4977827050997783 0.06016895207375309 0.0026803560790116267
43 450.0 6750.0 30.0 0.13549550136451982 0.05790645879732739 0.001851757319625106 0.4633642930856553 0.04082648032109546 0.001953357140795956
430 450.0 6750.0 30.0 0.13549550136451982 0.06458797327394208 0.002308133404951767 0.4726315789473684 0.044826280963331154 0.0021583796094268083
431 450.0 6750.0 30.0 0.13549550136451982 0.07349665924276169 0.002936573944651864 0.48698481561822127 0.052744996378723596 0.0024179205150742663
432 450.0 6750.0 30.0 0.13549550136451982 0.05567928730512249 0.0018210746627769013 0.46098562628336753 0.03813988190586327 0.0018933920776961462
433 450.0 6750.0 30.0 0.13549550136451982 0.06904231625835189 0.002100074989141296 0.46384297520661155 0.04764600470436186 0.0022928419806262923
434 450.0 6750.0 30.0 0.13549550136451982 0.06681514476614699 0.0022959800599041294 0.47664543524416136 0.048303376853043735 0.002216662526250698
435 450.0 6750.0 30.0 0.13549550136451982 0.06681514476614699 0.002300657578332146 0.475635593220339 0.04847605142898826 0.002215496530277775
436 450.0 6750.0 30.0 0.13549550136451982 0.06236080178173719 0.0024030014857142276 0.4791889007470651 0.043398408749779044 0.00208976820099802
437 450.0 6750.0 30.0 0.13549550136451982 0.060133630289532294 0.002302340733727938 0.47613997879109227 0.04136084582839067 0.0020253744834087054
438 450.0 6750.0 30.0 0.13549550136451982 0.06236080178173719 0.0018773108668143146 0.4614594039054471 0.04329628803812471 0.0020907618454101655
439 450.0 6750.0 30.0 0.13549550136451982 0.06904231625835189 0.0027947722527054686 0.4802139037433155 0.0473524906701426 0.0022933301504855508
44 450.0 6750.0 30.0 0.13549550136451982 0.07349665924276169 0.003084743042780709 0.4791889007470651 0.0506707333469504 0.0024256785204294436
440 450.0 6750.0 30.0 0.13549550136451982 0.060133630289532294 0.001717055378378286 0.4517102615694165 0.04128648819931621 0.002025981012769994
441 450.0 6750.0 30.0 0.13549550136451982 0.06236080178173719 0.002171517972526145 0.46770833333333334 0.04267462415233411 0.0020929607895791742
442 450.0 6750.0 30.0 0.13549550136451982 0.06458797327394208 0.002390619103071981 0.46917450365726227 0.04563664588974735 0.002154235294583066
443 450.0 6750.0 30.0 0.13549550136451982 0.08017817371937638 0.0032965338577559218 0.4802139037433155 0.055078976999053994 0.0026271784561012704
444 450.0 6750.0 30.0 0.13549550136451982 0.06681514476614699 0.0025747467388810325 0.4802139037433155 0.047009028886041734 0.0022207500564892235
445 450.0 6750.0 30.0 0.13549550136451982 0.07126948775055679 0.0029437517448799595 0.4827956989247312 0.04840421787012045 0.002361663394749257
446 450.0 6750.0 30.0 0.13549550136451982 0.06458797327394208 0.0026056837577354457 0.480728051391863 0.04427864797445676 0.002159599714161932
447 450.0 6750.0 30.0 0.13549550136451982 0.07349665924276169 0.0026806380936169696 0.4791889007470651 0.05113023094864008 0.0024235639346039148
448 450.0 6750.0 30.0 0.13549550136451982 0.05790645879732739 0.001904578277405184 0.4731296101159115 0.04148446493090124 0.0019516759583055006
449 450.0 6750.0 30.0 0.13549550136451982 0.060133630289532294 0.0020466339121935845 0.46625129802699894 0.0418131288365604 0.002023051487949531
45 450.0 6750.0 30.0 0.13549550136451982 0.0757238307349666 0.003494078365891712 0.49613259668508286 0.0527499223003189 0.002488706634923911
46 450.0 6750.0 30.0 0.13549550136451982 0.06236080178173719 0.0022294402086948566 0.47613997879109227 0.04277922309588359 0.0020918309430382146
47 450.0 6750.0 30.0 0.13549550136451982 0.06904231625835189 0.0028421316409630057 0.4802139037433155 0.047386212907496596 0.0022932783400750898
48 450.0 6750.0 30.0 0.13549550136451982 0.06681514476614699 0.0023448529983204733 0.47163865546218486 0.046023409997070296 0.0022242250548989498
49 450.0 6750.0 30.0 0.13549550136451982 0.07126948775055679 0.0029193760678160683 0.4812433011789925 0.04941296930184101 0.002357049463690309
5 450.0 6750.0 30.0 0.13549550136451982 0.05790645879732739 0.0017242259229422372 0.46098562628336753 0.04080593419581465 0.001954189900766819
50 450.0 6750.0 30.0 0.13549550136451982 0.06681514476614699 0.0023558285481187487 0.47412882787750793 0.04565901987253806 0.0022268135211709283
51 450.0 6750.0 30.0 0.13549550136451982 0.07126948775055679 0.0031428888191159282 0.4797008547008547 0.04906299037760353 0.002358685119549859
52 450.0 6750.0 30.0 0.13549550136451982 0.06458797327394208 0.0021982793094838223 0.4726315789473684 0.045687241597873504 0.002154189330454732
53 450.0 6750.0 30.0 0.13549550136451982 0.06681514476614699 0.0027248813727223232 0.4822771213748657 0.04650190691328817 0.002223891881348607
54 450.0 6750.0 30.0 0.13549550136451982 0.07349665924276169 0.0031808154154607596 0.47867803837953093 0.05033648131029921 0.002426915632358115
55 450.0 6750.0 30.0 0.13549550136451982 0.06458797327394208 0.0022434443442163198 0.4696652719665272 0.043668482870123156 0.0021606868958360826
56 450.0 6750.0 30.0 0.13549550136451982 0.06236080178173719 0.0022432255501802843 0.47163865546218486 0.04369214036908667 0.0020879825283760295
57 450.0 6750.0 30.0 0.13549550136451982 0.06904231625835189 0.0024751008932146824 0.47362869198312235 0.047837610405385526 0.0022901687307131393
58 450.0 6750.0 30.0 0.13549550136451982 0.060133630289532294 0.0021323139624768376 0.46868475991649267 0.04091310682893317 0.0020265819427471407
59 450.0 6750.0 30.0 0.13549550136451982 0.06458797327394208 0.002350640640467912 0.475635593220339 0.04578421972931202 0.0021532671165774737
6 450.0 6750.0 30.0 0.13549550136451982 0.060133630289532294 0.002288415953836401 0.475635593220339 0.04166547413278638 0.0020233736335153233
60 450.0 6750.0 30.0 0.13549550136451982 0.06681514476614699 0.002666020852776749 0.4791889007470651 0.04672131243560257 0.002222128780736792
61 450.0 6750.0 30.0 0.13549550136451982 0.06236080178173719 0.0018697681119824346 0.46288659793814435 0.04241204938804261 0.002092633925894663
62 450.0 6750.0 30.0 0.13549550136451982 0.06458797327394208 0.002075364683696449 0.4731296101159115 0.0458345306027066 0.002152016915367462
63 450.0 6750.0 30.0 0.13549550136451982 0.06904231625835189 0.002444984700979095 0.47064989517819705 0.04784561416470284 0.002290267013150956
64 450.0 6750.0 30.0 0.13549550136451982 0.06458797327394208 0.0023927466724105602 0.47513227513227513 0.04531638693685853 0.0021539299619160487
65 450.0 6750.0 30.0 0.13549550136451982 0.06236080178173719 0.001522419704781222 0.4643226473629783 0.043675147593551886 0.002087942247545175
66 450.0 6750.0 30.0 0.13549550136451982 0.08017817371937638 0.003522530805321901 0.4885745375408052 0.05579120391581208 0.0026224341369317566
67 450.0 6750.0 30.0 0.13549550136451982 0.07349665924276169 0.0030574453905262236 0.49340659340659343 0.05184602643757156 0.002419756214472086
68 450.0 6750.0 30.0 0.13549550136451982 0.060133630289532294 0.001994858151914738 0.46917450365726227 0.04204718836485245 0.0020219185525247214
69 450.0 6750.0 30.0 0.13549550136451982 0.06236080178173719 0.002137050009532779 0.47463002114164904 0.04392440123196028 0.0020864103931426204
7 450.0 6750.0 30.0 0.13549550136451982 0.06904231625835189 0.0024765147880706413 0.475635593220339 0.04817782657526776 0.002288947141638
70 450.0 6750.0 30.0 0.13549550136451982 0.05790645879732739 0.002009655349973026 0.4586312563840654 0.03907550022268805 0.0019619180825513477
71 450.0 6750.0 30.0 0.13549550136451982 0.05790645879732739 0.0016637029768788755 0.46098562628336753 0.04004856243640577 0.0019576088577181747
72 450.0 6750.0 30.0 0.13549550136451982 0.07349665924276169 0.0032230152091881972 0.480728051391863 0.050087195040733515 0.0024284660731811155
73 450.0 6750.0 30.0 0.13549550136451982 0.07126948775055679 0.003393235085112088 0.480728051391863 0.049035206209760575 0.0023585145657215732
74 450.0 6750.0 30.0 0.13549550136451982 0.07126948775055679 0.0026953600991957215 0.48175965665236054 0.05047003163990985 0.002353276767128607
75 450.0 6750.0 30.0 0.13549550136451982 0.06681514476614699 0.0024401161073620155 0.46868475991649267 0.04628596607041968 0.0022236941266729304
76 450.0 6750.0 30.0 0.13549550136451982 0.06458797327394208 0.001991376885334066 0.4624098867147271 0.044752584678487244 0.0021572022476901696
77 450.0 6750.0 30.0 0.13549550136451982 0.0757238307349666 0.0033445038800950476 0.48175965665236054 0.052258276803425825 0.0024916415502530694
78 450.0 6750.0 30.0 0.13549550136451982 0.0757238307349666 0.0033346485727368583 0.48751357220412594 0.05242104716553923 0.002490577107713134
79 450.0 6750.0 30.0 0.13549550136451982 0.06458797327394208 0.00202716775450934 0.4619341563786008 0.044672632996375326 0.0021573568341484864
8 450.0 6750.0 30.0 0.13549550136451982 0.08240534521158129 0.0038236049154369628 0.48964013086150493 0.057830612447345796 0.002688730404145099
80 450.0 6750.0 30.0 0.13549550136451982 0.07349665924276169 0.0025881046176671725 0.47463002114164904 0.05131117427943515 0.002422112304277121
81 450.0 6750.0 30.0 0.13549550136451982 0.06458797327394208 0.002454532036454522 0.4771519659936238 0.04538341180942609 0.0021549816031867217
82 450.0 6750.0 30.0 0.13549550136451982 0.06236080178173719 0.0021223035318485017 0.4701570680628272 0.04424639032955802 0.0020859438897681067
83 450.0 6750.0 30.0 0.13549550136451982 0.060133630289532294 0.0022190823645031827 0.475635593220339 0.04303245193740679 0.002018350805352016
84 450.0 6750.0 30.0 0.13549550136451982 0.05790645879732739 0.001713564201549685 0.4586312563840654 0.04136142802293844 0.0019516248295035385
85 450.0 6750.0 30.0 0.13549550136451982 0.060133630289532294 0.0018876860711780222 0.45491388044579534 0.04221628282341789 0.0020211151548920983
86 450.0 6750.0 30.0 0.13549550136451982 0.08240534521158129 0.003934715720501219 0.4891067538126362 0.057749851416055306 0.0026884807554423767
87 450.0 6750.0 30.0 0.13549550136451982 0.06236080178173719 0.0018197539755384863 0.4657676348547718 0.04427708792995658 0.0020848339771498757
88 450.0 6750.0 30.0 0.13549550136451982 0.06904231625835189 0.001902014159580117 0.4672216441207076 0.04905629508708194 0.002285555654188522
89 450.0 6750.0 30.0 0.13549550136451982 0.06458797327394208 0.0020290442995026647 0.46625129802699894 0.04577231097553282 0.0021535319706342125
9 450.0 6750.0 30.0 0.13549550136451982 0.06458797327394208 0.0019502973857177968 0.4633642930856553 0.0448182819328272 0.0021573026142260674
90 450.0 6750.0 30.0 0.13549550136451982 0.060133630289532294 0.001504278535477578 0.46098562628336753 0.04329276093582344 0.002016969592585292
91 450.0 6750.0 30.0 0.13549550136451982 0.07126948775055679 0.002711701477675917 0.4771519659936238 0.050357675015977675 0.002352756049797029
92 450.0 6750.0 30.0 0.13549550136451982 0.07349665924276169 0.0027472052472319645 0.47816826411075614 0.05314363839278403 0.0024144746786107134
93 450.0 6750.0 30.0 0.13549550136451982 0.05567928730512249 0.001644540385289053 0.4586312563840654 0.03966207340591701 0.0018847103641650308
94 450.0 6750.0 30.0 0.13549550136451982 0.06236080178173719 0.002405410326217354 0.47412882787750793 0.04391086676946133 0.0020886938022666238
95 450.0 6750.0 30.0 0.13549550136451982 0.07126948775055679 0.0030362208147775905 0.4838362068965517 0.04949365966074549 0.0023561930680265344
96 450.0 6750.0 30.0 0.13549550136451982 0.0779510022271715 0.0034433632942302305 0.4885745375408052 0.05496627181462506 0.002554390228133213
97 450.0 6750.0 30.0 0.13549550136451982 0.07126948775055679 0.0025799643742941895 0.4771519659936238 0.050954832969022895 0.002350567674255006
98 450.0 6750.0 30.0 0.13549550136451982 0.07349665924276169 0.003267682368515353 0.49394939493949397 0.051963879702937234 0.0024203230271969333
99 450.0 6750.0 30.0 0.13549550136451982 0.06681514476614699 0.0024224402612712504 0.46528497409326425 0.04589255797630811 0.002225606911625076