0 550.0 8250.0 30.0 0.12337040485718254 0.052823315118397086 0.00204182131857776 0.456359102244389 0.04016035459749021 0.0017668031395052712
1 550.0 8250.0 30.0 0.12337040485718254 0.05100182149362477 0.0019112034358359504 0.44963144963144963 0.03811107385398205 0.00171442710412686
10 550.0 8250.0 30.0 0.12337040485718254 0.0546448087431694 0.002267544261591842 0.45979899497487436 0.04180413333039115 0.0018197515879537923
100 550.0 8250.0 30.0 0.12337040485718254 0.056466302367941715 0.0023958671141142483 0.4621212121212121 0.04295929207782975 0.001875538642863238
101 550.0 8250.0 30.0 0.12337040485718254 0.0546448087431694 0.002124623143237116 0.456738768718802 0.04152420033748186 0.0018204605980904932
102 550.0 8250.0 30.0 0.12337040485718254 0.058287795992714025 0.0025435471661932577 0.46883005977796754 0.045350849820915834 0.001926376453814489
103 550.0 8250.0 30.0 0.12337040485718254 0.0546448087431694 0.002345565775480504 0.4609571788413098 0.04158037843321441 0.0018203742035439187
104 550.0 8250.0 30.0 0.12337040485718254 0.04553734061930783 0.0016312203115995607 0.4474327628361858 0.03460238348971318 0.0015477460057697293
105 550.0 8250.0 30.0 0.12337040485718254 0.0546448087431694 0.0022551061089284446 0.4621212121212121 0.04265894171060106 0.0018166319848393361
106 550.0 8250.0 30.0 0.12337040485718254 0.05100182149362477 0.0021189110931328138 0.46368243243243246 0.03946964118011462 0.0017095176973067779
107 550.0 8250.0 30.0 0.12337040485718254 0.052823315118397086 0.0018607151088108882 0.4485294117647059 0.04070832527125962 0.0017644037718925274
108 550.0 8250.0 30.0 0.12337040485718254 0.04918032786885246 0.0016291266426501933 0.4445344129554656 0.03766757602535149 0.0016559855891618747
109 550.0 8250.0 30.0 0.12337040485718254 0.056466302367941715 0.002514537753056321 0.46057046979865773 0.04166561238631298 0.0018802348069418757
11 550.0 8250.0 30.0 0.12337040485718254 0.052823315118397086 0.0020907342702648425 0.4613445378151261 0.04095837843095809 0.0017634635825116351
110 550.0 8250.0 30.0 0.12337040485718254 0.0546448087431694 0.0018669151339095163 0.4525968672712284 0.041845150657353704 0.0018191900428298528
111 550.0 8250.0 30.0 0.12337040485718254 0.052823315118397086 0.0022175956701066465 0.4613445378151261 0.041260295248690515 0.0017626675348829642
112 550.0 8250.0 30.0 0.12337040485718254 0.058287795992714025 0.0024320727182449505 0.46486028789161726 0.04583230127131824 0.0019236847957011945
113 550.0 8250.0 30.0 0.12337040485718254 0.05100182149362477 0.0018867728134226375 0.4525968672712284 0.03944969197602757 0.0017090798680058166
114 550.0 8250.0 30.0 0.12337040485718254 0.056466302367941715 0.002201198977123422 0.46368243243243246 0.044316871559555895 0.001869844514176951
115 550.0 8250.0 30.0 0.12337040485718254 0.052823315118397086 0.0020296616330062675 0.45598006644518274 0.04210886898368084 0.001758454795153231
116 550.0 8250.0 30.0 0.12337040485718254 0.04189435336976321 0.0012125970350928836 0.4445344129554656 0.03269788444883585 0.0014351578715987485
117 550.0 8250.0 30.0 0.12337040485718254 0.052823315118397086 0.0017777482770553559 0.45409429280397023 0.04124519599212543 0.0017620563165386394
118 550.0 8250.0 30.0 0.12337040485718254 0.052823315118397086 0.0019459887967223717 0.4537190082644628 0.040813704375527324 0.001763957239090076
119 550.0 8250.0 30.0 0.12337040485718254 0.060109289617486336 0.002628071092559903 0.46683673469387754 0.04599549991748928 0.0019836404656512602
12 550.0 8250.0 30.0 0.12337040485718254 0.04189435336976321 0.0012638018494121558 0.4322834645669291 0.03104818046539866 0.0014419643851593367
120 550.0 8250.0 30.0 0.12337040485718254 0.058287795992714025 0.00229120565064451 0.45864661654135336 0.04489618168387242 0.0019281902179541044
121 550.0 8250.0 30.0 0.12337040485718254 0.05100182149362477 0.0017725685747653035 0.4552238805970149 0.03966351125390494 0.0017076363493906618
122 550.0 8250.0 30.0 0.12337040485718254 0.06739526411657559 0.0030071494890279724 0.47863993025283347 0.05424166092687771 0.0021911800230987894
123 550.0 8250.0 30.0 0.12337040485718254 0.058287795992714025 0.0026686929204121712 0.46173254835996635 0.04568305638013102 0.001925229550479498
124 550.0 8250.0 30.0 0.12337040485718254 0.0546448087431694 0.0022341927110212214 0.45979899497487436 0.042939532585349216 0.0018150719981801379
125 550.0 8250.0 30.0 0.12337040485718254 0.061930783242258654 0.0028492891050529595 0.472055030094583 0.049762020305667405 0.0020291112181803593
126 550.0 8250.0 30.0 0.12337040485718254 0.0546448087431694 0.0023759277377037157 0.46173254835996635 0.04147585549195992 0.0018215892619151443
127 550.0 8250.0 30.0 0.12337040485718254 0.056466302367941715 0.002038175416005812 0.4537190082644628 0.04380466334439647 0.0018715344895801323
128 550.0 8250.0 30.0 0.12337040485718254 0.0546448087431694 0.002043556216739181 0.4594142259414226 0.04412284055734514 0.0018104651998278347
129 550.0 8250.0 30.0 0.12337040485718254 0.060109289617486336 0.002541282546420182 0.46683673469387754 0.047300556263028336 0.0019789491838202783
13 550.0 8250.0 30.0 0.12337040485718254 0.056466302367941715 0.002128884064639943 0.456359102244389 0.0427071950080312 0.0018766665272189336
130 550.0 8250.0 30.0 0.12337040485718254 0.061930783242258654 0.0029372385250423555 0.47084048027444253 0.04851375374343957 0.002033819360598953
131 550.0 8250.0 30.0 0.12337040485718254 0.060109289617486336 0.00302503755140458 0.4680306905370844 0.04504509413784851 0.0019884758738392184
132 550.0 8250.0 30.0 0.12337040485718254 0.04735883424408015 0.001696577393359877 0.4467046379170057 0.036707272918513195 0.001599226097117225
133 550.0 8250.0 30.0 0.12337040485718254 0.061930783242258654 0.0031026473561670247 0.4728682170542636 0.047408642546420236 0.002038865920831109
134 550.0 8250.0 30.0 0.12337040485718254 0.0546448087431694 0.0021474173607067023 0.45979899497487436 0.042781332884940106 0.0018162292291661298
135 550.0 8250.0 30.0 0.12337040485718254 0.0546448087431694 0.0021438104110395578 0.45979899497487436 0.043127022004967555 0.0018151867422684731
136 550.0 8250.0 30.0 0.12337040485718254 0.056466302367941715 0.0021149365372104866 0.4594142259414226 0.04452035896720187 0.0018685219435460145
137 550.0 8250.0 30.0 0.12337040485718254 0.0546448087431694 0.0018184907147900517 0.4474327628361858 0.04194836380402989 0.0018190429326562145
138 550.0 8250.0 30.0 0.12337040485718254 0.058287795992714025 0.0026445494858201653 0.47822299651567945 0.046707102282991006 0.0019211556037458733
139 550.0 8250.0 30.0 0.12337040485718254 0.04553734061930783 0.0010262920553799851 0.4282371294851794 0.03558772877439198 0.0015439866580144344
14 550.0 8250.0 30.0 0.12337040485718254 0.058287795992714025 0.0025668611638612897 0.46683673469387754 0.044818258585949594 0.001928406343562022
140 550.0 8250.0 30.0 0.12337040485718254 0.052823315118397086 0.001639811397114701 0.44561688311688313 0.04184059074844547 0.0017591911566269278
141 550.0 8250.0 30.0 0.12337040485718254 0.058287795992714025 0.0027543748822574815 0.47164948453608246 0.04651960391908 0.0019217353975262382
142 550.0 8250.0 30.0 0.12337040485718254 0.060109289617486336 0.002381744047996261 0.45979899497487436 0.04774667824932598 0.001975964435399193
143 550.0 8250.0 30.0 0.12337040485718254 0.052823315118397086 0.0017426330172116812 0.45598006644518274 0.04213599582845915 0.0017584936367491615
144 550.0 8250.0 30.0 0.12337040485718254 0.04918032786885246 0.0015600420403771406 0.44561688311688313 0.038906229446388274 0.0016501747364723806
145 550.0 8250.0 30.0 0.12337040485718254 0.0546448087431694 0.0021527675246615662 0.4571190674437968 0.04368955468114582 0.0018130579522859487
146 550.0 8250.0 30.0 0.12337040485718254 0.0546448087431694 0.0020545172827878566 0.4474327628361858 0.04227820083989367 0.0018181526381150683
147 550.0 8250.0 30.0 0.12337040485718254 0.04371584699453552 0.001358726365043183 0.43849840255591055 0.03429420746922117 0.0014888554540582897
148 550.0 8250.0 30.0 0.12337040485718254 0.0546448087431694 0.0019603202169737296 0.45110928512736237 0.04391340652718864 0.001812695890116613
149 550.0 8250.0 30.0 0.12337040485718254 0.060109289617486336 0.0026187453221149155 0.4680306905370844 0.047245543861212866 0.0019788339259041374
15 550.0 8250.0 30.0 0.12337040485718254 0.04918032786885246 0.0016367807679094335 0.44779771615008157 0.038387516853017445 0.0016524482730242863
150 550.0 8250.0 30.0 0.12337040485718254 0.058287795992714025 0.0022426519729401386 0.46683673469387754 0.04748853857239697 0.0019191134216539271
151 550.0 8250.0 30.0 0.12337040485718254 0.06375227686703097 0.0030571363941245314 0.46883005977796754 0.049364793911430956 0.002091114506748692
152 550.0 8250.0 30.0 0.12337040485718254 0.06557377049180328 0.0031588430690047084 0.4740932642487047 0.05134479682527611 0.002142855345124114
153 550.0 8250.0 30.0 0.12337040485718254 0.058287795992714025 0.0027081422081476994 0.46564885496183206 0.04514547061684422 0.0019269440204552372
154 550.0 8250.0 30.0 0.12337040485718254 0.056466302367941715 0.0024934043627431062 0.4609571788413098 0.04333425665855525 0.0018744479034925126
155 550.0 8250.0 30.0 0.12337040485718254 0.056466302367941715 0.0022857746772743334 0.4640743871513102 0.04453914314256147 0.0018702035131453088
156 550.0 8250.0 30.0 0.12337040485718254 0.058287795992714025 0.0022933451634291136 0.456359102244389 0.04596566167543459 0.001923832419442066
157 550.0 8250.0 30.0 0.12337040485718254 0.06375227686703097 0.00299172945362198 0.46683673469387754 0.05068308518682337 0.00208590317382766
158 550.0 8250.0 30.0 0.12337040485718254 0.0546448087431694 0.0020400629009455005 0.45598006644518274 0.04301483672985669 0.0018152876140255523
159 550.0 8250.0 30.0 0.12337040485718254 0.061930783242258654 0.002560567523431299 0.46883005977796754 0.05027342128207433 0.002026905165865877
16 550.0 8250.0 30.0 0.12337040485718254 0.0546448087431694 0.0021756866665175764 0.452970297029703 0.0410185135110824 0.0018235474559252203
160 550.0 8250.0 30.0 0.12337040485718254 0.056466302367941715 0.0020052097473202773 0.456359102244389 0.044046548262635314 0.0018718295690851928
161 550.0 8250.0 30.0 0.12337040485718254 0.060109289617486336 0.0025028785301823334 0.46604414261460103 0.04823937634351201 0.0019754815357509105
162 550.0 8250.0 30.0 0.12337040485718254 0.05100182149362477 0.0018741456099617092 0.4582637729549249 0.04068032401578451 0.001705282300131842
163 550.0 8250.0 30.0 0.12337040485718254 0.04735883424408015 0.001742007839488561 0.4488961569910057 0.036828733019873675 0.0015997076406079527
164 550.0 8250.0 30.0 0.12337040485718254 0.04735883424408015 0.001509123815055694 0.44634146341463415 0.03805836808059745 0.0015948640269496427
165 550.0 8250.0 30.0 0.12337040485718254 0.04918032786885246 0.0013263889468097137 0.44489465153970825 0.039755051427300916 0.0016478576692046478
166 550.0 8250.0 30.0 0.12337040485718254 0.04735883424408015 0.0016739485540485436 0.44779771615008157 0.03706641254114363 0.0015991422605281076
167 550.0 8250.0 30.0 0.12337040485718254 0.04553734061930783 0.0013895311233559056 0.44525547445255476 0.03567650495208653 0.0015446516545257148
168 550.0 8250.0 30.0 0.12337040485718254 0.060109289617486336 0.0025252740437441195 0.4629005059021922 0.04808945558244143 0.001975725072014588
169 550.0 8250.0 30.0 0.12337040485718254 0.05100182149362477 0.0014260177326871418 0.4392 0.039669386359953956 0.0017085797676659198
17 550.0 8250.0 30.0 0.12337040485718254 0.052823315118397086 0.0019860947131323096 0.45598006644518274 0.04011689479194753 0.0017668949106241954
170 550.0 8250.0 30.0 0.12337040485718254 0.060109289617486336 0.002404910644392399 0.4652542372881356 0.048035794939431053 0.001975926623922323
171 550.0 8250.0 30.0 0.12337040485718254 0.04918032786885246 0.0017329377388785542 0.4544701986754967 0.04028011157317051 0.001645973978382317
172 550.0 8250.0 30.0 0.12337040485718254 0.06739526411657559 0.0033550940528720196 0.48157894736842105 0.054467581829423364 0.0021919058984431784
173 550.0 8250.0 30.0 0.12337040485718254 0.056466302367941715 0.0022065717242108754 0.4594142259414226 0.04528817985505979 0.0018674490415298152
174 550.0 8250.0 30.0 0.12337040485718254 0.056466302367941715 0.0024016953327011745 0.4629005059021922 0.04480059804873826 0.0018685682389129076
175 550.0 8250.0 30.0 0.12337040485718254 0.0692167577413479 0.003519887802061928 0.48327464788732394 0.05446535651282681 0.002253036675557805
176 550.0 8250.0 30.0 0.12337040485718254 0.04918032786885246 0.0018564831655733418 0.45110928512736237 0.03750114463705841 0.001657363487065331
177 550.0 8250.0 30.0 0.12337040485718254 0.061930783242258654 0.0029170023599498747 0.47084048027444253 0.04927412210305597 0.0020324312591628747
178 550.0 8250.0 30.0 0.12337040485718254 0.056466302367941715 0.002452026305131528 0.4582637729549249 0.04320240601827279 0.0018746916414496117
179 550.0 8250.0 30.0 0.12337040485718254 0.04553734061930783 0.0015558090518417729 0.4441747572815534 0.035553898519753706 0.001544565305237647
18 550.0 8250.0 30.0 0.12337040485718254 0.052823315118397086 0.002186572247168745 0.4609571788413098 0.04183007393620991 0.0017592806782482566
180 550.0 8250.0 30.0 0.12337040485718254 0.061930783242258654 0.0027159388398945846 0.4680306905370844 0.04939733883364517 0.0020316131524855978
181 550.0 8250.0 30.0 0.12337040485718254 0.04918032786885246 0.001835041474229151 0.4488961569910057 0.03821407593377266 0.0016549056526179873
182 550.0 8250.0 30.0 0.12337040485718254 0.060109289617486336 0.002633530633833592 0.4652542372881356 0.04816415058709647 0.001976516700328861
183 550.0 8250.0 30.0 0.12337040485718254 0.058287795992714025 0.0023866370040753052 0.4672340425531915 0.047844200626085506 0.00191779867474947
184 550.0 8250.0 30.0 0.12337040485718254 0.058287795992714025 0.00271296215826041 0.4629005059021922 0.044940461621749285 0.001928703316745363
185 550.0 8250.0 30.0 0.12337040485718254 0.04553734061930783 0.0015021061007082508 0.4474327628361858 0.036070233032175346 0.0015433386028849208
186 550.0 8250.0 30.0 0.12337040485718254 0.05100182149362477 0.0017519480184129408 0.4474327628361858 0.03932887642876039 0.0017104630832793935
187 550.0 8250.0 30.0 0.12337040485718254 0.05100182149362477 0.0016890768989158576 0.44779771615008157 0.03941582431739117 0.0017107407863987368
188 550.0 8250.0 30.0 0.12337040485718254 0.06375227686703097 0.0029476190454194224 0.47124463519313303 0.04973629754025212 0.0020901059754770378
189 550.0 8250.0 30.0 0.12337040485718254 0.061930783242258654 0.0029817098886526085 0.47739130434782606 0.049480644201232084 0.0020327779563325352
19 550.0 8250.0 30.0 0.12337040485718254 0.058287795992714025 0.0025818275263103313 0.4590301003344482 0.043193131517138356 0.0019347276127842728
190 550.0 8250.0 30.0 0.12337040485718254 0.04735883424408015 0.0014670435800479323 0.44489465153970825 0.0365953239017832 0.0016006449157286654
191 550.0 8250.0 30.0 0.12337040485718254 0.05100182149362477 0.0017846827693053225 0.44779771615008157 0.03863184592174553 0.0017126182573427844
192 550.0 8250.0 30.0 0.12337040485718254 0.0546448087431694 0.0018522359177164684 0.45864661654135336 0.04491869656642197 0.001809724645038255
193 550.0 8250.0 30.0 0.12337040485718254 0.0546448087431694 0.002424445398633097 0.4582637729549249 0.041797130960799456 0.0018210632668329003
194 550.0 8250.0 30.0 0.12337040485718254 0.0546448087431694 0.0020187225494941894 0.46173254835996635 0.044217547039459376 0.0018118504949841533
195 550.0 8250.0 30.0 0.12337040485718254 0.061930783242258654 0.00258475876296091 0.46486028789161726 0.04861717472467135 0.002034413352796366
196 550.0 8250.0 30.0 0.12337040485718254 0.0692167577413479 0.0035016688788158633 0.4820017559262511 0.054718474212383995 0.0022507911301583032
197 550.0 8250.0 30.0 0.12337040485718254 0.04735883424408015 0.001525797466517567 0.4416733708769107 0.03614480411953134 0.0016028696971415247
198 550.0 8250.0 30.0 0.12337040485718254 0.06557377049180328 0.0032855446290888674 0.47739130434782606 0.05128820567673977 0.0021438400302292056
199 550.0 8250.0 30.0 0.12337040485718254 0.056466302367941715 0.0023826951913163206 0.4594142259414226 0.044098894734619073 0.00187120523709015
2 550.0 8250.0 30.0 0.12337040485718254 0.04918032786885246 0.0015675747114381245 0.44345718901453957 0.037419585655486594 0.0016581730954524465
20 550.0 8250.0 30.0 0.12337040485718254 0.056466302367941715 0.0022268151896138637 0.46057046979865773 0.0438546545064335 0.0018723250483932666
200 550.0 8250.0 30.0 0.12337040485718254 0.052823315118397086 0.002203415289479413 0.4613445378151261 0.04099610970459985 0.0017643161123835772
201 550.0 8250.0 30.0 0.12337040485718254 0.0546448087431694 0.0022339644673937437 0.45560165975103734 0.04079186744431979 0.0018253523957323672
202 550.0 8250.0 30.0 0.12337040485718254 0.06557377049180328 0.0029133449647423715 0.475736568457539 0.051673931797465496 0.0021428498260607095
203 550.0 8250.0 30.0 0.12337040485718254 0.058287795992714025 0.0025298166360741277 0.4724612736660929 0.04681613377734518 0.0019216971580300196
204 550.0 8250.0 30.0 0.12337040485718254 0.04918032786885246 0.0018001717455761975 0.456738768718802 0.038958271873202416 0.0016511452271215181
205 550.0 8250.0 30.0 0.12337040485718254 0.058287795992714025 0.002754598550752842 0.48031496062992124 0.046260120837875875 0.0019228289262374506
206 550.0 8250.0 30.0 0.12337040485718254 0.05100182149362477 0.0020332146456820198 0.452970297029703 0.03880479532954615 0.0017120352698847612
207 550.0 8250.0 30.0 0.12337040485718254 0.058287795992714025 0.002320690662236365 0.4680306905370844 0.0465566347749948 0.0019222251940694455
208 550.0 8250.0 30.0 0.12337040485718254 0.04553734061930783 0.0014619687913498968 0.43955164131305047 0.03501175342486707 0.0015474810367340803
209 550.0 8250.0 30.0 0.12337040485718254 0.04918032786885246 0.0018900515671518405 0.442741935483871 0.03662893171312124 0.001660822229950544
21 550.0 8250.0 30.0 0.12337040485718254 0.052823315118397086 0.002137826807693189 0.4537190082644628 0.040229579909951414 0.001767133837349537
210 550.0 8250.0 30.0 0.12337040485718254 0.061930783242258654 0.002601219588534124 0.46486028789161726 0.046820063823605096 0.002042138375144784
211 550.0 8250.0 30.0 0.12337040485718254 0.060109289617486336 0.0023789534637942713 0.4594142259414226 0.04685156786855016 0.0019816771911596856
212 550.0 8250.0 30.0 0.12337040485718254 0.04189435336976321 0.001097393948679999 0.4322834645669291 0.032470116500244235 0.0014364769162176106
213 550.0 8250.0 30.0 0.12337040485718254 0.058287795992714025 0.002347835323112467 0.46486028789161726 0.04509299571519719 0.0019273901226086938
214 550.0 8250.0 30.0 0.12337040485718254 0.052823315118397086 0.002041575868064437 0.4525968672712284 0.04006498566646978 0.0017673169737643254
215 550.0 8250.0 30.0 0.12337040485718254 0.052823315118397086 0.001757307813111626 0.45148026315789475 0.040169811539825864 0.0017674447477915782
216 550.0 8250.0 30.0 0.12337040485718254 0.04918032786885246 0.0016730379688993163 0.44816326530612244 0.038155477389776225 0.0016536381075932642
217 550.0 8250.0 30.0 0.12337040485718254 0.05100182149362477 0.0019124894487197541 0.4613445378151261 0.04063736671983655 0.0017056278625489118
218 550.0 8250.0 30.0 0.12337040485718254 0.061930783242258654 0.0028235216012210368 0.47450302506482284 0.04825050678988746 0.002035919279597109
219 550.0 8250.0 30.0 0.12337040485718254 0.04371584699453552 0.0013481218825309726 0.4364069952305246 0.03282271144255818 0.0014953953974306694
22 550.0 8250.0 30.0 0.12337040485718254 0.04918032786885246 0.0019004040318094145 0.4609571788413098 0.03862979141096651 0.0016523911959687274
220 550.0 8250.0 30.0 0.12337040485718254 0.060109289617486336 0.0024224824570401016 0.45979899497487436 0.046972048982776474 0.001981070981096028
221 550.0 8250.0 30.0 0.12337040485718254 0.052823315118397086 0.0019451223198985223 0.45185185185185184 0.03991160700527498 0.0017677646442073658
222 550.0 8250.0 30.0 0.12337040485718254 0.05100182149362477 0.0016964555613340022 0.44779771615008157 0.039233466406173034 0.0017095833609398208
223 550.0 8250.0 30.0 0.12337040485718254 0.056466302367941715 0.002296431490106643 0.456738768718802 0.042973391388429566 0.001876109373315592
224 550.0 8250.0 30.0 0.12337040485718254 0.061930783242258654 0.002998436389325925 0.4680306905370844 0.04705466606749605 0.0020397661431207294
225 550.0 8250.0 30.0 0.12337040485718254 0.060109289617486336 0.002637680698091676 0.4680306905370844 0.04835334958086854 0.001974933577024414
226 550.0 8250.0 30.0 0.12337040485718254 0.058287795992714025 0.0024742010132015628 0.456359102244389 0.044312762112153056 0.0019315109983224213
227 550.0 8250.0 30.0 0.12337040485718254 0.04553734061930783 0.0013232743378552825 0.43849840255591055 0.035345415925285395 0.0015445790312948484
228 550.0 8250.0 30.0 0.12337040485718254 0.05100182149362477 0.001988996766788595 0.4571190674437968 0.04008534056248205 0.0017062646479798116
229 550.0 8250.0 30.0 0.12337040485718254 0.052823315118397086 0.0017498221662511654 0.4445344129554656 0.04035900382018243 0.0017657241334488184
23 550.0 8250.0 30.0 0.12337040485718254 0.06375227686703097 0.0030386325307039607 0.46446700507614214 0.04816400570510756 0.002096036805619077
230 550.0 8250.0 30.0 0.12337040485718254 0.060109289617486336 0.0028073559707225463 0.46683673469387754 0.046950174654985084 0.001980669251913377
231 550.0 8250.0 30.0 0.12337040485718254 0.058287795992714025 0.002633049401062513 0.46329113924050636 0.04577824226010686 0.0019245597173679057
232 550.0 8250.0 30.0 0.12337040485718254 0.056466302367941715 0.00243683055115778 0.4680306905370844 0.044165994946010145 0.0018713111121056794
233 550.0 8250.0 30.0 0.12337040485718254 0.056466302367941715 0.0024932546234499083 0.4652542372881356 0.043178045907309885 0.0018752318784350244
234 550.0 8250.0 30.0 0.12337040485718254 0.04918032786885246 0.0014089397263979558 0.43675417661097854 0.03813393890770072 0.001654287595538814
235 550.0 8250.0 30.0 0.12337040485718254 0.061930783242258654 0.0030628218395217554 0.46683673469387754 0.046844736051056664 0.0020409052231921613
236 550.0 8250.0 30.0 0.12337040485718254 0.06375227686703097 0.002953432574609884 0.472055030094583 0.05003543831317187 0.002088360434467038
237 550.0 8250.0 30.0 0.12337040485718254 0.06375227686703097 0.0028354689273974655 0.47780678851174935 0.05194009932785304 0.002080097807012256
238 550.0 8250.0 30.0 0.12337040485718254 0.04918032786885246 0.001518074139670301 0.44597887896019495 0.03872458351646345 0.0016513550748571307
239 550.0 8250.0 30.0 0.12337040485718254 0.058287795992714025 0.0024460932679992316 0.45979899497487436 0.045784357847793035 0.0019248053209847097
24 550.0 8250.0 30.0 0.12337040485718254 0.058287795992714025 0.002398739866203103 0.456738768718802 0.044427599383255925 0.0019291514942184672
240 550.0 8250.0 30.0 0.12337040485718254 0.052823315118397086 0.0017048617100042663 0.44489465153970825 0.04144987984423092 0.0017614605734407763
241 550.0 8250.0 30.0 0.12337040485718254 0.052823315118397086 0.0020305009885866485 0.4609571788413098 0.041411021309361515 0.0017607674431737743
242 550.0 8250.0 30.0 0.12337040485718254 0.04371584699453552 0.0013260518079969274 0.4441747572815534 0.03548164903638954 0.0014847085202789898
243 550.0 8250.0 30.0 0.12337040485718254 0.060109289617486336 0.0024982176091047285 0.46446700507614214 0.047794746978390264 0.0019766493360676893
244 550.0 8250.0 30.0 0.12337040485718254 0.056466302367941715 0.002355006660014327 0.46683673469387754 0.0452541219443668 0.001866630862337369
245 550.0 8250.0 30.0 0.12337040485718254 0.0546448087431694 0.0020463589022963326 0.45073891625615764 0.04252782212288569 0.001817410624389131
246 550.0 8250.0 30.0 0.12337040485718254 0.0546448087431694 0.002249272310406045 0.4594142259414226 0.042942559712299905 0.0018152699348989016
247 550.0 8250.0 30.0 0.12337040485718254 0.052823315118397086 0.0017293457545462603 0.452970297029703 0.04320449151738568 0.0017545748146619766
248 550.0 8250.0 30.0 0.12337040485718254 0.0546448087431694 0.0020886031946281748 0.456738768718802 0.04289925137482507 0.0018156682631039766
249 550.0 8250.0 30.0 0.12337040485718254 0.058287795992714025 0.002443570462334899 0.4680306905370844 0.04773770396053993 0.0019171019554113772
25 550.0 8250.0 30.0 0.12337040485718254 0.04918032786885246 0.001752154788526167 0.4445344129554656 0.03723257707711765 0.001658401127775829
250 550.0 8250.0 30.0 0.12337040485718254 0.06557377049180328 0.0031540712791129247 0.4769765421372719 0.05322899216329244 0.002135586472609222
251 550.0 8250.0 30.0 0.12337040485718254 0.052823315118397086 0.001716389478102878 0.45073891625615764 0.043181989869375784 0.0017546464121117563
252 550.0 8250.0 30.0 0.12337040485718254 0.056466302367941715 0.001897468937500243 0.45222405271828664 0.04492608417988256 0.0018675244418723301
253 550.0 8250.0 30.0 0.12337040485718254 0.058287795992714025 0.002417168234233697 0.4629005059021922 0.04615668326628404 0.0019236821673541437
254 550.0 8250.0 30.0 0.12337040485718254 0.060109289617486336 0.002510197925804442 0.4732758620689655 0.04952685483539388 0.001970310998334105
255 550.0 8250.0 30.0 0.12337040485718254 0.06557377049180328 0.0029131292559169313 0.46883005977796754 0.05260581413530294 0.0021384702443509847
256 550.0 8250.0 30.0 0.12337040485718254 0.04735883424408015 0.0016691795786013043 0.45560165975103734 0.03852460096832836 0.0015930441766640767
257 550.0 8250.0 30.0 0.12337040485718254 0.0692167577413479 0.003551812248731745 0.48455428067078554 0.05417264570505106 0.0022520842389347207
258 550.0 8250.0 30.0 0.12337040485718254 0.058287795992714025 0.0020864067863366332 0.46173254835996635 0.048282513084770606 0.001915037542783905
259 550.0 8250.0 30.0 0.12337040485718254 0.060109289617486336 0.0028287030159032116 0.47780678851174935 0.04826567195237861 0.0019753276245643232
26 550.0 8250.0 30.0 0.12337040485718254 0.05100182149362477 0.0019088074184526952 0.45334434351775393 0.03920294295667358 0.001709743949482132
260 550.0 8250.0 30.0 0.12337040485718254 0.061930783242258654 0.0029818487851894114 0.47822299651567945 0.048865903733210446 0.0020327330933507873
261 550.0 8250.0 30.0 0.12337040485718254 0.060109289617486336 0.0027738834553083045 0.4728682170542636 0.04838557775459248 0.0019749027345573964
262 550.0 8250.0 30.0 0.12337040485718254 0.0546448087431694 0.0018875078023707892 0.45222405271828664 0.043427047690330185 0.0018134228950776135
263 550.0 8250.0 30.0 0.12337040485718254 0.058287795992714025 0.002410605404383879 0.46486028789161726 0.04670951856724523 0.0019205658832067635
264 550.0 8250.0 30.0 0.12337040485718254 0.061930783242258654 0.0025929306771053677 0.4700342465753425 0.05051867697423023 0.002026495344927255
265 550.0 8250.0 30.0 0.12337040485718254 0.04735883424408015 0.0016255847076316586 0.44634146341463415 0.037584231883414906 0.001596564877231594
266 550.0 8250.0 30.0 0.12337040485718254 0.061930783242258654 0.0026730603783658197 0.46173254835996635 0.04940300763495145 0.002030578233701648
267 550.0 8250.0 30.0 0.12337040485718254 0.060109289617486336 0.002155705361945313 0.4590301003344482 0.04774865439830279 0.0019767996563041625
268 550.0 8250.0 30.0 0.12337040485718254 0.04918032786885246 0.0015024672090699818 0.4474327628361858 0.03939354065665219 0.0016494400527989291
269 550.0 8250.0 30.0 0.12337040485718254 0.0546448087431694 0.001951315516098782 0.45598006644518274 0.04361551723565232 0.0018127895112124927
27 550.0 8250.0 30.0 0.12337040485718254 0.060109289617486336 0.002192188072851243 0.45979899497487436 0.047371067372266526 0.0019774659456738425
270 550.0 8250.0 30.0 0.12337040485718254 0.056466302367941715 0.0019671424806312963 0.4578815679733111 0.04505808102087745 0.0018680738706461529
271 550.0 8250.0 30.0 0.12337040485718254 0.056466302367941715 0.0022638260324359502 0.4578815679733111 0.04345192134858074 0.0018732845092072018
272 550.0 8250.0 30.0 0.12337040485718254 0.056466302367941715 0.002437753752040164 0.4578815679733111 0.0422310234171147 0.0018785718821028256
273 550.0 8250.0 30.0 0.12337040485718254 0.04371584699453552 0.0012356131851787022 0.442741935483871 0.034658494619734824 0.001487424358280206
274 550.0 8250.0 30.0 0.12337040485718254 0.05100182149362477 0.001841996923899181 0.4485294117647059 0.03860131563880312 0.0017125499602506757
275 550.0 8250.0 30.0 0.12337040485718254 0.04918032786885246 0.0016980620256089123 0.44561688311688313 0.03706196443900766 0.0016584127956186824
276 550.0 8250.0 30.0 0.12337040485718254 0.06375227686703097 0.003025207299154005 0.472055030094583 0.04906785212703903 0.0020916744755993615
277 550.0 8250.0 30.0 0.12337040485718254 0.056466302367941715 0.0022222094605806957 0.4575 0.04372137451901713 0.0018724812856571642
278 550.0 8250.0 30.0 0.12337040485718254 0.058287795992714025 0.0024585588438525764 0.46683673469387754 0.04584846753294921 0.0019246264382518526
279 550.0 8250.0 30.0 0.12337040485718254 0.05100182149362477 0.0018196639273947034 0.4485294117647059 0.038204413564266335 0.0017146897155943875
28 550.0 8250.0 30.0 0.12337040485718254 0.060109289617486336 0.002869207545680958 0.47084048027444253 0.0466009606567085 0.0019818481400151145
280 550.0 8250.0 30.0 0.12337040485718254 0.058287795992714025 0.0023825345226646086 0.4590301003344482 0.04396574389470682 0.0019318714597054171
281 550.0 8250.0 30.0 0.12337040485718254 0.04735883424408015 0.001655712147524078 0.4537190082644628 0.037731247279963076 0.0015950620265263503
282 550.0 8250.0 30.0 0.12337040485718254 0.05100182149362477 0.0016183731133138763 0.45036915504511893 0.039225146226788604 0.0017087374277459913
283 550.0 8250.0 30.0 0.12337040485718254 0.052823315118397086 0.002117598065315533 0.46018440905280805 0.04021130603334814 0.0017659938861304383
284 550.0 8250.0 30.0 0.12337040485718254 0.04918032786885246 0.0016906488854028794 0.44963144963144963 0.037085518809999274 0.0016579016261091622
285 550.0 8250.0 30.0 0.12337040485718254 0.052823315118397086 0.0025303786091444894 0.4625105307497894 0.03871470152932785 0.001771503953507256
286 550.0 8250.0 30.0 0.12337040485718254 0.052823315118397086 0.001982036816599601 0.4640743871513102 0.041482280381391276 0.0017605853949984713
287 550.0 8250.0 30.0 0.12337040485718254 0.0546448087431694 0.0023005939461545424 0.4609571788413098 0.04273766520461665 0.0018167054292865116
288 550.0 8250.0 30.0 0.12337040485718254 0.056466302367941715 0.0022531597593497253 0.4696321642429427 0.04523930612455433 0.001866780726728114
289 550.0 8250.0 30.0 0.12337040485718254 0.04735883424408015 0.0013866555362933046 0.44489465153970825 0.03769041691860041 0.001595390598343658
29 550.0 8250.0 30.0 0.12337040485718254 0.052823315118397086 0.0019237419923478175 0.4594142259414226 0.04144435162223629 0.0017609350683787765
290 550.0 8250.0 30.0 0.12337040485718254 0.04918032786885246 0.0017636132361065206 0.4488961569910057 0.03715358645880204 0.001657416341854974
291 550.0 8250.0 30.0 0.12337040485718254 0.056466302367941715 0.002385929772978775 0.46604414261460103 0.04291907437021217 0.0018759536343553858
292 550.0 8250.0 30.0 0.12337040485718254 0.058287795992714025 0.002470580410579798 0.46486028789161726 0.04634512515584051 0.0019225458285484283
293 550.0 8250.0 30.0 0.12337040485718254 0.052823315118397086 0.0021151920486301512 0.4621212121212121 0.040706928403038224 0.0017644229124778865
294 550.0 8250.0 30.0 0.12337040485718254 0.0546448087431694 0.002325405352393934 0.4578815679733111 0.04179671567940512 0.0018202678439965786
295 550.0 8250.0 30.0 0.12337040485718254 0.056466302367941715 0.002445726772403575 0.4652542372881356 0.04352976415624712 0.0018736220051912126
296 550.0 8250.0 30.0 0.12337040485718254 0.052823315118397086 0.0023318742960956548 0.4652542372881356 0.039730876347811396 0.0017679870155395399
297 550.0 8250.0 30.0 0.12337040485718254 0.060109289617486336 0.0024562012114692773 0.4724612736660929 0.046864651111399154 0.001980305380150254
298 550.0 8250.0 30.0 0.12337040485718254 0.058287795992714025 0.002443387623864356 0.4629005059021922 0.04503655710915948 0.001926479041976815
299 550.0 8250.0 30.0 0.12337040485718254 0.058287795992714025 0.0024908161635028084 0.4625105307497894 0.04545968458397302 0.0019266396053492822
3 550.0 8250.0 30.0 0.12337040485718254 0.056466302367941715 0.0024631090113259963 0.46446700507614214 0.04341025315595286 0.0018737642561276395
30 550.0 8250.0 30.0 0.12337040485718254 0.061930783242258654 0.002763736287353521 0.4704370179948586 0.04880890926613337 0.002032817484797516
300 550.0 8250.0 30.0 0.12337040485718254 0.0546448087431694 0.0023409495608544195 0.4640743871513102 0.04169609055803189 0.0018206499182304898
301 550.0 8250.0 30.0 0.12337040485718254 0.060109289617486336 0.002699969392567753 0.46329113924050636 0.04716718903120172 0.0019800483825623528
302 550.0 8250.0 30.0 0.12337040485718254 0.058287795992714025 0.0025288309611013905 0.4704370179948586 0.04471301517222222 0.0019293283035882233
303 550.0 8250.0 30.0 0.12337040485718254 0.058287795992714025 0.0023901777646945974 0.46604414261460103 0.046507756608934116 0.001922123947463408
304 550.0 8250.0 30.0 0.12337040485718254 0.0546448087431694 0.0022679929323622936 0.4680306905370844 0.04314229379401755 0.0018145368585561186
305 550.0 8250.0 30.0 0.12337040485718254 0.04189435336976321 0.00122796822582709 0.43606036536934073 0.032308902221159216 0.001437007241188464
306 550.0 8250.0 30.0 0.12337040485718254 0.056466302367941715 0.002427545918027177 0.45864661654135336 0.043422669309088405 0.001874538223731855
307 550.0 8250.0 30.0 0.12337040485718254 0.04918032786885246 0.0018365325562382327 0.4525968672712284 0.0386518563300718 0.001652547552757285
308 550.0 8250.0 30.0 0.12337040485718254 0.04553734061930783 0.0016274232145504352 0.45 0.0347772894379265 0.001547409102138144
309 550.0 8250.0 30.0 0.12337040485718254 0.05100182149362477 0.0019041097538277122 0.45185185185185184 0.038956202547291555 0.0017112186110109274
31 550.0 8250.0 30.0 0.12337040485718254 0.0546448087431694 0.0019685929994949954 0.45110928512736237 0.041728884218717927 0.0018204658696079228
310 550.0 8250.0 30.0 0.12337040485718254 0.0546448087431694 0.002082085935077158 0.4578815679733111 0.04232788515360786 0.0018189811505062695
311 550.0 8250.0 30.0 0.12337040485718254 0.058287795992714025 0.0023429591471699216 0.4625105307497894 0.0449687996223355 0.0019279034744818597
312 550.0 8250.0 30.0 0.12337040485718254 0.04371584699453552 0.0013280282402513418 0.44096385542168676 0.034044394557393144 0.0014902357702688363
313 550.0 8250.0 30.0 0.12337040485718254 0.060109289617486336 0.002744756418014873 0.4680306905370844 0.0464104823627888 0.001982851334208818
314 550.0 8250.0 30.0 0.12337040485718254 0.04553734061930783 0.001454177980768068 0.44345718901453957 0.034992871929156524 0.001546872726935602
315 550.0 8250.0 30.0 0.12337040485718254 0.056466302367941715 0.0024232614952148603 0.46329113924050636 0.043762915054880745 0.001872756498429032
316 550.0 8250.0 30.0 0.12337040485718254 0.056466302367941715 0.0022751011384824203 0.4629005059021922 0.04373356177325565 0.001873339298235938
317 550.0 8250.0 30.0 0.12337040485718254 0.04735883424408015 0.001532904716994911 0.44525547445255476 0.036887965054724206 0.00159968060129194
318 550.0 8250.0 30.0 0.12337040485718254 0.052823315118397086 0.0020382111085011905 0.45409429280397023 0.040981964644431615 0.00176483317770456
319 550.0 8250.0 30.0 0.12337040485718254 0.05100182149362477 0.002015035195930988 0.45598006644518274 0.03902280463279532 0.0017106190698411702
32 550.0 8250.0 30.0 0.12337040485718254 0.04735883424408015 0.0017068266388311937 0.45185185185185184 0.036914646164021854 0.0015983510971312156
320 550.0 8250.0 30.0 0.12337040485718254 0.0546448087431694 0.00228672865620471 0.45864661654135336 0.04139418904756802 0.0018218703709593988
321 550.0 8250.0 30.0 0.12337040485718254 0.06375227686703097 0.002794351530020685 0.4684300341296928 0.049514381810237484 0.0020908322103449506
322 550.0 8250.0 30.0 0.12337040485718254 0.056466302367941715 0.002045488028494152 0.4525968672712284 0.043545434889254116 0.0018742423746092884
323 550.0 8250.0 30.0 0.12337040485718254 0.05100182149362477 0.0020685908513640573 0.44816326530612244 0.03768024090848487 0.0017171236605312298
324 550.0 8250.0 30.0 0.12337040485718254 0.058287795992714025 0.0021381200473703063 0.45073891625615764 0.04465912356109806 0.0019297809454719027
325 550.0 8250.0 30.0 0.12337040485718254 0.04553734061930783 0.0010929945507198566 0.42890625 0.034811720064497315 0.0015476577167880836
326 550.0 8250.0 30.0 0.12337040485718254 0.060109289617486336 0.00266989684258856 0.46644010195412067 0.04562375619443215 0.001986198231905739
327 550.0 8250.0 30.0 0.12337040485718254 0.0546448087431694 0.002095394013293844 0.456359102244389 0.0418369358275581 0.0018210593891549306
328 550.0 8250.0 30.0 0.12337040485718254 0.0692167577413479 0.003644186938996456 0.47450302506482284 0.05300707445890669 0.002256596100195213
329 550.0 8250.0 30.0 0.12337040485718254 0.056466302367941715 0.0020694736078299427 0.4582637729549249 0.04434997666170055 0.001871878950945932
33 550.0 8250.0 30.0 0.12337040485718254 0.04735883424408015 0.0017302072027564081 0.44345718901453957 0.034891276716270014 0.0016070319557319008
330 550.0 8250.0 30.0 0.12337040485718254 0.052823315118397086 0.0019942868369679967 0.4525968672712284 0.040745297594032774 0.001764531179828334
331 550.0 8250.0 30.0 0.12337040485718254 0.04007285974499089 0.0009264864385674213 0.42857142857142855 0.03147203097963172 0.0013811593964290195
332 550.0 8250.0 30.0 0.12337040485718254 0.0546448087431694 0.0018498435100071816 0.4485294117647059 0.04205055617042032 0.0018199777827005554
333 550.0 8250.0 30.0 0.12337040485718254 0.056466302367941715 0.002500977841980707 0.4700342465753425 0.044945112280723856 0.0018694402790733634
334 550.0 8250.0 30.0 0.12337040485718254 0.056466302367941715 0.002458289925933786 0.4571190674437968 0.042508787583401916 0.0018791170077082026
335 550.0 8250.0 30.0 0.12337040485718254 0.056466302367941715 0.0024211552838327177 0.4629005059021922 0.044212265750354925 0.0018709643861142772
336 550.0 8250.0 30.0 0.12337040485718254 0.052823315118397086 0.0015245975796998254 0.44706840390879476 0.0415082582915624 0.0017622379194854178
337 550.0 8250.0 30.0 0.12337040485718254 0.04189435336976321 0.001025725215709782 0.4255813953488372 0.03184014097715278 0.0014392417038009957
338 550.0 8250.0 30.0 0.12337040485718254 0.056466302367941715 0.002009238140720399 0.4492635024549918 0.044074722502284155 0.0018730998936174466
339 550.0 8250.0 30.0 0.12337040485718254 0.05100182149362477 0.001800362329154053 0.45036915504511893 0.03952624495078981 0.001710054177259719
34 550.0 8250.0 30.0 0.12337040485718254 0.0546448087431694 0.0018743158845867958 0.4537190082644628 0.04261954377371826 0.0018161402276149479
340 550.0 8250.0 30.0 0.12337040485718254 0.04553734061930783 0.0013762102299683932 0.43399209486166007 0.034508476274286846 0.0015497731998587426
341 550.0 8250.0 30.0 0.12337040485718254 0.06557377049180328 0.0034501136611093273 0.4724612736660929 0.04924887913261272 0.002152944372950889
342 550.0 8250.0 30.0 0.12337040485718254 0.058287795992714025 0.002612226094537334 0.4609571788413098 0.04508576083625257 0.001928194751129308
343 550.0 8250.0 30.0 0.12337040485718254 0.04007285974499089 0.0011468548090814025 0.43194335169158143 0.03119180901911304 0.0013821289692018967
344 550.0 8250.0 30.0 0.12337040485718254 0.05100182149362477 0.001995025191445109 0.45036915504511893 0.038843457195325275 0.0017122456366882694
345 550.0 8250.0 30.0 0.12337040485718254 0.06375227686703097 0.0031143275242296793 0.4732758620689655 0.04895724929670728 0.002094266207360316
346 550.0 8250.0 30.0 0.12337040485718254 0.061930783242258654 0.0028636161919283905 0.46057046979865773 0.046461221897878865 0.0020447142581422736
347 550.0 8250.0 30.0 0.12337040485718254 0.0546448087431694 0.0021725386810428344 0.46018440905280805 0.04310457434902553 0.0018160257851567044
348 550.0 8250.0 30.0 0.12337040485718254 0.04553734061930783 0.0015296728663295068 0.44561688311688313 0.03563729597714405 0.0015434798008057823
349 550.0 8250.0 30.0 0.12337040485718254 0.04918032786885246 0.0014555304484058162 0.4406099518459069 0.038332744911579876 0.001654635163833627
35 550.0 8250.0 30.0 0.12337040485718254 0.058287795992714025 0.002456241210708207 0.4571190674437968 0.045357502181742664 0.001925440944002579
350 550.0 8250.0 30.0 0.12337040485718254 0.0546448087431694 0.0022925193991637106 0.4537190082644628 0.04079449676454055 0.0018255859005985643
351 550.0 8250.0 30.0 0.12337040485718254 0.056466302367941715 0.002294391282372847 0.4552238805970149 0.04374213425729414 0.0018738914558030658
352 550.0 8250.0 30.0 0.12337040485718254 0.061930783242258654 0.002940865968195575 0.472055030094583 0.04872396377271971 0.0020335735180287634
353 550.0 8250.0 30.0 0.12337040485718254 0.0546448087431694 0.0018039840021410447 0.44381568310428454 0.04298058718553357 0.0018167412259708156
354 550.0 8250.0 30.0 0.12337040485718254 0.0546448087431694 0.002088098334509668 0.45560165975103734 0.043100039619961485 0.0018158806206098569
355 550.0 8250.0 30.0 0.12337040485718254 0.0546448087431694 0.0021242069229134445 0.4575 0.042503264779212624 0.0018172445671621519
356 550.0 8250.0 30.0 0.12337040485718254 0.0546448087431694 0.001986349186006125 0.4544701986754967 0.041816022783846156 0.0018208396131059207
357 550.0 8250.0 30.0 0.12337040485718254 0.056466302367941715 0.0019251866352981801 0.45222405271828664 0.04434677180887917 0.0018712920632086433
358 550.0 8250.0 30.0 0.12337040485718254 0.061930783242258654 0.002808617269399862 0.4676320272572402 0.04951433672786935 0.0020317862643142513
359 550.0 8250.0 30.0 0.12337040485718254 0.04007285974499089 0.001017441743882991 0.43092621664050235 0.03247529187546024 0.001377820118768673
36 550.0 8250.0 30.0 0.12337040485718254 0.060109289617486336 0.002752485957308942 0.4672340425531915 0.04706233578409375 0.0019803165336613137
360 550.0 8250.0 30.0 0.12337040485718254 0.061930783242258654 0.0028627685247509618 0.46683673469387754 0.048310937118249415 0.0020363307950865685
361 550.0 8250.0 30.0 0.12337040485718254 0.056466302367941715 0.002302923129052503 0.4609571788413098 0.0443626658661109 0.0018707703852773251
362 550.0 8250.0 30.0 0.12337040485718254 0.04371584699453552 0.001258255416958815 0.44025661587810744 0.03503789550867015 0.0014870523854626592
363 550.0 8250.0 30.0 0.12337040485718254 0.060109289617486336 0.0024194965846360108 0.4613445378151261 0.047362303624427456 0.0019798549321891493
364 550.0 8250.0 30.0 0.12337040485718254 0.04735883424408015 0.001593795466454086 0.4441747572815534 0.03705684728251104 0.0015994392054507621
365 550.0 8250.0 30.0 0.12337040485718254 0.05100182149362477 0.001579309144094825 0.45598006644518274 0.04038993482824364 0.0017056433740829013
366 550.0 8250.0 30.0 0.12337040485718254 0.060109289617486336 0.0025305624480582416 0.456738768718802 0.04664498158439692 0.001983392509293889
367 550.0 8250.0 30.0 0.12337040485718254 0.04735883424408015 0.0015223378925897117 0.4357142857142857 0.036687856331635925 0.001601125088183159
368 550.0 8250.0 30.0 0.12337040485718254 0.058287795992714025 0.0023871895974630383 0.46683673469387754 0.0476622389687357 0.0019183158017374738
369 550.0 8250.0 30.0 0.12337040485718254 0.056466302367941715 0.002005362313910851 0.456359102244389 0.045023076004643 0.001868684409069452
37 550.0 8250.0 30.0 0.12337040485718254 0.0546448087431694 0.002200758835477021 0.4544701986754967 0.041982247434076504 0.0018199934218581161
370 550.0 8250.0 30.0 0.12337040485718254 0.056466302367941715 0.0021741132593958465 0.44706840390879476 0.04350190780360785 0.0018747641241959006
371 550.0 8250.0 30.0 0.12337040485718254 0.061930783242258654 0.0029826948421590453 0.46923076923076923 0.048846850398304824 0.002034255991464327
372 550.0 8250.0 30.0 0.12337040485718254 0.04918032786885246 0.0018001285141184035 0.44963144963144963 0.03905717118790878 0.001651769344218086
373 550.0 8250.0 30.0 0.12337040485718254 0.0692167577413479 0.0032008352699905806 0.475736568457539 0.0556970807157043 0.002247677978554184
374 550.0 8250.0 30.0 0.12337040485718254 0.07468123861566485 0.004262346772150983 0.48756660746003555 0.05917698416872839 0.0024146869958707245
375 550.0 8250.0 30.0 0.12337040485718254 0.052823315118397086 0.002099692037987348 0.4621212121212121 0.04221021224490917 0.0017582454608287045
376 550.0 8250.0 30.0 0.12337040485718254 0.04735883424408015 0.0015658806730780134 0.4416733708769107 0.036745198449268324 0.0015999594666733148
377 550.0 8250.0 30.0 0.12337040485718254 0.052823315118397086 0.002035781929725075 0.45409429280397023 0.04154826242683127 0.0017617530668827977
378 550.0 8250.0 30.0 0.12337040485718254 0.056466302367941715 0.0021660181528299653 0.4578815679733111 0.045030164553426524 0.0018682726023573019
379 550.0 8250.0 30.0 0.12337040485718254 0.05100182149362477 0.0017568020294826442 0.4544701986754967 0.041917983214934444 0.0017001952661522234
38 550.0 8250.0 30.0 0.12337040485718254 0.056466302367941715 0.0020064470915811166 0.45979899497487436 0.044861368165469116 0.0018672716987919997
380 550.0 8250.0 30.0 0.12337040485718254 0.0692167577413479 0.0035515056240831627 0.4807355516637478 0.055296120567229365 0.002248270463353832
381 550.0 8250.0 30.0 0.12337040485718254 0.058287795992714025 0.00220753566508509 0.46329113924050636 0.04746106836240921 0.001918909617162696
382 550.0 8250.0 30.0 0.12337040485718254 0.058287795992714025 0.002223076034278746 0.4571190674437968 0.04704832231078162 0.0019198394447856638
383 550.0 8250.0 30.0 0.12337040485718254 0.05100182149362477 0.0017588552959766858 0.45409429280397023 0.04149497608093287 0.0017016738899411114
384 550.0 8250.0 30.0 0.12337040485718254 0.04735883424408015 0.0017013286310584416 0.45148026315789475 0.03725049578258612 0.0015977069487959812
385 550.0 8250.0 30.0 0.12337040485718254 0.0546448087431694 0.0020755399330614917 0.45979899497487436 0.04379075407961038 0.0018123627929010687
386 550.0 8250.0 30.0 0.12337040485718254 0.052823315118397086 0.0018510126183949546 0.4571190674437968 0.04261192261049657 0.001756904447536466
387 550.0 8250.0 30.0 0.12337040485718254 0.061930783242258654 0.0026669925913850494 0.47124463519313303 0.04955259278786356 0.0020300328874499705
388 550.0 8250.0 30.0 0.12337040485718254 0.0546448087431694 0.0019840104654323507 0.45979899497487436 0.04455111142010905 0.0018098161766769098
389 550.0 8250.0 30.0 0.12337040485718254 0.06739526411657559 0.0035480297133682406 0.4753246753246753 0.05231457917186098 0.0021997564529590372
39 550.0 8250.0 30.0 0.12337040485718254 0.056466302367941715 0.0023942899630961948 0.4571190674437968 0.04359894504522906 0.0018731424335327914
390 550.0 8250.0 30.0 0.12337040485718254 0.058287795992714025 0.0024170320978106194 0.46329113924050636 0.04658431262390356 0.0019214324520568737
391 550.0 8250.0 30.0 0.12337040485718254 0.056466302367941715 0.0022300271760333163 0.45409429280397023 0.04379812934449844 0.0018724701192014924
392 550.0 8250.0 30.0 0.12337040485718254 0.058287795992714025 0.0024765356585360622 0.4704370179948586 0.04709715487727759 0.0019197242571516058
393 550.0 8250.0 30.0 0.12337040485718254 0.04735883424408015 0.0015486441712234966 0.44779771615008157 0.037349224714796916 0.0015965350739615982
394 550.0 8250.0 30.0 0.12337040485718254 0.060109289617486336 0.002344755364796338 0.4594142259414226 0.047993419686841066 0.0019760721543552857
395 550.0 8250.0 30.0 0.12337040485718254 0.06557377049180328 0.003127613704331869 0.47084048027444253 0.05153105797646315 0.0021422728898619664
396 550.0 8250.0 30.0 0.12337040485718254 0.052823315118397086 0.0020588105556860986 0.46018440905280805 0.04157532775834017 0.0017612541867798135
397 550.0 8250.0 30.0 0.12337040485718254 0.061930783242258654 0.0027771392396610077 0.4676320272572402 0.04842576162133108 0.002034609262565501
398 550.0 8250.0 30.0 0.12337040485718254 0.056466302367941715 0.0018199109871982774 0.45073891625615764 0.045830056692374534 0.001864140538776246
399 550.0 8250.0 30.0 0.12337040485718254 0.05100182149362477 0.0016144972910852348 0.45036915504511893 0.04031028108180907 0.001705234934799449
4 550.0 8250.0 30.0 0.12337040485718254 0.061930783242258654 0.003060749762526544 0.47368421052631576 0.04746541161674305 0.002038357964533897
40 550.0 8250.0 30.0 0.12337040485718254 0.058287795992714025 0.0023879270442358227 0.4621212121212121 0.04637894755184968 0.0019221860264801967
400 550.0 8250.0 30.0 0.12337040485718254 0.0546448087431694 0.0017089099321228273 0.44561688311688313 0.0419177940669702 0.0018195067196002843
401 550.0 8250.0 30.0 0.12337040485718254 0.058287795992714025 0.0025982131942579698 0.46446700507614214 0.04634263934149306 0.0019223626650316892
402 550.0 8250.0 30.0 0.12337040485718254 0.052823315118397086 0.0019317351188912276 0.4525968672712284 0.040616459725051415 0.001763806338931151
403 550.0 8250.0 30.0 0.12337040485718254 0.052823315118397086 0.0019309415162635562 0.45409429280397023 0.0419134125856746 0.0017595327551303537
404 550.0 8250.0 30.0 0.12337040485718254 0.0546448087431694 0.002356004865920024 0.46564885496183206 0.04288894294329125 0.0018151639709333013
405 550.0 8250.0 30.0 0.12337040485718254 0.056466302367941715 0.0021071507306700495 0.46057046979865773 0.04490873387914511 0.0018675209938020256
406 550.0 8250.0 30.0 0.12337040485718254 0.04735883424408015 0.0014297896138098685 0.4430992736077482 0.03679131476621942 0.0015990004779560302
407 550.0 8250.0 30.0 0.12337040485718254 0.061930783242258654 0.002706268694760724 0.46644010195412067 0.047331494028326364 0.0020378366415266477
408 550.0 8250.0 30.0 0.12337040485718254 0.052823315118397086 0.002075252905205707 0.4571190674437968 0.0407348418188304 0.0017642587920096793
409 550.0 8250.0 30.0 0.12337040485718254 0.04735883424408015 0.0012821348380526582 0.43675417661097854 0.03588963780030333 0.0016027101131892776
41 550.0 8250.0 30.0 0.12337040485718254 0.056466302367941715 0.0024221574857148454 0.4652542372881356 0.04406350404968335 0.0018715524188163148
410 550.0 8250.0 30.0 0.12337040485718254 0.05100182149362477 0.0018907659156265897 0.4578815679733111 0.0400524683416997 0.0017067957916098008
411 550.0 8250.0 30.0 0.12337040485718254 0.0546448087431694 0.001961525576245233 0.4544701986754967 0.04220705097990168 0.0018175800579645612
412 550.0 8250.0 30.0 0.12337040485718254 0.052823315118397086 0.0020337729186536094 0.4492635024549918 0.039488749137481155 0.0017698264604157786
413 550.0 8250.0 30.0 0.12337040485718254 0.052823315118397086 0.0020066812702418443 0.45 0.04008199024500112 0.0017665184739844959
414 550.0 8250.0 30.0 0.12337040485718254 0.05100182149362477 0.0018766599129121449 0.452970297029703 0.03910630358677355 0.0017098061362892632
415 550.0 8250.0 30.0 0.12337040485718254 0.0546448087431694 0.0022599860458113828 0.46018440905280805 0.04227072520361983 0.001818610924165088
416 550.0 8250.0 30.0 0.12337040485718254 0.04735883424408015 0.0017270946792583405 0.45036915504511893 0.03620951167445265 0.0016015149878526118
417 550.0 8250.0 30.0 0.12337040485718254 0.058287795992714025 0.0027031809587029715 0.4652542372881356 0.044062400566998824 0.0019318381057901247
418 550.0 8250.0 30.0 0.12337040485718254 0.05100182149362477 0.0019253963826565074 0.4544701986754967 0.0398013284306194 0.0017087603063258973
419 550.0 8250.0 30.0 0.12337040485718254 0.052823315118397086 0.0019703548675471514 0.45185185185185184 0.0404074779590424 0.0017661091329147398
42 550.0 8250.0 30.0 0.12337040485718254 0.0546448087431694 0.0018161070330384279 0.45036915504511893 0.04384186012496346 0.0018114626299837718
420 550.0 8250.0 30.0 0.12337040485718254 0.0546448087431694 0.0023384888699893402 0.4594142259414226 0.041630584600241334 0.0018214915152786396
421 550.0 8250.0 30.0 0.12337040485718254 0.052823315118397086 0.0021042153069453355 0.46057046979865773 0.0410210602377905 0.0017631268417535827
422 550.0 8250.0 30.0 0.12337040485718254 0.04371584699453552 0.0016930077315548265 0.442741935483871 0.03261471820725326 0.0014961427928993083
423 550.0 8250.0 30.0 0.12337040485718254 0.0546448087431694 0.0023726439986394457 0.4672340425531915 0.04318649286790823 0.001815639048312744
424 550.0 8250.0 30.0 0.12337040485718254 0.04918032786885246 0.0017709108304699874 0.44779771615008157 0.03691367893802469 0.0016596799986408888
425 550.0 8250.0 30.0 0.12337040485718254 0.058287795992714025 0.0024053744591755193 0.4613445378151261 0.0435888322544516 0.0019343214374691693
426 550.0 8250.0 30.0 0.12337040485718254 0.058287795992714025 0.0027487933204410554 0.4724612736660929 0.04436608550118795 0.0019313513511687638
427 550.0 8250.0 30.0 0.12337040485718254 0.058287795992714025 0.0027464511710614944 0.47084048027444253 0.04525739535201713 0.001928248378527467
428 550.0 8250.0 30.0 0.12337040485718254 0.04553734061930783 0.0013781519695304847 0.43955164131305047 0.03364901945072956 0.0015526855850353874
429 550.0 8250.0 30.0 0.12337040485718254 0.06375227686703097 0.0031196415883311818 0.46923076923076923 0.0478126559935669 0.002098337958401028
43 550.0 8250.0 30.0 0.12337040485718254 0.060109289617486336 0.0026537477405237666 0.4640743871513102 0.04672255715535891 0.001980880496121952
430 550.0 8250.0 30.0 0.12337040485718254 0.0692167577413479 0.0033711461766298472 0.47822299651567945 0.05338014904780531 0.0022561967878201136
431 550.0 8250.0 30.0 0.12337040485718254 0.05100182149362477 0.001955432703445538 0.45598006644518274 0.03977342363472061 0.0017087376738214033
432 550.0 8250.0 30.0 0.12337040485718254 0.04189435336976321 0.0010978840954404628 0.4312647289866457 0.03214628921016645 0.0014374468515231322
433 550.0 8250.0 30.0 0.12337040485718254 0.0546448087431694 0.0019701255380844373 0.45073891625615764 0.041050159567334196 0.0018248939226305975
434 550.0 8250.0 30.0 0.12337040485718254 0.052823315118397086 0.001927115046929128 0.45222405271828664 0.03992490051786314 0.001768253619793147
435 550.0 8250.0 30.0 0.12337040485718254 0.04735883424408015 0.00158527359929969 0.4406099518459069 0.03531630975626001 0.0016058275925341038
436 550.0 8250.0 30.0 0.12337040485718254 0.052823315118397086 0.0022226251218634076 0.456738768718802 0.039962764031498066 0.0017692297066469944
437 550.0 8250.0 30.0 0.12337040485718254 0.0546448087431694 0.0022031133204201956 0.4571190674437968 0.04245620076032487 0.001818964601150495
438 550.0 8250.0 30.0 0.12337040485718254 0.0546448087431694 0.0019946121531667946 0.45598006644518274 0.04264365326379947 0.0018179104593827804
439 550.0 8250.0 30.0 0.12337040485718254 0.04735883424408015 0.0015093787026410476 0.43849840255591055 0.0360401070025591 0.0016029835610340112
44 550.0 8250.0 30.0 0.12337040485718254 0.04371584699453552 0.001336826129589118 0.44525547445255476 0.034642518711786974 0.0014878898157597614
440 550.0 8250.0 30.0 0.12337040485718254 0.058287795992714025 0.002295281363960325 0.4590301003344482 0.044720280980855634 0.0019304048523729037
441 550.0 8250.0 30.0 0.12337040485718254 0.056466302367941715 0.0024169531942955045 0.4544701986754967 0.042621637277945476 0.0018787026486734046
442 550.0 8250.0 30.0 0.12337040485718254 0.04553734061930783 0.0015185490440354828 0.442741935483871 0.035301537031098354 0.0015461298217275441
443 550.0 8250.0 30.0 0.12337040485718254 0.058287795992714025 0.0025416913552978094 0.4590301003344482 0.0435972371505185 0.0019340759272486886
444 550.0 8250.0 30.0 0.12337040485718254 0.05100182149362477 0.0015583440086006607 0.4445344129554656 0.03860283036285766 0.0017134618781377254
445 550.0 8250.0 30.0 0.12337040485718254 0.056466302367941715 0.00252612775271657 0.46683673469387754 0.044614877896667286 0.0018706243739837745
446 550.0 8250.0 30.0 0.12337040485718254 0.056466302367941715 0.0022508276141416103 0.4621212121212121 0.04352614650123906 0.0018739848100809474
447 550.0 8250.0 30.0 0.12337040485718254 0.04553734061930783 0.0013769572750852398 0.4413183279742765 0.03519291306035973 0.0015467121328426381
448 550.0 8250.0 30.0 0.12337040485718254 0.05100182149362477 0.002018274570462285 0.45598006644518274 0.03913256807852451 0.0017106880055609865
449 550.0 8250.0 30.0 0.12337040485718254 0.04918032786885246 0.001625236918240543 0.4492635024549918 0.03758332690246517 0.0016567775298730518
45 550.0 8250.0 30.0 0.12337040485718254 0.0546448087431694 0.0021085403536188203 0.4552238805970149 0.04163843108344144 0.0018202697053011137
450 550.0 8250.0 30.0 0.12337040485718254 0.05100182149362477 0.0019396776567220156 0.4575 0.03918191711090478 0.0017110454283341874
451 550.0 8250.0 30.0 0.12337040485718254 0.061930783242258654 0.002860298345895777 0.4732758620689655 0.04876402326525727 0.0020341977421303257
452 550.0 8250.0 30.0 0.12337040485718254 0.06557377049180328 0.0030548727874048715 0.4740932642487047 0.05066674287802809 0.0021462084237499116
453 550.0 8250.0 30.0 0.12337040485718254 0.058287795992714025 0.002181426586698136 0.46486028789161726 0.04627666494711308 0.0019235432929900552
454 550.0 8250.0 30.0 0.12337040485718254 0.04189435336976321 0.0013501224994994028 0.44597887896019495 0.03228493423039589 0.001436938061606122
455 550.0 8250.0 30.0 0.12337040485718254 0.058287795992714025 0.0024191018360477765 0.4625105307497894 0.045406246770259076 0.0019266959465016637
456 550.0 8250.0 30.0 0.12337040485718254 0.060109289617486336 0.002734920638488423 0.46644010195412067 0.04559355516915429 0.001986551716588761
457 550.0 8250.0 30.0 0.12337040485718254 0.052823315118397086 0.0018359347406518979 0.45036915504511893 0.040708571282692764 0.001765147567850146
458 550.0 8250.0 30.0 0.12337040485718254 0.05100182149362477 0.0019294712663167127 0.4552238805970149 0.03926477057174835 0.0017100978284546884
459 550.0 8250.0 30.0 0.12337040485718254 0.058287795992714025 0.0024916482977171677 0.46329113924050636 0.04387163132293536 0.0019343037912291023
46 550.0 8250.0 30.0 0.12337040485718254 0.058287795992714025 0.001992055734983877 0.4537190082644628 0.04515504558603285 0.001926466047503254
460 550.0 8250.0 30.0 0.12337040485718254 0.061930783242258654 0.002692273124313776 0.47450302506482284 0.048526455364128016 0.002035036344884397
461 550.0 8250.0 30.0 0.12337040485718254 0.05100182149362477 0.001976307208637876 0.456359102244389 0.03857865509403355 0.0017137545178054182
462 550.0 8250.0 30.0 0.12337040485718254 0.061930783242258654 0.003282782742211072 0.46923076923076923 0.046112097142665134 0.0020450957526448018
463 550.0 8250.0 30.0 0.12337040485718254 0.04735883424408015 0.0016355906082117578 0.45 0.03607841892927526 0.0016036055764969265
464 550.0 8250.0 30.0 0.12337040485718254 0.04918032786885246 0.0018419881916123548 0.44561688311688313 0.03723197493253477 0.001658723167323256
465 550.0 8250.0 30.0 0.12337040485718254 0.0546448087431694 0.002508386092736373 0.4582637729549249 0.041105047458590546 0.0018238034664284967
466 550.0 8250.0 30.0 0.12337040485718254 0.04735883424408015 0.0015083705233366056 0.4474327628361858 0.03630720386501641 0.0016024799217632555
467 550.0 8250.0 30.0 0.12337040485718254 0.04553734061930783 0.0013376390479840307 0.44096385542168676 0.0348543757225115 0.0015479835561597577
468 550.0 8250.0 30.0 0.12337040485718254 0.04918032786885246 0.001563841041747329 0.44489465153970825 0.036966087926282774 0.0016599597145375536
469 550.0 8250.0 30.0 0.12337040485718254 0.060109289617486336 0.003004069026073641 0.4732758620689655 0.04549832559701764 0.001987764591728696
47 550.0 8250.0 30.0 0.12337040485718254 0.052823315118397086 0.0021239502989504858 0.4582637729549249 0.04123949573571764 0.0017616272748932724
470 550.0 8250.0 30.0 0.12337040485718254 0.06739526411657559 0.0032659640488657423 0.475736568457539 0.049278324810548405 0.0022128277855163543
471 550.0 8250.0 30.0 0.12337040485718254 0.04735883424408015 0.0016954962353765675 0.452970297029703 0.03559414988719789 0.0016046271908444197
472 550.0 8250.0 30.0 0.12337040485718254 0.05100182149362477 0.0016994354599655726 0.45110928512736237 0.03902472759754707 0.0017125157136013089
473 550.0 8250.0 30.0 0.12337040485718254 0.05100182149362477 0.0021017665920693897 0.456359102244389 0.038646965388567836 0.0017137919502212475
474 550.0 8250.0 30.0 0.12337040485718254 0.04735883424408015 0.0017016315192453985 0.45334434351775393 0.03547533005781158 0.001606032046808002
475 550.0 8250.0 30.0 0.12337040485718254 0.056466302367941715 0.0021897168816977647 0.45110928512736237 0.04147637484822433 0.001883013590805399
476 550.0 8250.0 30.0 0.12337040485718254 0.0546448087431694 0.002035529817796616 0.4492635024549918 0.039888675347337255 0.0018292966297957368
477 550.0 8250.0 30.0 0.12337040485718254 0.05100182149362477 0.001894796599610342 0.45148026315789475 0.03848533903831367 0.0017148694566153013
478 550.0 8250.0 30.0 0.12337040485718254 0.04918032786885246 0.0016774053942317146 0.4441747572815534 0.036622132549960384 0.0016617766812015973
479 550.0 8250.0 30.0 0.12337040485718254 0.04553734061930783 0.001322000903351808 0.43364928909952605 0.03365467579171574 0.0015532316899912362
48 550.0 8250.0 30.0 0.12337040485718254 0.056466302367941715 0.0025089642941511082 0.45979899497487436 0.04343295031891338 0.0018734094416696428
480 550.0 8250.0 30.0 0.12337040485718254 0.04918032786885246 0.0017477212231178816 0.44525547445255476 0.03758592110193264 0.001658261263271978
481 550.0 8250.0 30.0 0.12337040485718254 0.04371584699453552 0.001331122464525382 0.43330702446724545 0.03242269621450636 0.0014974472427684788
482 550.0 8250.0 30.0 0.12337040485718254 0.04553734061930783 0.0014347017830869282 0.43990384615384615 0.034687215243439005 0.0015486865439200482
483 550.0 8250.0 30.0 0.12337040485718254 0.06557377049180328 0.003241174951411675 0.4700342465753425 0.0499762174551597 0.002149100050600894
484 550.0 8250.0 30.0 0.12337040485718254 0.05100182149362477 0.0017806285614059435 0.44634146341463415 0.03738649768704013 0.001718334621659495
485 550.0 8250.0 30.0 0.12337040485718254 0.06375227686703097 0.0032058119910656764 0.4749134948096886 0.04896543507765199 0.002094984283294707
486 550.0 8250.0 30.0 0.12337040485718254 0.061930783242258654 0.0030835605812260464 0.4732758620689655 0.046491088321800544 0.002042700856229681
487 550.0 8250.0 30.0 0.12337040485718254 0.05100182149362477 0.0015009662790291128 0.43955164131305047 0.038080195336455167 0.001715698278948913
488 550.0 8250.0 30.0 0.12337040485718254 0.056466302367941715 0.0022277943499886144 0.45864661654135336 0.04341732465217467 0.0018755545717692968
489 550.0 8250.0 30.0 0.12337040485718254 0.04918032786885246 0.001571170130597111 0.4406099518459069 0.036467642744835486 0.0016621326920106868
49 550.0 8250.0 30.0 0.12337040485718254 0.060109289617486336 0.003055390057172257 0.4728682170542636 0.047052222104193055 0.0019792248316411946
490 550.0 8250.0 30.0 0.12337040485718254 0.060109289617486336 0.002699251435437318 0.4704370179948586 0.04588571561410058 0.001985323787992895
491 550.0 8250.0 30.0 0.12337040485718254 0.056466302367941715 0.002270696650880919 0.45560165975103734 0.04318410228029279 0.0018762405918680912
492 550.0 8250.0 30.0 0.12337040485718254 0.0546448087431694 0.002224347190557519 0.46057046979865773 0.04200029443506591 0.0018209975101925522
493 550.0 8250.0 30.0 0.12337040485718254 0.052823315118397086 0.0021344960399979113 0.456738768718802 0.03982245809204268 0.0017682552687840335
494 550.0 8250.0 30.0 0.12337040485718254 0.04553734061930783 0.0015312671713855555 0.4420289855072464 0.03400796255259721 0.0015513484393100464
495 550.0 8250.0 30.0 0.12337040485718254 0.056466302367941715 0.0020372028953110563 0.456738768718802 0.04349435831278319 0.0018743106981890117
496 550.0 8250.0 30.0 0.12337040485718254 0.0546448087431694 0.0023123622137266866 0.46644010195412067 0.042386075776456 0.0018187591931054447
497 550.0 8250.0 30.0 0.12337040485718254 0.06557377049180328 0.0032229167503212684 0.47450302506482284 0.05048249705713928 0.0021473484884607843
498 550.0 8250.0 30.0 0.12337040485718254 0.058287795992714025 0.0025954814894468105 0.4680306905370844 0.04516544860842507 0.0019278907696335381
499 550.0 8250.0 30.0 0.12337040485718254 0.04918032786885246 0.001665118087303026 0.45110928512736237 0.038465436478628386 0.0016546195094743706
5 550.0 8250.0 30.0 0.12337040485718254 0.05100182149362477 0.0016738089788312922 0.45484672742336374 0.03994752829311106 0.0017066102801233248
50 550.0 8250.0 30.0 0.12337040485718254 0.04735883424408015 0.0017421475447350321 0.44597887896019495 0.03696158846618393 0.0015983084888988475
500 550.0 8250.0 30.0 0.12337040485718254 0.052823315118397086 0.002030446617485078 0.4544701986754967 0.04074466116303987 0.0017652891560783655
501 550.0 8250.0 30.0 0.12337040485718254 0.052823315118397086 0.001991366807536925 0.4582637729549249 0.04098857454485999 0.0017638134660932928
502 550.0 8250.0 30.0 0.12337040485718254 0.056466302367941715 0.0023924922698752 0.46923076923076923 0.04474343357214108 0.0018697252276298605
503 550.0 8250.0 30.0 0.12337040485718254 0.056466302367941715 0.0025115410540264933 0.46368243243243246 0.044063607036799436 0.0018718949049807507
504 550.0 8250.0 30.0 0.12337040485718254 0.058287795992714025 0.002645592276885929 0.4704370179948586 0.04619957838773683 0.0019235713744941015
505 550.0 8250.0 30.0 0.12337040485718254 0.056466302367941715 0.002481495273762455 0.46644010195412067 0.04390981722575144 0.0018732535043114546
506 550.0 8250.0 30.0 0.12337040485718254 0.04553734061930783 0.0014004584861036715 0.4392 0.03554139659568481 0.0015440473948083251
507 550.0 8250.0 30.0 0.12337040485718254 0.04735883424408015 0.001638216421911448 0.4416733708769107 0.03555217978399417 0.0016042365242476945
508 550.0 8250.0 30.0 0.12337040485718254 0.0546448087431694 0.002374439501877541 0.46604414261460103 0.04181048104572357 0.0018205382575408168
509 550.0 8250.0 30.0 0.12337040485718254 0.052823315118397086 0.0017064755112916232 0.45222405271828664 0.04086002363244243 0.0017643665976870583
51 550.0 8250.0 30.0 0.12337040485718254 0.0546448087431694 0.0018264515383363087 0.44779771615008157 0.041279591981452236 0.0018219105865662209
510 550.0 8250.0 30.0 0.12337040485718254 0.0692167577413479 0.0036924856040339523 0.487133984028394 0.053861732956895225 0.002254064531058343
511 550.0 8250.0 30.0 0.12337040485718254 0.060109289617486336 0.002500251094529443 0.4680306905370844 0.04600424964643881 0.0019836437047706305
512 550.0 8250.0 30.0 0.12337040485718254 0.052823315118397086 0.0022214740084511735 0.4621212121212121 0.03939208668033032 0.0017691683819235548
513 550.0 8250.0 30.0 0.12337040485718254 0.052823315118397086 0.0018974663308737897 0.456738768718802 0.040411027812303775 0.0017663719132639964
514 550.0 8250.0 30.0 0.12337040485718254 0.04918032786885246 0.0017441619049234321 0.45185185185185184 0.037868386682782605 0.0016554452179196166
515 550.0 8250.0 30.0 0.12337040485718254 0.06557377049180328 0.003316193946534646 0.47368421052631576 0.04924326559339274 0.0021523931956285406
516 550.0 8250.0 30.0 0.12337040485718254 0.056466302367941715 0.002532708226080973 0.472055030094583 0.04389598574821007 0.0018717513060986135
517 550.0 8250.0 30.0 0.12337040485718254 0.0546448087431694 0.0021858597401060707 0.46446700507614214 0.04163670554736474 0.0018206855849917398
518 550.0 8250.0 30.0 0.12337040485718254 0.05100182149362477 0.002170133488448551 0.456738768718802 0.03798312063367628 0.0017145540070087103
519 550.0 8250.0 30.0 0.12337040485718254 0.04918032786885246 0.0017547489905294325 0.4544701986754967 0.03700366264823434 0.0016588054711031224
52 550.0 8250.0 30.0 0.12337040485718254 0.0546448087431694 0.002201437757990437 0.4613445378151261 0.042316342583347336 0.0018169882830464923
520 550.0 8250.0 30.0 0.12337040485718254 0.052823315118397086 0.002035746972689328 0.4676320272572402 0.0416141800252573 0.0017604341023450072
521 550.0 8250.0 30.0 0.12337040485718254 0.05100182149362477 0.0017250429795193922 0.44634146341463415 0.03854809458234548 0.001713023451946795
522 550.0 8250.0 30.0 0.12337040485718254 0.05100182149362477 0.0022531531710331546 0.4582637729549249 0.03924619975631122 0.0017107202241898741
523 550.0 8250.0 30.0 0.12337040485718254 0.056466302367941715 0.0025344037847851845 0.47164948453608246 0.04445166336599324 0.001869424729487042
524 550.0 8250.0 30.0 0.12337040485718254 0.056466302367941715 0.002345881220969505 0.45598006644518274 0.042684492792596 0.0018778825101395057
525 550.0 8250.0 30.0 0.12337040485718254 0.0546448087431694 0.0020774304348792996 0.4544701986754967 0.04144915309264968 0.0018211795806476621
526 550.0 8250.0 30.0 0.12337040485718254 0.061930783242258654 0.002941526523657553 0.47368421052631576 0.04871229101268287 0.0020333934104393744
527 550.0 8250.0 30.0 0.12337040485718254 0.058287795992714025 0.0025941769436238216 0.46446700507614214 0.044748906445527925 0.0019291485559732337
528 550.0 8250.0 30.0 0.12337040485718254 0.04918032786885246 0.0014520375171326683 0.44634146341463415 0.03832860368595063 0.0016536632116166316
529 550.0 8250.0 30.0 0.12337040485718254 0.05100182149362477 0.0015321120297146504 0.44525547445255476 0.03934661968282148 0.0017092787313079884
53 550.0 8250.0 30.0 0.12337040485718254 0.052823315118397086 0.002179903577370999 0.46173254835996635 0.04164880750835931 0.0017593977759433556
530 550.0 8250.0 30.0 0.12337040485718254 0.04735883424408015 0.0016193227027309347 0.4467046379170057 0.03587664188253014 0.0016029674701123688
531 550.0 8250.0 30.0 0.12337040485718254 0.056466302367941715 0.0021437843077519703 0.45864661654135336 0.042859196862037464 0.0018756031860845163
532 550.0 8250.0 30.0 0.12337040485718254 0.058287795992714025 0.0024085460600610053 0.46446700507614214 0.04499393695094382 0.001927687676452386
533 550.0 8250.0 30.0 0.12337040485718254 0.05100182149362477 0.0019241523885053064 0.456738768718802 0.04035942356583833 0.001705861699283401
534 550.0 8250.0 30.0 0.12337040485718254 0.04371584699453552 0.001484904289063055 0.4445344129554656 0.032517007271375124 0.001495944966229106
535 550.0 8250.0 30.0 0.12337040485718254 0.05100182149362477 0.0017601225895592142 0.45222405271828664 0.03945865082453206 0.0017090600033041932
536 550.0 8250.0 30.0 0.12337040485718254 0.04918032786885246 0.00180540608643138 0.44816326530612244 0.0371149624358485 0.0016584048767728165
537 550.0 8250.0 30.0 0.12337040485718254 0.05100182149362477 0.001944541035620698 0.4552238805970149 0.03950315971734016 0.0017096341853279162
538 550.0 8250.0 30.0 0.12337040485718254 0.052823315118397086 0.002250042718774949 0.4552238805970149 0.039739315867429674 0.0017684289075229427
539 550.0 8250.0 30.0 0.12337040485718254 0.061930783242258654 0.002559835124091089 0.4684300341296928 0.048290047460689246 0.0020358369365817237
54 550.0 8250.0 30.0 0.12337040485718254 0.06375227686703097 0.002738481739765582 0.46368243243243246 0.049422791701906464 0.0020903879362458994
540 550.0 8250.0 30.0 0.12337040485718254 0.061930783242258654 0.002691583137858037 0.4652542372881356 0.047889670593128875 0.002036447911215067
541 550.0 8250.0 30.0 0.12337040485718254 0.056466302367941715 0.0023752190853720792 0.47164948453608246 0.04493401699666854 0.0018683121790508575
542 550.0 8250.0 30.0 0.12337040485718254 0.058287795992714025 0.002607887750497221 0.46644010195412067 0.04425171760081541 0.001930668541761898
543 550.0 8250.0 30.0 0.12337040485718254 0.052823315118397086 0.001747717543446185 0.45 0.04093758489914759 0.0017638210304895526
544 550.0 8250.0 30.0 0.12337040485718254 0.04735883424408015 0.0014729411694693528 0.44489465153970825 0.036691955048681196 0.0016003528580020515
545 550.0 8250.0 30.0 0.12337040485718254 0.05100182149362477 0.0018858397876398015 0.452970297029703 0.03848358998184739 0.0017129603161001306
546 550.0 8250.0 30.0 0.12337040485718254 0.060109289617486336 0.0027726898342453985 0.4684300341296928 0.04607447706778952 0.0019829974347093954
547 550.0 8250.0 30.0 0.12337040485718254 0.052823315118397086 0.002046920048686914 0.452970297029703 0.04035101385840094 0.0017654857512129454
548 550.0 8250.0 30.0 0.12337040485718254 0.061930783242258654 0.0029753341991261353 0.4753246753246753 0.04812922296572113 0.0020356918428830555
549 550.0 8250.0 30.0 0.12337040485718254 0.04371584699453552 0.0014919670015285926 0.44634146341463415 0.03284559017808458 0.0014950096765821786
55 550.0 8250.0 30.0 0.12337040485718254 0.06375227686703097 0.002796931186150395 0.46446700507614214 0.04761519051006408 0.0020979102650769614
56 550.0 8250.0 30.0 0.12337040485718254 0.052823315118397086 0.002053487851370761 0.45979899497487436 0.04113307183400292 0.0017616907192382983
57 550.0 8250.0 30.0 0.12337040485718254 0.04735883424408015 0.001405715779267722 0.44096385542168676 0.03711887431290965 0.0015971920008899007
58 550.0 8250.0 30.0 0.12337040485718254 0.04735883424408015 0.001511680575766116 0.4413183279742765 0.03663801481814568 0.0015988808155754793
59 550.0 8250.0 30.0 0.12337040485718254 0.052823315118397086 0.0020151611091588765 0.46057046979865773 0.04156276365581557 0.0017604817374960908
6 550.0 8250.0 30.0 0.12337040485718254 0.0546448087431694 0.0022599877664643314 0.45864661654135336 0.041281320453094565 0.0018224848346180223
60 550.0 8250.0 30.0 0.12337040485718254 0.052823315118397086 0.0016969866797346528 0.44779771615008157 0.04066712202820602 0.0017632844110696646
61 550.0 8250.0 30.0 0.12337040485718254 0.0546448087431694 0.0022641016933810675 0.4640743871513102 0.04262160353512495 0.0018168403435901604
62 550.0 8250.0 30.0 0.12337040485718254 0.0546448087431694 0.0019332354055010986 0.45409429280397023 0.041002881990290965 0.001822151756219294
63 550.0 8250.0 30.0 0.12337040485718254 0.05100182149362477 0.0018066677198954443 0.4474327628361858 0.03842225631334888 0.0017124035580586448
64 550.0 8250.0 30.0 0.12337040485718254 0.061930783242258654 0.0028465896258939543 0.46486028789161726 0.04672548088718428 0.0020405271602354073
65 550.0 8250.0 30.0 0.12337040485718254 0.058287795992714025 0.002689449304201729 0.45864661654135336 0.043727331284870205 0.001932661549647278
66 550.0 8250.0 30.0 0.12337040485718254 0.0546448087431694 0.0019321528482987474 0.45148026315789475 0.04151254065574094 0.0018203424840071627
67 550.0 8250.0 30.0 0.12337040485718254 0.04371584699453552 0.0015827359260699007 0.442741935483871 0.032637379352022516 0.0014956232554440784
68 550.0 8250.0 30.0 0.12337040485718254 0.056466302367941715 0.002540938692385522 0.46173254835996635 0.0416679652043128 0.0018801691661917057
69 550.0 8250.0 30.0 0.12337040485718254 0.04918032786885246 0.0018056033041370517 0.45036915504511893 0.03776236058093638 0.0016556935033367238
7 550.0 8250.0 30.0 0.12337040485718254 0.058287795992714025 0.002674514582517886 0.46446700507614214 0.04350610511550359 0.0019334697166417056
70 550.0 8250.0 30.0 0.12337040485718254 0.052823315118397086 0.0020701489381427657 0.4544701986754967 0.040838621224786126 0.0017637372311353657
71 550.0 8250.0 30.0 0.12337040485718254 0.052823315118397086 0.0018399559330090202 0.4488961569910057 0.040257892629873705 0.0017652001648641431
72 550.0 8250.0 30.0 0.12337040485718254 0.05100182149362477 0.0017038559283711564 0.44597887896019495 0.03857808627091786 0.0017120139556067182
73 550.0 8250.0 30.0 0.12337040485718254 0.0546448087431694 0.002265508133146286 0.46057046979865773 0.04203542609004365 0.0018183437954248662
74 550.0 8250.0 30.0 0.12337040485718254 0.04735883424408015 0.0016584930290555033 0.4445344129554656 0.03530052865351151 0.0016045002704053349
75 550.0 8250.0 30.0 0.12337040485718254 0.04918032786885246 0.0017653620911563116 0.45 0.036957030649964834 0.0016587938388355698
76 550.0 8250.0 30.0 0.12337040485718254 0.0546448087431694 0.0019952505454422656 0.44816326530612244 0.04157156222193663 0.0018205707309375452
77 550.0 8250.0 30.0 0.12337040485718254 0.04371584699453552 0.00139758911606703 0.43990384615384615 0.03283047687513985 0.001494933591641103
78 550.0 8250.0 30.0 0.12337040485718254 0.052823315118397086 0.0018808671448141026 0.45110928512736237 0.03957888941435284 0.001768744998256095
79 550.0 8250.0 30.0 0.12337040485718254 0.056466302367941715 0.0026181411292138103 0.46604414261460103 0.04243628114290242 0.0018774865833233617
8 550.0 8250.0 30.0 0.12337040485718254 0.04735883424408015 0.0017062618060950886 0.44816326530612244 0.035561997658875244 0.0016042046970056137
80 550.0 8250.0 30.0 0.12337040485718254 0.056466302367941715 0.0023906064661017184 0.452970297029703 0.042743850310442845 0.0018763285365093912
81 550.0 8250.0 30.0 0.12337040485718254 0.04918032786885246 0.001686138109247043 0.4467046379170057 0.03798478775055448 0.0016538697405697339
82 550.0 8250.0 30.0 0.12337040485718254 0.056466302367941715 0.0023917582505702936 0.45864661654135336 0.042177142005291574 0.001877976671235657
83 550.0 8250.0 30.0 0.12337040485718254 0.056466302367941715 0.002524203282779476 0.46604414261460103 0.04253933707366461 0.0018764310753326865
84 550.0 8250.0 30.0 0.12337040485718254 0.0546448087431694 0.002313835913973587 0.46446700507614214 0.041930607037085586 0.0018193063048543995
85 550.0 8250.0 30.0 0.12337040485718254 0.04735883424408015 0.001685701007835458 0.45 0.03634973351563876 0.001601117142689011
86 550.0 8250.0 30.0 0.12337040485718254 0.061930783242258654 0.0030261275340610324 0.47368421052631576 0.04779721173751601 0.0020375653866515774
87 550.0 8250.0 30.0 0.12337040485718254 0.0546448087431694 0.0017501568181044985 0.44634146341463415 0.04087869633078528 0.0018229214376226514
88 550.0 8250.0 30.0 0.12337040485718254 0.0546448087431694 0.0023858216855080065 0.4609571788413098 0.0416985258282141 0.0018204647856261856
89 550.0 8250.0 30.0 0.12337040485718254 0.0546448087431694 0.001840720244310385 0.44597887896019495 0.041153739746306234 0.0018227001317620358
9 550.0 8250.0 30.0 0.12337040485718254 0.05100182149362477 0.0016734790187807984 0.4488961569910057 0.038686823651558434 0.0017124378024634523
90 550.0 8250.0 30.0 0.12337040485718254 0.0546448087431694 0.0021494037884234457 0.4625105307497894 0.04151397161648187 0.0018209297423310725
91 550.0 8250.0 30.0 0.12337040485718254 0.06557377049180328 0.0026620230179510234 0.4625105307497894 0.0501815948466337 0.0021475266905768677
92 550.0 8250.0 30.0 0.12337040485718254 0.0546448087431694 0.0023449019546444324 0.46329113924050636 0.04202592315766002 0.0018189893848977036
93 550.0 8250.0 30.0 0.12337040485718254 0.0546448087431694 0.0021224312127085736 0.45334434351775393 0.04074835934098646 0.0018231898076273578
94 550.0 8250.0 30.0 0.12337040485718254 0.05100182149362477 0.0020054090906032884 0.46486028789161726 0.04072658785679745 0.0017048638686093748
95 550.0 8250.0 30.0 0.12337040485718254 0.04918032786885246 0.0017570898210475504 0.44381568310428454 0.038150764419292583 0.0016537939646212576
96 550.0 8250.0 30.0 0.12337040485718254 0.056466302367941715 0.0024289933213028775 0.4672340425531915 0.0431980231783015 0.0018745372673243297
97 550.0 8250.0 30.0 0.12337040485718254 0.058287795992714025 0.0022163665671671605 0.4676320272572402 0.04547815525237577 0.0019251667338158508
98 550.0 8250.0 30.0 0.12337040485718254 0.05100182149362477 0.0018521482909026597 0.4571190674437968 0.039709197476867075 0.0017077824703085318
99 550.0 8250.0 30.0 0.12337040485718254 0.058287795992714025 0.002352391653748112 0.46486028789161726 0.04600470012220836 0.0019232121523349729