0 0
1 1
2 1
3 1
4 1
5 0
6 1
7 0
8 0
9 0
10 0
11 1
12 1
13 0
14 1
15 1
16 0
17 1
18 1
19 0
20 1
21 1
22 0
23 1
24 1
25 0
26 0
27 1
28 1
29 1
30 1
31 1
32 0
33 0
34 0
35 0
36 1
37 1
38 0
39 1
40 1
41 1
42 0
43 0
44 0
45 1
46 0
47 0
48 0
49 0
50 0
51 0
52 0
53 0
54 0
55 0
56 1
57 1
58 1
59 1
60 1
61 0
62 1
63 0
64 1
65 0
66 1
67 1
68 0
69 0
70 0
71 1
72 1
73 1
74 1
75 0
76 0
77 0
78 1
79 1
80 0
81 1
82 0
83 1
84 1
85 1
86 0
87 0
88 1
89 0
90 0
91 0
92 1
93 0
94 1
95 0
96 1
97 0
98 1
99 0
100 0
101 1
102 0
103 0
104 1
105 0
106 1
107 0
108 1
109 1
110 1
111 0
112 0
113 0
114 1
115 0
116 0
117 1
118 1
119 0
120 1
121 1
122 0
123 1
124 0
125 0
126 1
127 0
128 1
129 1
130 1
131 1
132 0
133 0
134 1
135 1
136 0
137 0
138 1
139 0
140 0
141 0
142 1
143 0
144 0
145 0
146 1
147 1
148 1
149 0
150 0
151 0
152 1
153 1
154 0
155 1
156 0
157 0
158 1
159 1
160 0
161 0
162 0
163 0
164 0
165 0
166 1
167 0
168 0
169 0
170 1
171 1
172 0
173 0
174 1
175 0
176 1
177 0
178 0
179 1
180 1
181 0
182 1
183 0
184 1
185 0
186 1
187 0
188 1
189 0
190 0
191 1
192 1
193 0
194 0
195 1
196 0
197 0
198 1
199 0
200 1
201 1
202 0
203 1
204 1
205 0
206 1
207 1
208 0
209 0
210 0
211 0
212 1
213 1
214 1
215 0
216 1
217 1
218 0
219 0
220 0
221 1
222 0
223 0
224 1
225 1
226 1
227 0
228 0
229 1
230 0
231 0
232 0
233 0
234 1
235 0
236 1
237 1
238 1
239 1
240 0
241 1
242 1
243 1
244 1
245 0
246 0
247 0
248 1
249 1
250 0
251 0
252 0
253 1
254 0
255 1
256 0
257 0
258 0
259 0
260 0
261 1
262 0
263 1
264 0
265 1
266 0
267 0
268 1
269 0
270 0
271 0
272 1
273 1
274 0
275 0
276 1
277 1
278 0
279 0
280 1
281 0
282 1
283 0
284 1
285 0
286 0
287 1
288 1
289 1
290 1
291 1
292 1
293 0
294 1
295 0
296 1
297 0
298 0
299 0
300 1
301 0
302 1
303 1
304 1
305 1
306 1
307 0
308 0
309 1
310 1
311 0
312 0
313 0
314 1
315 0
316 1
317 0
318 1
319 0
320 0
321 0
322 1
323 1
324 0
325 1
326 0
327 1
328 1
329 1
330 0
331 1
332 0
333 1
334 0
335 0
336 1
337 0
338 1
339 1
340 0
341 0
342 0
343 1
344 1
345 0
346 1
347 1
348 0
349 0
350 1
351 1
352 0
353 0
354 0
355 0
356 1
357 0
358 1
359 0
360 0
361 0
362 0
363 0
364 0
365 0
366 0
367 1
368 1
369 0
370 1
371 0
372 0
373 0
374 0
375 1
376 1
377 1
378 0
379 1
380 1
381 1
382 1
383 1
384 1
385 1
386 0
387 1
388 0
389 1
390 0
391 0
392 0
393 0
394 0
395 1
396 0
397 0
398 1
399 0
400 1
401 1
402 1
403 1
404 0
405 1
406 1
407 0
408 0
409 0
410 0
411 0
412 1
413 1
414 1
415 0
416 0
417 1
418 1
419 0
420 1
421 0
422 0
423 1
424 0
425 1
426 1
427 1
428 0
429 1
430 0
431 0
432 0
433 0
434 0
435 1
436 0
437 0
438 1
439 0
440 0
441 1
442 0
443 1
444 1
445 0
446 1
447 1
448 0
449 0
450 0
451 0
452 0
453 1
454 1
455 1
456 1
457 1
458 0
459 0
460 1
461 0
462 0
463 0
464 1
465 1
466 1
467 0
468 0
469 0
470 0
471 0
472 1
473 0
474 1
475 1
476 1
477 1
478 0
479 0
480 0
481 0
482 1
483 0
484 0
485 0
486 1
487 0
488 0
489 1
490 0
491 0
492 1
493 0
494 1
495 1
496 0
497 0
498 0
499 0
500 1
501 1
502 1
503 0
504 0
505 1
506 0
507 0
508 0
509 1
510 1
511 0
512 0
513 1
514 0
515 0
516 1
517 0
518 1
519 1
520 0
521 0
522 1
523 1
524 0
525 0
526 0
527 0
528 0
529 1
530 0
531 1
532 0
533 1
534 1
535 1
536 0
537 1
538 0
539 0
540 1
541 0
542 0
543 1
544 1
545 1
546 0
547 1
548 1
549 1
550 0
551 0
552 1
553 0
554 0
555 0
556 0
557 1
558 1
559 1
560 1
561 0
562 1
563 1
564 1
565 1
566 0
567 1
568 0
569 0
570 1
571 1
572 1
573 0
574 1
575 0
576 1
577 1
578 0
579 1
580 0
581 1
582 1
583 1
584 0
585 1
586 1
587 1
588 1
589 0
590 0
591 1
592 0
593 0
594 0
595 1
596 1
597 0
598 0
599 1
600 0
601 1
602 1
603 1
604 0
605 0
606 0
607 0
608 1
609 1
610 0
611 0
612 0
613 1
614 1
615 1
616 0
617 0
618 1
619 0
620 1
621 1
622 1
623 1
624 0
625 0
626 1
627 1
628 0
629 1
630 0
631 0
632 0
633 1
634 0
635 0
636 0
637 1
638 0
639 0
640 1
641 0
642 0
643 0
644 0
645 1
646 0
647 1
648 1
649 1
650 1
651 1
652 1
653 0
654 0
655 1
656 0
657 1
658 0
659 1
660 0
661 0
662 0
663 1
664 0
665 0
666 1
667 1
668 1
669 0
670 1
671 0
672 1
673 1
674 1
675 1
676 0
677 0
678 1
679 0
680 0
681 1
682 0
683 1
684 1
685 1
686 0
687 0
688 0
689 0
690 0
691 1
692 0
693 0
694 1
695 0
696 0
697 0
698 1
699 0
700 0
701 0
702 0
703 0
704 1
705 1
706 0
707 1
708 0
709 1
710 1
711 0
712 1
713 1
714 1
715 0
716 0
717 1
718 1
719 1
720 1
721 1
722 1
723 0
724 1
725 1
726 1
727 1
728 0
729 0
730 1
731 0
732 1
733 0
734 1
735 1
736 1
737 0
738 1
739 1
740 0
741 1
742 0
743 0
744 0
745 0
746 0
747 0
748 1
749 1
750 0
751 1
752 0
753 0
754 1
755 0
756 0
757 1
758 0
759 1
760 1
761 1
762 1
763 1
764 0
765 0
766 1
767 0
768 1
769 1
770 0
771 0
772 0
773 1
774 1
775 1
776 0
777 1
778 0
779 1
780 0
781 1
782 0
783 0
784 1
785 1
786 1
787 0
788 0
789 0
790 1
791 1
792 1
793 1
794 0
795 0
796 1
797 1
798 0
799 1
800 1
801 0
802 0
803 1
804 1
805 1
806 0
807 1
808 1
809 1
810 0
811 0
812 1
813 1
814 1
815 1
816 1
817 0
818 0
819 1
820 1
821 0
822 1
823 0
824 1
825 0
826 0
827 1
828 0
829 0
830 1
831 1
832 1
833 0
834 0
835 0
836 1
837 0
838 1
839 1
840 0
841 0
842 1
843 1
844 0
845 0
846 0
847 0
848 0
849 0
850 1
851 1
852 0
853 0
854 0
855 1
856 0
857 1
858 1
859 0
860 0
861 0
862 0
863 1
864 1
865 0
866 0
867 1
868 0
869 1
870 0
871 0
872 0
873 1
874 1
875 0
876 1
877 0
878 1
879 1
880 0
881 0
882 1
883 0
884 1
885 0
886 1
887 0
888 1
889 1
890 0
891 1
892 1
893 1
894 0
895 0
896 0
897 0
898 0
899 1
900 0
901 0
902 1
903 0
904 0
905 0
906 0
907 1
908 0
909 0
910 0
911 1
912 1
913 0
914 0
915 1
916 0
917 0
918 0
919 1
920 1
921 0
922 0
923 1
924 0
925 1
926 1
927 1
928 1
929 1
930 0
931 0
932 1
933 1
934 1
935 0
936 0
937 0
938 1
939 0
940 1
941 1
942 0
943 0
944 0
945 0
946 0
947 0
948 0
949 0
950 1
951 0
952 0
953 0
954 0
955 1
956 0
957 1
958 0
959 0
960 1
961 1
962 0
963 0
964 0
965 0
966 0
967 1
968 0
969 1
970 0
971 1
972 0
973 0
974 1
975 1
976 0
977 0
978 1
979 0
980 1
981 0
982 0
983 0
984 1
985 1
986 1
987 1
988 0
989 0
990 0
991 1
992 1
993 1
994 0
995 1
996 1
997 1
998 0
999 1
1000 1
1001 0
1002 0
1003 0
1004 0
1005 0
1006 1
1007 0
1008 0
1009 1
1010 0
1011 1
1012 0
1013 1
1014 0
1015 1
1016 1
1017 0
1018 1
1019 1
1020 1
1021 1
1022 1
1023 1
1024 1
1025 1
1026 0
1027 1
1028 0
1029 1
1030 0
1031 0
1032 0
1033 1
1034 0
1035 1
1036 1
1037 0
1038 1
1039 0
1040 1
1041 1
1042 1
1043 0
1044 0
1045 0
1046 0
1047 0
1048 0
1049 0
1050 0
1051 1
1052 0
1053 0
1054 0
1055 1
1056 0
1057 0
1058 0
1059 0
1060 1
1061 0
1062 0
1063 1
1064 0
1065 0
1066 0
1067 1
1068 1
1069 1
1070 0
1071 1
1072 1
1073 1
1074 1
1075 0
1076 0
1077 0
1078 1
1079 1
1080 0
1081 1
1082 0
1083 0
1084 1
1085 0
1086 1
1087 1
1088 0
1089 0
1090 1
1091 1
1092 1
1093 0
1094 0
1095 1
1096 0
1097 1
1098 0
1099 0
1100 0
1101 0
1102 1
1103 0
1104 1
1105 1
1106 0
1107 1
1108 1
1109 1
1110 0
1111 0
1112 0
1113 1
1114 0
1115 1
1116 0
1117 1
1118 1
1119 0
1120 1
1121 1
1122 0
1123 0
1124 1
1125 1
1126 0
1127 1
1128 0
1129 1
1130 0
1131 1
1132 1
1133 1
1134 0
1135 1
1136 1
1137 0
1138 0
1139 0
1140 0
1141 1
1142 0
1143 1
1144 1
1145 0
1146 1
1147 0
1148 0
1149 0
1150 1
1151 1
1152 1
1153 1
1154 1
1155 0
1156 1
1157 0
1158 0
1159 0
1160 0
1161 1
1162 1
1163 1
1164 1
1165 0
1166 0
1167 0
1168 0
1169 1
1170 1
1171 1
1172 0
1173 1
1174 0
1175 0
1176 0
1177 1
1178 0
1179 1
1180 1
1181 0
1182 1
1183 1
1184 1
1185 0
1186 0
1187 0
1188 1
1189 1
1190 0
1191 1
1192 1
1193 1
1194 1
1195 0
1196 0
1197 0
1198 1
1199 1
1200 0
1201 0
1202 1
1203 1
1204 1
1205 1
1206 1
1207 0
1208 1
1209 1
1210 0
1211 1
1212 1
1213 1
1214 1
1215 1
1216 0
1217 1
1218 0
1219 1
1220 0
1221 0
1222 0
1223 0
1224 1
1225 1
1226 1
1227 0
1228 0
1229 0
1230 0
1231 1
1232 1
1233 0
1234 0
1235 1
1236 0
1237 1
1238 0
1239 0
1240 0
1241 1
1242 1
1243 0
1244 0
1245 0
1246 1
1247 1
1248 1
1249 0
1250 0
1251 1
1252 1
1253 1
1254 1
1255 0
1256 0
1257 0
1258 0
1259 1
1260 1
1261 1
1262 1
1263 0
1264 1
1265 0
1266 0
1267 1
1268 0
1269 0
1270 0
1271 0
1272 0
1273 1
1274 1
1275 1
1276 1
1277 0
1278 1
1279 1
1280 1
1281 0
1282 0
1283 1
1284 1
1285 0
1286 1
1287 0
1288 1
1289 0
1290 1
1291 1
1292 1
1293 0
1294 0
1295 1
1296 1
1297 0
1298 1
1299 1
1300 0
1301 0
1302 0
1303 1
1304 1
1305 1
1306 0
1307 0
1308 1
1309 1
1310 0
1311 0
1312 1
1313 0
1314 0
1315 0
1316 1
1317 0
1318 1
1319 0
1320 1
1321 1
1322 1
1323 1
1324 1
1325 0
1326 1
1327 0
1328 1
1329 1
1330 0
1331 0
1332 1
1333 0
1334 0
1335 0
1336 1
1337 0
1338 1
1339 1
1340 0
1341 0
1342 1
1343 0
1344 0
1345 1
1346 0
1347 1
1348 1
1349 1
1350 0
1351 0
1352 0
1353 1
1354 1
1355 1
1356 1
1357 0
1358 0
1359 1
1360 0
1361 0
1362 1
1363 0
1364 0
1365 0
1366 0
1367 0
1368 0
1369 0
1370 1
1371 0
1372 0
1373 0
1374 0
1375 0
1376 1
1377 1
1378 0
1379 1
1380 0
1381 0
1382 1
1383 0
1384 1
1385 0
1386 0
1387 1
1388 1
1389 1
1390 1
1391 0
1392 0
1393 1
1394 0
1395 1
1396 1
1397 1
1398 0
1399 0
1400 1
1401 0
1402 1
1403 1
1404 0
1405 1
1406 0
1407 1
1408 0
1409 0
1410 0
1411 0
1412 0
1413 0
1414 0
1415 0
1416 1
1417 1
1418 1
1419 0
1420 0
1421 0
1422 0
1423 1
1424 1
1425 0
1426 0
1427 0
1428 1
1429 0
1430 0
1431 1
1432 0
1433 1
1434 0
1435 0
1436 0
1437 1
1438 0
1439 0
1440 1
1441 1
1442 0
1443 0
1444 1
1445 0
1446 1
1447 0
1448 0
1449 0
1450 1
1451 0
1452 0
1453 0
1454 0
1455 0
1456 0
1457 1
1458 0
1459 0
1460 0
1461 0
1462 0
1463 0
1464 0
1465 0
1466 1
1467 0
1468 1
1469 0
1470 0
1471 1
1472 0
1473 1
1474 0
1475 1
1476 1
1477 0
1478 1
1479 0
1480 0
1481 1
1482 1
1483 0
1484 1
1485 0
1486 1
1487 1
1488 0
1489 0
1490 1
1491 0
1492 0
1493 0
1494 0
1495 0
1496 1
1497 1
1498 0
1499 1
1500 1
1501 1
1502 1
1503 0
1504 1
1505 1
1506 0
1507 0
1508 1
1509 0
1510 0
1511 1
1512 0
1513 0
1514 1
1515 1
1516 0
1517 0
1518 0
1519 1
1520 0
1521 0
1522 0
1523 0
1524 1
1525 1
1526 1
1527 0
1528 1
1529 0
1530 1
1531 0
1532 1
1533 1
1534 1
1535 0
1536 0
1537 0
1538 1
1539 1
1540 0
1541 1
1542 1
1543 1
1544 1
1545 1
1546 1
1547 1
1548 1
1549 1
1550 1
1551 0
1552 0
1553 1
1554 1
1555 0
1556 0
1557 1
1558 0
1559 1
1560 1
1561 0
1562 0
1563 0
1564 1
1565 0
1566 0
1567 1
1568 0
1569 0
1570 1
1571 0
1572 1
1573 0
1574 1
1575 0
1576 0
1577 0
1578 0
1579 0
1580 0
1581 0
1582 1
1583 1
1584 0
1585 1
1586 1
1587 0
1588 1
1589 0
1590 0
1591 1
1592 0
1593 0
1594 1
1595 0
1596 0
1597 0
1598 0
1599 1
1600 1
1601 1
1602 0
1603 0
1604 0
1605 1
1606 0
1607 0
1608 1
1609 0
1610 1
1611 0
1612 0
1613 0
1614 0
1615 1
1616 0
1617 0
1618 0
1619 1
1620 1
1621 0
1622 1
1623 1
1624 1
1625 0
1626 0
1627 1
1628 0
1629 1
1630 1
1631 1
1632 0
1633 0
1634 1
1635 1
1636 0
1637 1
1638 1
1639 0
1640 0
1641 1
1642 1
1643 0
1644 0
1645 1
1646 0
1647 1
1648 1
1649 1
1650 1
1651 1
1652 1
1653 1
1654 0
1655 1
1656 0
1657 1
1658 1
1659 1
1660 0
1661 1
1662 1
1663 1
1664 1
1665 1
1666 1
1667 0
1668 1
1669 1
1670 1
1671 1
1672 1
1673 0
1674 0
1675 0
1676 0
1677 0
1678 1
1679 1
1680 0
1681 0
1682 0
1683 0
1684 1
1685 1
1686 1
1687 1
1688 0
1689 0
1690 1
1691 1
1692 1
1693 0
1694 1
1695 1
1696 1
1697 0
1698 1
1699 0
1700 1
1701 1
1702 0
1703 0
1704 0
1705 0
1706 1
1707 0
1708 1
1709 1
1710 1
1711 1
1712 0
1713 1
1714 0
1715 1
1716 1
1717 1
1718 1
1719 0
1720 1
1721 0
1722 0
1723 0
1724 1
1725 0
1726 1
1727 1
1728 1
1729 1
1730 0
1731 1
1732 0
1733 1
1734 0
1735 1
1736 0
1737 0
1738 0
1739 0
1740 0
1741 0
1742 1
1743 0
1744 1
1745 0
1746 0
1747 0
1748 1
1749 0
1750 1
1751 1
1752 1
1753 0
1754 1
1755 1
1756 0
1757 0
1758 1
1759 0
1760 1
1761 1
1762 1
1763 0
1764 1
1765 0
1766 0
1767 1
1768 0
1769 0
1770 1
1771 0
1772 1
1773 1
1774 1
1775 1
1776 1
1777 1
1778 0
1779 0
1780 1
1781 0
1782 0
1783 0
1784 1
1785 1
1786 1
1787 1
1788 1
1789 0
1790 1
1791 1
1792 1
1793 1
1794 0
1795 0
1796 1
1797 1
1798 0
1799 0
1800 0
1801 0
1802 0
1803 0
1804 1
1805 1
1806 1
1807 0
1808 0
1809 1
1810 0
1811 1
1812 1
1813 1
1814 0
1815 1
1816 1
1817 0
1818 1
1819 1
1820 0
1821 0
1822 1
1823 0
1824 0
1825 1
1826 0
1827 1
1828 1
1829 0
1830 0
1831 1
1832 1
1833 1
1834 0
1835 0
1836 0
1837 1
1838 0
1839 0
1840 1
1841 0
1842 1
1843 0
1844 1
1845 1
1846 0
1847 0
1848 0
1849 1
1850 1
1851 1
1852 0
1853 0
1854 0
1855 0
1856 0
1857 0
1858 1
1859 0
1860 1
1861 1
1862 0
1863 1
1864 1
1865 0
1866 0
1867 1
1868 0
1869 1
1870 0
1871 0
1872 0
1873 0
1874 1
1875 1
1876 0
1877 1
1878 0
1879 0
1880 1
1881 1
1882 0
1883 1
1884 1
1885 1
1886 1
1887 1
1888 1
1889 1
1890 1
1891 0
1892 1
1893 1
1894 0
1895 0
1896 0
1897 1
1898 1
1899 0
1900 0
1901 0
1902 0
1903 0
1904 1
1905 1
1906 1
1907 1
1908 1
1909 1
1910 1
1911 1
1912 0
1913 0
1914 1
1915 0
1916 1
1917 1
1918 1
1919 1
1920 1
1921 0
1922 0
1923 1
1924 1
1925 1
1926 0
1927 0
1928 0
1929 1
1930 0
1931 0
1932 1
1933 0
1934 0
1935 1
1936 1
1937 0
1938 0
1939 0
1940 0
1941 1
1942 0
1943 0
1944 1
1945 0
1946 1
1947 0
1948 0
1949 0
1950 0
1951 0
1952 1
1953 0
1954 1
1955 0
1956 0
1957 1
1958 1
1959 1
1960 0
1961 0
1962 0
1963 1
1964 0
1965 1
1966 1
1967 0
1968 0
1969 1
1970 1
1971 0
1972 1
1973 0
1974 1
1975 0
1976 0
1977 0
1978 1
1979 1
1980 0
1981 0
1982 0
1983 1
1984 0
1985 0
1986 1
1987 1
1988 0
1989 1
1990 1
1991 1
1992 1
1993 0
1994 0
1995 0
1996 0
1997 1
1998 1
1999 1
2000 0
2001 0
2002 0
2003 1
2004 0
2005 0
2006 1
2007 1
2008 0
2009 0
2010 1
2011 1
2012 0
2013 1
2014 0
2015 1
2016 0
2017 1
2018 0
2019 0
2020 1
2021 1
2022 1
2023 1
2024 1
2025 1
2026 0
2027 0
2028 0
2029 0
2030 0
2031 0
2032 0
2033 1
2034 0
2035 0
2036 0
2037 1
2038 1
2039 0
2040 0
2041 0
2042 1
2043 0
2044 1
2045 0
2046 1
2047 1
2048 1
2049 0
2050 0
2051 1
2052 0
2053 0
2054 1
2055 0
2056 1
2057 1
2058 1
2059 0
2060 1
2061 1
2062 0
2063 1
2064 1
2065 1
2066 0
2067 1
2068 0
2069 0
2070 0
2071 0
2072 1
2073 1
2074 1
2075 0
2076 0
2077 1
2078 0
2079 1
2080 0
2081 0
2082 0
2083 1
2084 0
2085 0
2086 1
2087 0
2088 1
2089 0
2090 1
2091 0
2092 1
2093 0
2094 0
2095 1
2096 0
2097 0
2098 0
2099 1
2100 0
2101 0
2102 0
2103 1
2104 0
2105 1
2106 1
2107 0
2108 0
2109 1
2110 1
2111 0
2112 0
2113 1
2114 0
2115 0
2116 0
2117 1
2118 1
2119 1
2120 1
2121 0
2122 0
2123 0
2124 0
2125 1
2126 1
2127 0
2128 1
2129 1
2130 0
2131 1
2132 0
2133 0
2134 0
2135 1
2136 1
2137 0
2138 0
2139 0
2140 1
2141 0
2142 1
2143 1
2144 1
2145 1
2146 0
2147 0
2148 1
2149 1
2150 0
2151 0
2152 0
2153 1
2154 1
2155 0
2156 1
2157 1
2158 0
2159 0
2160 1
2161 0
2162 0
2163 0
2164 0
2165 0
2166 0
2167 1
2168 1
2169 1
2170 1
2171 1
2172 0
2173 0
2174 1
2175 1
2176 0
2177 1
2178 0
2179 0
2180 1
2181 1
2182 1
2183 0
2184 0
2185 1
2186 1
2187 0
2188 1
2189 0
2190 0
2191 0
2192 1
2193 1
2194 0
2195 1
2196 0
2197 0
2198 0
2199 0
2200 0
2201 1
2202 1
2203 1
2204 0
2205 0
2206 1
2207 1
2208 1
2209 0
2210 0
2211 0
2212 0
2213 1
2214 0
2215 1
2216 0
2217 0
2218 0
2219 1
2220 0
2221 1
2222 0
2223 0
2224 1
2225 0
2226 1
2227 1
2228 0
2229 0
2230 0
2231 1
2232 1
2233 0
2234 1
2235 1
2236 0
2237 0
2238 1
2239 1
2240 0
2241 1
2242 0
2243 0
2244 1
2245 1
2246 1
2247 0
2248 0
2249 1
2250 1
2251 1
2252 0
2253 1
2254 0
2255 0
2256 0
2257 0
2258 1
2259 1
2260 1
2261 1
2262 1
2263 0
2264 0
2265 1
2266 1
2267 0
2268 0
2269 0
2270 1
2271 1
2272 0
2273 0
2274 0
2275 0
2276 0
2277 1
2278 1
2279 0
2280 0
2281 1
2282 1
2283 0
2284 0
2285 0
2286 0
2287 1
2288 0
2289 1
2290 1
2291 0
2292 1
2293 1
2294 0
2295 1
2296 0
2297 0
2298 1
2299 0
2300 1
2301 0
2302 0
2303 0
2304 0
2305 0
2306 1
2307 1
2308 1
2309 0
2310 0
2311 1
2312 1
2313 1
2314 0
2315 1
2316 1
2317 0
2318 1
2319 1
2320 1
2321 0
2322 1
2323 1
2324 0
2325 1
2326 0
2327 0
2328 1
2329 0
2330 0
2331 1
2332 0
2333 1
2334 1
2335 0
2336 0
2337 0
2338 1
2339 0
2340 0
2341 0
2342 1
2343 1
2344 1
2345 0
2346 0
2347 1
2348 0
2349 1
2350 0
2351 0
2352 0
2353 0
2354 1
2355 1
2356 1
2357 0
2358 1
2359 1
2360 0
2361 0
2362 0
2363 0
2364 1
2365 0
2366 1
2367 0
2368 1
2369 1
2370 1
2371 1
2372 1
2373 0
2374 1
2375 0
2376 1
2377 0
2378 1
2379 1
2380 1
2381 1
2382 1
2383 0
2384 0
2385 0
2386 1
2387 0
2388 1
2389 1
2390 0
2391 0
2392 0
2393 1
2394 0
2395 1
2396 1
2397 1
2398 1
2399 0
2400 0
2401 0
2402 1
2403 1
2404 1
2405 0
2406 1
2407 0
2408 1
2409 0
2410 1
2411 1
2412 1
2413 0
2414 0
2415 1
2416 1
2417 1
2418 1
2419 0
2420 0
2421 0
2422 0
2423 0
2424 0
2425 0
2426 0
2427 1
2428 0
2429 0
2430 1
2431 1
2432 1
2433 1
2434 1
2435 1
2436 0
2437 1
2438 0
2439 0
2440 0
2441 0
2442 0
2443 1
2444 0
2445 1
2446 0
2447 0
2448 1
2449 1
2450 0
2451 1
2452 1
2453 1
2454 1
2455 0
2456 0
2457 1
2458 0
2459 1
2460 0
2461 0
2462 1
2463 0
2464 1
2465 0
2466 1
2467 1
2468 0
2469 0
2470 0
2471 1
2472 0
2473 1
2474 1
2475 1
2476 1
2477 1
2478 0
2479 1
2480 1
2481 0
2482 0
2483 1
2484 1
2485 0
2486 0
2487 1
2488 1
2489 1
2490 0
2491 0
2492 0
2493 1
2494 0
2495 1
2496 0
2497 0
2498 1
2499 1
2500 0
2501 0
2502 0
2503 0
2504 1
2505 0
2506 0
2507 1
2508 0
2509 1
2510 0
2511 1
2512 0
2513 0
2514 0
2515 1
2516 1
2517 1
2518 1
2519 1
2520 0
2521 0
2522 0
2523 0
2524 0
2525 1
2526 1
2527 1
2528 1
2529 1
2530 0
2531 1
2532 1
2533 1
2534 1
2535 1
2536 1
2537 0
2538 0
2539 0
2540 0
2541 1
2542 0
2543 0
2544 0
2545 0
2546 0
2547 0
2548 0
2549 0
2550 1
2551 1
2552 0
2553 0
2554 0
2555 1
2556 0
2557 0
2558 1
2559 1
2560 0
2561 1
2562 0
2563 1
2564 1
2565 1
2566 0
2567 0
2568 1
2569 0
2570 1
2571 1
2572 1
2573 1
2574 0
2575 1
2576 0
2577 0
2578 0
2579 0
2580 1
2581 0
2582 0
2583 1
2584 0
2585 0
2586 1
2587 1
2588 1
2589 1
2590 0
2591 0
2592 1
2593 1
2594 1
2595 0
2596 1
2597 1
2598 1
2599 0
2600 0
2601 0
2602 1
2603 1
2604 0
2605 1
2606 0
2607 1
2608 1
2609 1
2610 1
2611 1
2612 0
2613 0
2614 0
2615 1
2616 1
2617 1
2618 0
2619 0
2620 1
2621 0
2622 0
2623 0
2624 1
2625 1
2626 0
2627 1
2628 0
2629 0
2630 1
2631 0
2632 1
2633 1
2634 0
2635 0
2636 0
2637 1
2638 0
2639 1
2640 0
2641 1
2642 1
2643 1
2644 0
2645 1
2646 0
2647 1
2648 1
2649 1
2650 0
2651 1
2652 1
2653 0
2654 0
2655 1
2656 1
2657 0
2658 1
2659 0
2660 1
2661 1
2662 0
2663 1
2664 0
2665 1
2666 0
2667 1
2668 1
2669 1
2670 0
2671 1
2672 1
2673 0
2674 0
2675 1
2676 0
2677 1
2678 0
2679 0
2680 0
2681 1
2682 1
2683 1
2684 1
2685 0
2686 1
2687 0
2688 0
2689 1
2690 0
2691 0
2692 0
2693 0
2694 0
2695 0
2696 0
2697 1
2698 1
2699 0
2700 1
2701 1
2702 1
2703 1
2704 0
2705 0
2706 0
2707 1
2708 0
2709 1
2710 1
2711 0
2712 1
2713 1
2714 1
2715 1
2716 1
2717 1
2718 1
2719 0
2720 0
2721 1
2722 1
2723 1
2724 1
2725 1
2726 1
2727 1
2728 0
2729 0
2730 0
2731 0
2732 0
2733 0
2734 0
2735 1
2736 1
2737 1
2738 0
2739 1
2740 1
2741 1
2742 1
2743 1
2744 1
2745 1
2746 0
2747 0
2748 1
2749 0