0 0
1 0
2 0
3 1
4 0
5 1
6 1
7 1
8 0
9 1
10 1
11 1
12 1
13 1
14 1
15 1
16 1
17 0
18 0
19 1
20 0
21 0
22 1
23 1
24 1
25 1
26 1
27 0
28 0
29 0
30 0
31 0
32 1
33 1
34 0
35 0
36 1
37 0
38 0
39 0
40 1
41 0
42 0
43 0
44 1
45 1
46 0
47 0
48 1
49 1
50 1
51 0
52 0
53 0
54 0
55 0
56 0
57 0
58 1
59 0
60 0
61 0
62 1
63 1
64 0
65 0
66 1
67 1
68 0
69 0
70 1
71 1
72 0
73 0
74 1
75 1
76 1
77 1
78 1
79 1
80 1
81 0
82 0
83 1
84 1
85 0
86 1
87 0
88 1
89 1
90 0
91 0
92 1
93 0
94 1
95 1
96 1
97 0
98 1
99 1
100 0
101 0
102 0
103 0
104 1
105 1
106 1
107 0
108 0
109 1
110 1
111 0
112 1
113 0
114 1
115 1
116 0
117 1
118 1
119 0
120 1
121 1
122 1
123 1
124 1
125 1
126 1
127 0
128 0
129 1
130 0
131 0
132 1
133 0
134 1
135 1
136 1
137 1
138 1
139 0
140 1
141 0
142 0
143 0
144 1
145 1
146 1
147 1
148 1
149 1
150 1
151 0
152 0
153 0
154 0
155 1
156 0
157 1
158 0
159 0
160 1
161 0
162 1
163 1
164 1
165 0
166 0
167 1
168 0
169 1
170 1
171 0
172 0
173 0
174 0
175 0
176 1
177 0
178 1
179 1
180 1
181 1
182 1
183 1
184 0
185 0
186 1
187 0
188 0
189 1
190 0
191 0
192 0
193 0
194 1
195 0
196 0
197 0
198 0
199 0
200 0
201 1
202 0
203 1
204 0
205 0
206 0
207 1
208 1
209 0
210 0
211 1
212 0
213 0
214 1
215 1
216 0
217 0
218 0
219 1
220 0
221 0
222 0
223 0
224 0
225 1
226 0
227 1
228 0
229 1
230 0
231 0
232 1
233 0
234 1
235 0
236 1
237 0
238 1
239 0
240 1
241 1
242 1
243 0
244 0
245 0
246 0
247 1
248 0
249 0
250 1
251 0
252 1
253 0
254 1
255 1
256 0
257 1
258 1
259 0
260 0
261 0
262 0
263 0
264 1
265 1
266 1
267 0
268 0
269 0
270 0
271 0
272 1
273 1
274 0
275 0
276 1
277 1
278 1
279 0
280 1
281 1
282 0
283 0
284 0
285 0
286 0
287 0
288 0
289 1
290 0
291 1
292 1
293 1
294 0
295 1
296 1
297 1
298 1
299 1
300 1
301 1
302 1
303 1
304 1
305 0
306 0
307 1
308 1
309 1
310 0
311 1
312 0
313 1
314 0
315 0
316 0
317 0
318 0
319 0
320 0
321 1
322 1
323 0
324 1
325 0
326 1
327 0
328 1
329 1
330 1
331 1
332 1
333 0
334 1
335 0
336 1
337 1
338 0
339 1
340 0
341 1
342 1
343 1
344 1
345 0
346 0
347 0
348 1
349 0
350 1
351 1
352 0
353 0
354 1
355 0
356 0
357 0
358 1
359 0
360 0
361 0
362 0
363 1
364 1
365 1
366 1
367 0
368 1
369 0
370 1
371 0
372 1
373 1
374 1
375 0
376 0
377 0
378 1
379 0
380 0
381 1
382 0
383 1
384 1
385 1
386 0
387 0
388 1
389 1
390 1
391 1
392 0
393 1
394 1
395 1
396 0
397 1
398 1
399 0
400 1
401 0
402 1
403 1
404 1
405 0
406 0
407 1
408 1
409 1
410 1
411 0
412 0
413 1
414 1
415 1
416 0
417 0
418 1
419 0
420 1
421 1
422 1
423 0
424 0
425 1
426 0
427 0
428 1
429 1
430 1
431 1
432 0
433 1
434 0
435 1
436 0
437 1
438 0
439 1
440 0
441 0
442 1
443 1
444 0
445 1
446 1
447 0
448 1
449 0
450 1
451 1
452 0
453 0
454 1
455 0
456 0
457 0
458 1
459 0
460 0
461 0
462 1
463 0
464 1
465 0
466 0
467 0
468 1
469 1
470 1
471 1
472 1
473 0
474 1
475 0
476 1
477 0
478 1
479 1
480 0
481 1
482 0
483 0
484 1
485 0
486 1
487 1
488 1
489 1
490 1
491 0
492 0
493 1
494 0
495 0
496 0
497 0
498 0
499 0
500 0
501 0
502 0
503 1
504 0
505 1
506 0
507 1
508 0
509 1
510 1
511 1
512 1
513 0
514 0
515 1
516 0
517 1
518 1
519 0
520 1
521 0
522 1
523 1
524 0
525 1
526 0
527 0
528 0
529 1
530 0
531 1
532 0
533 1
534 1
535 0
536 0
537 1
538 1
539 1
540 0
541 1
542 0
543 1
544 1
545 1
546 1
547 0
548 1
549 0
550 1
551 0
552 1
553 0
554 1
555 1
556 0
557 0
558 0
559 1
560 1
561 1
562 0
563 1
564 0
565 0
566 1
567 0
568 1
569 0
570 1
571 0
572 1
573 0
574 1
575 0
576 0
577 0
578 0
579 1
580 1
581 0
582 1
583 0
584 0
585 1
586 1
587 0
588 0
589 1
590 1
591 0
592 1
593 1
594 1
595 0
596 1
597 1
598 1
599 0
600 0
601 0
602 1
603 1
604 0
605 0
606 1
607 1
608 1
609 0
610 1
611 0
612 0
613 0
614 0
615 1
616 1
617 0
618 0
619 0
620 1
621 0
622 0
623 0
624 1
625 1
626 1
627 1
628 0
629 1
630 0
631 0
632 0
633 0
634 0
635 0
636 1
637 1
638 0
639 1
640 0
641 1
642 1
643 1
644 1
645 1
646 0
647 0
648 0
649 1
650 0
651 1
652 0
653 1
654 0
655 1
656 0
657 1
658 1
659 0
660 0
661 0
662 0
663 0
664 1
665 1
666 0
667 0
668 1
669 0
670 0
671 1
672 1
673 1
674 0
675 0
676 1
677 0
678 0
679 0
680 1
681 0
682 1
683 1
684 1
685 1
686 1
687 0
688 0
689 0
690 0
691 1
692 0
693 0
694 1
695 1
696 0
697 0
698 1
699 1
700 1
701 1
702 0
703 1
704 1
705 1
706 1
707 0
708 1
709 0
710 0
711 1
712 0
713 0
714 1
715 1
716 0
717 0
718 0
719 0
720 0
721 1
722 0
723 0
724 0
725 0
726 0
727 0
728 1
729 0
730 0
731 1
732 1
733 1
734 1
735 1
736 1
737 0
738 0
739 1
740 1
741 1
742 0
743 1
744 1
745 0
746 1
747 1
748 1
749 1
750 0
751 1
752 1
753 1
754 0
755 0
756 1
757 0
758 0
759 0
760 1
761 1
762 0
763 1
764 0
765 1
766 1
767 0
768 0
769 0
770 0
771 1
772 1
773 1
774 0
775 0
776 1
777 1
778 1
779 0
780 0
781 0
782 0
783 0
784 0
785 1
786 1
787 0
788 0
789 0
790 1
791 0
792 0
793 1
794 0
795 0
796 1
797 0
798 0
799 0
800 0
801 1
802 1
803 1
804 0
805 1
806 1
807 0
808 0
809 0
810 1
811 0
812 0
813 0
814 0
815 0
816 1
817 0
818 1
819 0
820 1
821 1
822 1
823 0
824 1
825 1
826 1
827 0
828 1
829 1
830 0
831 0
832 1
833 1
834 0
835 1
836 0
837 0
838 1
839 1
840 0
841 0
842 0
843 0
844 1
845 1
846 0
847 1
848 0
849 0
850 1
851 0
852 0
853 0
854 0
855 1
856 1
857 1
858 1
859 1
860 0
861 1
862 0
863 1
864 0
865 0
866 0
867 0
868 1
869 0
870 0
871 0
872 0
873 0
874 1
875 0
876 0
877 0
878 1
879 0
880 0
881 0
882 0
883 1
884 0
885 1
886 0
887 1
888 0
889 0
890 1
891 1
892 0
893 1
894 0
895 1
896 1
897 1
898 1
899 0
900 1
901 0
902 0
903 1
904 1
905 1
906 0
907 0
908 1
909 0
910 0
911 1
912 0
913 0
914 0
915 1
916 1
917 0
918 1
919 0
920 1
921 0
922 0
923 0
924 0
925 0
926 0
927 0
928 1
929 0
930 1
931 1
932 0
933 1
934 1
935 0
936 0
937 1
938 1
939 1
940 0
941 0
942 1
943 0
944 1
945 1
946 1
947 1
948 1
949 0
950 0
951 1
952 1
953 1
954 1
955 0
956 1
957 1
958 0
959 1
960 1
961 1
962 1
963 0
964 1
965 1
966 0
967 1
968 1
969 0
970 1
971 1
972 0
973 0
974 1
975 1
976 1
977 1
978 1
979 0
980 0
981 1
982 1
983 0
984 0
985 1
986 1
987 1
988 0
989 0
990 1
991 0
992 0
993 1
994 1
995 0
996 1
997 0
998 1
999 0
1000 0
1001 0
1002 1
1003 1
1004 0
1005 1
1006 0
1007 1
1008 0
1009 0
1010 1
1011 1
1012 1
1013 0
1014 1
1015 0
1016 1
1017 0
1018 0
1019 0
1020 1
1021 1
1022 1
1023 1
1024 1
1025 0
1026 0
1027 0
1028 1
1029 1
1030 1
1031 1
1032 1
1033 1
1034 0
1035 0
1036 1
1037 1
1038 0
1039 0
1040 0
1041 1
1042 1
1043 1
1044 1
1045 0
1046 1
1047 1
1048 0
1049 1
1050 1
1051 0
1052 0
1053 0
1054 1
1055 1
1056 0
1057 1
1058 1
1059 0
1060 0
1061 0
1062 0
1063 1
1064 0
1065 1
1066 0
1067 0
1068 1
1069 0
1070 0
1071 1
1072 0
1073 0
1074 1
1075 1
1076 1
1077 1
1078 0
1079 0
1080 1
1081 1
1082 1
1083 1
1084 0
1085 1
1086 0
1087 0
1088 1
1089 1
1090 1
1091 0
1092 0
1093 1
1094 1
1095 1
1096 1
1097 1
1098 1
1099 0
1100 0
1101 1
1102 0
1103 1
1104 0
1105 1
1106 1
1107 1
1108 1
1109 1
1110 1
1111 0
1112 0
1113 1
1114 1
1115 0
1116 1
1117 0
1118 0
1119 1
1120 1
1121 0
1122 0
1123 1
1124 1
1125 1
1126 1
1127 1
1128 1
1129 1
1130 0
1131 0
1132 0
1133 0
1134 1
1135 0
1136 0
1137 0
1138 0
1139 1
1140 0
1141 0
1142 1
1143 0
1144 0
1145 1
1146 1
1147 0
1148 0
1149 0
1150 0
1151 0
1152 1
1153 1
1154 1
1155 1
1156 1
1157 1
1158 0
1159 1
1160 0
1161 1
1162 1
1163 1
1164 0
1165 1
1166 1
1167 0
1168 1
1169 1
1170 0
1171 0
1172 0
1173 1
1174 0
1175 0
1176 0
1177 1
1178 0
1179 0
1180 1
1181 0
1182 1
1183 1
1184 1
1185 0
1186 1
1187 1
1188 0
1189 1
1190 0
1191 1
1192 0
1193 1
1194 0
1195 1
1196 1
1197 1
1198 1
1199 0
1200 0
1201 0
1202 0
1203 0
1204 0
1205 1
1206 1
1207 1
1208 1
1209 0
1210 0
1211 0
1212 0
1213 0
1214 1
1215 1
1216 0
1217 1
1218 0
1219 0
1220 0
1221 0
1222 1
1223 1
1224 0
1225 1
1226 1
1227 1
1228 1
1229 0
1230 1
1231 1
1232 0
1233 1
1234 1
1235 1
1236 0
1237 0
1238 0
1239 1
1240 0
1241 1
1242 1
1243 0
1244 0
1245 0
1246 1
1247 1
1248 1
1249 0
1250 0
1251 0
1252 1
1253 1
1254 1
1255 0
1256 0
1257 0
1258 1
1259 1
1260 1
1261 1
1262 0
1263 0
1264 1
1265 0
1266 0
1267 1
1268 1
1269 1
1270 1
1271 1
1272 1
1273 0
1274 1
1275 1
1276 0
1277 1
1278 0
1279 1
1280 0
1281 0
1282 1
1283 0
1284 1
1285 0
1286 0
1287 1
1288 0
1289 0
1290 0
1291 0
1292 1
1293 1
1294 1
1295 0
1296 1
1297 0
1298 0
1299 1
1300 1
1301 1
1302 1
1303 0
1304 1
1305 1
1306 1
1307 0
1308 0
1309 1
1310 1
1311 1
1312 1
1313 1
1314 1
1315 1
1316 1
1317 1
1318 0
1319 1
1320 0
1321 1
1322 0
1323 0
1324 1
1325 0
1326 1
1327 0
1328 0
1329 0
1330 0
1331 0
1332 0
1333 1
1334 0
1335 0
1336 0
1337 1
1338 1
1339 1
1340 0
1341 1
1342 1
1343 0
1344 0
1345 0
1346 1
1347 1
1348 1
1349 0
1350 0
1351 1
1352 1
1353 0
1354 1
1355 1
1356 0
1357 1
1358 0
1359 0
1360 0
1361 0
1362 1
1363 1
1364 0
1365 1
1366 1
1367 1
1368 1
1369 0
1370 1
1371 0
1372 0
1373 0
1374 1
1375 0
1376 0
1377 0
1378 0
1379 0
1380 0
1381 1
1382 1
1383 0
1384 1
1385 0
1386 1
1387 1
1388 1
1389 0
1390 1
1391 0
1392 1
1393 0
1394 0
1395 1
1396 0
1397 1
1398 1
1399 1
1400 0
1401 1
1402 0
1403 1
1404 0
1405 0
1406 1
1407 1
1408 1
1409 0
1410 1
1411 1
1412 0
1413 0
1414 0
1415 1
1416 1
1417 1
1418 0
1419 1
1420 1
1421 1
1422 0
1423 0
1424 1
1425 1
1426 1
1427 0
1428 1
1429 0
1430 0
1431 0
1432 0
1433 1
1434 0
1435 0
1436 1
1437 0
1438 1
1439 0
1440 1
1441 1
1442 1
1443 1
1444 0
1445 1
1446 1
1447 1
1448 1
1449 1
1450 0
1451 1
1452 1
1453 0
1454 0
1455 1
1456 0
1457 0
1458 0
1459 1
1460 0
1461 0
1462 0
1463 1
1464 1
1465 1
1466 0
1467 1
1468 1
1469 1
1470 0
1471 1
1472 1
1473 0
1474 0
1475 1
1476 0
1477 0
1478 1
1479 0
1480 0
1481 1
1482 0
1483 0
1484 0
1485 0
1486 1
1487 0
1488 0
1489 0
1490 1
1491 0
1492 1
1493 0
1494 0
1495 0
1496 0
1497 0
1498 0
1499 0
1500 0
1501 0
1502 0
1503 1
1504 0
1505 1
1506 1
1507 1
1508 1
1509 0
1510 1
1511 1
1512 1
1513 0
1514 0
1515 1
1516 0
1517 1
1518 0
1519 0
1520 0
1521 1
1522 1
1523 0
1524 0
1525 0
1526 0
1527 0
1528 0
1529 0
1530 0
1531 0
1532 1
1533 0
1534 0
1535 1
1536 1
1537 1
1538 0
1539 0
1540 1
1541 0
1542 0
1543 0
1544 0
1545 0
1546 0
1547 1
1548 0
1549 1
1550 1
1551 0
1552 1
1553 0
1554 0
1555 0
1556 0
1557 1
1558 1
1559 0
1560 1
1561 1
1562 0
1563 1
1564 1
1565 0
1566 0
1567 1
1568 1
1569 0
1570 0
1571 0
1572 0
1573 0
1574 1
1575 0
1576 0
1577 0
1578 0
1579 1
1580 0
1581 1
1582 1
1583 0
1584 1
1585 1
1586 1
1587 0
1588 1
1589 1
1590 1
1591 1
1592 1
1593 0
1594 1
1595 0
1596 1
1597 1
1598 1
1599 1
1600 0
1601 1
1602 1
1603 0
1604 1
1605 0
1606 1
1607 1
1608 1
1609 1
1610 0
1611 1
1612 0
1613 0
1614 1
1615 1
1616 1
1617 0
1618 0
1619 0
1620 1
1621 1
1622 0
1623 1
1624 0
1625 0
1626 0
1627 0
1628 1
1629 1
1630 0
1631 0
1632 0
1633 0
1634 1
1635 0
1636 0
1637 0
1638 1
1639 1
1640 1
1641 1
1642 1
1643 0
1644 0
1645 0
1646 0
1647 1
1648 0
1649 0
1650 0
1651 1
1652 0
1653 0
1654 1
1655 1
1656 1
1657 0
1658 1
1659 0
1660 0
1661 0
1662 0
1663 0
1664 1
1665 1
1666 1
1667 1
1668 0
1669 0
1670 1
1671 0
1672 0
1673 0
1674 1
1675 0
1676 1
1677 1
1678 1
1679 1
1680 1
1681 1
1682 1
1683 1
1684 1
1685 0
1686 0
1687 0
1688 1
1689 0
1690 1
1691 0
1692 0
1693 0
1694 0
1695 1
1696 1
1697 1
1698 0
1699 1
1700 1
1701 0
1702 0
1703 0
1704 1
1705 0
1706 0
1707 1
1708 0
1709 0
1710 0
1711 0
1712 1
1713 0
1714 1
1715 0
1716 1
1717 0
1718 0
1719 0
1720 1
1721 0
1722 1
1723 1
1724 0
1725 1
1726 0
1727 1
1728 1
1729 1
1730 1
1731 1
1732 0
1733 0
1734 1
1735 0
1736 0
1737 1
1738 1
1739 1
1740 1
1741 0
1742 0
1743 0
1744 0
1745 0
1746 0
1747 1
1748 1
1749 0
1750 1
1751 1
1752 0
1753 1
1754 0
1755 0
1756 1
1757 1
1758 1
1759 0
1760 0
1761 0
1762 0
1763 0
1764 0
1765 0
1766 1
1767 0
1768 1
1769 1
1770 1
1771 1
1772 1
1773 0
1774 1
1775 1
1776 1
1777 1
1778 1
1779 0
1780 0
1781 0
1782 0
1783 1
1784 1
1785 1
1786 1
1787 1
1788 0
1789 1
1790 1
1791 1
1792 1
1793 0
1794 1
1795 0
1796 1
1797 1
1798 1
1799 1
1800 0
1801 0
1802 0
1803 1
1804 0
1805 1
1806 1
1807 1
1808 0
1809 1
1810 1
1811 1
1812 0
1813 0
1814 1
1815 0
1816 1
1817 1
1818 1
1819 0
1820 1
1821 1
1822 0
1823 1
1824 0
1825 0
1826 0
1827 0
1828 1
1829 1
1830 1
1831 1
1832 0
1833 1
1834 1
1835 1
1836 0
1837 1
1838 0
1839 0
1840 0
1841 0
1842 0
1843 1
1844 0
1845 0
1846 1
1847 1
1848 0
1849 0
1850 1
1851 1
1852 0
1853 1
1854 0
1855 0
1856 1
1857 1
1858 1
1859 1
1860 1
1861 0
1862 0
1863 0
1864 1
1865 1
1866 1
1867 1
1868 0
1869 0
1870 0
1871 0
1872 1
1873 0
1874 1
1875 0
1876 0
1877 0
1878 0
1879 1
1880 0
1881 0
1882 0
1883 0
1884 0
1885 0
1886 0
1887 0
1888 0
1889 1
1890 1
1891 0
1892 0
1893 0
1894 0
1895 0
1896 1
1897 1
1898 1
1899 0
1900 1
1901 0
1902 1
1903 1
1904 0
1905 1
1906 1
1907 0
1908 1
1909 1
1910 1
1911 0
1912 0
1913 0
1914 1
1915 1
1916 1
1917 1
1918 0
1919 0
1920 1
1921 0
1922 0
1923 0
1924 0
1925 0
1926 0
1927 1
1928 1
1929 1
1930 0
1931 0
1932 0
1933 0
1934 1
1935 0
1936 0
1937 0
1938 0
1939 0
1940 0
1941 1
1942 0
1943 0
1944 0
1945 0
1946 1
1947 1
1948 0
1949 1
1950 1
1951 0
1952 1
1953 1
1954 1
1955 0
1956 1
1957 0
1958 0
1959 0
1960 1
1961 1
1962 1
1963 1
1964 1
1965 1
1966 1
1967 1
1968 0
1969 0
1970 0
1971 0
1972 1
1973 0
1974 0
1975 1
1976 1
1977 1
1978 1
1979 0
1980 1
1981 1
1982 0
1983 1
1984 1
1985 0
1986 1
1987 1
1988 1
1989 1
1990 0
1991 0
1992 0
1993 1
1994 1
1995 1
1996 1
1997 1
1998 1
1999 1
2000 1
2001 0
2002 0
2003 0
2004 0
2005 0
2006 1
2007 1
2008 1
2009 1
2010 0
2011 0
2012 1
2013 0
2014 1
2015 1
2016 0
2017 1
2018 0
2019 1
2020 1
2021 0
2022 1
2023 1
2024 0
2025 1
2026 1
2027 1
2028 0
2029 0
2030 1
2031 1
2032 1
2033 0
2034 1
2035 0
2036 1
2037 0
2038 1
2039 0
2040 0
2041 1
2042 0
2043 1
2044 1
2045 0
2046 0
2047 0
2048 0
2049 1
2050 0
2051 1
2052 1
2053 1
2054 1
2055 0
2056 1
2057 1
2058 0
2059 1
2060 0
2061 0
2062 0
2063 0
2064 0
2065 0
2066 0
2067 0
2068 1
2069 1
2070 1
2071 0
2072 1
2073 1
2074 0
2075 0
2076 1
2077 0
2078 0
2079 0
2080 1
2081 0
2082 0
2083 1
2084 1
2085 0
2086 1
2087 0
2088 1
2089 0
2090 1
2091 1
2092 1
2093 0
2094 1
2095 1
2096 0
2097 1
2098 0
2099 1
2100 0
2101 1
2102 1
2103 1
2104 1
2105 0
2106 1
2107 1
2108 0
2109 0
2110 1
2111 0
2112 1
2113 0
2114 0
2115 0
2116 0
2117 1
2118 1
2119 0
2120 0
2121 1
2122 1
2123 0
2124 1
2125 1
2126 0
2127 1
2128 1
2129 1
2130 1
2131 0
2132 1
2133 0
2134 1
2135 0
2136 0
2137 1
2138 1
2139 1
2140 1
2141 0
2142 0
2143 1
2144 0
2145 1
2146 0
2147 1
2148 0
2149 0
2150 0
2151 0
2152 1
2153 0
2154 0
2155 1
2156 0
2157 1
2158 1
2159 1
2160 1
2161 1
2162 1
2163 1
2164 0
2165 0
2166 1
2167 0
2168 1
2169 1
2170 1
2171 0
2172 1
2173 1
2174 0
2175 1
2176 1
2177 1
2178 0
2179 1
2180 0
2181 0
2182 0
2183 1
2184 0
2185 1
2186 0
2187 0
2188 1
2189 1
2190 0
2191 0
2192 0
2193 0
2194 0
2195 0
2196 0
2197 0
2198 0
2199 0
2200 1
2201 0
2202 0
2203 0
2204 0
2205 1
2206 0
2207 0
2208 0
2209 0
2210 0
2211 1
2212 0
2213 1
2214 0
2215 0
2216 0
2217 0
2218 0
2219 0
2220 1
2221 0
2222 1
2223 0
2224 1
2225 0
2226 0
2227 0
2228 1
2229 1
2230 1
2231 0
2232 1
2233 0
2234 0
2235 0
2236 1
2237 0
2238 1
2239 1
2240 0
2241 1
2242 1
2243 0
2244 0
2245 0
2246 0
2247 1
2248 1
2249 1
2250 1
2251 1
2252 1
2253 1
2254 0
2255 1
2256 0
2257 0
2258 1
2259 0
2260 1
2261 0
2262 0
2263 0
2264 1
2265 1
2266 0
2267 1
2268 0
2269 1
2270 1
2271 1
2272 1
2273 0
2274 1
2275 1
2276 1
2277 0
2278 0
2279 0
2280 0
2281 1
2282 0
2283 0
2284 0
2285 0
2286 1
2287 0
2288 1
2289 1
2290 1
2291 0
2292 1
2293 1
2294 1
2295 1
2296 0
2297 0
2298 1
2299 0
2300 0
2301 0
2302 0
2303 1
2304 1
2305 1
2306 1
2307 1
2308 1
2309 1
2310 1
2311 1
2312 0
2313 1
2314 0
2315 1
2316 1
2317 1
2318 1
2319 1
2320 0
2321 1
2322 1
2323 1
2324 0
2325 0
2326 1
2327 0
2328 1
2329 1
2330 0
2331 0
2332 1
2333 0
2334 1
2335 0
2336 1
2337 1
2338 0
2339 0
2340 0
2341 0
2342 1
2343 0
2344 0
2345 0
2346 1
2347 0
2348 0
2349 0
2350 1
2351 1
2352 1
2353 1
2354 1
2355 0
2356 0
2357 1
2358 1
2359 0
2360 1
2361 1
2362 1
2363 0
2364 0
2365 0
2366 1
2367 1
2368 1
2369 1
2370 0
2371 1
2372 1
2373 0
2374 0
2375 1
2376 0
2377 1
2378 0
2379 1
2380 1
2381 0
2382 1
2383 0
2384 1
2385 0
2386 0
2387 0
2388 0
2389 1
2390 0
2391 0
2392 0
2393 1
2394 0
2395 0
2396 0
2397 0
2398 1
2399 0
2400 0
2401 0
2402 1
2403 1
2404 1
2405 1
2406 1
2407 0
2408 0
2409 0
2410 0
2411 0
2412 0
2413 0
2414 0
2415 1
2416 1
2417 0
2418 1
2419 1
2420 0
2421 1
2422 0
2423 0
2424 1
2425 1
2426 1
2427 0
2428 0
2429 1
2430 1
2431 0
2432 1
2433 0
2434 1
2435 0
2436 0
2437 0
2438 0
2439 0
2440 1
2441 0
2442 0
2443 0
2444 1
2445 1
2446 1
2447 0
2448 1
2449 0
2450 1
2451 1
2452 0
2453 0
2454 1
2455 0
2456 1
2457 1
2458 1
2459 0
2460 1
2461 1
2462 0
2463 0
2464 1
2465 1
2466 0
2467 1
2468 0
2469 1
2470 0
2471 1
2472 0
2473 1
2474 1
2475 1
2476 0
2477 0
2478 0
2479 0
2480 0
2481 1
2482 0
2483 0
2484 0
2485 0
2486 1
2487 1
2488 0
2489 0
2490 1
2491 0
2492 1
2493 0
2494 1
2495 1
2496 0
2497 1
2498 1
2499 0
2500 0
2501 0
2502 0
2503 1
2504 0
2505 0
2506 0
2507 1
2508 1
2509 1
2510 1
2511 1
2512 0
2513 0
2514 1
2515 1
2516 1
2517 0
2518 0
2519 1
2520 1
2521 0
2522 1
2523 1
2524 1
2525 0
2526 1
2527 1
2528 0
2529 1
2530 1
2531 1
2532 0
2533 0
2534 1
2535 0
2536 1
2537 0
2538 1
2539 1
2540 1
2541 0
2542 1
2543 0
2544 0
2545 1
2546 0
2547 1
2548 1
2549 0
2550 0
2551 0
2552 1
2553 1
2554 1
2555 1
2556 1
2557 1
2558 0
2559 0
2560 0
2561 1
2562 0
2563 0
2564 0
2565 0
2566 0
2567 0
2568 0
2569 1
2570 1
2571 0
2572 1
2573 1
2574 0
2575 0
2576 1
2577 0
2578 0
2579 1
2580 1
2581 1
2582 1
2583 0
2584 0
2585 0
2586 0
2587 0
2588 1
2589 0
2590 0
2591 1
2592 1
2593 1
2594 0
2595 0
2596 0
2597 0
2598 0
2599 0
2600 0
2601 1
2602 1
2603 0
2604 1
2605 1
2606 1
2607 1
2608 0
2609 0
2610 0
2611 1
2612 0
2613 0
2614 0
2615 0
2616 0
2617 1
2618 0
2619 1
2620 0
2621 1
2622 1
2623 1
2624 0
2625 0
2626 0
2627 1
2628 0
2629 0
2630 0
2631 0
2632 1
2633 1
2634 0
2635 0
2636 1
2637 1
2638 0
2639 0
2640 1
2641 0
2642 0
2643 0
2644 1
2645 0
2646 1
2647 0
2648 0
2649 0
2650 0
2651 1
2652 0
2653 0
2654 1
2655 1
2656 0
2657 1
2658 0
2659 1
2660 1
2661 1
2662 1
2663 0
2664 1
2665 0
2666 1
2667 0
2668 0
2669 1
2670 1
2671 1
2672 0
2673 1
2674 0
2675 0
2676 1
2677 0
2678 1
2679 0
2680 0
2681 0
2682 1
2683 0
2684 0
2685 1
2686 0
2687 0
2688 0
2689 0
2690 0
2691 1
2692 1
2693 0
2694 1
2695 1
2696 1
2697 0
2698 1
2699 0
2700 0
2701 1
2702 0
2703 1
2704 1
2705 0
2706 0
2707 0
2708 0
2709 1
2710 1
2711 1
2712 0
2713 0
2714 0
2715 0
2716 0
2717 1
2718 0
2719 0
2720 0
2721 0
2722 1
2723 1
2724 1
2725 1
2726 0
2727 0
2728 1
2729 1
2730 0
2731 0
2732 1
2733 1
2734 0
2735 0
2736 1
2737 1
2738 1
2739 1
2740 0
2741 1
2742 1
2743 1
2744 0
2745 0
2746 1
2747 0
2748 1
2749 1
2750 1
2751 1
2752 1
2753 0
2754 1
2755 1
2756 1
2757 0
2758 0
2759 0
2760 0
2761 0
2762 0
2763 0
2764 0
2765 0
2766 0
2767 0
2768 0
2769 1
2770 0
2771 1
2772 1
2773 0
2774 1
2775 0
2776 0
2777 0
2778 1
2779 1
2780 0
2781 1
2782 1
2783 0
2784 0
2785 0
2786 1
2787 1
2788 1
2789 0
2790 1
2791 1
2792 1
2793 1
2794 1
2795 0
2796 1
2797 0
2798 0
2799 0
2800 0
2801 1
2802 0
2803 0
2804 1
2805 1
2806 1
2807 0
2808 1
2809 1
2810 1
2811 1
2812 0
2813 1
2814 1
2815 0
2816 0
2817 1
2818 0
2819 1
2820 1
2821 1
2822 0
2823 1
2824 1
2825 1
2826 0
2827 0
2828 1
2829 0
2830 0
2831 1
2832 0
2833 1
2834 1
2835 1
2836 1
2837 1
2838 1
2839 1
2840 1
2841 1
2842 0
2843 0
2844 1
2845 0
2846 0
2847 0
2848 0
2849 1
2850 1
2851 1
2852 0
2853 1
2854 0
2855 0
2856 1
2857 1
2858 0
2859 0
2860 1
2861 1
2862 0
2863 1
2864 1
2865 0
2866 1
2867 0
2868 0
2869 1
2870 0
2871 0
2872 1
2873 0
2874 1
2875 0
2876 1
2877 0
2878 1
2879 0
2880 0
2881 0
2882 1
2883 0
2884 0
2885 0
2886 0
2887 0
2888 0
2889 1
2890 0
2891 0
2892 1
2893 0
2894 1
2895 1
2896 1
2897 1
2898 0
2899 1
2900 1
2901 1
2902 0
2903 0
2904 1
2905 1
2906 0
2907 0
2908 1
2909 1
2910 1
2911 1
2912 1
2913 0
2914 0
2915 0
2916 0
2917 0
2918 1
2919 0
2920 1
2921 0
2922 0
2923 1
2924 0
2925 1
2926 0
2927 1
2928 1
2929 1
2930 0
2931 0
2932 1
2933 0
2934 1
2935 0
2936 0
2937 1
2938 1
2939 0
2940 1
2941 0
2942 1
2943 1
2944 1
2945 1
2946 1
2947 1
2948 1
2949 1