0 37
0 75
0 98
0 112
0 129
0 130
0 139
0 150
0 185
0 220
0 238
0 247
0 254
0 265
0 278
0 281
0 289
0 343
1 14
1 31
1 69
1 98
1 117
1 135
1 137
1 165
1 199
1 301
1 312
1 317
2 31
2 43
2 48
2 131
2 145
2 183
2 185
2 200
2 248
2 256
2 281
2 289
2 293
3 33
3 36
3 83
3 89
3 103
3 161
3 224
3 235
3 273
3 310
3 320
3 346
4 25
4 106
4 149
4 159
4 182
4 185
4 197
4 230
4 260
4 294
5 75
5 78
5 87
5 90
5 106
5 115
5 188
5 195
5 245
5 271
5 274
5 286
5 306
5 313
5 331
6 36
6 41
6 50
6 81
6 131
6 161
6 166
6 170
6 178
6 212
6 232
6 240
6 288
6 309
7 11
7 13
7 57
7 90
7 110
7 114
7 117
7 146
7 149
7 150
7 151
7 188
7 214
7 220
7 225
7 231
7 236
7 241
7 244
7 245
7 264
7 267
7 275
7 310
7 329
7 343
8 88
8 92
8 134
8 158
8 175
8 219
8 235
8 240
8 250
8 253
8 280
8 319
8 341
9 27
9 64
9 77
9 83
9 86
9 87
9 91
9 123
9 167
9 189
9 197
9 250
9 287
9 298
9 300
9 317
9 318
10 20
10 39
10 53
10 75
10 77
10 79
10 111
10 145
10 160
10 208
10 268
10 276
10 305
10 335
11 26
11 40
11 44
11 91
11 120
11 134
11 230
11 251
11 273
11 276
11 279
11 316
12 19
12 21
12 63
12 77
12 79
12 115
12 168
12 171
12 174
12 180
12 337
13 21
13 37
13 79
13 117
13 126
13 146
13 156
13 162
13 174
13 229
13 284
13 304
13 311
13 326
13 327
13 332
13 341
14 16
14 42
14 95
14 103
14 129
14 153
14 160
14 172
14 178
14 211
14 241
14 249
14 255
14 304
15 81
15 102
15 132
15 144
15 199
15 204
15 220
15 244
15 248
15 321
15 345
16 74
16 104
16 137
16 190
16 219
16 220
16 300
16 323
17 36
17 37
17 55
17 87
17 100
17 104
17 117
17 135
17 148
17 188
17 225
17 243
17 249
17 251
17 254
17 271
17 278
17 294
18 20
18 66
18 85
18 150
18 163
18 180
18 194
18 212
18 231
18 272
18 318
18 343
19 106
19 117
19 122
19 126
19 129
19 140
19 162
19 169
19 259
19 264
19 277
19 282
20 98
20 120
20 172
20 176
20 206
20 208
20 221
20 224
20 272
20 273
20 280
20 281
20 282
20 290
20 297
20 321
21 24
21 54
21 143
21 184
21 214
21 227
21 276
22 54
22 145
22 179
22 191
22 245
22 251
22 260
23 57
23 88
23 95
23 107
23 120
23 151
23 160
23 181
23 193
23 194
23 226
23 252
23 256
23 314
23 325
24 26
24 27
24 54
24 74
24 109
24 136
24 142
24 162
24 206
24 236
24 255
24 278
24 329
24 331
25 26
25 61
25 62
25 86
25 128
25 134
25 204
25 231
25 249
25 290
25 296
25 333
26 59
26 94
26 114
26 161
26 189
26 221
26 248
26 265
26 267
26 276
26 325
26 328
26 332
27 48
27 50
27 113
27 170
27 200
27 212
27 274
27 292
27 309
27 314
27 317
27 340
28 75
28 98
28 101
28 323
29 40
29 62
29 76
29 115
29 117
29 136
29 137
29 142
29 173
29 257
29 258
29 266
29 267
29 275
30 48
30 121
30 138
30 153
30 166
30 177
30 195
30 204
30 273
30 281
30 297
30 310
30 327
30 330
31 33
31 83
31 125
31 142
31 211
31 225
31 242
31 245
31 248
31 281
31 293
31 341
32 45
32 98
32 113
32 160
32 212
32 238
32 271
32 293
32 314
32 320
32 339
33 47
33 51
33 59
33 219
33 335
33 348
34 50
34 64
34 155
34 199
34 230
34 250
34 251
34 256
34 265
34 343
35 89
35 90
35 108
35 112
35 129
35 137
35 141
35 145
35 181
35 191
35 213
35 302
35 323
35 332
36 76
36 144
36 181
36 202
36 308
37 38
37 128
37 175
37 215
37 234
37 235
37 347
38 48
38 163
38 167
38 224
38 230
38 235
38 236
38 267
38 291
38 306
38 346
38 347
39 79
39 202
39 241
39 249
39 262
39 270
39 307
39 313
39 334
39 338
40 42
40 67
40 131
40 147
40 217
40 222
40 249
40 295
40 313
41 60
41 78
41 83
41 92
41 133
41 137
41 145
41 147
41 156
41 178
41 198
41 231
41 238
41 270
41 271
41 279
41 294
41 343
41 348
42 69
42 89
42 100
42 101
42 113
42 155
42 186
42 237
42 251
42 317
43 61
43 141
43 191
43 199
43 205
43 219
43 221
43 224
43 227
43 270
43 282
43 319
44 46
44 72
44 108
44 134
44 160
44 185
44 213
44 271
44 307
45 93
45 115
45 119
45 168
45 176
45 196
45 212
45 220
45 244
45 254
45 273
45 337
45 342
46 73
46 76
46 79
46 154
46 161
46 163
46 169
46 187
46 221
46 285
46 309
46 316
47 71
47 184
47 191
47 208
47 277
47 278
47 283
47 293
47 300
47 312
47 320
48 50
48 74
48 90
48 96
48 150
48 204
48 294
48 324
48 338
48 346
49 141
49 216
49 244
49 246
49 249
49 271
49 300
49 307
49 313
50 118
50 187
50 189
50 192
50 268
50 285
50 290
50 309
50 310
51 82
51 99
51 125
51 227
51 236
51 323
52 62
52 72
52 100
52 101
52 122
52 132
52 160
52 162
52 176
52 177
52 187
52 222
52 248
52 276
52 297
52 332
53 77
53 78
53 86
53 105
53 128
53 263
53 269
53 302
54 62
54 76
54 103
54 243
54 244
54 282
54 325
54 343
55 73
55 80
55 121
55 145
55 149
55 152
55 193
55 210
55 220
55 224
55 333
56 62
56 72
56 82
56 109
56 126
56 160
56 167
56 196
56 302
56 313
56 320
56 336
57 67
57 68
57 79
57 106
57 129
57 133
57 139
57 164
57 205
57 257
57 276
57 292
57 299
57 315
58 80
58 140
58 143
58 192
58 263
58 274
58 293
58 317
58 320
58 342
58 347
59 67
59 96
59 275
59 322
59 325
60 94
60 126
60 130
60 166
60 174
60 216
60 234
60 257
60 324
61 67
61 74
61 85
61 95
61 97
61 99
61 133
61 149
61 211
61 265
61 272
61 332
62 70
62 95
62 115
62 138
62 143
62 150
62 184
62 215
62 227
62 233
62 257
62 262
62 282
62 310
62 327
63 66
63 147
63 188
63 189
63 194
63 232
63 236
63 256
63 286
64 99
64 106
64 119
64 207
64 263
64 272
64 286
64 291
64 293
65 80
65 91
65 99
65 119
65 144
65 155
65 159
65 285
65 288
65 290
65 296
65 315
65 335
66 73
66 195
66 224
66 270
67 71
67 77
67 113
67 126
67 135
67 139
67 185
67 188
67 192
67 227
67 292
67 340
67 343
68 72
68 101
68 114
68 121
68 123
68 142
68 172
68 212
68 259
68 264
68 293
68 314
68 322
68 349
69 99
69 106
69 108
69 159
69 173
69 213
69 241
69 251
69 284
69 320
69 340
70 72
70 79
70 109
70 113
70 187
70 255
70 260
70 262
70 265
70 269
70 270
70 317
70 319
70 336
70 338
71 120
71 160
71 181
71 183
71 187
71 190
71 197
71 216
71 225
71 245
71 335
72 147
72 148
72 151
72 152
72 176
72 191
72 206
72 213
72 232
72 256
72 280
72 281
72 297
72 319
72 337
72 342
73 100
73 184
73 194
73 199
73 222
73 224
73 244
73 245
73 246
73 265
73 269
73 276
73 283
73 292
73 322
73 326
74 90
74 98
74 122
74 144
74 154
74 159
74 192
74 240
74 253
74 271
74 275
74 288
74 305
74 308
74 313
75 121
75 122
75 158
75 159
75 161
75 172
75 249
75 260
75 302
75 304
76 79
76 109
76 110
76 111
76 139
76 170
76 187
76 222
76 252
76 275
76 278
76 281
76 316
76 348
77 85
77 100
77 101
77 106
77 136
77 167
77 189
77 212
77 253
77 270
77 281
77 315
77 337
78 133
78 151
78 164
78 200
78 202
78 207
78 300
79 92
79 110
79 114
79 115
79 117
79 121
79 125
79 130
79 194
79 221
79 250
79 252
79 253
79 317
80 127
80 148
80 164
80 174
80 181
80 184
80 201
80 207
80 219
80 258
80 298
80 330
80 336
80 339
81 82
81 87
81 96
81 135
81 136
81 146
81 162
81 201
81 214
81 228
81 273
81 287
81 316
81 336
82 88
82 98
82 100
82 173
82 186
82 203
82 211
82 230
82 237
82 253
82 275
82 300
82 342
83 89
83 101
83 154
83 182
83 216
83 288
83 346
84 94
84 107
84 135
84 182
84 267
84 315
84 339
85 125
85 150
85 160
85 174
85 213
85 246
85 278
85 283
85 292
85 327
85 343
86 89
86 172
86 192
86 217
86 236
86 243
86 273
86 295
86 331
87 110
87 132
87 151
87 210
87 228
87 231
87 251
87 277
87 317
87 328
87 330
87 346
88 102
88 144
88 162
88 169
88 187
88 207
88 246
88 302
88 319
88 324
88 338
88 349
89 96
89 108
89 145
89 163
89 178
89 212
89 225
89 228
89 311
89 322
90 111
90 162
90 216
90 264
90 290
91 141
91 145
91 156
91 216
91 231
91 264
91 274
91 290
91 338
92 123
92 124
92 137
92 181
92 187
92 201
92 204
92 210
92 225
92 235
92 241
92 257
92 314
93 96
93 144
93 190
93 210
93 244
93 252
93 295
93 320
94 102
94 105
94 134
94 170
94 181
94 199
94 226
94 235
94 249
94 255
94 287
94 290
94 307
94 332
95 138
95 162
95 163
95 207
95 214
95 230
95 251
95 253
95 296
95 318
96 110
96 112
96 151
96 173
96 188
96 200
96 211
96 229
96 272
96 323
97 105
97 155
97 161
97 166
97 231
97 245
97 257
97 323
97 340
98 123
98 134
98 143
98 144
98 167
98 217
98 218
98 219
98 291
98 315
98 329
98 346
99 108
99 127
99 150
99 299
99 304
99 309
99 326
99 333
100 106
100 170
100 209
100 340
101 103
101 139
101 156
101 168
101 211
101 243
101 244
101 260
101 282
101 321
101 328
101 333
101 347
102 187
102 194
102 257
102 276
102 280
102 320
102 349
103 109
104 111
104 112
104 124
104 133
104 135
104 148
104 171
104 214
104 215
104 252
104 345
105 124
105 127
105 134
105 153
105 154
105 224
105 233
105 268
105 289
105 312
105 317
105 329
105 330
106 112
106 120
106 138
106 171
106 195
106 198
106 261
106 270
106 283
106 310
107 126
107 155
107 266
107 267
107 268
107 308
108 210
108 291
108 311
108 317
108 322
109 112
109 183
109 223
109 251
109 285
109 314
109 318
109 324
110 160
110 191
110 197
110 211
110 226
110 245
110 254
110 293
110 305
110 315
110 323
110 340
111 193
111 200
111 213
111 263
111 278
111 289
111 291
111 297
111 310
112 126
112 133
112 141
112 189
112 203
112 220
112 233
112 282
112 287
112 324
112 340
112 342
113 167
113 206
113 279
113 291
113 298
114 117
114 143
114 152
114 218
114 260
114 295
114 308
115 118
115 126
115 173
115 188
115 201
115 208
115 267
115 275
115 305
116 126
116 162
116 165
116 184
116 199
116 201
116 212
116 232
116 267
116 278
116 305
116 333
116 343
117 155
117 163
117 180
117 193
117 201
117 237
117 284
118 179
118 203
118 267
118 284
118 285
118 299
118 348
119 149
119 153
119 169
119 192
119 244
119 269
119 298
119 321
119 331
119 344
120 140
120 147
120 159
120 164
120 179
120 188
120 190
120 232
120 246
120 282
120 327
121 162
121 240
121 247
121 276
121 299
121 330
122 156
122 195
123 183
123 188
123 199
123 247
123 327
123 329
123 339
123 346
124 130
124 152
124 174
124 200
124 215
124 227
124 234
124 258
124 259
124 286
124 331
125 138
125 188
125 196
125 218
125 230
125 249
125 261
125 274
125 319
125 343
126 144
126 163
126 171
126 187
126 189
126 238
126 248
126 311
126 335
126 347
126 349
127 173
127 245
127 247
127 259
127 269
127 286
127 312
127 335
128 140
128 155
128 163
128 164
128 173
128 179
128 196
128 198
128 234
128 279
128 287
129 224
129 228
129 266
129 279
130 167
130 192
130 207
130 209
130 244
130 249
130 255
130 264
130 290
130 294
130 323
131 140
131 149
131 154
131 178
131 259
131 265
131 288
131 323
131 326
132 149
132 155
132 173
132 223
132 269
132 310
132 321
133 153
133 201
133 254
133 264
133 292
133 339
133 342
134 161
134 166
134 168
134 173
134 185
134 253
134 325
134 341
135 144
135 205
135 243
135 247
135 296
135 317
135 346
136 140
136 156
136 188
136 237
136 254
136 324
136 335
137 172
137 276
137 288
137 289
137 333
137 341
138 147
138 153
138 179
138 180
138 182
138 207
138 210
138 247
138 257
138 304
138 308
138 313
138 321
138 333
138 348
139 153
139 164
139 174
139 180
139 194
139 222
139 239
139 252
139 258
139 295
139 321
139 334
139 347
140 150
140 166
140 176
140 192
140 193
140 194
140 229
140 238
140 254
140 332
141 200
141 210
141 222
141 235
141 261
141 269
141 288
141 301
141 305
141 319
141 320
142 155
142 166
142 207
142 208
142 229
142 233
142 243
142 296
142 320
142 328
143 151
143 156
143 187
143 219
143 221
143 237
143 259
143 289
143 307
143 329
144 148
144 211
144 220
144 300
144 334
144 340
145 158
145 168
145 257
145 322
146 157
146 163
146 167
146 214
146 230
146 261
146 287
146 305
146 321
147 169
147 178
147 193
147 212
148 149
148 221
148 244
148 330
149 284
149 296
149 313
149 316
150 157
150 166
150 169
150 189
150 307
150 314
150 321
150 327
151 154
151 169
151 183
151 222
151 237
151 265
151 341
151 342
151 343
152 159
152 250
152 320
153 155
153 168
153 174
153 186
153 191
153 256
153 272
153 292
154 182
154 186
154 193
154 202
154 210
154 215
154 220
154 240
154 269
154 280
154 292
154 297
154 313
154 347
155 190
155 202
155 218
155 229
155 308
155 334
155 343
156 236
156 243
156 246
156 248
157 187
157 209
157 294
158 170
158 221
158 228
158 245
158 252
158 272
158 303
158 313
158 332
159 196
159 210
159 259
159 277
160 188
160 198
160 218
160 220
160 235
160 272
160 273
160 305
161 188
161 191
161 215
161 227
161 247
161 250
161 251
161 267
161 277
161 291
161 294
161 311
161 317
162 229
162 254
162 286
162 293
162 294
162 345
163 194
163 223
163 235
163 237
163 242
163 245
163 258
163 279
163 306
163 335
163 345
164 172
164 175
164 192
164 200
164 206
164 235
164 316
164 340
165 210
165 227
165 236
165 255
165 308
165 325
166 187
166 242
166 245
166 260
166 290
166 319
166 324
166 326
167 201
167 206
167 215
167 232
167 300
167 321
167 329
168 242
168 268
168 283
168 326
169 173
169 197
169 222
169 246
169 277
169 278
169 323
169 339
170 171
170 185
170 192
170 213
170 271
170 272
170 294
170 331
171 184
171 243
171 254
171 257
171 287
171 316
171 320
171 330
171 342
172 178
172 209
172 215
173 188
173 204
173 216
173 237
173 242
173 266
173 286
173 297
174 232
174 241
174 341
175 230
175 238
175 252
175 265
175 277
175 286
175 305
176 196
176 208
176 211
176 252
176 267
176 268
176 280
176 289
177 208
177 217
177 221
177 263
177 267
177 286
177 303
177 324
177 325
178 190
178 194
178 204
178 220
178 222
178 239
178 265
178 270
178 346
179 196
179 221
179 235
179 257
179 286
179 296
179 320
179 340
180 224
180 291
180 302
180 325
181 190
181 192
181 202
181 244
181 251
181 258
181 284
181 287
181 307
181 310
182 233
182 295
182 298
182 320
182 322
182 326
182 327
182 338
183 196
183 201
183 240
183 254
183 268
183 282
183 292
183 308
183 326
183 330
183 339
184 189
184 193
184 210
184 291
184 297
184 337
184 338
184 340
185 226
185 228
185 275
185 311
185 331
185 337
185 349
186 208
186 221
186 230
186 270
186 284
186 302
186 303
186 314
186 338
187 209
187 245
187 273
187 325
188 199
188 224
188 276
188 339
189 210
189 226
189 278
189 289
189 316
190 221
190 293
191 209
191 241
191 248
191 267
191 274
191 321
192 208
192 224
192 229
193 196
193 198
193 266
193 268
193 277
193 299
193 308
193 317
193 319
193 333
194 196
194 217
194 265
194 298
194 300
194 311
194 312
195 288
195 297
195 301
195 341
196 205
196 218
196 279
196 284
196 298
196 301
196 311
196 334
196 337
196 347
197 225
197 256
197 316
198 208
198 217
198 228
199 214
199 238
199 248
199 267
199 293
199 308
199 311
200 205
200 210
200 227
200 311
201 214
201 251
201 253
201 332
201 348
202 212
202 266
202 269
202 282
202 299
202 312
202 328
202 332
202 336
202 337
202 342
203 236
203 245
203 281
203 321
204 253
204 271
204 283
205 223
205 270
205 273
205 278
205 332
206 220
206 226
206 250
206 261
206 313
207 222
207 254
207 273
207 316
207 331
207 332
207 344
208 237
208 239
208 240
208 277
208 316
208 338
208 344
209 213
209 229
209 271
209 281
210 284
210 322
210 343
211 222
211 231
211 303
211 326
211 329
211 332
212 238
212 266
212 281
212 313
212 331
212 343
213 223
213 284
213 298
213 311
213 320
214 229
214 280
214 292
215 223
215 227
215 233
215 313
216 226
216 227
216 238
216 244
216 319
216 336
217 309
217 313
217 325
218 313
218 324
219 229
219 231
219 277
219 284
219 289
219 341
220 279
221 248
221 281
221 288
221 304
221 320
221 339
222 230
222 253
222 298
223 289
223 290
224 290
224 320
225 314
225 340
226 306
226 327
227 236
227 252
227 308
227 311
227 327
227 329
229 241
229 245
229 267
229 318
229 323
229 339
230 256
230 264
230 282
230 345
231 314
231 334
232 234
232 252
232 253
232 303
232 305
232 306
233 234
233 238
233 300
233 322
234 274
234 314
234 320
234 324
234 337
235 252
235 278
235 282
235 308
235 317
235 337
236 253
236 254
236 260
236 263
236 324
237 242
237 244
237 245
237 287
237 289
237 344
238 259
238 291
238 298
238 303
238 310
238 336
239 260
240 255
240 265
241 259
241 269
241 271
241 320
241 332
241 342
242 264
242 269
243 303
243 309
244 249
244 289
244 335
244 343
245 277
245 288
245 297
245 298
245 300
245 310
245 315
245 339
246 254
247 272
247 321
247 344
247 345
248 264
248 322
248 335
248 342
248 346
249 290
249 342
250 300
250 324
250 345
251 252
251 275
251 285
251 305
251 319
252 277
252 309
253 284
253 293
253 311
253 321
253 346
254 264
254 289
254 308
254 315
255 265
255 268
255 305
255 344
256 346
256 348
258 279
258 303
258 323
258 346
259 282
259 306
259 320
260 268
260 303
260 315
260 333
261 278
262 281
262 316
262 322
263 270
263 282
263 294
264 286
264 293
264 301
264 309
265 274
265 290
265 294
265 297
265 311
265 316
266 275
266 306
266 349
267 324
267 339
268 285
268 330
269 337
270 272
270 299
271 284
271 285
271 338
272 286
272 320
272 333
273 288
273 297
273 305
273 319
273 337
274 281
274 333
275 323
275 336
275 341
276 278
276 288
276 295
276 321
277 308
277 310
277 316
277 324
277 346
278 287
278 290
278 324
278 326
279 324
279 339
280 283
280 289
280 322
280 327
281 295
281 325
282 315
282 328
283 285
283 300
283 339
283 342
283 345
284 304
284 333
285 337
286 305
286 339
287 297
288 307
288 309
288 313
288 326
288 332
288 337
289 294
289 310
289 330
289 332
289 339
291 296
291 306
291 329
293 299
293 312
293 317
293 349
294 345
294 349
296 303
297 338
298 341
300 324
300 328
301 320
301 340
302 308
303 311
303 337
305 316
305 326
305 336
306 326
307 315
308 348
309 312
309 335
309 341
310 326
310 331
312 315
312 320
312 330
312 344
313 339
314 324
314 325
314 332
315 334
316 323
316 330
316 348
317 322
319 327
320 324
320 343
321 324
321 336
323 333
325 334
326 333
327 349
328 338
331 344
332 348
333 336
334 338
338 349