0 1
1 1
10 1
100 0
101 0
102 0
103 1
104 1
105 0
106 1
107 1
108 1
109 1
11 1
110 0
111 0
112 1
113 1
114 0
115 1
116 0
117 1
118 0
119 1
12 1
120 1
121 0
122 0
123 0
124 1
125 0
126 0
127 0
128 1
129 1
13 1
130 1
131 0
132 1
133 0
134 0
135 1
136 0
137 1
138 0
139 0
14 1
140 1
141 0
142 1
143 0
144 1
145 1
146 1
147 0
148 1
149 0
15 1
150 0
151 1
152 0
153 0
154 0
155 0
156 1
157 1
158 1
159 1
16 1
160 0
161 0
162 1
163 0
164 1
165 1
166 1
167 1
168 1
169 1
17 1
170 1
171 1
172 1
173 0
174 1
175 0
176 1
177 0
178 0
179 1
18 1
180 1
181 1
182 0
183 0
184 1
185 0
186 0
187 0
188 0
189 1
19 1
190 0
191 0
192 0
193 0
194 0
195 0
196 0
197 0
198 0
199 0
2 1
20 1
200 0
201 0
202 0
203 1
204 0
205 1
206 1
207 0
208 0
209 0
21 1
210 0
211 0
212 1
213 0
214 0
215 0
216 1
217 1
218 1
219 1
22 0
220 1
221 0
222 0
223 0
224 0
225 1
226 0
227 0
228 0
229 0
23 1
230 1
231 0
232 0
233 1
234 1
235 1
236 1
237 0
238 1
239 1
24 0
240 0
241 1
242 0
243 1
244 1
245 0
246 0
247 0
248 0
249 1
25 1
250 1
251 1
252 0
253 0
254 1
255 0
256 0
257 0
258 0
259 0
26 0
260 1
261 1
262 0
263 1
264 0
265 1
266 0
267 0
268 1
269 1
27 1
270 0
271 0
272 1
273 1
274 0
275 1
276 0
277 1
278 1
279 0
28 0
280 0
281 0
282 0
283 0
284 1
285 0
286 1
287 1
288 1
289 1
29 0
290 0
291 0
292 0
293 0
294 0
295 1
296 0
297 1
298 1
299 1
3 1
30 0
300 0
301 0
302 0
303 1
304 1
305 0
306 1
307 0
308 0
309 0
31 0
310 0
311 1
312 0
313 1
314 0
315 0
316 1
317 0
318 1
319 1
32 0
320 1
321 0
322 0
323 1
324 0
325 0
326 1
327 0
328 0
329 0
33 0
330 0
331 0
332 0
333 1
334 0
335 1
336 1
337 1
338 1
339 1
34 1
340 1
341 1
342 1
343 1
344 1
345 1
346 1
347 1
348 1
349 1
35 1
36 1
37 0
38 1
39 1
4 1
40 1
41 0
42 1
43 0
44 0
45 0
46 0
47 1
48 1
49 0
5 1
50 1
51 1
52 0
53 0
54 0
55 0
56 0
57 0
58 1
59 1
6 1
60 0
61 1
62 1
63 0
64 0
65 1
66 0
67 1
68 1
69 1
7 1
70 0
71 0
72 1
73 1
74 1
75 0
76 0
77 0
78 0
79 1
8 1
80 1
81 0
82 0
83 1
84 0
85 1
86 0
87 1
88 1
89 0
9 1
90 0
91 0
92 1
93 1
94 0
95 0
96 0
97 1
98 0
99 1