0 400.0 6000.0 30.0 0.14196391961756785 0.07518796992481203 0.002942536147890012 0.4889705882352941 0.050022091561471596 0.0024992522155699356
1 400.0 6000.0 30.0 0.14196391961756785 0.07518796992481203 0.0025102959340361003 0.4830508474576271 0.05161533834497334 0.002489824297199029
10 400.0 6000.0 30.0 0.14196391961756785 0.08521303258145363 0.0027861841984009018 0.4925925925925926 0.058143754724872404 0.0027911901433629815
100 400.0 6000.0 30.0 0.14196391961756785 0.07518796992481203 0.0027144560575500915 0.48188405797101447 0.04867306546968854 0.002504544307892675
101 400.0 6000.0 30.0 0.14196391961756785 0.07769423558897243 0.003375193127242439 0.4975062344139651 0.04978278991012549 0.002583178847539563
102 400.0 6000.0 30.0 0.14196391961756785 0.06516290726817042 0.0019025019561761656 0.4705188679245283 0.042725240337035134 0.0022019518821818802
103 400.0 6000.0 30.0 0.14196391961756785 0.08020050125313283 0.002616647177158147 0.48363636363636364 0.05244960905619191 0.002652607438315105
104 400.0 6000.0 30.0 0.14196391961756785 0.09022556390977443 0.004509166253060835 0.5018867924528302 0.05877078828026554 0.002955905870935548
105 400.0 6000.0 30.0 0.14196391961756785 0.07769423558897243 0.002929977754967569 0.48717948717948717 0.050468313146093756 0.0025796603752802597
106 400.0 6000.0 30.0 0.14196391961756785 0.06516290726817042 0.0020783381408021164 0.47387173396674587 0.04289257596566496 0.002200933075143505
107 400.0 6000.0 30.0 0.14196391961756785 0.06766917293233082 0.0023298241970393274 0.4848116646415553 0.045135871379406896 0.0022727924207835925
108 400.0 6000.0 30.0 0.14196391961756785 0.06015037593984962 0.0017561260151214872 0.4634146341463415 0.040147455636533394 0.0020481565239476433
109 400.0 6000.0 30.0 0.14196391961756785 0.09273182957393483 0.004002153984652008 0.5025188916876574 0.06218716207600878 0.0030215564418376926
11 400.0 6000.0 30.0 0.14196391961756785 0.08020050125313283 0.002999417012949118 0.49688667496886674 0.05473237536504849 0.0026417066149773518
110 400.0 6000.0 30.0 0.14196391961756785 0.08521303258145363 0.0031389753314888685 0.4938118811881188 0.05690694615562135 0.0027972323127700314
111 400.0 6000.0 30.0 0.14196391961756785 0.07518796992481203 0.002332721404643818 0.47330960854092524 0.0504677118246742 0.0024972818720588805
112 400.0 6000.0 30.0 0.14196391961756785 0.07017543859649122 0.0018898410529662238 0.475 0.04746460113727124 0.0023466926827251967
113 400.0 6000.0 30.0 0.14196391961756785 0.07268170426065163 0.001950780514061385 0.4813027744270205 0.05000994391393256 0.002416670234816878
114 400.0 6000.0 30.0 0.14196391961756785 0.07017543859649122 0.0022926099736090386 0.4795673076923077 0.04697288532297549 0.0023493948986851735
115 400.0 6000.0 30.0 0.14196391961756785 0.07017543859649122 0.0023812503666403636 0.4772727272727273 0.04602080790587869 0.002353211929095171
116 400.0 6000.0 30.0 0.14196391961756785 0.06516290726817042 0.0019102982013490762 0.48246674727932287 0.044240308759393394 0.002194696683727932
117 400.0 6000.0 30.0 0.14196391961756785 0.07268170426065163 0.0021950065702221644 0.4807228915662651 0.04850370726105609 0.0024229970310973145
118 400.0 6000.0 30.0 0.14196391961756785 0.07518796992481203 0.0026502996960329245 0.48717948717948717 0.05162604121519267 0.002492725689785763
119 400.0 6000.0 30.0 0.14196391961756785 0.08771929824561403 0.0033308225655261517 0.5037878787878788 0.05888984598897447 0.002871935335351361
12 400.0 6000.0 30.0 0.14196391961756785 0.08020050125313283 0.0024872070689142254 0.4813027744270205 0.05357624777590658 0.002646394949456731
120 400.0 6000.0 30.0 0.14196391961756785 0.07268170426065163 0.0023803271608894257 0.4755661501787843 0.048422445135740205 0.0024228008636311012
121 400.0 6000.0 30.0 0.14196391961756785 0.08020050125313283 0.002983065107535578 0.4877750611246944 0.052293854971446105 0.0026546444871522303
122 400.0 6000.0 30.0 0.14196391961756785 0.08270676691729323 0.003573467784451371 0.5025188916876574 0.05637146544232592 0.0027180317336362243
123 400.0 6000.0 30.0 0.14196391961756785 0.08771929824561403 0.0036632822911956344 0.49937421777221525 0.05926611248998809 0.0028698681107919236
124 400.0 6000.0 30.0 0.14196391961756785 0.07518796992481203 0.0024636580301988114 0.4854014598540146 0.05112687907042689 0.0024942203702077808
125 400.0 6000.0 30.0 0.14196391961756785 0.07268170426065163 0.0026125595189880773 0.4883720930232558 0.05015814640467015 0.002416011130916731
126 400.0 6000.0 30.0 0.14196391961756785 0.08771929824561403 0.003858689377831096 0.5 0.05698178998286455 0.002879391004063402
127 400.0 6000.0 30.0 0.14196391961756785 0.10776942355889724 0.005539826505246408 0.5141752577319587 0.07155358904306991 0.0034732653802046695
128 400.0 6000.0 30.0 0.14196391961756785 0.07017543859649122 0.0020983657964748046 0.4830508474576271 0.047265306906552215 0.0023462731813768574
129 400.0 6000.0 30.0 0.14196391961756785 0.07518796992481203 0.002388084487099843 0.475 0.05020226669322518 0.002496763016434164
13 400.0 6000.0 30.0 0.14196391961756785 0.08521303258145363 0.0032772231429023108 0.4919852034525277 0.05595487521718298 0.0028013806108142833
130 400.0 6000.0 30.0 0.14196391961756785 0.08270676691729323 0.0037357133355396975 0.49875 0.055504401386353784 0.0027228592367202985
131 400.0 6000.0 30.0 0.14196391961756785 0.07518796992481203 0.0026504252731757243 0.49688667496886674 0.051712786495283464 0.0024912492683846574
132 400.0 6000.0 30.0 0.14196391961756785 0.07769423558897243 0.0030342354162766726 0.4956521739130435 0.05180689503696648 0.002572647454736411
133 400.0 6000.0 30.0 0.14196391961756785 0.07017543859649122 0.002340824185619931 0.48363636363636364 0.047697233829377066 0.002343316459520899
134 400.0 6000.0 30.0 0.14196391961756785 0.06265664160401002 0.0018030043246078323 0.46395348837209305 0.04110081220057798 0.0021254708895252837
135 400.0 6000.0 30.0 0.14196391961756785 0.08521303258145363 0.0036889653918159623 0.4944237918215613 0.055486391668824804 0.002803413096747658
136 400.0 6000.0 30.0 0.14196391961756785 0.07268170426065163 0.0021335216959801908 0.47218934911242605 0.04861936892884959 0.0024231954054429786
137 400.0 6000.0 30.0 0.14196391961756785 0.08020050125313283 0.00311300342749999 0.49812734082397003 0.05416145187101424 0.0026445085989288677
138 400.0 6000.0 30.0 0.14196391961756785 0.07017543859649122 0.002233682516269412 0.4789915966386555 0.04668857579703733 0.0023487621417800403
139 400.0 6000.0 30.0 0.14196391961756785 0.06516290726817042 0.0017078826141885932 0.46449359720605354 0.042402945381712576 0.0022036132861341443
14 400.0 6000.0 30.0 0.14196391961756785 0.08020050125313283 0.0029106757439324076 0.4944237918215613 0.0535615212976429 0.002646915553242525
140 400.0 6000.0 30.0 0.14196391961756785 0.07017543859649122 0.0021470053103133857 0.47218934911242605 0.04596383792263533 0.0023527480389311985
141 400.0 6000.0 30.0 0.14196391961756785 0.07268170426065163 0.002601821477267984 0.4854014598540146 0.0476717886361313 0.002426955799293741
142 400.0 6000.0 30.0 0.14196391961756785 0.06766917293233082 0.002143163620809528 0.4767025089605735 0.04577537391922934 0.002270568513884868
143 400.0 6000.0 30.0 0.14196391961756785 0.07518796992481203 0.002754273327647458 0.4865853658536585 0.04994746727926927 0.0024981038755190884
144 400.0 6000.0 30.0 0.14196391961756785 0.07017543859649122 0.0024080240824302197 0.48188405797101447 0.04609841029424151 0.0023508917488697426
145 400.0 6000.0 30.0 0.14196391961756785 0.08270676691729323 0.0035082222996052985 0.5025188916876574 0.05575248044341525 0.002720277765712193
146 400.0 6000.0 30.0 0.14196391961756785 0.08521303258145363 0.0036544594070701195 0.49937421777221525 0.05572055147602799 0.002801808295352014
147 400.0 6000.0 30.0 0.14196391961756785 0.07268170426065163 0.002657733972774261 0.48246674727932287 0.04728597877563776 0.0024295086526589364
148 400.0 6000.0 30.0 0.14196391961756785 0.07518796992481203 0.002524351917432891 0.48188405797101447 0.04908164645241661 0.002502244707985106
149 400.0 6000.0 30.0 0.14196391961756785 0.07769423558897243 0.0025470416874454702 0.4830508474576271 0.050980939254584266 0.0025757694496999126
15 400.0 6000.0 30.0 0.14196391961756785 0.07518796992481203 0.0023744019962441275 0.4813027744270205 0.05005743468618524 0.0024974872098262363
150 400.0 6000.0 30.0 0.14196391961756785 0.07769423558897243 0.0025241577445869246 0.4854014598540146 0.051794183748114675 0.0025720681058898757
151 400.0 6000.0 30.0 0.14196391961756785 0.06766917293233082 0.0022703204673124307 0.4789915966386555 0.045102392914883875 0.002272928709924899
152 400.0 6000.0 30.0 0.14196391961756785 0.08521303258145363 0.003489912118462297 0.49137931034482757 0.05616060773286341 0.0028003461228464075
153 400.0 6000.0 30.0 0.14196391961756785 0.07268170426065163 0.002068378977588306 0.4661214953271028 0.04748488012955327 0.002427252568414379
154 400.0 6000.0 30.0 0.14196391961756785 0.07769423558897243 0.002870909802062042 0.4907749077490775 0.051443796092340906 0.0025736840279241735
155 400.0 6000.0 30.0 0.14196391961756785 0.08020050125313283 0.003282992849208146 0.49812734082397003 0.05358790283791529 0.0026469331973830285
156 400.0 6000.0 30.0 0.14196391961756785 0.08521303258145363 0.003707125205302448 0.5 0.05624669981709151 0.0027987989058078653
157 400.0 6000.0 30.0 0.14196391961756785 0.07017543859649122 0.0024165272350161007 0.4772727272727273 0.046202743809975404 0.00234988717770272
158 400.0 6000.0 30.0 0.14196391961756785 0.08521303258145363 0.003332816737505869 0.4932014833127318 0.056303828466362185 0.002800442367005125
159 400.0 6000.0 30.0 0.14196391961756785 0.06516290726817042 0.0016444947694786798 0.46503496503496505 0.0428986197392344 0.0022003354703770506
16 400.0 6000.0 30.0 0.14196391961756785 0.06265664160401002 0.0016021868982089875 0.4688601645123384 0.04191370487648568 0.002122540022482363
160 400.0 6000.0 30.0 0.14196391961756785 0.07518796992481203 0.002579682879658196 0.4848116646415553 0.051917479875755394 0.0024900469642843413
161 400.0 6000.0 30.0 0.14196391961756785 0.08521303258145363 0.003164166215359579 0.4932014833127318 0.05734909804680072 0.0027944838110745595
162 400.0 6000.0 30.0 0.14196391961756785 0.06516290726817042 0.002253350241899967 0.47387173396674587 0.04251309019465181 0.0022025941322017487
163 400.0 6000.0 30.0 0.14196391961756785 0.07268170426065163 0.002588964296315156 0.4772727272727273 0.04766298862762207 0.0024260079077742117
164 400.0 6000.0 30.0 0.14196391961756785 0.07268170426065163 0.0021361794816787253 0.47387173396674587 0.04789948779137368 0.0024251723745681445
165 400.0 6000.0 30.0 0.14196391961756785 0.08270676691729323 0.003317116842878495 0.48957055214723927 0.05470103185028108 0.0027241264417564503
166 400.0 6000.0 30.0 0.14196391961756785 0.08521303258145363 0.003018349406417286 0.48599269183922045 0.05670641605271317 0.0027971511532431928
167 400.0 6000.0 30.0 0.14196391961756785 0.08771929824561403 0.0037348647775883553 0.5012562814070352 0.05878932063202415 0.002870986298799184
168 400.0 6000.0 30.0 0.14196391961756785 0.07769423558897243 0.002486159374957311 0.48246674727932287 0.0517105793230105 0.002571943632320806
169 400.0 6000.0 30.0 0.14196391961756785 0.06015037593984962 0.0017902979532299493 0.46830985915492956 0.040434776682185015 0.002046808594096839
17 400.0 6000.0 30.0 0.14196391961756785 0.08521303258145363 0.0039481738512655165 0.5012562814070352 0.05656539236086305 0.0027995239156960853
170 400.0 6000.0 30.0 0.14196391961756785 0.06766917293233082 0.002059201339112508 0.475 0.04533089082445444 0.0022713907371561455
171 400.0 6000.0 30.0 0.14196391961756785 0.07518796992481203 0.0028182914545163908 0.49503722084367247 0.04998053823909026 0.002498917728721955
172 400.0 6000.0 30.0 0.14196391961756785 0.06766917293233082 0.0017409351605843925 0.46996466431095407 0.0447451141012124 0.0022732493741864502
173 400.0 6000.0 30.0 0.14196391961756785 0.06766917293233082 0.0017453569351679186 0.47107438016528924 0.04586190378234954 0.0022693850454316195
174 400.0 6000.0 30.0 0.14196391961756785 0.07268170426065163 0.0026289874094966035 0.4807228915662651 0.047841246202057104 0.002425713148683727
175 400.0 6000.0 30.0 0.14196391961756785 0.07017543859649122 0.0024204762710237117 0.4767025089605735 0.04540679681055783 0.00235433372965889
176 400.0 6000.0 30.0 0.14196391961756785 0.08020050125313283 0.0029577927847055908 0.48246674727932287 0.05332993157587346 0.00264699879241382
177 400.0 6000.0 30.0 0.14196391961756785 0.08020050125313283 0.0031699183025779513 0.4877750611246944 0.0519859647828462 0.002654499291336907
178 400.0 6000.0 30.0 0.14196391961756785 0.07268170426065163 0.0021432849754395395 0.4784172661870504 0.049162693753374856 0.002418419499526269
179 400.0 6000.0 30.0 0.14196391961756785 0.07017543859649122 0.0017293429007007295 0.4666666666666667 0.04646766766890893 0.0023483794864376253
18 400.0 6000.0 30.0 0.14196391961756785 0.07769423558897243 0.002888525206799892 0.4795673076923077 0.05125709149655607 0.0025762243734640707
180 400.0 6000.0 30.0 0.14196391961756785 0.07518796992481203 0.002396538952217972 0.48717948717948717 0.05134117491449895 0.0024918743382254713
181 400.0 6000.0 30.0 0.14196391961756785 0.08270676691729323 0.0032339432591291057 0.48717948717948717 0.054109676763343405 0.0027267512953072096
182 400.0 6000.0 30.0 0.14196391961756785 0.07769423558897243 0.002941495201876293 0.49017199017199015 0.051900975680879695 0.002572066935533276
183 400.0 6000.0 30.0 0.14196391961756785 0.08521303258145363 0.003907293239637168 0.5012562814070352 0.056143991245451184 0.0028008558363648234
184 400.0 6000.0 30.0 0.14196391961756785 0.07017543859649122 0.0024983974549596115 0.4865853658536585 0.047212411467479294 0.0023450130933760395
185 400.0 6000.0 30.0 0.14196391961756785 0.07518796992481203 0.002337724128545072 0.4784172661870504 0.0508057456092249 0.0024953591486143764
186 400.0 6000.0 30.0 0.14196391961756785 0.06766917293233082 0.0023294351906331017 0.4919852034525277 0.04629063270973417 0.002267271563549119
187 400.0 6000.0 30.0 0.14196391961756785 0.06766917293233082 0.002157208048323552 0.48599269183922045 0.04602093363213127 0.002268650440168992
188 400.0 6000.0 30.0 0.14196391961756785 0.07268170426065163 0.0024441067807017634 0.48188405797101447 0.04881825228076792 0.002421317123106382
189 400.0 6000.0 30.0 0.14196391961756785 0.07518796992481203 0.002480944758268315 0.4842233009708738 0.051196207695914 0.002492718926548
19 400.0 6000.0 30.0 0.14196391961756785 0.07017543859649122 0.0023550479493176196 0.4789915966386555 0.045043922348415 0.0023562412209928827
190 400.0 6000.0 30.0 0.14196391961756785 0.08771929824561403 0.0033547503728830323 0.49875 0.06001219630128124 0.0028648568719495176
191 400.0 6000.0 30.0 0.14196391961756785 0.08020050125313283 0.002857884376289438 0.4932014833127318 0.055345456319500906 0.0026382098564758944
192 400.0 6000.0 30.0 0.14196391961756785 0.07769423558897243 0.0031387467514471575 0.49017199017199015 0.05178416043828135 0.002572623616772783
193 400.0 6000.0 30.0 0.14196391961756785 0.07268170426065163 0.0022915568728714684 0.4854014598540146 0.04935141394649479 0.002417939915213633
194 400.0 6000.0 30.0 0.14196391961756785 0.07518796992481203 0.0023806994611294202 0.48188405797101447 0.051125738337113535 0.002492271483162676
195 400.0 6000.0 30.0 0.14196391961756785 0.07268170426065163 0.002772763214807164 0.48957055214723927 0.04817096900380368 0.002425008457399946
196 400.0 6000.0 30.0 0.14196391961756785 0.08020050125313283 0.003057873306097879 0.4938118811881188 0.05303257359431318 0.002651346415200415
197 400.0 6000.0 30.0 0.14196391961756785 0.09022556390977443 0.0036243329973538363 0.5037878787878788 0.06114501302891124 0.0029424917492509787
198 400.0 6000.0 30.0 0.14196391961756785 0.08771929824561403 0.003748076116937866 0.5 0.059404484863595036 0.0028706726626357756
199 400.0 6000.0 30.0 0.14196391961756785 0.07769423558897243 0.003045130890879833 0.4944237918215613 0.051897920873405876 0.0025731232104997913
2 400.0 6000.0 30.0 0.14196391961756785 0.08270676691729323 0.003549229633800082 0.49875 0.05505735111550377 0.002723926732775245
20 400.0 6000.0 30.0 0.14196391961756785 0.06516290726817042 0.001884234997551278 0.46503496503496505 0.04370978469171869 0.0021967003396621484
200 400.0 6000.0 30.0 0.14196391961756785 0.06265664160401002 0.0019157184237018087 0.4661214953271028 0.04108956159717985 0.0021270446763469297
201 400.0 6000.0 30.0 0.14196391961756785 0.07268170426065163 0.002398967866469337 0.4842233009708738 0.04934775792476199 0.0024184270579981964
202 400.0 6000.0 30.0 0.14196391961756785 0.07769423558897243 0.00275568917661479 0.4877750611246944 0.05211319531889008 0.002571269108405438
203 400.0 6000.0 30.0 0.14196391961756785 0.08521303258145363 0.0034097802685902783 0.4925925925925926 0.05716037115528764 0.0027961687404201296
204 400.0 6000.0 30.0 0.14196391961756785 0.08020050125313283 0.0030173576952183447 0.4919852034525277 0.052954552193095285 0.0026493004667458046
205 400.0 6000.0 30.0 0.14196391961756785 0.06766917293233082 0.0019383708647030525 0.4727488151658768 0.04524984318781903 0.002272280831412119
206 400.0 6000.0 30.0 0.14196391961756785 0.08270676691729323 0.0030468151422864075 0.4889705882352941 0.05559759432794382 0.0027207708364818807
207 400.0 6000.0 30.0 0.14196391961756785 0.07769423558897243 0.002935697637918659 0.49503722084367247 0.0531606241277079 0.0025664506561116195
208 400.0 6000.0 30.0 0.14196391961756785 0.07017543859649122 0.002222890927609281 0.48014440433212996 0.04773648761652166 0.0023437692829645896
209 400.0 6000.0 30.0 0.14196391961756785 0.08270676691729323 0.0032937039894288074 0.49937421777221525 0.05578442985268622 0.0027192669283562336
21 400.0 6000.0 30.0 0.14196391961756785 0.06516290726817042 0.0019069774318627387 0.47387173396674587 0.04360438735055724 0.0021973086488977747
210 400.0 6000.0 30.0 0.14196391961756785 0.08771929824561403 0.0034998808161016224 0.4975062344139651 0.05946618199182754 0.002868140096035497
211 400.0 6000.0 30.0 0.14196391961756785 0.05764411027568922 0.0014176682518763008 0.4634146341463415 0.038253856243315766 0.001974100417447662
212 400.0 6000.0 30.0 0.14196391961756785 0.08020050125313283 0.003012942968048344 0.4848116646415553 0.05206464547011881 0.0026551776145984194
213 400.0 6000.0 30.0 0.14196391961756785 0.08020050125313283 0.0032535081712758928 0.4938118811881188 0.05291007158504017 0.0026494444276173785
214 400.0 6000.0 30.0 0.14196391961756785 0.07268170426065163 0.0023395566233210983 0.4830508474576271 0.049216489942838774 0.002419897838336371
215 400.0 6000.0 30.0 0.14196391961756785 0.08270676691729323 0.0032272265738382093 0.49688667496886674 0.05691956050469988 0.0027146455113365394
216 400.0 6000.0 30.0 0.14196391961756785 0.07268170426065163 0.002259417923160787 0.4755661501787843 0.04753113625503624 0.002427557726721221
217 400.0 6000.0 30.0 0.14196391961756785 0.07518796992481203 0.0024435792231416345 0.4854014598540146 0.050404473314371034 0.002495977450507617
218 400.0 6000.0 30.0 0.14196391961756785 0.07518796992481203 0.0027157823236981507 0.49017199017199015 0.05070740641896707 0.0024955565145802694
219 400.0 6000.0 30.0 0.14196391961756785 0.08521303258145363 0.0037817105909587817 0.5012562814070352 0.055693302355014074 0.0028029442719584084
22 400.0 6000.0 30.0 0.14196391961756785 0.08020050125313283 0.002728309176284088 0.4830508474576271 0.05230114583847783 0.002653662082905177
220 400.0 6000.0 30.0 0.14196391961756785 0.07017543859649122 0.002672468304639495 0.49812734082397003 0.04616267400098497 0.0023510878322608535
221 400.0 6000.0 30.0 0.14196391961756785 0.07518796992481203 0.002598578281924028 0.4925925925925926 0.051094189529192334 0.0024936696057929406
222 400.0 6000.0 30.0 0.14196391961756785 0.07017543859649122 0.00251617026383785 0.4883720930232558 0.04655799758184063 0.0023498608197247916
223 400.0 6000.0 30.0 0.14196391961756785 0.06766917293233082 0.001961336008453324 0.46557759626604434 0.04429389565633031 0.00227706196654363
224 400.0 6000.0 30.0 0.14196391961756785 0.08020050125313283 0.003241702370378471 0.4962686567164179 0.05178039116730233 0.0026560545988416236
225 400.0 6000.0 30.0 0.14196391961756785 0.07769423558897243 0.0023487179981903404 0.48717948717948717 0.054262336775312545 0.0025620826260951877
226 400.0 6000.0 30.0 0.14196391961756785 0.07769423558897243 0.0032553363465253854 0.4944237918215613 0.04985647025833717 0.0025818379466421913
227 400.0 6000.0 30.0 0.14196391961756785 0.07769423558897243 0.003070396998607287 0.4865853658536585 0.05049874190708964 0.0025802048543304063
228 400.0 6000.0 30.0 0.14196391961756785 0.06265664160401002 0.0016554503391711473 0.4727488151658768 0.041243107368315095 0.0021260091396707185
229 400.0 6000.0 30.0 0.14196391961756785 0.06766917293233082 0.002107646515654943 0.47330960854092524 0.04485194211748426 0.0022743470823693886
23 400.0 6000.0 30.0 0.14196391961756785 0.08771929824561403 0.0037309599975558537 0.49937421777221525 0.05723675389656129 0.002878197334718223
230 400.0 6000.0 30.0 0.14196391961756785 0.07268170426065163 0.002232398894433248 0.48363636363636364 0.049015674390637406 0.002420640447092233
231 400.0 6000.0 30.0 0.14196391961756785 0.08020050125313283 0.0027092843891269487 0.48717948717948717 0.053392015217970545 0.0026488030532259396
232 400.0 6000.0 30.0 0.14196391961756785 0.07769423558897243 0.0028964750105839945 0.5006273525721455 0.05265685318872093 0.0025685778551809706
233 400.0 6000.0 30.0 0.14196391961756785 0.07518796992481203 0.0026186939218326493 0.49017199017199015 0.05001003595321346 0.0025006800824107465
234 400.0 6000.0 30.0 0.14196391961756785 0.07017543859649122 0.002356171133408131 0.47218934911242605 0.04533752765657914 0.0023555237270715306
235 400.0 6000.0 30.0 0.14196391961756785 0.09022556390977443 0.003713379037571671 0.49937421777221525 0.05794966865300779 0.0029593301055048744
236 400.0 6000.0 30.0 0.14196391961756785 0.09022556390977443 0.0039810103459571675 0.5069885641677255 0.05995521233657311 0.002948848562478351
237 400.0 6000.0 30.0 0.14196391961756785 0.07769423558897243 0.0026356669832549385 0.4807228915662651 0.051054218770795294 0.0025772855258429737
238 400.0 6000.0 30.0 0.14196391961756785 0.05764411027568922 0.0016861530790533237 0.46776084407971863 0.03780257809759825 0.0019772810317437678
239 400.0 6000.0 30.0 0.14196391961756785 0.06516290726817042 0.0017631662110985677 0.4705188679245283 0.04282412012752308 0.0022018102197758614
24 400.0 6000.0 30.0 0.14196391961756785 0.08020050125313283 0.002971507860565435 0.48957055214723927 0.052630601202415785 0.0026517248397700333
240 400.0 6000.0 30.0 0.14196391961756785 0.07518796992481203 0.0029001460274342117 0.4932014833127318 0.0508331014179548 0.002494204940467606
241 400.0 6000.0 30.0 0.14196391961756785 0.07017543859649122 0.00259356952472815 0.48363636363636364 0.045612784837371294 0.0023535041988350168
242 400.0 6000.0 30.0 0.14196391961756785 0.07268170426065163 0.0024437575101578703 0.4767025089605735 0.04672975560994335 0.0024330936526778973
243 400.0 6000.0 30.0 0.14196391961756785 0.08020050125313283 0.003331912012971932 0.49137931034482757 0.05185576563175165 0.0026583075997805056
244 400.0 6000.0 30.0 0.14196391961756785 0.05263157894736842 0.0012705840884972702 0.456 0.0348196817873229 0.0018246863498008557
245 400.0 6000.0 30.0 0.14196391961756785 0.07769423558897243 0.0029948128025888195 0.4889705882352941 0.05119418395643523 0.0025758904096836216
246 400.0 6000.0 30.0 0.14196391961756785 0.05764411027568922 0.0013112026805235332 0.4596774193548387 0.038610663346825794 0.0019724994823383498
247 400.0 6000.0 30.0 0.14196391961756785 0.07268170426065163 0.002340305279714076 0.4795673076923077 0.047639430639302524 0.0024282219881404544
248 400.0 6000.0 30.0 0.14196391961756785 0.07769423558897243 0.002572694412795118 0.48599269183922045 0.05253419929192917 0.00257120900521224
249 400.0 6000.0 30.0 0.14196391961756785 0.07769423558897243 0.0029388453555635147 0.4919852034525277 0.05049159375289307 0.002579620439663714
25 400.0 6000.0 30.0 0.14196391961756785 0.08020050125313283 0.0037568082273215673 0.5 0.05246816778098064 0.002653977532565446
250 400.0 6000.0 30.0 0.14196391961756785 0.08270676691729323 0.0035321277893114815 0.49812734082397003 0.05408344097177532 0.0027293128476704722
251 400.0 6000.0 30.0 0.14196391961756785 0.07268170426065163 0.0025569601389195625 0.4789915966386555 0.047849581461464966 0.0024269445764791516
252 400.0 6000.0 30.0 0.14196391961756785 0.09273182957393483 0.0042237367532456365 0.5018867924528302 0.060815121196839086 0.003027937250867119
253 400.0 6000.0 30.0 0.14196391961756785 0.06516290726817042 0.00150790272125199 0.4672131147540984 0.04583811433375719 0.0021882612912724315
254 400.0 6000.0 30.0 0.14196391961756785 0.07268170426065163 0.0024098558841554995 0.4789915966386555 0.04789137300832171 0.002426967050477979
255 400.0 6000.0 30.0 0.14196391961756785 0.07769423558897243 0.0026149479018181742 0.4877750611246944 0.05227008068482501 0.002572035003887938
256 400.0 6000.0 30.0 0.14196391961756785 0.07017543859649122 0.0022238462018917275 0.4755661501787843 0.04678628993305165 0.0023483418636961653
257 400.0 6000.0 30.0 0.14196391961756785 0.06265664160401002 0.001681534091205431 0.47330960854092524 0.042890120447399926 0.002117732798449635
258 400.0 6000.0 30.0 0.14196391961756785 0.07268170426065163 0.002089182340893181 0.47443519619500596 0.04953103677325874 0.0024187033546575645
259 400.0 6000.0 30.0 0.14196391961756785 0.07268170426065163 0.0021952332071927313 0.475 0.04805906864552511 0.0024255426792053076
26 400.0 6000.0 30.0 0.14196391961756785 0.07017543859649122 0.002352404087680935 0.48014440433212996 0.045077891801501874 0.002355479992426733
260 400.0 6000.0 30.0 0.14196391961756785 0.07518796992481203 0.0030057102104608558 0.4956521739130435 0.049509330104662075 0.0025005748660358834
261 400.0 6000.0 30.0 0.14196391961756785 0.08020050125313283 0.0029583172512336058 0.4883720930232558 0.05254378360852147 0.0026531441048372713
262 400.0 6000.0 30.0 0.14196391961756785 0.08270676691729323 0.002932531843773872 0.49503722084367247 0.054933287368758466 0.0027233373314245525
263 400.0 6000.0 30.0 0.14196391961756785 0.08521303258145363 0.003507272729312287 0.49812734082397003 0.05731970371363166 0.002795487149516518
264 400.0 6000.0 30.0 0.14196391961756785 0.08771929824561403 0.003831404194296984 0.5018867924528302 0.059472342232350345 0.0028677831802922937
265 400.0 6000.0 30.0 0.14196391961756785 0.08270676691729323 0.0030475631777310305 0.48957055214723927 0.05462233020484918 0.00272569364935286
266 400.0 6000.0 30.0 0.14196391961756785 0.08020050125313283 0.002886992260935925 0.49137931034482757 0.05496929867778952 0.002641580288413905
267 400.0 6000.0 30.0 0.14196391961756785 0.09523809523809523 0.0043177631469973575 0.5 0.0634482506765941 0.00309690829317849
268 400.0 6000.0 30.0 0.14196391961756785 0.08270676691729323 0.0033370128110312416 0.4925925925925926 0.05537305648097161 0.002720975370579602
269 400.0 6000.0 30.0 0.14196391961756785 0.08020050125313283 0.0029781779287130225 0.4877750611246944 0.053066193911430574 0.002648531794743268
27 400.0 6000.0 30.0 0.14196391961756785 0.07017543859649122 0.002244737512013086 0.4795673076923077 0.04565734016725958 0.0023537111594812386
270 400.0 6000.0 30.0 0.14196391961756785 0.07017543859649122 0.0020741249384027558 0.4813027744270205 0.04794814487966054 0.002342008076156767
271 400.0 6000.0 30.0 0.14196391961756785 0.07017543859649122 0.0023875019366944522 0.47784431137724553 0.046293791805649534 0.002350413170059346
272 400.0 6000.0 30.0 0.14196391961756785 0.07518796992481203 0.002669604900982342 0.4877750611246944 0.05154352725280606 0.0024905525885920827
273 400.0 6000.0 30.0 0.14196391961756785 0.07268170426065163 0.002514105335884562 0.4807228915662651 0.04875229744943946 0.0024214570373620793
274 400.0 6000.0 30.0 0.14196391961756785 0.06015037593984962 0.0013509596146084697 0.4586206896551724 0.04101583639664628 0.0020432976801518935
275 400.0 6000.0 30.0 0.14196391961756785 0.07518796992481203 0.0021342749838030306 0.47218934911242605 0.050714424565834096 0.0024950373711263357
276 400.0 6000.0 30.0 0.14196391961756785 0.08020050125313283 0.003113566294268175 0.4944237918215613 0.05365234257997718 0.00264854097283506
277 400.0 6000.0 30.0 0.14196391961756785 0.07518796992481203 0.0026030937279161222 0.4755661501787843 0.04926938031043172 0.0025021520868248625
278 400.0 6000.0 30.0 0.14196391961756785 0.07769423558897243 0.0027847546743632076 0.4907749077490775 0.05193373031569822 0.0025726517478062943
279 400.0 6000.0 30.0 0.14196391961756785 0.07518796992481203 0.002210080918302499 0.4848116646415553 0.05072558346473938 0.0024945363601918515
28 400.0 6000.0 30.0 0.14196391961756785 0.06766917293233082 0.0023323689243711413 0.47784431137724553 0.044565195743702345 0.0022746837659489137
280 400.0 6000.0 30.0 0.14196391961756785 0.07518796992481203 0.002371525455492225 0.48014440433212996 0.05098307794157091 0.002494825249107901
281 400.0 6000.0 30.0 0.14196391961756785 0.08521303258145363 0.0036824710611903094 0.49875 0.05582364987690399 0.002801338880380311
282 400.0 6000.0 30.0 0.14196391961756785 0.07268170426065163 0.002486313089068841 0.4772727272727273 0.047832562236540664 0.002425136092714458
283 400.0 6000.0 30.0 0.14196391961756785 0.07268170426065163 0.0022647198867097097 0.4842233009708738 0.0498843171169426 0.0024151756552971975
284 400.0 6000.0 30.0 0.14196391961756785 0.07769423558897243 0.0024988359357208767 0.4807228915662651 0.051469818896902546 0.0025743574590771606
285 400.0 6000.0 30.0 0.14196391961756785 0.06766917293233082 0.0021145046067113545 0.4666666666666667 0.04416503790960311 0.002277079502794105
286 400.0 6000.0 30.0 0.14196391961756785 0.06015037593984962 0.0015510903369357143 0.46395348837209305 0.040017023157371004 0.002048425245863306
287 400.0 6000.0 30.0 0.14196391961756785 0.08270676691729323 0.0034565182873239056 0.5006273525721455 0.05554469802821326 0.002719892655005286
288 400.0 6000.0 30.0 0.14196391961756785 0.06516290726817042 0.0019167547803556736 0.46776084407971863 0.04214736453709367 0.002203883098676705
289 400.0 6000.0 30.0 0.14196391961756785 0.09273182957393483 0.004088782449839575 0.5006273525721455 0.061194817863039534 0.0030249845394466728
29 400.0 6000.0 30.0 0.14196391961756785 0.07017543859649122 0.0027450863504019435 0.47613365155131265 0.04485272145764615 0.002358142729569237
290 400.0 6000.0 30.0 0.14196391961756785 0.07268170426065163 0.0024898724830186847 0.47784431137724553 0.048335144830935595 0.002422642705129764
291 400.0 6000.0 30.0 0.14196391961756785 0.07268170426065163 0.0023424037511149283 0.4755661501787843 0.04843253187943037 0.0024232418455495106
292 400.0 6000.0 30.0 0.14196391961756785 0.08020050125313283 0.0032526856546835387 0.4938118811881188 0.05232308912032948 0.002654599394681666
293 400.0 6000.0 30.0 0.14196391961756785 0.07268170426065163 0.0023705973921356637 0.4795673076923077 0.04750648153862398 0.00242781914030022
294 400.0 6000.0 30.0 0.14196391961756785 0.08270676691729323 0.003170605004805129 0.4925925925925926 0.05368836137391505 0.00272920609941428
295 400.0 6000.0 30.0 0.14196391961756785 0.07769423558897243 0.003083929111437119 0.48014440433212996 0.05065168881208778 0.0025787808663512686
296 400.0 6000.0 30.0 0.14196391961756785 0.06516290726817042 0.0019321708341226028 0.47107438016528924 0.04402810946244129 0.0021956461920933667
297 400.0 6000.0 30.0 0.14196391961756785 0.07268170426065163 0.002045600996833986 0.4705188679245283 0.04755830748307487 0.002426989486824067
298 400.0 6000.0 30.0 0.14196391961756785 0.07518796992481203 0.002432060958708589 0.4795673076923077 0.048703787143702514 0.002503566198559585
299 400.0 6000.0 30.0 0.14196391961756785 0.06766917293233082 0.00260788411278356 0.4865853658536585 0.04290867886292573 0.0022830946620748106
3 400.0 6000.0 30.0 0.14196391961756785 0.07017543859649122 0.002082626058584076 0.4795673076923077 0.04772590276076297 0.002343275966518106
30 400.0 6000.0 30.0 0.14196391961756785 0.06516290726817042 0.002264663073378847 0.4784172661870504 0.04244529380987377 0.002203430045409612
300 400.0 6000.0 30.0 0.14196391961756785 0.09022556390977443 0.003964892385866959 0.5018867924528302 0.06147168108310102 0.002941792816608031
301 400.0 6000.0 30.0 0.14196391961756785 0.07518796992481203 0.002604957980910492 0.4848116646415553 0.050397938026882645 0.0024969402640515007
302 400.0 6000.0 30.0 0.14196391961756785 0.07769423558897243 0.002576159394378467 0.48246674727932287 0.05299304114667949 0.0025676522302546653
303 400.0 6000.0 30.0 0.14196391961756785 0.08270676691729323 0.003040821705808137 0.4962686567164179 0.056067946553183645 0.002719519457208673
304 400.0 6000.0 30.0 0.14196391961756785 0.07518796992481203 0.0024262028018886923 0.4877750611246944 0.05135111245275246 0.0024914768730937625
305 400.0 6000.0 30.0 0.14196391961756785 0.07017543859649122 0.002072504930268131 0.47443519619500596 0.047781250350079976 0.0023434418572178166
306 400.0 6000.0 30.0 0.14196391961756785 0.07268170426065163 0.0022918558941459263 0.4784172661870504 0.048833542219841077 0.00242103686567638
307 400.0 6000.0 30.0 0.14196391961756785 0.06265664160401002 0.0016322319362953202 0.4705188679245283 0.04296262821831116 0.002117663506704158
308 400.0 6000.0 30.0 0.14196391961756785 0.08020050125313283 0.0027281650284726906 0.4877750611246944 0.05361211324729044 0.002646269763844875
309 400.0 6000.0 30.0 0.14196391961756785 0.07769423558897243 0.0030510526329675636 0.4877750611246944 0.05166265645396102 0.0025734281542773843
31 400.0 6000.0 30.0 0.14196391961756785 0.06516290726817042 0.002390500243559815 0.4807228915662651 0.042433877356474775 0.002203345041136636
310 400.0 6000.0 30.0 0.14196391961756785 0.06516290726817042 0.0016261360824809097 0.4634146341463415 0.04435612469836076 0.0021935958552380605
311 400.0 6000.0 30.0 0.14196391961756785 0.06766917293233082 0.0016312507880305045 0.47218934911242605 0.0461702357145007 0.0022681024745573246
312 400.0 6000.0 30.0 0.14196391961756785 0.08020050125313283 0.002722177028302978 0.4907749077490775 0.053646088932489046 0.002646779454678089
313 400.0 6000.0 30.0 0.14196391961756785 0.08521303258145363 0.003492822741910548 0.5037878787878788 0.05764462359237177 0.0027931745104294663
314 400.0 6000.0 30.0 0.14196391961756785 0.08270676691729323 0.0032506399845175014 0.4883720930232558 0.05381382404137391 0.00272931163417213
315 400.0 6000.0 30.0 0.14196391961756785 0.09273182957393483 0.004284842939247712 0.5012562814070352 0.060816023558056265 0.0030286476897984863
316 400.0 6000.0 30.0 0.14196391961756785 0.08771929824561403 0.0035206045584221515 0.4919852034525277 0.05776176892434571 0.0028747388122190216
317 400.0 6000.0 30.0 0.14196391961756785 0.08270676691729323 0.003292150048187491 0.4932014833127318 0.05572925395960024 0.00271995694319031
318 400.0 6000.0 30.0 0.14196391961756785 0.08020050125313283 0.0031155415048509582 0.4975062344139651 0.054110428203134484 0.002645654610579787
319 400.0 6000.0 30.0 0.14196391961756785 0.07518796992481203 0.0025074734401631235 0.48363636363636364 0.0495069244980692 0.0025024976855430947
32 400.0 6000.0 30.0 0.14196391961756785 0.07769423558897243 0.0031027217046077785 0.4842233009708738 0.05056264135542528 0.0025785237341417354
320 400.0 6000.0 30.0 0.14196391961756785 0.07769423558897243 0.0031880637715461847 0.4944237918215613 0.05252411996281974 0.002570730174231149
321 400.0 6000.0 30.0 0.14196391961756785 0.08270676691729323 0.003384437952802309 0.49017199017199015 0.05440232960872233 0.0027263213668927535
322 400.0 6000.0 30.0 0.14196391961756785 0.08020050125313283 0.0030892563576047356 0.4956521739130435 0.053437451054120434 0.0026478271410853966
323 400.0 6000.0 30.0 0.14196391961756785 0.06766917293233082 0.0024337417768824894 0.47784431137724553 0.04336754076094732 0.0022819502860935348
324 400.0 6000.0 30.0 0.14196391961756785 0.08020050125313283 0.003230799581633422 0.4877750611246944 0.05180336808041022 0.002656004695172051
325 400.0 6000.0 30.0 0.14196391961756785 0.07268170426065163 0.0027318178888254873 0.4919852034525277 0.048398615941701514 0.002423639655848765
326 400.0 6000.0 30.0 0.14196391961756785 0.06265664160401002 0.0017826500796969515 0.46557759626604434 0.04058174497582719 0.0021301057225610875
327 400.0 6000.0 30.0 0.14196391961756785 0.05764411027568922 0.0014447202085503693 0.46557759626604434 0.03831906721372913 0.001974054408793641
328 400.0 6000.0 30.0 0.14196391961756785 0.06516290726817042 0.0019131192376704166 0.47107438016528924 0.043003067535564335 0.0022007530155781266
329 400.0 6000.0 30.0 0.14196391961756785 0.05513784461152882 0.0015636857011628532 0.4607390300230947 0.03532318666165641 0.0019061061871081901
33 400.0 6000.0 30.0 0.14196391961756785 0.06766917293233082 0.0019339333472288037 0.4716312056737589 0.04470650209183598 0.002274730885553942
330 400.0 6000.0 30.0 0.14196391961756785 0.07518796992481203 0.002371031875051491 0.48599269183922045 0.04995904814574871 0.002499858333129426
331 400.0 6000.0 30.0 0.14196391961756785 0.07518796992481203 0.0028087728144417542 0.4830508474576271 0.049814867005474245 0.002499101568616471
332 400.0 6000.0 30.0 0.14196391961756785 0.07017543859649122 0.0022318720687055254 0.48188405797101447 0.04596266781439034 0.002352184325905975
333 400.0 6000.0 30.0 0.14196391961756785 0.08270676691729323 0.0031800619382837112 0.4907749077490775 0.05387834697038226 0.0027290939681403515
334 400.0 6000.0 30.0 0.14196391961756785 0.07268170426065163 0.002269641436397358 0.47218934911242605 0.0476433136232653 0.0024271238587459457
335 400.0 6000.0 30.0 0.14196391961756785 0.06015037593984962 0.001492880519104357 0.46996466431095407 0.04115102346305863 0.002043662368217495
336 400.0 6000.0 30.0 0.14196391961756785 0.07268170426065163 0.002747018290289059 0.4889705882352941 0.04721355287042301 0.0024291434502765187
337 400.0 6000.0 30.0 0.14196391961756785 0.07017543859649122 0.0021999683180117103 0.4784172661870504 0.04684388798623585 0.0023470159803290107
338 400.0 6000.0 30.0 0.14196391961756785 0.07268170426065163 0.0021942569748986144 0.47613365155131265 0.046679355013060725 0.0024323573456491577
339 400.0 6000.0 30.0 0.14196391961756785 0.08020050125313283 0.0033846342250584394 0.4919852034525277 0.05199369589501232 0.0026553809520731917
34 400.0 6000.0 30.0 0.14196391961756785 0.07017543859649122 0.0022974924696912034 0.4789915966386555 0.04616470969733588 0.0023512238095012763
340 400.0 6000.0 30.0 0.14196391961756785 0.08020050125313283 0.003096914995834579 0.4932014833127318 0.051994896777734764 0.0026565722263734385
341 400.0 6000.0 30.0 0.14196391961756785 0.08771929824561403 0.0039855057601879025 0.5006273525721455 0.05674772865565165 0.0028814893885107393
342 400.0 6000.0 30.0 0.14196391961756785 0.06516290726817042 0.0019415026679350392 0.46941176470588236 0.042501427825515595 0.0022023120594413127
343 400.0 6000.0 30.0 0.14196391961756785 0.08521303258145363 0.0033715522413134513 0.49017199017199015 0.05460926534944724 0.002809080127707754
344 400.0 6000.0 30.0 0.14196391961756785 0.07518796992481203 0.002620225167566556 0.48246674727932287 0.04821228139449788 0.0025064639020237938
345 400.0 6000.0 30.0 0.14196391961756785 0.07769423558897243 0.0028628889222664074 0.4889705882352941 0.0521520000518589 0.0025713191045810915
346 400.0 6000.0 30.0 0.14196391961756785 0.08020050125313283 0.0030587427187966 0.48957055214723927 0.05173299044852681 0.0026560814756062994
347 400.0 6000.0 30.0 0.14196391961756785 0.06766917293233082 0.001802931834665376 0.4716312056737589 0.04532504304763727 0.0022719305522580025
348 400.0 6000.0 30.0 0.14196391961756785 0.07518796992481203 0.002758690081862988 0.4854014598540146 0.050220873430267515 0.0024973239563864384
349 400.0 6000.0 30.0 0.14196391961756785 0.08020050125313283 0.0033756811568372846 0.49688667496886674 0.05253098567576713 0.0026521074779194817
35 400.0 6000.0 30.0 0.14196391961756785 0.08020050125313283 0.0032046072902488475 0.4877750611246944 0.05174610332765671 0.002656275022835114
350 400.0 6000.0 30.0 0.14196391961756785 0.07268170426065163 0.00207940865174591 0.4767025089605735 0.04746266995243012 0.002429450537108914
351 400.0 6000.0 30.0 0.14196391961756785 0.06516290726817042 0.0017028481207521495 0.461271676300578 0.0421299324267062 0.0022047300436346257
352 400.0 6000.0 30.0 0.14196391961756785 0.06766917293233082 0.0017739994593982393 0.47613365155131265 0.04487630961281377 0.002274299517378769
353 400.0 6000.0 30.0 0.14196391961756785 0.08020050125313283 0.0031657737034673297 0.4919852034525277 0.052390336097837525 0.0026526505919742664
354 400.0 6000.0 30.0 0.14196391961756785 0.06516290726817042 0.001965884938326426 0.46830985915492956 0.04261321823588206 0.0022031210817018356
355 400.0 6000.0 30.0 0.14196391961756785 0.08270676691729323 0.0033767667892379426 0.49812734082397003 0.055059966024830403 0.0027244023850135062
356 400.0 6000.0 30.0 0.14196391961756785 0.07769423558897243 0.0025955996376691446 0.4877750611246944 0.051864759609116226 0.002572308637063895
357 400.0 6000.0 30.0 0.14196391961756785 0.07017543859649122 0.0024834182204657215 0.4848116646415553 0.0460757145447793 0.0023514863829699893
358 400.0 6000.0 30.0 0.14196391961756785 0.06516290726817042 0.002028840540933079 0.475 0.043092152648484865 0.0022012256384707743
359 400.0 6000.0 30.0 0.14196391961756785 0.07769423558897243 0.00278116441179649 0.4907749077490775 0.051116730958076236 0.002575596953034581
36 400.0 6000.0 30.0 0.14196391961756785 0.06766917293233082 0.002087148857618677 0.47387173396674587 0.04462118008290457 0.0022753121408299543
360 400.0 6000.0 30.0 0.14196391961756785 0.08020050125313283 0.003350347012445474 0.4975062344139651 0.0524892245757759 0.0026529285574913197
361 400.0 6000.0 30.0 0.14196391961756785 0.07268170426065163 0.002390422168985543 0.47443519619500596 0.04709894267812633 0.0024299230601491175
362 400.0 6000.0 30.0 0.14196391961756785 0.09022556390977443 0.004239507099674887 0.5037878787878788 0.05772579729576183 0.002959374428389745
363 400.0 6000.0 30.0 0.14196391961756785 0.08270676691729323 0.003331277668395269 0.49937421777221525 0.053747249506587706 0.0027294755162182525
364 400.0 6000.0 30.0 0.14196391961756785 0.06015037593984962 0.0017037991434705056 0.4666666666666667 0.039248140911157595 0.0020526232501697403
365 400.0 6000.0 30.0 0.14196391961756785 0.06265664160401002 0.0020907009633933087 0.4727488151658768 0.03959652477691752 0.0021333537431388275
366 400.0 6000.0 30.0 0.14196391961756785 0.06015037593984962 0.0016891903511153884 0.46830985915492956 0.03773940376252358 0.002059530045876737
367 400.0 6000.0 30.0 0.14196391961756785 0.07518796992481203 0.002515511682071367 0.4865853658536585 0.04971470971818874 0.0024994238824573786
368 400.0 6000.0 30.0 0.14196391961756785 0.07769423558897243 0.003046297716489254 0.48717948717948717 0.050544467219588315 0.0025791214941399514
369 400.0 6000.0 30.0 0.14196391961756785 0.08771929824561403 0.0034812415351924606 0.4883720930232558 0.05622340248377317 0.002883231327625769
37 400.0 6000.0 30.0 0.14196391961756785 0.06766917293233082 0.0016538627305051853 0.4727488151658768 0.04488514186982388 0.002274052580968098
370 400.0 6000.0 30.0 0.14196391961756785 0.06265664160401002 0.0015181632690904122 0.46557759626604434 0.040664826525894635 0.002128301567383757
371 400.0 6000.0 30.0 0.14196391961756785 0.07769423558897243 0.0030820482049473733 0.4919852034525277 0.05017447988119615 0.002580158256259665
372 400.0 6000.0 30.0 0.14196391961756785 0.07017543859649122 0.0026145284574591227 0.4865853658536585 0.04548294319290592 0.002355002846121174
373 400.0 6000.0 30.0 0.14196391961756785 0.08771929824561403 0.003996082750014791 0.49875 0.057529550949098604 0.00287746695565521
374 400.0 6000.0 30.0 0.14196391961756785 0.07518796992481203 0.002540897164070845 0.4807228915662651 0.048177419253377075 0.002506790373228645
375 400.0 6000.0 30.0 0.14196391961756785 0.07268170426065163 0.0022460886625840005 0.47387173396674587 0.04617996670433123 0.00243341667569337
376 400.0 6000.0 30.0 0.14196391961756785 0.08020050125313283 0.0033897485161431765 0.5006273525721455 0.05228076290972623 0.0026531216845959928
377 400.0 6000.0 30.0 0.14196391961756785 0.07518796992481203 0.0026278823974110136 0.4842233009708738 0.04871192208238985 0.0025043440662441494
378 400.0 6000.0 30.0 0.14196391961756785 0.06766917293233082 0.0021084336268302286 0.475 0.04299449465038038 0.002283583324819729
379 400.0 6000.0 30.0 0.14196391961756785 0.07268170426065163 0.002677786154014665 0.48957055214723927 0.04752064399887047 0.0024274693640013506
38 400.0 6000.0 30.0 0.14196391961756785 0.06516290726817042 0.002074115382271829 0.47387173396674587 0.04247238729643068 0.0022019971049662148
380 400.0 6000.0 30.0 0.14196391961756785 0.06766917293233082 0.001869986317032945 0.4807228915662651 0.04456881959826856 0.002275544265709758
381 400.0 6000.0 30.0 0.14196391961756785 0.07518796992481203 0.002729570002298279 0.4813027744270205 0.04835612608277792 0.0025057415087467463
382 400.0 6000.0 30.0 0.14196391961756785 0.08020050125313283 0.0030639602127543334 0.4889705882352941 0.05086125136327186 0.002659692017696834
383 400.0 6000.0 30.0 0.14196391961756785 0.07268170426065163 0.0026743027596957676 0.48188405797101447 0.04849674400182321 0.0024236335026080634
384 400.0 6000.0 30.0 0.14196391961756785 0.06766917293233082 0.002525654296917774 0.48188405797101447 0.04416573503945911 0.002277599196846517
385 400.0 6000.0 30.0 0.14196391961756785 0.08521303258145363 0.0033327781861573606 0.4925925925925926 0.05492546360420446 0.002806208761142113
386 400.0 6000.0 30.0 0.14196391961756785 0.08521303258145363 0.0038144405993165826 0.4938118811881188 0.0545858226863136 0.0028072589421723345
387 400.0 6000.0 30.0 0.14196391961756785 0.07518796992481203 0.002734281644838647 0.4813027744270205 0.04820039791773971 0.0025056390578380894
388 400.0 6000.0 30.0 0.14196391961756785 0.07518796992481203 0.0027494123540979095 0.4907749077490775 0.049968017208607864 0.0024984816928744365
389 400.0 6000.0 30.0 0.14196391961756785 0.07268170426065163 0.002885827659514847 0.49503722084367247 0.04787946240965472 0.002425459280623291
39 400.0 6000.0 30.0 0.14196391961756785 0.07268170426065163 0.0029552891119980318 0.48717948717948717 0.048102888219550735 0.002423817808116537
390 400.0 6000.0 30.0 0.14196391961756785 0.06015037593984962 0.0014680379787322389 0.45914844649021863 0.03918750332517323 0.002052495883114706
391 400.0 6000.0 30.0 0.14196391961756785 0.07518796992481203 0.0028034749771419748 0.49503722084367247 0.04946969200351783 0.002500619627764002
392 400.0 6000.0 30.0 0.14196391961756785 0.07268170426065163 0.002559698282738806 0.48363636363636364 0.046942326392263874 0.002430453089782485
393 400.0 6000.0 30.0 0.14196391961756785 0.06516290726817042 0.002081298185897875 0.46830985915492956 0.04210360685139361 0.0022043382899588327
394 400.0 6000.0 30.0 0.14196391961756785 0.07268170426065163 0.0023557866578503514 0.4795673076923077 0.04870542003485656 0.0024216201013418787
395 400.0 6000.0 30.0 0.14196391961756785 0.06766917293233082 0.0021748956497189193 0.4772727272727273 0.04513127819148264 0.0022722228301104447
396 400.0 6000.0 30.0 0.14196391961756785 0.07017543859649122 0.002095417670092158 0.48188405797101447 0.047826499937263504 0.0023431238617084697
397 400.0 6000.0 30.0 0.14196391961756785 0.08521303258145363 0.0031784154599939734 0.4938118811881188 0.05653727869297184 0.002799286980896412
398 400.0 6000.0 30.0 0.14196391961756785 0.08020050125313283 0.002935430019691411 0.49688667496886674 0.054913347625508147 0.0026409689967660725
399 400.0 6000.0 30.0 0.14196391961756785 0.07017543859649122 0.00235424593468767 0.4865853658536585 0.048297562717499666 0.0023408379539626508
4 400.0 6000.0 30.0 0.14196391961756785 0.07017543859649122 0.0022999299876233412 0.49017199017199015 0.04703228256167974 0.002347004498780042
40 400.0 6000.0 30.0 0.14196391961756785 0.08270676691729323 0.002826562722507082 0.4848116646415553 0.05326939724317585 0.00273114385960785
41 400.0 6000.0 30.0 0.14196391961756785 0.08020050125313283 0.0029040056377982117 0.48599269183922045 0.05246764444893192 0.002652578745287093
42 400.0 6000.0 30.0 0.14196391961756785 0.08521303258145363 0.002632965653115589 0.4848116646415553 0.05596535737871302 0.0028014478044838375
43 400.0 6000.0 30.0 0.14196391961756785 0.08521303258145363 0.003451604664706893 0.49812734082397003 0.056175683235458934 0.0028007084106338826
44 400.0 6000.0 30.0 0.14196391961756785 0.06015037593984962 0.00125139702076266 0.45756880733944955 0.04021882996678567 0.002047441608168643
45 400.0 6000.0 30.0 0.14196391961756785 0.07769423558897243 0.0031288089113630548 0.4919852034525277 0.051962326779545924 0.0025708737907710034
46 400.0 6000.0 30.0 0.14196391961756785 0.08771929824561403 0.003348979553621857 0.4956521739130435 0.05800141798919426 0.002875268768039466
47 400.0 6000.0 30.0 0.14196391961756785 0.07518796992481203 0.0025388811968224383 0.48599269183922045 0.04883418870693533 0.0025035111864095245
48 400.0 6000.0 30.0 0.14196391961756785 0.08020050125313283 0.0028976909570683877 0.4848116646415553 0.05252890127758024 0.002652195918378161
49 400.0 6000.0 30.0 0.14196391961756785 0.07268170426065163 0.0025911745651912696 0.4813027744270205 0.04685261359179865 0.0024308697733840885
5 400.0 6000.0 30.0 0.14196391961756785 0.09022556390977443 0.004473555194350314 0.504424778761062 0.058896391480056695 0.0029532384047632858
50 400.0 6000.0 30.0 0.14196391961756785 0.07268170426065163 0.0024759284945575846 0.48188405797101447 0.047973574607435183 0.0024248168834498647
51 400.0 6000.0 30.0 0.14196391961756785 0.08521303258145363 0.003381574291941859 0.4956521739130435 0.057320943940204136 0.0027956336562671284
52 400.0 6000.0 30.0 0.14196391961756785 0.07769423558897243 0.002995979978468909 0.4877750611246944 0.05061601581929623 0.002578168130483914
53 400.0 6000.0 30.0 0.14196391961756785 0.08020050125313283 0.0028594886366197425 0.4865853658536585 0.05255959664013597 0.002651407544897983
54 400.0 6000.0 30.0 0.14196391961756785 0.08270676691729323 0.0032498036637162732 0.4944237918215613 0.05613910801100701 0.0027177856906768693
55 400.0 6000.0 30.0 0.14196391961756785 0.07769423558897243 0.0031277565625869755 0.4883720930232558 0.05043571705443147 0.0025789014467123726
56 400.0 6000.0 30.0 0.14196391961756785 0.07518796992481203 0.0029656893172282455 0.4789915966386555 0.04862509975935489 0.002504144541264282
57 400.0 6000.0 30.0 0.14196391961756785 0.07268170426065163 0.0019930714528991053 0.4716312056737589 0.048349198222727624 0.002423644720492548
58 400.0 6000.0 30.0 0.14196391961756785 0.06265664160401002 0.0018839873399593638 0.47330960854092524 0.04118455475674828 0.002126238459600394
59 400.0 6000.0 30.0 0.14196391961756785 0.07268170426065163 0.002558525936273432 0.48363636363636364 0.04738774133631359 0.0024285478667362814
6 400.0 6000.0 30.0 0.14196391961756785 0.07017543859649122 0.0021861033364239603 0.4789915966386555 0.04792803243966108 0.0023422023954134427
60 400.0 6000.0 30.0 0.14196391961756785 0.06015037593984962 0.0019490131499618998 0.4672131147540984 0.03884336691977147 0.002055387861920757
61 400.0 6000.0 30.0 0.14196391961756785 0.07268170426065163 0.0024051794597251337 0.4865853658536585 0.04791887673409423 0.0024252428376495185
62 400.0 6000.0 30.0 0.14196391961756785 0.07518796992481203 0.0025917092205925 0.4848116646415553 0.04983008480870612 0.0024986300139902204
63 400.0 6000.0 30.0 0.14196391961756785 0.06766917293233082 0.001826584733439465 0.4727488151658768 0.04361145197614797 0.002281137427307902
64 400.0 6000.0 30.0 0.14196391961756785 0.08521303258145363 0.0035363330330732625 0.5006273525721455 0.054298069689693626 0.002810069146051637
65 400.0 6000.0 30.0 0.14196391961756785 0.07017543859649122 0.002426557926007791 0.4807228915662651 0.04545469370338927 0.002354881786813698
66 400.0 6000.0 30.0 0.14196391961756785 0.06516290726817042 0.002253365135066531 0.4772727272727273 0.04191644624652254 0.002205608203199638
67 400.0 6000.0 30.0 0.14196391961756785 0.07518796992481203 0.0027473774701152927 0.4848116646415553 0.04834136643397572 0.0025063498985709682
68 400.0 6000.0 30.0 0.14196391961756785 0.08521303258145363 0.003960977366518745 0.49688667496886674 0.054572167406630324 0.002808996512238467
69 400.0 6000.0 30.0 0.14196391961756785 0.07268170426065163 0.00248861716579879 0.48014440433212996 0.04683553172072337 0.0024307469541952178
7 400.0 6000.0 30.0 0.14196391961756785 0.08020050125313283 0.0026699283942164995 0.4883720930232558 0.05369628242503773 0.002646246104041353
70 400.0 6000.0 30.0 0.14196391961756785 0.07017543859649122 0.00276034079274229 0.4807228915662651 0.04509879602353763 0.0023561798025678294
71 400.0 6000.0 30.0 0.14196391961756785 0.08270676691729323 0.003080721730923839 0.48717948717948717 0.053572303033932046 0.002730586435530374
72 400.0 6000.0 30.0 0.14196391961756785 0.07769423558897243 0.0028732056198260128 0.48188405797101447 0.04871829582164874 0.0025878671636502208
73 400.0 6000.0 30.0 0.14196391961756785 0.07518796992481203 0.0025816642138731536 0.4842233009708738 0.048792486732533794 0.0025050996482404485
74 400.0 6000.0 30.0 0.14196391961756785 0.08020050125313283 0.003096099429990411 0.4938118811881188 0.05295334505524327 0.0026505643586483578
75 400.0 6000.0 30.0 0.14196391961756785 0.07268170426065163 0.0024725872028324744 0.4842233009708738 0.04723607645627687 0.002429384918421184
76 400.0 6000.0 30.0 0.14196391961756785 0.07518796992481203 0.0026412299718651527 0.48363636363636364 0.04912773570673558 0.0025040455288462904
77 400.0 6000.0 30.0 0.14196391961756785 0.07518796992481203 0.002679241400235918 0.48957055214723927 0.048947244946712785 0.0025027896600879644
78 400.0 6000.0 30.0 0.14196391961756785 0.08270676691729323 0.003481496477029637 0.5 0.054629748010734516 0.002725799646308872
79 400.0 6000.0 30.0 0.14196391961756785 0.05513784461152882 0.0011761906988514773 0.4554794520547945 0.03633850029781715 0.0019010196913735518
8 400.0 6000.0 30.0 0.14196391961756785 0.07268170426065163 0.002319058341422449 0.48599269183922045 0.04945792591498385 0.0024177155126358218
80 400.0 6000.0 30.0 0.14196391961756785 0.05764411027568922 0.001609901292298425 0.4666666666666667 0.03744883682967947 0.0019778468291787787
81 400.0 6000.0 30.0 0.14196391961756785 0.07769423558897243 0.003035615881245452 0.4865853658536585 0.04959779104055731 0.00258329739300444
82 400.0 6000.0 30.0 0.14196391961756785 0.06015037593984962 0.0016368375243726867 0.46449359720605354 0.03920510832326177 0.0020532507474312492
83 400.0 6000.0 30.0 0.14196391961756785 0.07769423558897243 0.0031311065179922474 0.48957055214723927 0.050699475081557616 0.002578702906761546
84 400.0 6000.0 30.0 0.14196391961756785 0.07518796992481203 0.0026018639328811138 0.48188405797101447 0.04805246040478754 0.002509693308148897
85 400.0 6000.0 30.0 0.14196391961756785 0.07518796992481203 0.0028612307251450406 0.4907749077490775 0.04941054493501534 0.002500830370721058
86 400.0 6000.0 30.0 0.14196391961756785 0.07017543859649122 0.0021644868619080113 0.47330960854092524 0.04453346926266453 0.0023592984414273414
87 400.0 6000.0 30.0 0.14196391961756785 0.08771929824561403 0.0038162065664960657 0.4956521739130435 0.05575625141428854 0.0028858500500573746
88 400.0 6000.0 30.0 0.14196391961756785 0.07017543859649122 0.0023770476508042067 0.47387173396674587 0.04422213288146681 0.0023626792678281164
89 400.0 6000.0 30.0 0.14196391961756785 0.07769423558897243 0.0030168126978269687 0.48957055214723927 0.05077142262611466 0.0025780382444148845
9 400.0 6000.0 30.0 0.14196391961756785 0.09273182957393483 0.004033623728447694 0.49937421777221525 0.0611207860808948 0.003026596504593317
90 400.0 6000.0 30.0 0.14196391961756785 0.07017543859649122 0.0021954903252904595 0.48599269183922045 0.04623884342528826 0.0023512151632361622
91 400.0 6000.0 30.0 0.14196391961756785 0.06516290726817042 0.0017847118078512937 0.46941176470588236 0.04215986655319206 0.002205333789944504
92 400.0 6000.0 30.0 0.14196391961756785 0.07268170426065163 0.002393002235821579 0.4784172661870504 0.047393674016707604 0.002428098796672418
93 400.0 6000.0 30.0 0.14196391961756785 0.06766917293233082 0.0019114062929198022 0.4661214953271028 0.04280796953835929 0.002284257397840318
94 400.0 6000.0 30.0 0.14196391961756785 0.08270676691729323 0.003322862714078531 0.4956521739130435 0.054301547002059615 0.0027279763598432615
95 400.0 6000.0 30.0 0.14196391961756785 0.07518796992481203 0.0029951723872806975 0.4889705882352941 0.04880918018684142 0.002504844248556747
96 400.0 6000.0 30.0 0.14196391961756785 0.07268170426065163 0.002624030062747411 0.4925925925925926 0.04822506664610942 0.002423619938873991
97 400.0 6000.0 30.0 0.14196391961756785 0.07268170426065163 0.0025400219326907293 0.4842233009708738 0.04845859066324699 0.0024223603890078504
98 400.0 6000.0 30.0 0.14196391961756785 0.07017543859649122 0.0024765254163894588 0.4830508474576271 0.04480462111312509 0.002357267928147694
99 400.0 6000.0 30.0 0.14196391961756785 0.08270676691729323 0.0032140454199835744 0.4962686567164179 0.055304196870798565 0.0027221557536741534