0 1
0 799
0 3
0 796
0 6
0 794
0 7
0 793
0 8
0 9
0 10
0 12
0 15
0 785
0 629
0 655
0 467
0 439
0 468
0 412
0 609
0 623
0 538
0 673
0 738
0 510
0 670
0 28
0 514
0 340
0 508
1 798
1 797
1 8
1 793
1 792
1 11
1 791
1 790
1 788
1 16
1 786
1 120
1 601
1 682
1 389
1 715
1 151
1 777
1 268
1 674
1 50
1 80
1 560
1 578
1 21
1 355
1 720
1 237
1 230
1 583
2 5
2 799
2 6
2 798
2 7
2 797
2 8
2 796
2 793
2 792
2 13
2 791
2 14
2 790
2 15
2 788
2 17
2 787
2 493
2 445
2 402
2 55
2 230
2 649
2 265
2 42
2 410
2 692
2 156
2 117
3 4
3 7
3 799
3 8
3 9
3 12
3 793
3 14
3 792
3 15
3 17
3 788
3 593
3 44
3 206
3 134
3 660
3 156
3 566
3 701
3 642
3 223
3 380
3 179
3 340
3 694
4 7
4 8
4 799
4 10
4 797
4 12
4 796
4 795
4 15
4 17
4 791
4 18
4 19
4 410
4 628
4 340
4 409
4 279
4 490
4 552
4 165
4 631
4 464
4 197
4 253
4 486
4 565
4 288
4 744
4 514
5 6
5 8
5 10
5 11
5 799
5 14
5 795
5 16
5 794
5 18
5 19
5 791
5 20
5 500
5 607
5 650
5 297
5 663
5 68
5 622
5 767
5 275
5 262
5 540
5 688
5 45
5 403
6 9
6 10
6 13
6 798
6 797
6 16
6 796
6 17
6 795
6 794
6 793
6 792
6 21
6 171
6 619
6 189
6 135
6 392
6 337
6 218
6 526
6 414
6 346
6 622
6 709
6 784
6 573
6 659
6 446
7 12
7 13
7 14
7 15
7 799
7 798
7 18
7 796
7 794
7 21
7 142
7 727
7 248
7 546
7 430
7 447
7 468
7 655
7 681
7 383
7 136
8 9
8 11
8 13
8 15
8 19
8 21
8 795
8 22
8 23
8 793
8 662
8 52
8 713
8 334
8 335
8 153
8 480
8 446
8 281
8 396
8 500
8 206
8 230
8 53
8 293
8 609
8 308
9 10
9 11
9 12
9 15
9 17
9 799
9 798
9 21
9 797
9 24
9 794
9 697
9 246
9 299
9 556
9 765
9 516
9 572
9 84
9 27
9 170
9 574
9 652
9 153
10 12
10 13
10 14
10 15
10 17
10 18
10 799
10 22
10 798
10 23
10 796
10 795
10 697
10 442
10 710
10 570
10 614
10 250
10 576
10 79
10 637
10 776
10 627
10 185
10 575
10 330
10 546
11 17
11 19
11 20
11 22
11 23
11 799
11 25
11 797
11 26
11 796
11 276
11 448
11 383
11 180
11 613
11 149
11 350
11 173
11 714
11 303
11 336
11 705
11 124
11 779
12 13
12 14
12 15
12 18
12 19
12 21
12 22
12 23
12 25
12 26
12 798
12 27
12 107
12 589
12 391
12 211
12 34
12 597
12 218
12 341
12 162
12 709
12 685
12 165
12 539
13 15
13 17
13 20
13 21
13 24
13 25
13 799
13 28
13 798
13 77
13 120
13 227
13 611
13 71
13 290
13 41
13 341
13 55
13 303
13 451
13 230
13 252
13 372
13 202
13 434
14 19
14 22
14 26
14 302
14 261
14 82
14 260
14 436
14 526
14 176
14 732
14 662
14 703
14 89
14 700
14 721
14 279
14 567
14 566
14 362
14 571
14 489
14 692
14 582
14 108
14 494
14 103
14 760
15 16
15 17
15 18
15 20
15 23
15 24
15 27
15 30
15 55
15 85
15 323
15 458
15 36
15 569
15 160
15 164
15 447
15 709
15 208
15 597
16 18
16 19
16 20
16 23
16 25
16 29
16 31
16 163
16 460
16 359
16 679
16 518
16 440
16 51
16 754
16 46
16 230
16 796
16 755
16 17
16 251
17 18
17 19
17 20
17 21
17 22
17 24
17 27
17 492
17 427
17 123
17 725
17 564
17 477
17 276
17 220
17 664
17 419
17 798
17 196
18 19
18 25
18 27
18 31
18 33
18 150
18 112
18 686
18 513
18 131
18 730
18 317
18 694
18 769
18 495
18 636
19 20
19 21
19 23
19 25
19 26
19 28
19 29
19 32
19 33
19 34
19 244
19 662
19 464
19 660
19 738
19 471
19 774
19 141
19 103
19 788
19 271
19 368
19 505
19 547
20 22
20 23
20 25
20 27
20 28
20 29
20 31
20 34
20 611
20 778
20 118
20 391
20 398
20 65
20 105
20 557
20 685
20 167
20 644
20 698
20 430
20 171
20 775
21 22
21 23
21 24
21 26
21 27
21 28
21 29
21 30
21 33
21 36
21 298
21 393
21 184
21 481
21 78
21 721
21 509
21 413
21 174
21 606
21 650
21 328
22 23
22 27
22 30
22 31
22 33
22 36
22 37
22 503
22 175
22 125
22 423
22 744
22 570
22 468
22 711
22 241
22 678
22 519
22 97
22 651
22 56
22 118
22 222
23 24
23 27
23 30
23 31
23 34
23 37
23 142
23 46
23 795
23 485
23 368
23 789
23 481
23 621
23 601
23 312
23 308
23 136
23 387
23 394
24 27
24 29
24 30
24 36
24 37
24 38
24 293
24 216
24 438
24 166
24 245
24 52
24 780
24 631
24 474
24 256
24 577
24 460
24 479
24 267
24 423
24 798
24 674
24 285
24 156
24 84
24 384
24 429
25 29
25 31
25 32
25 34
25 36
25 685
25 149
25 346
25 150
25 353
25 777
25 185
25 645
25 57
25 588
25 753
25 104
25 81
25 626
25 646
25 255
25 647
25 136
25 254
25 488
25 582
26 27
26 29
26 30
26 31
26 33
26 34
26 36
26 38
26 39
26 283
26 57
26 691
26 701
26 460
26 787
26 195
26 113
26 650
26 100
26 621
26 300
26 446
26 533
26 235
26 329
26 62
27 28
27 30
27 31
27 32
27 33
27 34
27 36
27 37
27 39
27 41
27 42
27 76
27 359
27 684
27 628
27 677
27 89
27 229
27 289
27 704
27 316
27 389
27 193
28 30
28 32
28 33
28 36
28 37
28 39
28 40
28 42
28 43
28 786
28 277
28 362
28 276
28 517
28 613
28 201
28 123
28 773
28 51
29 32
29 33
29 34
29 36
29 38
29 41
29 221
29 280
29 657
29 630
29 121
29 342
29 89
29 644
29 660
29 251
29 670
29 490
29 264
29 174
29 390
29 623
29 385
29 633
30 33
30 34
30 35
30 37
30 40
30 44
30 45
30 528
30 512
30 236
30 500
30 123
30 277
30 447
30 411
30 407
30 139
30 132
30 780
30 91
30 211
30 59
30 537
31 32
31 34
31 35
31 36
31 38
31 39
31 40
31 41
31 42
31 44
31 46
31 640
31 541
31 223
31 225
31 749
31 248
31 710
31 241
31 250
31 554
31 422
31 681
31 443
31 461
32 34
32 35
32 39
32 40
32 42
32 43
32 44
32 47
32 712
32 703
32 500
32 594
32 330
32 160
32 228
32 515
32 305
32 415
32 132
32 464
32 224
33 36
33 38
33 39
33 40
33 42
33 47
33 93
33 592
33 349
33 492
33 221
33 374
33 566
33 467
33 695
33 726
33 144
33 155
33 246
33 503
33 324
33 292
33 525
33 440
33 225
34 35
34 36
34 37
34 38
34 39
34 41
34 42
34 43
34 44
34 45
34 46
34 47
34 49
34 272
34 439
34 702
34 569
34 680
34 726
34 557
34 608
34 379
34 756
35 37
35 38
35 40
35 41
35 42
35 43
35 44
35 50
35 630
35 604
35 700
35 768
35 298
35 539
35 93
35 498
35 772
35 238
35 599
35 672
35 767
35 108
35 258
36 37
36 43
36 44
36 45
36 46
36 48
36 50
36 51
36 180
36 319
36 734
36 702
36 563
36 699
36 687
36 384
36 583
36 107
36 78
36 309
36 469
37 38
37 39
37 40
37 41
37 42
37 47
37 49
37 51
37 52
37 641
37 548
37 670
37 631
37 102
37 269
37 704
37 445
37 200
37 663
37 152
37 159
37 359
38 39
38 41
38 43
38 45
38 46
38 47
38 49
38 52
38 260
38 59
38 728
38 375
38 133
38 578
38 593
38 145
38 688
38 731
38 582
38 468
38 559
38 66
38 759
38 412
38 281
39 44
39 45
39 47
39 52
39 53
39 54
39 437
39 187
39 529
39 557
39 231
39 81
39 591
39 640
39 303
39 422
39 144
39 216
39 378
39 518
40 41
40 48
40 51
40 54
40 55
40 654
40 615
40 312
40 379
40 681
40 788
40 267
40 238
40 352
40 771
40 81
40 685
40 147
40 466
40 770
40 716
40 438
40 240
40 544
40 114
41 47
41 49
41 52
41 54
41 56
41 70
41 305
41 488
41 541
41 704
41 406
41 284
41 543
41 227
41 69
41 616
41 95
41 404
41 250
42 43
42 44
42 45
42 48
42 50
42 51
42 52
42 55
42 57
42 779
42 418
42 222
42 278
42 490
42 666
42 798
42 729
42 359
42 360
42 572
42 358
43 45
43 46
43 47
43 48
43 50
43 52
43 55
43 57
43 58
43 190
43 174
43 44
43 656
43 304
43 796
43 743
43 617
43 498
43 73
43 570
43 702
43 76
43 182
44 46
44 50
44 51
44 53
44 54
44 791
44 144
44 772
44 499
44 530
44 443
44 118
44 715
44 693
44 493
44 480
44 171
44 393
44 166
44 491
44 799
45 47
45 51
45 53
45 54
45 57
45 58
45 59
45 60
45 461
45 174
45 780
45 252
45 584
45 226
45 637
45 346
45 628
45 158
45 126
45 393
45 223
45 88
45 428
45 426
46 50
46 52
46 55
46 57
46 58
46 61
46 261
46 350
46 605
46 157
46 276
46 372
46 216
46 218
46 279
46 378
46 619
46 481
46 472
47 51
47 52
47 53
47 54
47 56
47 57
47 59
47 60
47 61
47 441
47 307
47 657
47 776
47 349
47 688
47 464
47 288
47 649
47 637
47 568
48 51
48 52
48 58
48 59
48 60
48 61
48 62
48 209
48 282
48 359
48 529
48 351
48 567
48 230
48 203
48 71
48 393
48 763
48 342
48 704
48 550
48 542
49 50
49 51
49 53
49 56
49 62
49 266
49 416
49 95
49 484
49 391
49 228
49 570
49 70
49 649
49 697
49 335
49 693
49 784
49 718
49 398
50 51
50 55
50 57
50 60
50 62
50 63
50 64
50 65
50 81
50 558
50 720
50 796
50 394
50 794
50 495
50 656
50 142
50 299
50 347
50 103
50 592
50 741
50 712
50 276
50 379
51 56
51 61
51 62
51 64
51 201
51 312
51 410
51 572
51 350
51 496
51 603
51 778
51 660
51 358
51 720
51 257
51 170
52 54
52 57
52 59
52 62
52 63
52 64
52 65
52 296
52 193
52 230
52 459
52 386
52 163
52 643
52 567
52 252
52 708
52 179
52 741
53 54
53 55
53 56
53 60
53 62
53 63
53 66
53 67
53 201
53 226
53 232
53 758
53 494
53 309
53 516
53 200
53 757
54 57
54 59
54 61
54 66
54 687
54 147
54 273
54 751
54 713
54 72
54 326
54 777
54 677
54 356
54 305
54 117
54 255
54 217
54 567
54 261
54 566
54 672
54 152
54 190
55 58
55 64
55 65
55 68
55 69
55 458
55 580
55 629
55 476
55 697
55 134
55 221
55 775
55 783
55 199
55 771
55 776
55 460
55 364
55 111
56 57
56 60
56 62
56 64
56 66
56 67
56 71
56 432
56 688
56 681
56 795
56 218
56 633
56 277
56 99
56 648
56 130
56 431
56 194
56 509
56 762
56 511
57 59
57 60
57 67
57 69
57 671
57 212
57 199
57 109
57 91
57 140
57 601
57 511
57 574
57 175
57 762
57 681
57 265
57 483
57 421
57 146
57 436
58 59
58 60
58 61
58 63
58 65
58 72
58 73
58 405
58 758
58 392
58 283
58 161
58 126
58 745
58 529
58 243
58 305
58 389
58 269
58 785
58 403
58 231
58 607
58 628
59 62
59 63
59 64
59 65
59 66
59 67
59 69
59 70
59 71
59 74
59 797
59 116
59 546
59 525
59 692
59 452
59 656
59 112
59 413
59 153
59 627
59 705
60 62
60 63
60 64
60 65
60 69
60 70
60 71
60 74
60 517
60 138
60 166
60 292
60 422
60 445
60 347
60 454
60 749
60 334
60 226
60 541
60 752
60 317
60 662
61 64
61 65
61 66
61 67
61 68
61 70
61 73
61 76
61 371
61 769
61 727
61 365
61 694
61 444
61 168
61 249
61 437
61 564
61 784
61 219
61 575
61 516
61 160
61 115
61 728
61 514
61 173
62 63
62 66
62 70
62 73
62 74
62 75
62 76
62 161
62 125
62 242
62 605
62 639
62 682
62 492
62 573
62 106
62 590
62 558
62 530
62 226
62 320
62 353
63 64
63 66
63 67
63 68
63 70
63 71
63 72
63 74
63 75
63 76
63 78
63 703
63 401
63 375
63 701
63 113
63 544
63 515
64 67
64 73
64 75
64 78
64 79
64 531
64 535
64 685
64 721
64 579
64 452
64 614
64 334
64 168
64 726
64 69
64 196
64 455
64 190
64 174
64 477
64 488
64 637
65 70
65 71
65 72
65 76
65 77
65 79
65 763
65 482
65 307
65 680
65 485
65 378
65 514
65 86
65 271
65 341
65 410
65 156
65 416
65 445
65 270
66 67
66 68
66 69
66 72
66 79
66 515
66 795
66 796
66 437
66 681
66 628
66 781
66 577
66 765
66 446
66 89
66 569
66 643
66 554
67 72
67 74
67 75
67 76
67 79
67 80
67 82
67 288
67 187
67 217
67 762
67 681
67 372
67 733
67 766
67 140
67 466
67 709
67 258
67 328
68 69
68 70
68 74
68 75
68 79
68 80
68 82
68 341
68 126
68 248
68 299
68 365
68 573
68 621
68 722
68 735
68 217
68 242
68 89
68 297
68 166
68 307
68 98
68 588
68 459
68 411
68 540
68 652
69 71
69 73
69 74
69 75
69 82
69 83
69 286
69 689
69 324
69 236
69 347
69 570
69 483
69 221
69 521
69 335
69 603
69 449
69 657
69 631
69 474
70 72
70 73
70 76
70 78
70 146
70 181
70 444
70 282
70 103
70 784
70 482
70 354
70 786
70 492
70 434
70 164
70 506
70 174
70 562
70 474
70 303
70 375
71 74
71 75
71 77
71 78
71 82
71 84
71 85
71 86
71 324
71 771
71 246
71 141
71 192
71 113
71 238
71 461
71 406
71 408
71 521
72 74
72 76
72 77
72 81
72 82
72 83
72 85
72 86
72 428
72 566
72 368
72 752
72 398
72 564
72 705
72 224
72 271
72 324
72 491
72 343
72 274
72 283
72 308
73 75
73 77
73 78
73 79
73 80
73 81
73 86
73 256
73 359
73 170
73 346
73 246
73 650
73 354
73 663
73 796
74 76
74 77
74 78
74 79
74 80
74 81
74 82
74 84
74 86
74 87
74 88
74 385
74 778
74 694
74 224
74 225
74 210
74 769
74 417
74 722
74 410
74 296
75 77
75 78
75 79
75 80
75 81
75 82
75 83
75 85
75 87
75 88
75 89
75 503
75 235
75 110
75 675
75 628
75 442
75 181
75 549
75 191
75 567
75 581
76 79
76 80
76 81
76 83
76 86
76 89
76 579
76 110
76 712
76 458
76 554
76 142
76 758
76 643
76 404
76 595
76 271
76 710
76 395
76 746
76 191
77 78
77 79
77 81
77 86
77 87
77 90
77 91
77 678
77 320
77 456
77 453
77 547
77 207
77 582
77 163
77 772
77 764
77 234
77 446
77 143
78 79
78 80
78 84
78 86
78 88
78 90
78 92
78 95
78 356
78 539
78 763
78 736
78 97
78 416
78 640
78 497
78 308
78 245
78 449
78 593
78 243
78 146
78 752
78 240
78 364
79 80
79 81
79 82
79 85
79 88
79 90
79 93
79 94
79 244
79 415
79 157
79 380
79 335
79 208
79 773
79 149
79 460
79 515
79 422
79 194
79 434
79 752
79 754
79 300
80 83
80 84
80 86
80 87
80 90
80 91
80 94
80 95
80 769
80 724
80 736
80 251
80 345
80 780
80 575
80 152
80 153
80 635
80 177
80 339
81 82
81 83
81 84
81 85
81 87
81 89
81 90
81 94
81 95
81 556
81 576
81 174
81 650
81 366
81 508
81 548
81 476
82 85
82 86
82 87
82 89
82 90
82 94
82 95
82 96
82 97
82 237
82 555
82 593
82 520
82 764
82 548
82 196
82 684
82 357
82 385
82 348
82 685
82 389
82 171
82 309
82 365
82 125
83 84
83 86
83 88
83 92
83 93
83 94
83 95
83 98
83 280
83 588
83 728
83 661
83 121
83 655
83 496
83 572
83 660
83 353
83 215
83 116
83 298
83 372
83 340
83 239
84 85
84 87
84 91
84 93
84 94
84 95
84 96
84 97
84 98
84 123
84 233
84 310
84 776
84 191
84 124
84 148
84 709
84 495
84 467
84 209
84 302
84 635
85 86
85 87
85 88
85 91
85 93
85 94
85 95
85 99
85 431
85 607
85 372
85 252
85 387
85 230
85 481
85 333
86 87
86 90
86 91
86 93
86 95
86 97
86 98
86 99
86 101
86 679
86 573
86 170
86 281
86 565
86 780
86 351
86 444
86 435
86 335
86 630
86 520
86 217
86 541
86 459
86 787
87 88
87 89
87 92
87 93
87 94
87 98
87 99
87 100
87 755
87 157
87 607
87 141
87 504
87 634
87 550
87 252
87 681
87 727
87 349
87 587
87 773
87 203
87 625
87 544
87 464
87 526
88 89
88 92
88 93
88 98
88 101
88 102
88 224
88 459
88 298
88 625
88 721
88 512
88 455
88 708
88 499
88 437
88 229
88 140
89 90
89 93
89 94
89 98
89 99
89 100
89 103
89 148
89 385
89 114
89 362
89 731
89 705
89 142
89 326
89 384
89 790
89 367
89 381
89 374
89 206
89 635
89 606
90 91
90 92
90 94
90 95
90 98
90 101
90 104
90 105
90 217
90 796
90 544
90 724
90 635
90 474
90 153
90 738
90 420
90 375
90 655
90 207
91 94
91 96
91 100
91 105
91 527
91 223
91 594
91 348
91 138
91 258
91 604
91 482
91 147
91 788
91 203
91 303
91 611
91 115
91 442
91 472
91 644
91 425
92 94
92 95
92 98
92 99
92 102
92 103
92 105
92 106
92 107
92 444
92 498
92 778
92 405
92 565
92 124
92 638
92 789
92 475
93 95
93 96
93 101
93 102
93 103
93 104
93 105
93 746
93 581
93 612
93 534
93 464
93 788
93 615
93 380
93 699
93 689
93 712
93 639
93 409
93 677
94 98
94 99
94 103
94 104
94 109
94 793
94 128
94 720
94 207
94 281
94 438
94 749
94 221
94 430
94 271
94 332
94 509
94 245
94 143
94 233
94 644
94 743
95 97
95 101
95 102
95 103
95 105
95 204
95 558
95 124
95 600
95 155
95 346
95 498
95 398
95 706
95 459
95 349
95 393
95 149
95 521
95 439
95 271
96 99
96 100
96 102
96 103
96 108
96 110
96 598
96 97
96 494
96 148
96 433
96 548
96 357
96 282
96 322
96 295
96 304
96 773
96 490
96 796
96 114
96 781
97 99
97 104
97 107
97 111
97 112
97 687
97 450
97 337
97 647
97 676
97 403
97 625
97 326
97 117
97 495
97 484
97 579
98 99
98 100
98 101
98 102
98 104
98 106
98 107
98 109
98 111
98 113
98 348
98 623
98 644
98 530
98 331
98 639
98 383
99 101
99 102
99 106
99 107
99 113
99 114
99 398
99 478
99 557
99 641
99 125
99 575
99 534
99 782
99 246
99 489
99 332
99 621
99 291
100 101
100 106
100 107
100 109
100 112
100 113
100 114
100 340
100 471
100 557
100 103
100 575
100 311
100 188
100 213
100 350
100 277
100 478
100 520
101 102
101 105
101 108
101 112
101 113
101 475
101 709
101 240
101 365
101 307
101 571
101 147
101 145
101 693
101 207
101 210
101 206
101 111
101 729
101 773
102 104
102 105
102 106
102 108
102 109
102 111
102 112
102 113
102 114
102 116
102 117
102 314
102 448
102 620
102 404
102 136
102 472
102 558
102 540
102 632
102 458
102 735
103 105
103 106
103 109
103 113
103 115
103 116
103 549
103 326
103 281
103 120
103 298
103 268
103 569
103 383
103 375
103 182
103 656
104 106
104 107
104 108
104 109
104 111
104 113
104 114
104 115
104 119
104 187
104 366
104 619
104 585
104 549
104 483
104 729
104 250
104 249
104 138
104 143
104 520
104 485
104 472
105 106
105 108
105 111
105 113
105 115
105 120
105 230
105 571
105 648
105 624
105 169
105 360
105 772
105 439
105 260
105 136
105 245
105 754
105 615
105 649
105 168
105 492
105 365
106 108
106 109
106 111
106 112
106 114
106 116
106 120
106 121
106 794
106 203
106 532
106 268
106 287
106 604
106 544
106 437
106 504
106 575
106 720
106 140
106 721
106 193
106 399
107 108
107 110
107 111
107 114
107 117
107 118
107 119
107 120
107 121
107 495
107 533
107 512
107 756
107 317
107 733
107 786
107 203
107 240
107 580
108 112
108 114
108 115
108 372
108 226
108 211
108 556
108 426
108 578
108 606
108 779
108 550
108 125
108 647
108 243
108 567
108 225
108 780
108 272
108 387
108 178
108 142
108 193
108 543
108 273
109 110
109 112
109 115
109 116
109 118
109 119
109 120
109 121
109 124
109 213
109 357
109 699
109 417
109 564
109 146
109 325
109 207
109 543
109 773
109 384
109 175
110 117
110 118
110 123
110 124
110 125
110 449
110 313
110 414
110 137
110 288
110 532
110 280
110 129
110 326
110 204
111 112
111 113
111 114
111 115
111 117
111 118
111 121
111 124
111 125
111 126
111 151
111 309
111 641
111 216
111 522
111 189
111 584
111 738
111 596
112 113
112 114
112 116
112 117
112 118
112 119
112 122
112 123
112 124
112 127
112 145
112 352
112 527
112 274
112 490
112 765
112 255
112 476
112 302
112 130
112 159
112 570
112 630
113 114
113 115
113 116
113 117
113 118
113 119
113 120
113 124
113 126
113 128
113 227
113 767
113 634
113 705
113 631
113 228
113 421
113 745
113 680
114 116
114 123
114 124
114 125
114 127
114 128
114 129
114 298
114 530
114 279
114 222
114 794
114 470
114 790
114 194
114 553
114 795
114 134
114 768
115 116
115 117
115 119
115 120
115 123
115 127
115 128
115 130
115 422
115 333
115 686
115 595
115 606
115 300
115 172
115 382
115 393
115 277
115 143
115 190
115 678
115 234
115 650
115 660
115 351
116 118
116 119
116 120
116 123
116 124
116 126
116 128
116 129
116 130
116 131
116 135
116 265
116 280
116 641
116 652
116 702
116 216
116 513
116 527
116 770
116 781
117 119
117 124
117 125
117 132
117 227
117 183
117 295
117 331
117 432
117 793
117 473
117 326
117 643
117 727
117 232
117 763
117 665
117 253
117 799
117 285
117 353
117 611
118 122
118 125
118 127
118 128
118 129
118 130
118 132
118 133
118 754
118 747
118 301
118 402
118 208
118 593
118 636
118 605
118 723
118 356
119 120
119 121
119 122
119 123
119 125
119 126
119 128
119 131
119 132
119 134
119 357
119 336
119 535
119 437
119 747
119 514
119 381
119 451
119 781
119 213
119 761
119 796
120 122
120 123
120 124
120 125
120 126
120 127
120 129
120 130
120 133
120 134
120 135
120 721
120 397
120 508
120 706
120 636
120 355
120 517
120 144
121 122
121 126
121 127
121 128
121 129
121 131
121 132
121 133
121 600
121 697
121 186
121 701
121 197
121 569
121 573
121 657
121 695
121 390
121 464
121 532
121 622
122 123
122 126
122 129
122 132
122 133
122 136
122 565
122 223
122 339
122 395
122 446
122 724
122 756
122 507
122 595
122 457
122 320
122 759
122 287
122 569
122 284
122 397
123 133
123 135
123 136
123 137
123 138
123 376
123 569
123 794
123 519
123 275
123 243
123 771
123 694
123 469
123 624
123 205
124 133
124 134
124 135
124 138
124 139
124 164
124 242
124 575
124 378
124 547
124 437
124 157
124 474
124 615
124 493
124 545
124 669
124 721
124 384
125 126
125 128
125 129
125 133
125 134
125 135
125 136
125 137
125 138
125 139
125 522
125 242
125 657
125 318
125 277
125 535
126 127
126 130
126 131
126 132
126 134
126 135
126 136
126 137
126 138
126 141
126 401
126 238
126 608
126 636
126 320
126 329
126 711
126 792
126 547
127 128
127 130
127 132
127 133
127 139
127 140
127 141
127 748
127 740
127 240
127 792
127 325
127 464
127 477
127 662
127 736
127 192
127 692
127 168
127 423
127 466
127 777
127 296
127 323
127 652
127 705
128 130
128 132
128 137
128 138
128 139
128 140
128 141
128 270
128 575
128 613
128 710
128 543
128 665
128 259
128 353
128 715
128 469
128 594
128 790
128 374
128 443
128 487
128 568
128 779
128 559
128 631
128 173
129 130
129 132
129 134
129 135
129 136
129 137
129 138
129 139
129 140
129 141
129 143
129 770
129 775
129 364
129 368
129 436
129 171
129 536
129 449
129 202
129 254
129 747
129 582
129 326
129 441
129 131
129 283
130 132
130 135
130 137
130 138
130 139
130 141
130 143
130 686
130 487
130 596
130 218
130 423
130 534
130 499
130 264
130 314
130 383
130 566
130 412
130 285
130 345
130 724
130 548
131 133
131 136
131 137
131 141
131 142
131 163
131 385
131 753
131 516
131 598
131 446
131 384
131 602
131 132
131 432
131 776
132 136
132 140
132 144
132 145
132 146
132 596
132 593
132 266
132 504
132 476
132 601
132 392
132 172
132 249
132 228
132 682
132 188
132 785
132 479
132 639
132 412
132 531
133 134
133 135
133 136
133 140
133 141
133 143
133 144
133 148
133 734
133 782
133 226
133 680
133 311
133 278
133 699
133 778
133 612
133 286
133 621
133 416
134 138
134 141
134 144
134 145
134 147
134 715
134 684
134 717
134 314
134 370
134 660
134 340
134 547
134 655
134 766
134 629
134 574
134 792
134 615
134 626
134 240
134 507
134 742
134 408
134 233
135 136
135 141
135 142
135 143
135 145
135 146
135 148
135 150
135 393
135 215
135 753
135 512
135 184
135 764
135 279
135 195
135 788
135 227
135 695
135 296
136 137
136 138
136 143
136 144
136 151
136 738
136 745
136 762
136 404
136 545
136 582
136 315
136 330
136 693
136 773
136 503
136 396
137 140
137 142
137 143
137 144
137 146
137 147
137 148
137 149
137 150
137 152
137 448
137 524
137 245
137 515
137 238
137 158
137 559
137 784
137 424
137 286
137 511
137 590
137 185
138 139
138 140
138 142
138 144
138 145
138 146
138 147
138 149
138 152
138 329
138 278
138 197
138 227
138 722
138 576
138 158
138 724
138 220
139 142
139 143
139 144
139 147
139 150
139 152
139 153
139 154
139 459
139 161
139 684
139 452
139 272
139 331
139 705
139 744
139 540
139 464
139 766
139 520
139 695
140 141
140 142
140 148
140 149
140 150
140 151
140 152
140 153
140 154
140 155
140 611
140 610
140 550
140 559
140 571
140 548
140 755
140 756
140 640
140 773
141 144
141 145
141 148
141 149
141 150
141 151
141 155
141 156
141 757
141 454
141 697
141 721
141 783
141 465
141 329
141 409
141 402
141 663
141 297
141 749
141 452
142 144
142 146
142 149
142 151
142 154
142 155
142 157
142 373
142 755
142 306
142 171
142 729
142 766
142 756
143 145
143 146
143 147
143 148
143 150
143 155
143 158
143 572
143 716
143 603
143 300
143 643
143 466
143 255
143 514
143 235
143 340
143 620
143 633
144 146
144 149
144 151
144 152
144 156
144 157
144 158
144 694
144 586
144 767
144 183
144 605
144 309
144 303
144 445
144 536
145 147
145 148
145 150
145 151
145 153
145 154
145 158
145 557
145 434
145 221
145 713
145 186
145 349
145 556
145 572
145 346
145 516
145 273
146 147
146 154
146 155
146 156
146 157
146 343
146 662
146 642
146 752
146 647
146 676
146 598
146 638
146 684
146 713
146 545
146 237
146 299
147 150
147 152
147 156
147 158
147 162
147 332
147 765
147 714
147 501
147 767
147 516
147 681
147 223
147 433
147 692
147 388
147 539
147 497
148 149
148 150
148 155
148 157
148 159
148 161
148 162
148 163
148 476
148 312
148 355
148 368
148 460
148 338
148 534
148 754
148 632
148 218
148 641
148 345
148 529
148 389
148 461
149 154
149 155
149 157
149 161
149 164
149 708
149 314
149 445
149 259
149 569
149 389
149 191
149 567
149 484
149 216
149 250
149 311
149 436
149 671
149 256
149 498
150 151
150 153
150 154
150 156
150 157
150 159
150 160
150 161
150 162
150 163
150 164
150 400
150 173
150 207
150 254
150 345
150 152
150 730
150 386
151 153
151 154
151 155
151 156
151 157
151 160
151 161
151 162
151 163
151 164
151 367
151 687
151 152
151 498
151 408
151 276
151 492
151 746
151 385
151 620
151 295
151 233
151 785
151 501
151 291
151 203
152 156
152 158
152 162
152 166
152 167
152 596
152 202
152 378
152 549
152 160
152 533
152 231
152 602
152 688
152 697
153 154
153 155
153 156
153 159
153 160
153 161
153 163
153 166
153 167
153 720
153 597
153 275
153 434
153 544
153 432
153 406
153 321
153 659
153 736
154 157
154 159
154 161
154 165
154 168
154 169
154 608
154 415
154 185
154 229
154 626
154 731
154 434
154 665
154 774
154 273
154 294
154 798
154 435
154 182
154 311
154 700
154 518
154 646
155 156
155 157
155 160
155 162
155 164
155 165
155 168
155 169
155 246
155 353
155 366
155 745
155 458
155 241
155 591
155 640
155 450
155 754
155 533
155 562
155 690
155 419
156 158
156 161
156 162
156 164
156 167
156 170
156 171
156 715
156 353
156 677
156 214
156 277
156 585
156 317
156 478
156 397
156 509
156 494
156 410
157 158
157 162
157 164
157 165
157 167
157 168
157 170
157 172
157 518
157 750
157 418
157 467
157 402
157 704
157 752
158 160
158 162
158 164
158 166
158 168
158 170
158 171
158 463
158 507
158 689
158 246
158 188
158 356
158 321
158 600
158 266
158 363
159 162
159 163
159 165
159 171
159 174
159 771
159 666
159 199
159 531
159 658
159 412
159 700
159 664
159 314
159 413
159 467
159 246
159 616
159 167
159 409
159 713
160 161
160 162
160 163
160 165
160 166
160 172
160 173
160 175
160 551
160 236
160 292
160 387
160 283
160 367
160 374
160 491
160 729
160 515
160 711
160 418
160 755
160 266
160 737
161 163
161 164
161 165
161 167
161 168
161 169
161 174
161 175
161 357
161 358
161 736
161 206
161 372
161 515
161 223
161 428
161 693
161 504
161 613
161 628
161 330
161 340
162 163
162 164
162 166
162 167
162 168
162 173
162 174
162 175
162 176
162 703
162 476
162 535
162 548
162 211
162 611
162 470
162 407
162 459
162 656
162 594
162 417
163 165
163 166
163 167
163 169
163 172
163 174
163 175
163 176
163 177
163 219
163 252
163 432
163 243
163 701
163 214
163 625
163 665
163 334
163 328
163 338
164 166
164 167
164 168
164 169
164 174
164 176
164 178
164 222
164 267
164 493
164 269
164 419
164 635
164 436
164 610
164 417
164 684
164 767
164 567
165 167
165 173
165 175
165 176
165 177
165 178
165 265
165 772
165 750
165 249
165 770
165 517
165 669
165 562
165 565
165 208
166 167
166 170
166 172
166 173
166 177
166 178
166 180
166 698
166 216
166 490
166 446
166 460
166 586
166 564
166 409
166 277
167 169
167 170
167 171
167 172
167 175
167 178
167 179
167 180
167 181
167 643
167 481
167 340
167 510
167 575
167 752
167 663
167 380
167 610
167 325
167 751
167 205
167 509
167 432
168 169
168 170
168 171
168 173
168 177
168 178
168 180
168 183
168 621
168 454
168 468
168 539
168 614
168 227
168 501
168 543
168 588
169 171
169 172
169 174
169 177
169 179
169 181
169 182
169 183
169 184
169 775
169 588
169 590
169 397
169 583
169 237
169 480
169 723
169 732
169 778
169 315
170 172
170 175
170 176
170 178
170 180
170 182
170 184
170 680
170 380
170 610
170 564
170 320
170 512
170 563
170 650
170 205
170 549
170 539
171 173
171 176
171 178
171 179
171 180
171 184
171 186
171 654
171 666
171 762
171 341
171 174
171 293
171 233
171 742
172 174
172 175
172 177
172 178
172 180
172 182
172 183
172 187
172 789
172 677
172 318
172 223
172 291
172 732
172 728
172 396
172 666
172 724
172 438
173 174
173 175
173 178
173 180
173 181
173 182
173 183
173 186
173 705
173 557
173 192
173 386
173 321
173 456
173 468
174 177
174 181
174 696
174 646
174 558
174 738
174 711
174 467
174 787
174 273
174 361
174 653
174 279
174 282
175 177
175 178
175 180
175 182
175 184
175 185
175 187
175 753
175 524
175 760
175 221
175 568
175 338
175 740
175 767
175 317
175 287
175 696
175 346
175 617
176 180
176 181
176 184
176 185
176 188
176 189
176 190
176 791
176 372
176 247
176 544
176 441
176 293
176 549
176 662
176 396
176 182
176 673
177 179
177 183
177 189
177 190
177 192
177 510
177 252
177 705
177 501
177 775
177 515
177 387
177 413
177 297
177 465
177 550
177 377
177 620
177 375
177 587
178 179
178 181
178 184
178 185
178 186
178 187
178 188
178 189
178 192
178 193
178 255
178 429
178 359
178 489
178 521
178 290
178 547
178 232
178 528
179 183
179 185
179 189
179 191
179 366
179 723
179 567
179 682
179 287
179 496
179 468
179 609
179 180
179 584
179 394
179 488
179 664
179 536
179 753
179 285
179 258
179 625
180 184
180 185
180 187
180 189
180 190
180 191
180 192
180 194
180 195
180 754
180 237
180 346
180 608
180 567
180 386
180 396
180 433
180 647
180 615
181 186
181 188
181 192
181 193
181 195
181 323
181 783
181 789
181 542
181 631
181 566
181 737
181 215
181 428
181 741
181 636
181 762
181 490
181 655
181 585
181 532
181 689
181 664
182 184
182 187
182 188
182 191
182 195
182 622
182 537
182 268
182 235
182 564
182 674
182 611
182 299
182 325
182 242
182 344
182 651
182 747
182 259
182 248
182 484
182 591
182 700
182 742
182 761
183 185
183 186
183 187
183 188
183 189
183 190
183 192
183 194
183 352
183 477
183 468
183 704
183 423
183 224
183 613
183 499
183 520
183 373
184 186
184 187
184 188
184 189
184 191
184 192
184 193
184 194
184 197
184 198
184 199
184 457
184 667
184 283
184 661
184 385
184 465
184 750
184 539
184 797
184 758
184 238
184 558
185 186
185 188
185 191
185 192
185 193
185 195
185 196
185 197
185 199
185 200
185 685
185 761
185 572
185 354
185 510
185 553
185 747
185 433
185 751
186 188
186 189
186 190
186 191
186 193
186 194
186 195
186 196
186 197
186 198
186 199
186 200
186 493
186 713
186 736
186 259
187 188
187 189
187 192
187 196
187 197
187 198
187 200
187 201
187 202
187 741
187 307
187 332
187 705
187 538
187 469
187 571
187 342
187 508
188 190
188 196
188 201
188 202
188 203
188 617
188 232
188 767
188 585
188 355
188 771
188 402
188 654
188 752
188 420
188 400
188 417
188 240
189 190
189 201
189 202
189 407
189 192
189 625
189 647
189 541
189 726
189 794
189 374
189 427
189 550
189 565
189 649
189 270
189 309
189 437
189 792
189 535
189 520
190 193
190 195
190 197
190 198
190 199
190 203
190 204
190 337
190 660
190 602
190 559
190 528
190 191
190 666
190 462
190 547
190 595
190 640
190 251
190 246
190 678
191 193
191 194
191 195
191 196
191 197
191 198
191 200
191 201
191 202
191 205
191 506
191 389
191 637
191 791
191 483
191 447
191 551
192 194
192 197
192 200
192 202
192 203
192 204
192 205
192 207
192 433
192 474
192 316
192 773
192 282
192 303
192 227
192 255
192 279
192 235
192 443
193 195
193 196
193 197
193 198
193 201
193 202
193 204
193 205
193 206
193 266
193 445
193 647
193 528
193 591
193 235
193 479
193 299
193 465
194 198
194 199
194 200
194 201
194 206
194 207
194 209
194 479
194 545
194 431
194 541
194 436
194 770
194 765
194 236
194 606
194 226
194 720
195 198
195 199
195 200
195 203
195 205
195 207
195 209
195 210
195 287
195 397
195 377
195 267
195 480
195 240
195 430
195 788
195 552
195 662
195 470
195 527
196 197
196 198
196 199
196 202
196 206
196 207
196 208
196 211
196 218
196 526
196 739
196 403
196 254
196 790
196 627
196 538
196 771
196 658
196 731
197 198
197 201
197 203
197 206
197 207
197 208
197 209
197 210
197 211
197 528
197 472
197 261
197 324
197 414
197 709
197 455
197 342
197 575
197 393
197 560
197 216
198 199
198 200
198 201
198 202
198 206
198 208
198 209
198 210
198 212
198 338
198 729
198 780
198 370
198 542
198 430
198 554
198 221
198 257
198 234
198 362
198 632
198 292
198 239
199 201
199 207
199 208
199 213
199 531
199 396
199 413
199 503
199 522
199 785
199 750
199 592
199 487
199 249
199 777
199 799
199 257
200 201
200 202
200 203
200 206
200 207
200 209
200 210
200 212
200 213
200 214
200 215
200 251
200 731
200 246
200 248
200 593
200 302
200 611
200 687
200 442
200 497
201 205
201 207
201 208
201 209
201 211
201 212
201 213
201 215
201 216
201 534
201 656
201 391
201 539
201 544
201 265
201 483
201 347
201 340
201 294
201 242
202 203
202 204
202 205
202 206
202 209
202 214
202 215
202 216
202 217
202 413
202 641
202 297
202 399
202 387
202 775
202 493
202 720
202 236
202 750
202 633
202 685
202 319
202 386
203 205
203 209
203 210
203 211
203 212
203 213
203 216
203 218
203 777
203 598
203 724
203 333
203 611
203 411
203 356
203 489
203 492
203 606
203 443
203 459
204 205
204 207
204 208
204 212
204 218
204 254
204 375
204 285
204 749
204 757
204 632
204 343
204 246
204 717
204 765
204 420
204 270
204 339
204 478
204 518
204 618
205 206
205 207
205 210
205 213
205 214
205 216
205 217
205 220
205 373
205 571
205 345
205 673
205 411
205 367
205 549
205 698
205 381
205 304
206 207
206 211
206 212
206 213
206 214
206 216
206 217
206 218
206 221
206 430
206 639
206 763
206 586
206 481
206 720
206 555
206 580
206 522
206 756
206 569
206 610
207 208
207 212
207 214
207 215
207 218
207 219
207 477
207 562
207 647
207 371
207 783
207 373
207 234
207 568
207 731
207 476
207 367
208 214
208 217
208 358
208 426
208 522
208 795
208 360
208 533
208 448
208 755
208 243
208 701
209 211
209 213
209 215
209 221
209 224
209 502
209 345
209 741
209 505
209 537
209 667
209 721
209 343
209 467
209 287
209 687
209 793
209 701
209 678
210 211
210 214
210 215
210 216
210 221
210 222
210 223
210 354
210 399
210 762
210 658
210 366
210 389
210 310
210 601
210 789
210 300
211 212
211 214
211 215
211 217
211 218
211 221
211 223
211 226
211 776
211 797
211 527
211 619
211 325
211 579
211 614
211 673
211 684
211 658
212 214
212 215
212 218
212 219
212 221
212 222
212 223
212 224
212 225
212 227
212 447
212 267
212 658
212 296
212 675
212 376
212 724
212 392
212 683
213 215
213 216
213 218
213 219
213 221
213 226
213 227
213 228
213 465
213 542
213 558
213 658
213 229
213 651
213 570
213 689
213 753
213 345
213 594
213 502
213 523
214 215
214 217
214 218
214 221
214 225
214 226
214 227
214 229
214 356
214 292
214 689
214 287
214 312
214 440
214 695
214 640
214 769
214 632
214 434
214 535
215 216
215 217
215 219
215 220
215 221
215 226
215 228
215 230
215 749
215 405
215 509
215 681
215 358
215 323
215 491
215 317
216 219
216 221
216 222
216 225
216 230
216 316
216 415
216 723
216 421
216 533
216 520
216 502
216 338
216 364
216 350
216 518
216 246
216 428
216 614
217 220
217 221
217 223
217 224
217 225
217 226
217 228
217 232
217 502
217 461
217 318
217 480
217 363
217 307
217 762
218 221
218 222
218 224
218 225
218 232
218 233
218 268
218 309
218 396
218 656
218 388
218 757
218 366
218 788
218 622
218 355
218 728
218 741
218 720
219 220
219 223
219 225
219 226
219 227
219 231
219 234
219 383
219 270
219 427
219 271
219 269
219 381
219 389
219 303
219 536
219 331
219 446
219 787
220 221
220 222
220 225
220 226
220 227
220 228
220 229
220 233
220 234
220 711
220 406
220 565
220 761
220 702
220 643
220 326
220 526
220 374
220 719
221 222
221 228
221 230
221 231
221 232
221 233
221 234
221 236
221 663
221 635
221 370
221 605
221 437
221 289
221 682
221 508
221 749
222 224
222 226
222 231
222 232
222 233
222 235
222 484
222 589
222 709
222 777
222 706
222 747
222 436
222 699
222 744
222 682
222 406
223 229
223 232
223 233
223 236
223 237
223 238
223 261
223 694
223 434
223 689
223 537
223 301
223 637
223 530
223 305
223 797
223 468
224 225
224 228
224 229
224 232
224 234
224 235
224 237
224 239
224 440
224 744
224 428
224 607
224 276
225 228
225 230
225 234
225 235
225 236
225 237
225 238
225 239
225 587
225 347
225 547
225 350
225 758
225 412
225 248
225 756
225 591
225 233
225 779
226 228
226 231
226 234
226 236
226 237
226 239
226 240
226 241
226 311
226 508
226 348
226 315
226 256
226 561
226 659
226 786
226 467
226 780
227 229
227 233
227 234
227 236
227 241
227 242
227 255
227 709
227 396
227 355
227 461
227 303
227 444
227 455
228 229
228 231
228 232
228 233
228 235
228 238
228 239
228 242
228 243
228 712
228 703
228 589
228 585
228 419
228 549
228 531
228 355
228 524
228 619
228 395
229 230
229 235
229 237
229 238
229 239
229 240
229 270
229 503
229 659
229 404
229 526
229 461
229 699
229 593
229 345
229 730
229 562
230 232
230 233
230 236
230 239
230 243
230 245
230 522
230 537
230 566
230 734
230 693
230 335
230 622
231 236
231 237
231 241
231 242
231 245
231 379
231 317
231 754
231 513
231 561
231 342
231 313
231 618
231 653
232 240
232 241
232 242
232 243
232 244
232 246
232 339
232 383
232 729
232 531
232 562
232 300
232 412
232 527
232 514
232 581
233 234
233 235
233 237
233 239
233 240
233 241
233 242
233 243
233 245
233 248
233 555
233 344
233 277
233 676
233 430
233 542
233 705
233 269
233 438
233 514
233 563
234 235
234 240
234 243
234 246
234 249
234 707
234 440
234 520
234 497
234 620
234 428
234 417
234 789
234 358
234 261
234 456
234 510
234 685
234 439
234 397
234 791
234 708
235 236
235 241
235 242
235 246
235 247
235 248
235 250
235 705
235 779
235 522
235 453
235 462
235 797
235 760
236 237
236 238
236 239
236 242
236 249
236 251
236 314
236 387
236 308
236 265
236 385
236 473
236 564
236 298
236 565
236 587
237 240
237 244
237 248
237 249
237 252
237 621
237 655
237 641
237 429
237 356
237 506
237 696
237 716
237 335
237 337
237 662
237 453
237 274
237 375
238 239
238 247
238 248
238 691
238 743
238 519
238 306
238 528
238 712
238 583
238 561
238 352
238 455
238 600
238 797
239 241
239 243
239 249
239 254
239 519
239 421
239 670
239 619
239 668
239 561
239 773
239 632
239 428
239 333
239 362
239 559
239 648
239 716
239 615
239 544
239 280
239 501
239 316
239 702
240 241
240 244
240 246
240 252
240 578
240 598
240 789
240 548
240 420
240 721
240 608
240 519
240 396
240 745
241 243
241 246
241 248
241 252
241 253
241 255
241 256
241 378
241 616
241 791
241 317
241 796
241 678
242 245
242 247
242 248
242 249
242 250
242 253
242 256
242 689
242 708
242 291
242 309
242 445
242 695
242 760
242 551
242 282
242 432
243 245
243 247
243 249
243 252
243 255
243 256
243 257
243 258
243 652
243 628
243 645
243 431
243 476
243 374
243 777
243 564
243 730
243 392
243 402
243 574
244 247
244 250
244 252
244 254
244 255
244 257
244 258
244 587
244 626
244 245
244 488
244 486
244 519
244 669
244 742
244 529
244 400
244 716
245 247
245 249
245 252
245 256
245 257
245 258
245 631
245 325
245 675
245 486
245 749
245 391
245 512
245 432
245 514
245 467
245 710
245 367
245 654
246 248
246 249
246 250
246 251
246 255
246 259
246 441
246 301
246 439
246 544
246 504
246 696
246 656
246 755
247 248
247 253
247 254
247 256
247 257
247 260
247 261
247 262
247 608
247 446
247 692
247 311
247 555
247 766
247 389
247 585
247 467
248 249
248 251
248 254
248 255
248 256
248 257
248 261
248 368
248 597
248 283
248 344
248 514
248 290
248 284
248 444
248 798
249 250
249 251
249 252
249 253
249 254
249 259
249 260
249 261
249 262
249 264
249 345
249 511
249 525
249 581
249 790
249 418
249 569
249 543
249 437
250 253
250 254
250 255
250 257
250 258
250 260
250 261
250 408
250 703
250 581
250 294
250 558
250 594
250 346
250 531
250 622
250 759
250 587
250 367
250 268
250 368
250 411
251 253
251 255
251 257
251 258
251 261
251 262
251 263
251 265
251 266
251 759
251 403
251 464
251 673
251 589
251 776
251 417
251 339
251 740
251 542
251 381
251 619
252 254
252 256
252 257
252 258
252 259
252 261
252 263
252 264
252 265
252 266
252 267
252 517
252 605
252 384
252 457
252 629
252 515
252 771
253 254
253 255
253 258
253 259
253 260
253 264
253 267
253 268
253 383
253 581
253 469
253 327
253 337
253 468
253 432
253 303
253 275
253 320
253 745
253 361
254 256
254 258
254 262
254 264
254 266
254 563
254 650
254 549
254 337
254 638
254 356
254 482
255 256
255 257
255 258
255 260
255 262
255 264
255 265
255 651
255 586
255 652
255 326
255 470
255 571
255 671
255 400
255 693
255 717
255 444
255 344
255 396
256 257
256 259
256 260
256 262
256 266
256 267
256 268
256 269
256 271
256 630
256 454
256 352
256 693
256 619
256 461
256 745
256 419
256 684
256 424
256 709
257 258
257 259
257 261
257 262
257 263
257 264
257 266
257 267
257 268
257 271
257 546
257 548
257 643
257 769
257 286
257 730
257 576
257 323
257 347
257 331
257 366
257 444
258 259
258 261
258 263
258 264
258 265
258 267
258 329
258 633
258 642
258 458
258 731
258 518
258 489
258 332
258 456
258 492
258 657
258 627
259 261
259 265
259 266
259 267
259 269
259 271
259 272
259 274
259 413
259 383
259 686
259 409
259 555
259 467
259 648
259 792
259 628
259 658
260 264
260 265
260 266
260 269
260 270
260 271
260 273
260 274
260 545
260 769
260 339
260 623
260 730
260 707
260 386
260 664
260 293
260 645
261 264
261 265
261 266
261 267
261 268
261 269
261 275
261 276
261 450
261 445
261 645
261 336
261 415
261 331
261 732
261 538
261 460
261 426
262 265
262 266
262 271
262 275
262 276
262 277
262 537
262 795
262 737
262 731
262 459
262 599
262 437
262 272
262 307
262 586
262 443
262 513
263 264
263 265
263 266
263 267
263 269
263 271
263 277
263 278
263 789
263 695
263 734
263 640
263 441
263 403
263 452
263 302
263 673
263 644
263 725
263 568
264 266
264 267
264 268
264 270
264 271
264 272
264 276
264 278
264 279
264 508
264 531
264 745
264 679
264 409
264 602
264 616
264 664
264 400
264 537
264 552
265 266
265 268
265 269
265 270
265 271
265 273
265 274
265 275
265 276
265 278
265 590
265 506
265 591
265 417
265 585
265 380
265 367
265 760
265 692
265 668
265 439
266 272
266 273
266 274
266 275
266 276
266 277
266 279
266 281
266 397
266 769
266 712
266 431
266 743
266 495
266 758
267 271
267 274
267 276
267 279
267 280
267 281
267 549
267 734
267 340
267 478
267 370
267 696
267 645
267 299
267 319
267 493
267 363
267 628
268 270
268 271
268 272
268 273
268 275
268 279
268 281
268 282
268 564
268 366
268 541
268 792
268 472
268 447
268 637
269 270
269 271
269 272
269 275
269 278
269 279
269 282
269 284
269 307
269 488
269 389
269 670
269 334
269 588
269 475
269 426
269 643
270 274
270 276
270 278
270 279
270 281
270 283
270 798
270 554
270 692
270 698
270 516
270 748
270 569
270 587
270 340
270 604
270 398
270 429
270 716
270 449
270 746
270 687
271 272
271 275
271 276
271 278
271 281
271 282
271 284
271 687
271 567
271 760
271 404
271 456
271 671
271 502
271 448
272 275
272 276
272 277
272 278
272 279
272 280
272 282
272 284
272 286
272 287
272 303
272 595
272 361
272 629
272 738
272 431
272 714
272 570
272 656
272 604
272 652
273 274
273 276
273 277
273 278
273 281
273 282
273 286
273 287
273 720
273 574
273 493
273 712
273 639
273 427
273 318
273 649
274 280
274 281
274 285
274 287
274 752
274 395
274 722
274 471
274 551
274 306
274 434
274 647
274 792
274 382
274 517
274 453
274 510
275 281
275 282
275 283
275 286
275 287
275 288
275 289
275 398
275 624
275 496
275 748
275 317
275 552
275 523
275 397
275 548
275 410
276 277
276 279
276 281
276 285
276 286
276 287
276 290
276 490
276 562
276 601
276 299
276 705
276 770
276 683
276 502
276 356
276 527
277 279
277 280
277 281
277 282
277 286
277 290
277 291
277 630
277 332
277 479
277 432
277 683
278 279
278 280
278 282
278 286
278 288
278 289
278 292
278 293
278 514
278 747
278 331
278 323
278 307
278 642
278 505
278 607
278 657
278 365
279 281
279 284
279 286
279 289
279 290
279 292
279 294
279 635
279 339
279 416
279 498
279 798
279 535
279 438
279 382
279 795
280 283
280 284
280 286
280 289
280 290
280 291
280 293
280 294
280 749
280 345
280 355
280 285
280 319
280 584
280 371
280 632
280 394
281 286
281 287
281 289
281 292
281 293
281 294
281 295
281 296
281 385
281 582
281 348
281 551
281 315
281 361
281 337
281 708
281 781
281 601
281 371
282 284
282 290
282 291
282 292
282 293
282 295
282 296
282 297
282 736
282 301
282 406
282 799
282 704
282 479
282 621
282 320
282 528
282 632
282 777
282 731
283 293
283 294
283 295
283 296
283 641
283 321
283 435
283 783
283 363
283 758
283 478
283 636
284 285
284 286
284 291
284 294
284 298
284 754
284 649
284 666
284 367
284 579
284 309
284 613
284 580
284 527
284 777
284 662
284 479
284 449
285 289
285 291
285 292
285 294
285 295
285 296
285 300
285 502
285 379
285 756
285 386
285 758
285 693
285 524
285 439
285 520
286 287
286 288
286 289
286 293
286 294
286 298
286 299
286 301
286 514
286 516
286 388
286 314
286 678
286 708
286 787
286 735
287 288
287 289
287 290
287 293
287 295
287 296
287 297
287 298
287 300
287 302
287 543
287 618
287 762
287 520
287 524
287 303
287 628
287 645
287 735
287 413
288 289
288 290
288 291
288 292
288 293
288 294
288 296
288 298
288 299
288 300
288 301
288 302
288 303
288 536
288 686
288 701
288 368
288 611
288 599
288 414
288 736
289 290
289 293
289 294
289 295
289 296
289 297
289 298
289 301
289 304
289 526
289 321
289 632
289 705
289 595
289 440
289 776
289 676
289 551
289 542
290 292
290 294
290 295
290 297
290 298
290 299
290 301
290 302
290 304
290 305
290 750
290 363
290 786
290 356
290 551
290 397
290 469
290 722
290 524
290 733
290 550
290 629
290 617
290 484
291 292
291 293
291 294
291 295
291 296
291 297
291 299
291 301
291 302
291 671
291 672
291 647
291 751
291 488
292 293
292 296
292 298
292 300
292 302
292 780
292 629
292 363
292 526
292 436
292 400
292 388
292 671
292 371
292 438
292 447
292 576
293 295
293 296
293 297
293 298
293 299
293 300
293 303
293 305
293 306
293 308
293 776
293 337
293 470
293 586
293 323
293 357
294 295
294 296
294 297
294 298
294 302
294 305
294 558
294 374
294 782
294 734
294 755
294 499
294 660
294 584
294 565
294 422
295 297
295 298
295 301
295 302
295 303
295 306
295 307
295 308
295 491
295 727
295 518
295 778
295 542
295 556
295 340
295 346
296 297
296 299
296 301
296 302
296 304
296 305
296 306
296 308
296 311
296 386
296 652
296 773
296 684
296 742
296 419
296 790
296 458
296 563
297 298
297 299
297 301
297 303
297 306
297 310
297 312
297 572
297 420
297 681
297 353
297 506
297 432
297 627
297 431
297 595
297 607
298 299
298 300
298 302
298 304
298 307
298 308
298 312
298 703
298 635
298 540
298 440
298 500
298 792
298 346
298 431
299 300
299 302
299 304
299 308
299 309
299 310
299 312
299 313
299 618
299 766
299 439
299 531
299 333
299 529
299 517
300 301
300 303
300 306
300 307
300 311
300 313
300 314
300 321
300 672
300 647
300 637
300 357
300 698
300 394
300 635
300 339
300 657
301 303
301 304
301 305
301 306
301 308
301 309
301 312
301 314
301 315
301 316
301 586
301 318
301 595
301 376
301 672
301 438
301 742
302 304
302 305
302 306
302 307
302 308
302 312
302 316
302 504
302 441
302 531
302 460
302 765
302 735
302 437
302 650
303 305
303 306
303 307
303 308
303 309
303 310
303 311
303 317
303 508
303 733
303 485
303 524
303 541
303 519
303 408
303 415
303 369
304 308
304 311
304 312
304 313
304 314
304 316
304 711
304 553
304 441
304 769
304 325
304 522
304 638
304 306
304 547
304 592
304 728
304 779
305 308
305 309
305 310
305 311
305 313
305 315
305 320
305 349
305 400
305 433
305 736
305 661
305 561
305 554
305 764
305 359
305 643
305 597
306 307
306 308
306 310
306 311
306 314
306 315
306 316
306 317
306 318
306 319
306 320
306 435
306 430
306 432
306 766
307 313
307 314
307 317
307 320
307 321
307 322
307 333
307 513
307 744
307 785
307 732
307 485
307 606
307 584
308 309
308 310
308 311
308 313
308 314
308 315
308 316
308 317
308 318
308 321
308 322
308 323
308 522
308 797
308 388
308 764
308 384
308 559
308 510
308 547
309 311
309 312
309 313
309 318
309 321
309 323
309 324
309 466
309 738
309 564
309 790
309 315
309 656
309 328
310 311
310 312
310 314
310 317
310 319
310 320
310 321
310 323
310 325
310 574
310 757
310 692
310 344
310 492
310 723
310 539
310 555
310 740
310 362
310 763
310 486
310 640
310 414
310 413
310 748
311 313
311 316
311 317
311 318
311 320
311 321
311 322
311 325
311 459
311 684
311 582
311 692
311 759
311 344
311 700
311 706
311 699
311 355
311 348
312 313
312 316
312 318
312 319
312 320
312 321
312 323
312 324
312 325
312 326
312 327
312 449
312 714
312 453
312 765
313 314
313 315
313 316
313 317
313 319
313 322
313 323
313 324
313 325
313 326
313 327
313 534
313 644
313 743
313 427
313 717
313 366
313 450
314 322
314 325
314 326
314 328
314 329
314 636
314 413
314 699
314 478
314 540
314 491
314 731
314 363
314 383
314 615
314 418
314 352
314 458
315 322
315 324
315 326
315 327
315 328
315 695
315 768
315 424
315 483
315 433
315 696
315 407
315 636
315 573
316 319
316 320
316 323
316 324
316 325
316 327
316 329
316 331
316 488
316 435
316 730
316 447
316 783
316 708
316 408
316 537
316 332
317 318
317 319
317 320
317 322
317 323
317 325
317 328
317 329
317 331
317 332
317 469
317 481
317 410
317 619
317 458
317 482
317 747
317 371
318 319
318 321
318 324
318 327
318 329
318 330
318 694
318 516
318 518
318 435
318 675
318 460
318 434
318 566
318 787
318 413
318 381
318 747
318 339
319 322
319 329
319 330
319 331
319 594
319 405
319 569
319 418
319 696
319 507
319 715
319 422
319 480
319 362
320 321
320 322
320 323
320 325
320 326
320 327
320 329
320 404
320 709
320 789
320 780
320 597
320 706
320 739
320 637
320 341
321 323
321 325
321 326
321 329
321 330
321 331
321 332
321 333
321 336
321 376
321 732
321 412
321 347
321 671
321 710
321 758
321 743
321 360
322 323
322 324
322 326
322 327
322 328
322 329
322 330
322 331
322 334
322 335
322 624
322 445
322 767
322 728
322 467
322 393
322 650
322 350
322 509
322 790
322 332
323 324
323 326
323 329
323 331
323 335
323 336
323 687
323 419
323 415
323 593
323 430
323 606
323 554
323 564
323 613
323 523
323 567
324 325
324 326
324 328
324 329
324 330
324 331
324 334
324 335
324 338
324 339
324 370
324 677
324 420
324 688
324 475
324 395
324 719
325 326
325 333
325 334
325 340
325 443
325 399
325 616
325 383
325 723
325 330
325 788
325 501
325 751
325 786
325 641
325 492
325 699
326 329
326 330
326 332
326 334
326 338
326 341
326 612
326 787
326 691
326 449
326 479
326 534
326 617
326 359
326 563
326 645
326 438
327 329
327 330
327 332
327 335
327 337
327 339
327 340
327 341
327 342
327 601
327 727
327 755
327 778
327 507
327 522
327 418
327 616
327 442
328 329
328 332
328 334
328 337
328 338
328 339
328 340
328 341
328 649
328 694
328 459
328 684
328 729
328 458
328 373
328 487
328 616
329 331
329 333
329 335
329 337
329 338
329 339
329 342
329 344
329 721
329 425
329 413
329 521
329 681
329 375
329 691
329 547
329 503
329 525
330 332
330 335
330 337
330 340
330 342
330 343
330 438
330 442
330 753
330 478
330 663
330 357
330 394
330 354
331 332
331 333
331 334
331 335
331 336
331 338
331 341
331 343
331 344
331 345
331 792
331 726
331 586
332 333
332 334
332 335
332 336
332 337
332 338
332 340
332 342
332 343
332 344
332 347
332 673
332 511
333 336
333 337
333 338
333 342
333 343
333 344
333 347
333 348
333 566
333 791
333 779
333 512
333 464
333 737
333 792
333 451
333 660
334 335
334 338
334 341
334 343
334 344
334 345
334 347
334 349
334 394
334 676
334 461
334 544
334 368
334 453
334 655
334 683
335 336
335 337
335 338
335 340
335 341
335 343
335 345
335 347
335 486
335 475
335 599
335 743
335 547
335 460
336 337
336 339
336 340
336 342
336 343
336 346
336 348
336 350
336 351
336 476
336 443
336 680
336 646
336 702
336 666
336 767
336 779
336 778
337 338
337 340
337 346
337 348
337 349
337 350
337 351
337 627
337 705
337 414
337 373
337 488
337 464
337 551
337 507
338 340
338 341
338 342
338 347
338 352
338 451
338 737
338 602
338 539
338 345
338 440
338 681
338 428
338 642
338 359
338 571
338 674
338 481
339 342
339 343
339 344
339 350
339 352
339 710
339 753
339 755
339 708
339 495
339 565
339 608
339 370
339 345
339 484
339 529
339 592
340 341
340 345
340 346
340 348
340 355
340 652
340 453
340 798
340 583
340 649
340 644
340 436
341 343
341 345
341 346
341 347
341 348
341 351
341 353
341 707
341 432
341 448
341 367
341 661
341 623
341 364
342 343
342 345
342 349
342 350
342 351
342 353
342 354
342 355
342 356
342 357
342 663
342 638
342 770
342 551
343 344
343 345
343 347
343 349
343 350
343 351
343 353
343 358
343 588
343 572
343 618
343 703
343 787
343 364
343 629
343 515
343 567
343 647
343 645
343 450
344 345
344 350
344 355
344 356
344 357
344 359
344 578
344 682
344 520
344 729
344 764
344 433
344 570
344 792
344 390
344 664
344 489
345 349
345 351
345 352
345 356
345 357
345 358
345 360
345 606
345 696
345 698
345 436
345 539
345 549
345 371
345 673
345 573
346 347
346 348
346 349
346 350
346 351
346 353
346 355
346 356
346 358
346 359
346 361
346 482
346 612
346 425
346 648
347 349
347 350
347 357
347 358
347 360
347 361
347 362
347 704
347 424
347 419
347 606
347 412
348 352
348 353
348 354
348 356
348 358
348 362
348 660
348 780
348 428
348 567
348 705
348 776
349 352
349 354
349 355
349 357
349 359
349 360
349 362
349 363
349 364
349 591
349 391
349 482
349 491
349 436
349 750
350 351
350 352
350 356
350 359
350 363
350 364
350 365
350 790
350 603
350 438
350 444
350 524
350 733
350 562
350 707
351 353
351 354
351 358
351 359
351 360
351 361
351 363
351 364
351 365
351 655
351 697
351 708
351 624
351 748
351 732
351 452
351 538
352 353
352 357
352 361
352 363
352 367
352 407
352 725
352 514
352 369
352 760
352 736
352 791
352 518
352 508
352 472
352 465
353 356
353 358
353 359
353 366
353 767
353 645
353 533
353 413
353 737
353 717
353 491
353 490
353 644
353 729
353 449
354 356
354 357
354 359
354 360
354 361
354 362
354 364
354 365
354 366
354 368
354 369
354 527
354 456
354 726
354 663
355 357
355 361
355 364
355 365
355 368
355 702
355 475
355 660
355 638
355 396
355 589
355 614
355 655
355 790
355 532
355 750
355 463
355 452
355 608
355 737
355 783
355 623
356 358
356 360
356 361
356 362
356 363
356 366
356 367
356 368
356 370
356 579
356 665
356 693
356 380
356 438
356 769
356 565
356 531
356 655
356 545
357 359
357 361
357 362
357 364
357 369
357 372
357 666
357 603
357 375
357 769
357 649
357 536
357 737
357 575
357 641
357 502
357 734
358 359
358 362
358 364
358 366
358 368
358 369
358 370
358 371
358 372
358 782
358 766
358 666
358 665
358 647
358 584
358 773
358 713
358 528
358 470
358 694
358 668
358 680
358 432
358 409
359 363
359 365
359 366
359 367
359 370
359 374
359 570
359 435
359 653
359 790
359 752
359 396
359 436
360 362
360 365
360 367
360 368
360 369
360 374
360 375
360 526
360 436
360 687
360 550
360 728
360 588
360 516
360 641
360 527
360 483
360 719
361 367
361 368
361 369
361 373
361 374
361 375
361 376
361 491
361 713
361 429
361 576
361 681
361 385
361 487
361 521
362 363
362 365
362 368
362 373
362 374
362 376
362 377
362 422
362 740
362 415
362 714
362 522
362 519
362 782
362 599
363 365
363 366
363 367
363 368
363 371
363 372
363 374
363 375
363 376
363 378
363 794
363 529
363 617
363 630
363 616
363 399
363 701
363 531
363 624
363 444
364 365
364 367
364 368
364 369
364 370
364 374
364 375
364 378
364 776
364 659
364 681
364 499
364 603
364 373
364 417
364 711
364 541
365 366
365 369
365 373
365 375
365 376
365 377
365 767
365 612
365 766
366 369
366 372
366 375
366 377
366 378
366 380
366 591
366 463
366 622
366 752
366 601
366 390
367 368
367 369
367 370
367 376
367 380
367 381
367 735
367 408
367 682
367 609
367 732
367 628
368 369
368 373
368 378
368 379
368 380
368 737
368 444
368 654
368 577
368 504
368 618
368 567
368 517
368 603
368 531
368 783
369 370
369 371
369 372
369 375
369 379
369 380
369 381
369 382
369 693
369 555
369 455
369 623
369 595
369 503
369 582
369 786
369 734
370 373
370 374
370 376
370 380
370 382
370 383
370 384
370 677
370 796
370 388
370 571
370 531
370 688
370 541
370 707
370 797
371 372
371 373
371 376
371 377
371 378
371 384
371 753
371 705
371 680
371 704
371 647
372 373
372 374
372 375
372 377
372 378
372 382
372 384
372 385
372 659
372 755
372 649
372 519
372 652
372 500
372 628
372 739
373 374
373 376
373 378
373 379
373 380
373 384
373 386
373 670
373 788
373 723
373 652
373 595
374 375
374 376
374 379
374 381
374 383
374 386
374 387
374 611
374 556
374 590
374 711
374 494
374 516
374 497
374 398
374 526
374 637
374 401
374 676
374 402
375 378
375 380
375 382
375 383
375 384
375 388
375 390
375 437
375 791
375 453
375 612
375 452
375 785
376 377
376 380
376 381
376 385
376 386
376 387
376 389
376 390
376 391
376 668
376 756
376 660
376 542
376 396
376 574
376 434
376 440
376 455
377 378
377 380
377 381
377 384
377 385
377 386
377 388
377 389
377 390
377 391
377 392
377 498
377 791
377 411
377 665
377 582
377 403
377 557
378 379
378 380
378 382
378 385
378 390
378 392
378 531
378 557
378 408
378 439
378 689
378 679
378 702
378 473
378 389
378 555
378 745
379 384
379 387
379 391
379 394
379 519
379 615
379 525
379 573
379 581
379 485
379 552
379 729
379 741
379 770
379 753
379 694
379 627
379 512
380 382
380 386
380 390
380 391
380 394
380 395
380 509
380 482
380 761
380 767
380 773
380 455
380 572
380 786
381 382
381 383
381 385
381 386
381 387
381 388
381 391
381 468
381 698
381 673
381 679
381 590
381 523
381 736
381 539
381 469
381 466
381 770
382 384
382 385
382 386
382 387
382 388
382 393
382 394
382 395
382 396
382 596
382 592
382 440
382 585
382 416
382 451
382 762
382 683
382 496
382 700
382 790
383 386
383 391
383 392
383 393
383 394
383 395
383 397
383 505
383 529
383 527
384 386
384 387
384 388
384 389
384 394
384 396
384 429
384 498
384 555
384 636
384 793
385 388
385 390
385 391
385 392
385 394
385 395
385 396
385 397
385 398
385 400
385 493
385 634
385 495
385 654
385 541
385 724
385 610
385 478
386 387
386 388
386 389
386 390
386 392
386 396
386 398
386 399
386 400
386 606
386 630
386 423
386 735
386 674
387 388
387 389
387 390
387 393
387 394
387 396
387 400
387 402
387 499
387 738
387 581
388 390
388 394
388 397
388 399
388 403
388 742
388 482
388 392
388 512
388 515
388 391
388 395
388 396
388 640
389 391
389 394
389 397
389 398
389 400
389 401
389 404
389 721
389 539
389 627
389 768
389 790
389 587
390 391
390 394
390 396
390 397
390 398
390 399
390 654
390 710
390 735
390 485
390 768
390 669
390 641
390 643
391 392
391 394
391 395
391 397
391 399
391 401
391 402
391 403
391 405
391 679
391 539
391 650
392 393
392 394
392 396
392 397
392 399
392 400
392 403
392 407
392 653
392 424
392 739
392 564
392 502
392 561
392 693
392 696
392 679
393 394
393 399
393 402
393 403
393 404
393 405
393 408
393 645
393 757
393 488
393 475
393 658
393 482
393 770
393 448
393 490
393 791
394 397
394 399
394 400
394 401
394 407
394 408
394 409
394 515
394 727
394 766
394 545
394 459
394 602
394 419
394 521
394 495
395 397
395 398
395 400
395 402
395 403
395 405
395 407
395 408
395 502
395 616
395 486
395 759
395 666
395 401
395 426
395 497
395 609
396 398
396 401
396 402
396 404
396 405
396 406
396 407
396 433
396 442
396 397
396 440
396 542
396 599
397 398
397 400
397 402
397 403
397 405
397 407
397 411
397 413
397 664
397 708
397 795
397 642
397 693
397 553
397 692
398 399
398 402
398 404
398 405
398 409
398 412
398 793
398 754
398 434
398 573
398 448
398 713
398 753
398 763
398 714
398 702
398 715
399 403
399 404
399 405
399 406
399 407
399 409
399 410
399 411
399 413
399 518
399 507
399 597
399 764
399 653
399 652
399 605
399 646
399 679
399 464
399 753
399 451
400 401
400 402
400 405
400 408
400 411
400 412
400 414
400 415
400 517
400 570
400 630
400 522
400 485
401 402
401 403
401 404
401 406
401 412
401 414
401 415
401 619
401 675
401 536
401 653
401 790
401 760
401 587
401 747
401 515
401 768
401 721
401 722
402 403
402 405
402 408
402 411
402 412
402 413
402 414
402 415
402 748
402 656
402 591
402 455
402 540
402 467
403 404
403 410
403 418
403 499
403 708
403 687
403 450
403 421
403 619
403 768
403 706
403 491
403 789
403 676
404 405
404 406
404 411
404 414
404 415
404 416
404 418
404 419
404 758
404 599
404 530
404 612
404 652
404 573
404 454
404 475
405 406
405 408
405 410
405 412
405 414
405 415
405 416
405 417
405 418
405 420
405 640
405 612
405 505
405 519
405 532
405 786
405 694
405 581
406 410
406 411
406 412
406 413
406 414
406 418
406 419
406 421
406 788
406 636
406 574
406 613
406 566
406 498
406 475
407 412
407 413
407 415
407 416
407 417
407 419
407 420
407 422
407 464
407 785
407 643
407 636
407 781
407 436
407 779
407 759
407 551
407 739
407 516
407 669
407 663
408 409
408 410
408 411
408 412
408 415
408 416
408 419
408 420
408 421
408 423
408 744
408 443
409 410
409 413
409 414
409 417
409 419
409 420
409 529
409 499
409 518
409 690
409 447
409 755
409 685
409 513
409 773
410 415
410 416
410 418
410 420
410 422
410 453
410 514
410 654
410 640
410 777
410 561
410 463
410 530
411 412
411 413
411 414
411 415
411 416
411 421
411 422
411 425
411 426
411 751
411 664
411 797
411 547
411 706
411 755
411 420
411 573
411 600
411 532
412 413
412 416
412 417
412 419
412 422
412 426
412 517
412 442
412 623
412 654
413 417
413 418
413 424
413 425
413 511
413 691
413 500
413 598
413 430
413 665
413 603
414 415
414 416
414 419
414 420
414 421
414 425
414 426
414 427
414 428
414 429
414 489
414 665
414 531
414 713
414 747
414 797
414 471
414 719
414 583
414 481
415 419
415 420
415 423
415 424
415 425
415 426
415 785
415 763
415 762
415 778
415 738
415 446
415 781
415 448
415 507
416 420
416 422
416 423
416 424
416 427
416 428
416 431
416 646
416 752
416 466
416 720
416 599
416 515
416 578
417 418
417 419
417 420
417 421
417 423
417 425
417 426
417 432
417 745
417 576
417 614
417 692
417 503
417 465
417 553
417 586
418 419
418 421
418 422
418 424
418 425
418 426
418 427
418 428
418 429
418 431
418 433
418 556
418 616
418 679
418 484
419 420
419 423
419 431
419 593
419 479
419 528
419 732
419 636
419 565
419 635
419 640
419 450
419 722
420 421
420 422
420 426
420 431
420 433
420 435
420 546
420 534
420 672
420 755
420 497
420 749
420 681
420 517
420 732
421 423
421 424
421 425
421 426
421 430
421 431
421 432
421 434
421 435
421 704
421 787
421 494
421 619
421 491
421 454
421 698
421 664
422 424
422 425
422 428
422 429
422 430
422 432
422 433
422 445
422 554
422 423
422 594
422 758
422 441
422 581
422 474
422 744
422 606
423 424
423 427
423 428
423 430
423 431
423 432
423 436
423 437
423 639
423 460
423 443
423 770
423 534
423 632
424 428
424 429
424 431
424 436
424 438
424 700
424 485
424 478
424 509
424 569
424 426
424 791
424 614
424 476
424 585
424 768
424 690
425 427
425 428
425 429
425 430
425 431
425 433
425 434
425 435
425 436
425 437
425 438
425 439
425 440
425 614
425 621
425 552
426 427
426 428
426 430
426 431
426 432
426 434
426 435
426 437
426 438
426 441
426 573
426 533
426 611
426 710
426 711
426 767
427 431
427 434
427 435
427 439
427 440
427 441
427 442
427 749
427 752
427 779
427 736
427 714
427 460
427 647
428 429
428 432
428 433
428 436
428 437
428 438
428 443
428 466
428 742
428 479
428 751
428 456
428 552
429 430
429 433
429 434
429 435
429 439
429 441
429 442
429 785
429 748
429 513
429 606
429 761
429 728
429 563
430 432
430 435
430 442
430 444
430 445
430 796
430 555
430 756
430 632
430 669
431 433
431 434
431 437
431 440
431 442
431 444
431 606
431 487
431 712
431 459
431 485
431 551
431 552
432 434
432 435
432 437
432 439
432 441
432 443
432 444
432 445
432 446
432 597
432 696
432 744
433 434
433 436
433 437
433 440
433 442
433 444
433 446
433 447
433 663
433 683
433 587
433 602
433 545
433 608
434 435
434 438
434 442
434 443
434 445
434 448
434 449
434 668
434 602
435 436
435 439
435 441
435 442
435 444
435 445
435 446
435 450
435 464
435 769
435 627
435 790
435 616
435 455
436 437
436 440
436 441
436 443
436 444
436 448
436 451
436 678
436 459
436 702
436 693
436 734
436 470
436 453
437 438
437 439
437 440
437 441
437 442
437 446
437 448
437 451
437 675
437 784
437 778
437 572
437 640
437 581
437 444
438 440
438 443
438 446
438 449
438 450
438 451
438 681
438 567
438 793
438 499
438 538
439 442
439 448
439 453
439 605
439 768
439 599
439 752
439 651
439 758
439 782
440 441
440 442
440 444
440 446
440 447
440 449
440 451
440 452
440 453
440 455
440 655
440 526
440 625
440 720
441 442
441 443
441 446
441 449
441 450
441 454
441 456
441 788
441 687
441 724
441 617
441 600
441 701
441 576
442 447
442 448
442 451
442 452
442 457
442 586
442 670
442 473
442 510
442 733
442 508
442 563
442 649
442 676
443 445
443 448
443 449
443 450
443 451
443 452
443 454
443 456
443 588
443 506
443 722
443 687
443 761
444 445
444 448
444 451
444 452
444 453
444 455
444 457
444 627
444 676
444 759
444 511
444 581
444 510
445 446
445 447
445 452
445 453
445 455
445 457
445 460
445 577
445 483
445 791
445 578
445 538
445 670
445 740
445 485
445 747
445 508
445 697
446 447
446 450
446 451
446 453
446 454
446 460
446 554
446 560
446 601
446 750
446 729
446 456
446 742
447 449
447 451
447 452
447 453
447 455
447 456
447 457
447 459
447 460
447 461
447 648
447 674
447 688
447 713
447 789
447 686
448 454
448 455
448 457
448 462
448 463
448 537
448 529
448 575
448 628
448 584
448 664
448 554
448 506
448 760
448 453
449 450
449 452
449 455
449 457
449 458
449 459
449 460
449 462
449 464
449 659
449 736
449 735
449 498
449 577
450 451
450 452
450 453
450 456
450 457
450 458
450 460
450 461
450 462
450 463
450 667
450 559
450 795
450 522
450 640
450 660
450 520
450 737
450 759
450 608
451 454
451 455
451 456
451 458
451 462
451 463
451 466
451 680
451 757
451 595
451 621
451 628
451 637
451 791
451 472
451 768
452 453
452 454
452 458
452 460
452 461
452 462
452 463
452 465
452 466
452 467
452 560
452 678
452 726
452 586
452 799
452 480
452 773
452 727
453 456
453 458
453 459
453 460
453 461
453 464
453 465
453 466
453 468
453 642
453 745
453 725
453 584
453 647
453 682
454 457
454 458
454 461
454 462
454 463
454 465
454 468
454 469
454 557
454 526
454 607
454 470
454 721
455 456
455 457
455 459
455 460
455 461
455 465
455 467
455 468
455 469
455 470
455 601
455 745
455 678
455 464
456 457
456 458
456 463
456 464
456 465
456 467
456 468
456 774
456 727
456 677
456 723
456 688
456 548
456 666
456 708
456 503
456 767
456 474
457 458
457 459
457 461
457 465
457 467
457 468
457 469
457 470
457 471
457 472
457 560
457 591
457 512
457 627
457 706
457 557
457 690
457 575
457 463
457 567
457 694
457 769
457 559
458 459
458 460
458 465
458 466
458 469
458 471
458 473
458 650
458 515
458 478
458 750
458 589
459 462
459 463
459 465
459 466
459 467
459 470
459 482
459 624
459 503
459 674
459 712
460 461
460 462
460 463
460 469
460 470
460 471
460 472
460 473
460 475
460 770
460 764
460 745
460 680
460 579
460 647
461 462
461 463
461 465
461 466
461 467
461 468
461 469
461 470
461 472
461 473
461 475
461 619
461 549
461 654
461 649
462 463
462 464
462 466
462 467
462 469
462 474
462 475
462 477
462 663
462 559
462 750
462 696
462 503
462 730
462 599
462 764
462 652
462 789
463 464
463 465
463 467
463 468
463 470
463 471
463 472
463 473
463 476
463 478
463 666
463 651
463 565
463 747
463 483
463 775
463 581
463 771
464 465
464 467
464 468
464 469
464 475
464 476
464 661
464 597
464 488
465 468
465 470
465 471
465 472
465 474
465 475
465 476
465 478
465 479
465 747
465 524
465 697
465 515
465 575
466 467
466 469
466 470
466 472
466 473
466 475
466 478
466 479
466 480
466 481
466 646
466 599
466 787
467 468
467 471
467 472
467 473
467 475
467 478
467 480
467 482
467 726
467 786
467 535
467 735
468 470
468 471
468 474
468 476
468 477
468 478
468 480
468 688
468 770
468 604
468 504
468 732
469 471
469 472
469 473
469 474
469 477
469 478
469 479
469 480
469 483
469 594
469 536
469 687
469 718
470 471
470 473
470 474
470 475
470 476
470 478
470 792
470 523
470 734
470 737
470 608
470 715
470 500
470 611
470 783
471 473
471 474
471 477
471 478
471 479
471 480
471 481
471 484
471 485
471 486
471 780
471 798
471 503
471 604
471 515
471 620
471 793
471 534
472 475
472 479
472 480
472 482
472 484
472 485
472 634
472 491
472 554
472 753
472 640
472 548
472 594
473 474
473 475
473 476
473 477
473 481
473 486
473 732
473 501
473 711
473 617
473 649
473 621
473 772
473 663
473 537
474 476
474 477
474 478
474 479
474 484
474 489
474 543
474 524
474 602
474 753
474 768
474 653
474 694
474 566
474 501
474 691
474 485
474 544
474 621
475 477
475 478
475 479
475 480
475 481
475 482
475 485
475 486
475 487
475 489
475 724
475 759
475 567
476 477
476 478
476 482
476 484
476 485
476 487
476 488
476 489
476 490
476 491
476 639
476 524
476 716
476 656
477 478
477 479
477 480
477 481
477 482
477 491
477 541
477 627
477 680
477 623
477 608
477 756
478 479
478 482
478 483
478 484
478 487
478 490
478 492
478 769
478 572
478 589
478 542
478 629
479 480
479 481
479 484
479 485
479 486
479 489
479 491
479 493
479 494
479 609
479 663
479 524
479 634
479 700
479 680
479 708
480 482
480 483
480 484
480 485
480 487
480 489
480 493
480 495
480 799
480 540
480 646
480 749
480 566
480 671
481 486
481 490
481 491
481 492
481 495
481 650
481 778
481 741
481 686
481 630
481 509
481 790
481 649
481 499
482 483
482 485
482 488
482 489
482 492
482 493
482 494
482 495
482 497
482 696
482 553
482 735
482 744
482 697
483 485
483 486
483 487
483 490
483 491
483 495
483 497
483 626
483 786
483 681
483 770
483 499
483 488
483 708
483 711
484 485
484 488
484 489
484 490
484 491
484 492
484 493
484 495
484 497
484 564
484 554
484 637
484 629
484 623
484 773
485 487
485 488
485 491
485 494
485 495
485 496
485 498
485 499
485 760
485 736
485 645
485 744
485 525
486 487
486 490
486 492
486 493
486 495
486 497
486 498
486 499
486 500
486 501
486 769
486 634
486 654
486 736
486 527
487 489
487 490
487 491
487 493
487 494
487 495
487 497
487 500
487 501
487 502
487 504
487 509
487 512
487 596
487 690
487 765
487 612
488 489
488 491
488 492
488 494
488 495
488 496
488 497
488 498
488 500
488 502
488 503
488 744
488 585
489 491
489 492
489 494
489 496
489 498
489 502
489 633
489 713
489 750
489 611
489 679
489 592
489 714
489 784
490 491
490 492
490 493
490 496
490 497
490 502
490 503
490 749
490 534
490 781
490 786
490 762
491 494
491 495
491 497
491 499
491 500
491 501
491 504
491 505
491 506
491 559
491 493
491 671
492 495
492 498
492 500
492 503
492 504
492 752
492 637
492 616
492 738
492 660
492 518
492 689
492 638
492 547
493 495
493 496
493 498
493 499
493 500
493 502
493 503
493 504
493 505
493 507
493 508
493 522
493 556
493 580
493 726
494 495
494 496
494 497
494 498
494 502
494 504
494 506
494 508
494 509
494 742
494 796
494 694
494 799
494 642
494 571
495 496
495 502
495 503
495 504
495 508
495 736
495 672
495 563
495 742
495 786
495 775
496 497
496 499
496 500
496 502
496 504
496 506
496 507
496 508
496 509
496 757
496 560
496 613
496 791
496 652
496 718
496 559
496 666
496 785
497 498
497 499
497 500
497 501
497 502
497 503
497 504
497 508
497 509
497 512
497 787
497 738
497 785
497 637
497 567
498 502
498 503
498 508
498 509
498 513
498 551
498 617
498 728
498 730
498 795
498 652
498 729
498 719
498 506
498 657
498 733
499 500
499 502
499 503
499 505
499 506
499 509
499 514
499 709
499 781
499 590
499 667
499 614
499 621
499 767
500 502
500 506
500 507
500 508
500 510
500 512
500 513
500 514
500 515
500 637
500 719
500 779
501 502
501 503
501 504
501 507
501 508
501 509
501 510
501 511
501 513
501 514
501 516
501 653
501 628
502 505
502 506
502 507
502 508
502 509
502 510
502 513
502 516
502 566
502 643
502 703
502 593
502 669
503 507
503 510
503 511
503 513
503 514
503 515
503 517
503 518
503 527
503 750
504 508
504 511
504 512
504 513
504 517
504 518
504 519
504 571
504 636
504 711
504 721
504 638
504 568
505 506
505 507
505 508
505 509
505 510
505 512
505 513
505 515
505 516
505 517
505 518
505 520
505 731
505 772
505 599
505 714
505 667
505 776
506 508
506 510
506 512
506 513
506 514
506 515
506 516
506 517
506 521
506 641
506 733
506 760
506 795
506 697
506 765
506 713
506 638
506 766
507 508
507 510
507 512
507 513
507 515
507 517
507 518
507 520
507 521
507 745
507 610
507 750
507 667
508 509
508 511
508 512
508 514
508 515
508 516
508 519
508 522
508 662
508 777
508 576
508 545
508 722
508 620
509 510
509 512
509 513
509 514
509 518
509 519
509 737
509 682
509 548
509 562
509 534
509 598
509 543
510 511
510 514
510 517
510 518
510 521
510 753
510 586
510 612
510 620
510 679
511 513
511 514
511 515
511 516
511 517
511 519
511 523
511 524
511 699
511 613
511 725
511 574
511 742
512 514
512 516
512 517
512 520
512 521
512 522
512 523
512 524
512 525
512 526
512 702
512 623
513 514
513 516
513 518
513 519
513 521
513 522
513 523
513 524
513 525
513 680
513 631
513 702
513 783
514 515
514 516
514 521
514 524
514 525
514 526
514 656
514 744
514 754
514 610
514 599
514 773
514 684
514 538
515 519
515 520
515 521
515 522
515 527
515 529
515 675
515 560
515 748
515 570
515 717
515 568
516 517
516 518
516 519
516 520
516 524
516 525
516 528
516 530
516 531
516 684
516 769
516 549
517 520
517 523
517 524
517 525
517 528
517 532
517 705
518 519
518 522
518 526
518 527
518 529
518 530
518 532
518 533
519 520
519 521
519 522
519 523
519 525
519 527
519 528
519 533
519 785
519 635
519 577
519 701
520 521
520 522
520 525
520 526
520 527
520 529
520 530
520 611
520 618
520 724
521 522
521 523
521 526
521 527
521 528
521 530
521 532
521 533
521 534
521 723
521 799
521 581
522 527
522 529
522 534
522 537
522 782
522 690
522 596
522 655
523 524
523 527
523 528
523 529
523 532
523 533
523 534
523 535
523 652
523 741
523 590
523 753
524 525
524 526
524 530
524 532
524 536
524 537
524 539
524 614
524 664
524 747
525 530
525 531
525 532
525 533
525 536
525 537
525 540
525 584
525 792
525 642
525 738
526 527
526 529
526 530
526 534
526 536
526 537
526 538
526 540
526 556
526 552
526 773
526 697
527 528
527 531
527 532
527 533
527 534
527 536
527 539
527 541
527 731
528 529
528 530
528 531
528 534
528 536
528 538
528 539
528 541
528 545
528 703
528 713
528 766
529 531
529 534
529 535
529 537
529 542
529 544
529 740
529 721
529 566
529 627
529 554
529 763
529 533
530 531
530 532
530 533
530 535
530 541
530 542
530 543
530 545
530 759
530 722
530 712
530 709
530 686
530 587
530 625
530 746
531 533
531 535
531 537
531 541
531 543
531 717
531 728
531 534
532 533
532 534
532 536
532 537
532 539
532 542
532 543
532 546
532 735
532 594
532 635
532 636
533 535
533 537
533 538
533 541
533 542
533 544
533 546
533 651
533 790
533 757
533 596
534 536
534 539
534 547
534 548
534 673
534 564
534 744
534 774
534 588
534 693
534 751
534 591
534 602
535 537
535 539
535 542
535 545
535 547
535 548
535 776
535 767
535 713
535 707
535 614
536 539
536 540
536 543
536 546
536 548
536 550
536 551
536 774
536 773
536 641
537 538
537 544
537 545
537 546
537 547
537 548
537 549
537 550
537 552
537 700
537 646
537 590
537 583
537 655
538 539
538 540
538 541
538 542
538 546
538 549
538 551
538 645
538 571
538 591
538 739
538 606
538 615
538 631
538 741
539 543
539 548
539 549
539 551
539 553
539 695
539 777
539 796
539 722
539 767
540 543
540 544
540 547
540 548
540 554
540 555
540 766
540 636
540 782
540 689
541 542
541 547
541 548
541 550
541 554
541 683
541 775
541 739
541 567
541 787
541 645
541 627
542 546
542 549
542 550
542 553
542 554
542 556
542 641
543 547
543 549
543 550
543 551
543 552
543 553
543 555
543 556
543 557
543 558
543 568
543 574
543 576
543 559
544 545
544 546
544 547
544 548
544 551
544 553
544 555
544 557
544 559
544 799
544 661
544 704
545 547
545 548
545 549
545 550
545 552
545 555
545 556
545 558
545 624
545 753
545 762
545 756
545 637
546 548
546 549
546 551
546 552
546 553
546 555
546 556
546 557
546 559
546 560
546 577
546 712
546 622
546 745
546 758
547 549
547 553
547 555
547 558
547 733
547 569
547 596
547 613
547 645
547 573
548 550
548 551
548 556
548 560
548 561
548 562
548 649
548 565
549 551
549 555
549 558
549 561
549 562
549 564
549 570
549 626
549 744
549 766
549 580
549 550
550 551
550 552
550 553
550 554
550 559
550 560
550 565
550 749
550 705
550 687
551 560
551 561
551 562
551 563
551 760
551 597
551 764
552 553
552 554
552 556
552 557
552 558
552 565
552 608
552 635
552 762
552 752
552 739
552 629
552 749
552 715
552 664
552 724
553 555
553 556
553 559
553 561
553 563
553 564
553 565
553 566
553 567
553 568
553 596
553 710
553 709
554 555
554 557
554 561
554 564
554 565
554 568
554 656
555 560
555 562
555 563
555 564
555 565
555 566
555 567
555 569
555 570
555 654
555 642
555 676
555 668
556 557
556 561
556 562
556 565
556 566
556 570
556 571
556 774
556 623
556 690
557 563
557 564
557 565
557 567
557 569
557 633
557 723
557 751
557 558
558 559
558 561
558 564
558 565
558 566
558 568
558 569
558 572
558 573
558 617
558 786
559 560
559 562
559 568
559 569
559 570
559 571
559 573
559 726
559 607
559 794
560 564
560 565
560 567
560 568
560 569
560 570
560 571
560 572
560 573
560 575
560 641
560 789
561 562
561 564
561 565
561 567
561 571
561 572
561 573
561 574
561 575
561 576
561 751
561 664
561 761
561 772
562 564
562 565
562 566
562 567
562 568
562 570
562 571
562 575
562 576
562 577
562 662
562 618
563 564
563 565
563 566
563 568
563 570
563 575
563 633
563 739
563 636
563 632
564 565
564 567
564 569
564 571
564 573
564 574
564 576
564 742
564 602
564 699
565 567
565 568
565 573
565 574
565 575
565 577
565 756
565 665
566 568
566 569
566 570
566 571
566 573
566 574
566 575
566 577
566 581
567 568
567 570
567 572
567 573
567 574
567 582
567 751
567 782
567 778
567 785
567 597
568 569
568 572
568 573
568 575
568 577
568 578
568 579
568 581
568 698
568 794
568 674
568 735
568 731
569 573
569 578
569 579
569 666
569 714
569 775
569 631
569 626
569 662
569 653
569 676
570 572
570 573
570 574
570 578
570 582
570 585
570 687
570 703
570 586
570 706
570 779
571 574
571 575
571 581
571 583
571 585
571 586
571 633
571 756
571 649
571 664
571 628
572 582
572 584
572 586
572 587
572 787
572 710
572 683
572 789
572 781
572 626
572 730
572 736
573 578
573 580
573 581
573 582
573 585
573 587
573 588
573 693
573 705
573 737
574 579
574 583
574 584
574 586
574 588
574 623
574 655
574 783
574 782
574 717
574 607
575 577
575 579
575 581
575 584
575 586
575 589
575 737
575 664
575 794
576 577
576 578
576 579
576 582
576 583
576 584
576 587
576 588
576 589
576 590
576 750
576 585
577 578
577 579
577 581
577 582
577 583
577 587
577 588
577 589
577 590
577 591
577 592
577 646
577 795
577 669
577 629
577 648
578 580
578 581
578 583
578 584
578 585
578 587
578 591
578 592
578 593
578 777
578 643
578 749
578 771
578 781
579 581
579 582
579 585
579 586
579 587
579 588
579 590
579 591
579 593
579 594
579 767
579 679
579 615
579 664
579 757
580 582
580 583
580 585
580 586
580 587
580 588
580 591
580 592
580 593
580 595
580 598
580 599
580 761
581 582
581 586
581 587
581 590
581 591
581 593
581 594
581 596
581 754
581 705
582 583
582 584
582 585
582 586
582 587
582 588
582 590
582 591
582 592
582 593
582 595
582 597
582 659
583 584
583 586
583 587
583 588
583 589
583 593
583 594
583 596
583 597
583 791
583 750
583 705
584 588
584 589
584 591
584 592
584 593
584 595
584 598
584 788
584 654
584 699
584 657
584 642
585 586
585 587
585 588
585 590
585 592
585 593
585 594
585 597
585 598
585 600
585 657
585 775
585 788
586 590
586 592
586 594
586 595
586 596
586 598
586 599
586 601
586 675
586 799
586 621
587 589
587 590
587 591
587 592
587 593
587 599
587 601
587 602
587 701
587 735
588 590
588 591
588 592
588 593
588 595
588 596
588 598
588 599
588 603
588 689
588 735
588 738
588 609
589 590
589 591
589 594
589 595
589 598
589 600
589 602
589 603
589 662
589 675
589 718
589 652
589 708
589 733
590 593
590 594
590 597
590 600
590 601
590 603
590 604
590 719
590 795
590 602
591 593
591 594
591 597
591 599
591 600
591 601
591 604
591 606
591 759
591 687
591 664
591 693
592 593
592 594
592 595
592 596
592 597
592 601
592 605
592 685
592 759
592 795
593 598
593 601
593 602
593 604
593 605
593 606
593 607
593 608
593 765
593 773
593 675
593 750
593 667
594 595
594 596
594 597
594 598
594 600
594 603
594 606
594 607
594 609
594 657
594 719
594 703
594 663
595 597
595 603
595 604
595 606
595 607
595 608
595 610
595 702
595 635
595 693
595 599
595 715
596 600
596 601
596 602
596 603
596 605
596 607
596 608
596 609
596 610
596 611
596 670
596 709
596 747
596 792
596 618
596 612
597 599
597 602
597 603
597 604
597 605
597 606
597 607
597 608
597 609
597 612
597 710
597 663
597 670
597 790
598 599
598 603
598 604
598 607
598 608
598 610
598 612
598 613
598 728
598 719
598 628
598 660
598 703
599 602
599 606
599 608
599 612
599 614
599 744
599 644
599 748
600 602
600 603
600 604
600 605
600 606
600 607
600 608
600 609
600 611
600 612
600 614
600 739
600 661
600 677
600 653
601 605
601 608
601 612
601 614
601 615
601 754
601 628
601 742
601 735
602 603
602 604
602 605
602 606
602 607
602 608
602 610
602 611
602 612
602 617
602 733
602 713
603 605
603 607
603 608
603 610
603 614
603 615
603 617
603 781
603 651
603 778
603 712
603 637
604 606
604 611
604 613
604 614
604 615
604 619
604 706
604 728
604 752
604 763
604 774
604 733
605 606
605 608
605 615
605 616
605 617
605 619
605 620
605 726
605 704
605 730
605 722
605 723
605 687
605 782
606 611
606 613
606 615
606 616
606 655
606 714
606 719
606 796
607 610
607 612
607 614
607 615
607 618
607 622
607 797
607 716
607 793
607 764
608 609
608 613
608 616
608 618
608 621
608 781
608 729
608 689
608 785
608 795
608 768
608 668
608 705
609 610
609 612
609 613
609 614
609 618
609 619
609 622
609 623
609 624
609 653
609 647
609 760
609 679
609 735
610 611
610 613
610 614
610 615
610 616
610 617
610 619
610 621
610 622
610 623
610 624
610 770
611 613
611 614
611 616
611 619
611 620
611 621
611 622
611 662
611 729
611 623
612 618
612 619
612 625
612 744
612 761
612 724
612 628
612 760
613 614
613 616
613 620
613 624
613 628
613 719
613 675
614 617
614 618
614 620
614 621
614 622
614 626
614 627
614 628
614 629
614 635
614 671
614 694
615 616
615 619
615 620
615 621
615 625
615 627
615 629
615 722
615 693
615 751
616 618
616 619
616 621
616 622
616 623
616 627
616 635
616 792
616 772
616 781
616 726
616 766
616 696
617 618
617 619
617 620
617 622
617 623
617 626
617 628
617 629
617 631
617 632
617 649
617 726
617 730
617 725
618 622
618 627
618 628
618 629
618 632
618 633
618 766
618 675
618 684
618 762
619 621
619 625
619 628
619 631
619 751
619 712
619 623
619 695
619 750
619 686
620 622
620 623
620 630
620 632
620 633
620 635
620 639
620 712
620 770
620 704
620 772
620 768
620 657
620 778
621 623
621 626
621 627
621 628
621 632
621 634
621 752
621 675
621 730
621 778
622 623
622 624
622 625
622 626
622 627
622 631
622 632
622 633
622 635
622 636
622 705
623 626
623 627
623 631
623 634
623 638
623 768
623 671
623 767
624 626
624 627
624 628
624 630
624 631
624 632
624 633
624 635
624 637
624 638
624 639
624 651
625 626
625 629
625 632
625 634
625 636
625 637
625 638
625 777
625 731
625 659
625 670
625 668
626 627
626 629
626 630
626 632
626 633
626 637
626 638
626 639
626 756
626 647
626 752
626 668
627 629
627 631
627 632
627 633
627 634
627 635
627 636
627 639
627 642
627 797
628 629
628 632
628 637
628 639
628 642
628 744
628 750
629 632
629 633
629 634
629 636
629 637
629 638
629 643
629 644
629 678
629 768
630 631
630 632
630 635
630 637
630 638
630 640
630 641
630 683
630 798
630 723
630 729
630 758
630 727
631 632
631 633
631 636
631 637
631 640
631 645
631 646
631 729
631 773
632 634
632 636
632 638
632 640
632 643
632 645
632 796
632 770
632 758
633 637
633 638
633 639
633 640
633 641
633 642
633 644
633 646
633 647
633 648
633 748
633 707
633 770
634 635
634 637
634 638
634 640
634 641
634 643
634 644
634 646
634 647
634 648
634 649
634 727
635 640
635 641
635 643
635 645
635 646
635 647
635 648
635 649
635 796
635 754
635 797
636 638
636 644
636 645
636 647
636 650
636 651
636 768
636 667
637 643
637 647
637 648
637 652
637 766
637 794
638 640
638 641
638 642
638 643
638 646
638 648
638 651
638 743
638 779
638 772
638 665
638 654
639 641
639 643
639 645
639 646
639 647
639 648
639 650
639 651
639 653
639 654
639 772
639 671
640 644
640 650
640 653
640 654
640 655
640 723
640 704
640 795
641 642
641 645
641 646
641 647
641 648
641 649
641 654
641 655
641 656
641 740
641 747
641 796
641 702
641 760
641 672
642 643
642 644
642 645
642 646
642 647
642 648
642 649
642 653
642 655
642 656
642 657
642 672
643 644
643 646
643 652
643 657
643 658
643 758
643 694
643 730
643 682
644 645
644 648
644 650
644 652
644 653
644 656
644 657
645 649
645 652
645 653
645 655
645 658
645 659
645 660
645 694
646 647
646 649
646 651
646 655
646 657
646 658
646 659
646 660
646 758
646 711
647 648
647 649
647 652
647 653
647 654
647 656
647 657
647 658
647 660
647 662
647 793
647 735
647 755
647 752
647 710
648 649
648 651
648 652
648 653
648 654
648 655
648 662
648 765
648 717
648 743
648 656
648 748
648 722
649 651
649 654
649 655
649 659
649 660
649 662
649 663
649 796
649 753
650 652
650 653
650 654
650 655
650 657
650 658
650 716
650 747
650 680
650 753
651 653
651 654
651 656
651 658
651 659
651 660
651 662
651 664
651 665
651 666
651 685
652 654
652 656
652 657
652 660
652 665
652 667
652 719
652 699
653 656
653 660
653 661
653 663
653 665
653 666
653 667
653 713
653 714
653 740
654 655
654 660
654 661
654 662
654 665
654 666
654 667
654 668
654 703
654 658
655 657
655 660
655 662
655 666
655 668
655 669
655 767
655 762
656 662
656 664
656 665
656 668
656 670
656 742
656 710
657 658
657 663
657 665
657 666
657 667
657 672
657 700
658 659
658 661
658 662
658 664
658 665
658 668
658 669
658 670
658 671
658 672
658 711
659 660
659 661
659 662
659 663
659 664
659 668
659 669
659 670
659 701
659 732
659 756
660 665
660 669
660 670
660 671
660 674
660 766
660 728
660 744
660 666
660 781
661 662
661 663
661 666
661 667
661 670
661 673
661 674
661 675
661 676
661 681
662 665
662 666
662 667
662 668
662 669
662 670
662 672
662 675
662 676
662 677
662 762
663 668
663 670
663 673
663 674
663 675
663 676
663 677
663 762
663 682
663 749
663 735
664 665
664 666
664 667
664 668
664 669
664 671
664 673
664 677
664 679
665 667
665 669
665 670
665 672
665 673
665 676
665 678
665 680
665 776
665 798
665 751
666 667
666 669
666 671
666 674
666 676
666 677
666 681
666 779
667 671
667 672
667 674
667 676
667 677
667 679
667 680
667 681
667 682
667 761
667 684
668 671
668 672
668 673
668 674
668 675
668 676
668 678
668 679
668 680
668 697
668 725
669 670
669 671
669 672
669 673
669 674
669 675
669 678
669 679
669 681
669 683
669 684
669 707
669 760
670 675
670 676
670 677
670 678
670 682
670 683
670 684
670 685
670 778
670 746
671 672
671 673
671 675
671 676
671 681
671 685
671 686
671 692
671 690
672 674
672 675
672 676
672 678
672 679
672 680
672 682
672 748
672 705
673 676
673 677
673 678
673 679
673 680
673 681
673 685
673 686
673 687
673 706
673 708
673 724
673 757
673 693
674 675
674 676
674 677
674 679
674 680
674 682
674 683
674 684
674 685
674 687
674 776
675 677
675 681
675 684
675 685
675 686
675 687
675 688
675 689
675 690
675 778
675 727
676 677
676 678
676 679
676 680
676 684
676 685
676 686
676 687
676 688
676 689
676 784
676 758
676 729
677 679
677 684
677 685
677 686
677 687
677 690
677 691
677 692
677 749
678 682
678 685
678 686
678 687
678 689
678 753
678 785
678 737
679 680
679 681
679 682
679 684
679 685
679 686
679 687
679 689
679 691
679 692
679 694
679 785
679 698
680 681
680 685
680 686
680 689
680 690
680 693
680 695
680 726
680 714
680 799
681 683
681 684
681 685
681 686
681 689
681 691
681 693
681 694
681 695
681 696
681 721
682 684
682 685
682 688
682 689
682 691
682 692
682 693
682 694
682 696
682 748
682 715
683 685
683 686
683 687
683 689
683 690
683 692
683 695
683 696
683 709
683 748
684 687
684 690
684 691
684 692
684 693
684 694
684 696
684 699
685 686
685 689
685 690
685 691
685 697
685 763
685 778
685 709
685 756
685 769
685 732
686 687
686 692
686 693
686 695
686 696
686 697
686 698
686 699
686 701
686 755
687 690
687 691
687 692
687 693
687 694
687 695
687 696
687 700
687 718
688 690
688 692
688 693
688 695
688 697
688 698
688 701
688 703
688 721
689 694
689 699
689 701
689 703
689 760
690 691
690 692
690 693
690 696
690 697
690 698
690 699
690 701
690 703
690 704
690 771
690 721
690 768
691 694
691 697
691 698
691 699
691 700
691 701
691 705
691 706
691 795
691 714
692 695
692 699
692 701
692 703
692 762
692 772
693 694
693 697
693 698
693 700
693 704
693 706
693 708
693 734
693 724
694 698
694 700
694 702
694 705
694 706
695 696
695 697
695 698
695 699
695 703
695 705
695 706
695 707
695 709
695 710
695 772
696 697
696 701
696 704
696 706
696 707
696 710
696 711
696 797
697 701
697 704
697 705
697 707
697 710
697 798
697 699
698 700
698 703
698 704
698 705
698 707
698 710
698 713
698 728
699 702
699 703
699 705
699 706
699 710
699 712
699 713
699 714
700 701
700 702
700 703
700 704
700 705
700 706
700 707
700 709
700 710
700 714
700 756
700 792
701 703
701 707
701 710
701 712
701 714
701 715
701 716
701 792
701 798
701 725
702 704
702 705
702 706
702 710
702 711
702 712
702 713
702 714
703 709
703 710
703 711
703 712
703 713
703 714
703 715
703 717
703 740
703 771
703 750
703 772
704 705
704 707
704 708
704 710
704 714
704 717
704 718
704 719
705 707
705 709
705 712
705 713
705 715
705 716
705 717
705 718
705 786
705 727
706 707
706 708
706 711
706 712
706 713
706 717
706 718
706 720
706 721
706 782
706 772
707 708
707 710
707 711
707 713
707 714
707 715
707 716
707 717
707 718
707 719
707 722
707 724
707 760
707 764
707 741
708 709
708 711
708 712
708 713
708 715
708 718
708 719
708 721
708 723
708 752
709 711
709 717
709 718
709 720
709 722
709 723
710 711
710 713
710 714
710 716
710 719
710 721
710 722
710 723
710 724
710 778
710 742
711 713
711 714
711 716
711 717
711 718
711 720
711 722
711 725
711 728
712 714
712 718
712 720
712 721
712 724
712 726
712 727
712 717
713 723
713 725
713 728
713 794
713 755
714 716
714 718
714 723
714 725
714 726
714 728
714 729
714 787
715 716
715 719
715 720
715 721
715 723
715 725
715 726
715 752
715 754
715 781
716 720
716 721
716 723
716 727
716 728
716 729
716 730
716 731
716 734
716 780
716 718
717 719
717 720
717 721
717 722
717 723
717 724
717 726
717 729
717 730
717 732
718 721
718 722
718 723
718 724
718 725
718 726
718 727
718 729
718 730
718 733
718 798
718 780
719 721
719 722
719 723
719 724
719 726
719 728
719 729
719 731
719 788
719 759
719 760
719 753
720 724
720 725
720 726
720 727
720 731
720 732
721 724
721 727
721 729
721 730
721 734
722 723
722 724
722 726
722 730
722 734
722 735
722 736
722 766
722 775
723 733
723 734
723 735
723 736
723 737
723 738
724 725
724 726
724 727
724 728
724 731
724 734
724 735
724 785
725 726
725 728
725 729
725 732
725 733
725 734
725 735
725 737
725 740
725 786
726 728
726 729
726 731
726 733
726 736
726 737
726 738
726 741
726 767
727 729
727 732
727 733
727 734
727 738
727 739
727 740
728 729
728 731
728 732
728 734
728 735
728 740
728 743
729 730
729 731
729 733
729 734
729 741
729 742
729 744
729 762
730 731
730 732
730 733
730 740
730 742
730 743
731 734
731 735
731 737
731 738
731 739
731 741
731 743
731 744
731 745
732 733
732 734
732 736
732 740
732 745
732 772
732 764
733 735
733 736
733 737
733 738
733 744
733 746
733 789
734 739
734 741
734 744
734 745
734 746
734 747
734 748
734 749
734 753
735 736
735 740
735 744
735 745
735 747
735 788
736 737
736 738
736 739
736 741
736 743
736 745
736 747
736 749
736 799
736 744
736 788
737 738
737 740
737 741
737 745
737 746
737 747
738 739
738 741
738 745
738 748
738 750
738 751
738 752
738 753
738 765
739 740
739 741
739 742
739 743
739 745
739 748
739 749
739 751
739 752
739 771
740 741
740 742
740 744
740 747
740 748
740 750
740 753
740 755
740 745
741 742
741 743
741 744
741 747
741 748
741 750
741 751
741 752
741 755
742 744
742 746
742 754
742 755
742 773
743 744
743 746
743 747
743 748
743 749
743 750
743 751
743 752
743 755
743 756
743 757
744 749
744 759
744 786
745 746
745 750
745 753
745 754
745 755
745 756
745 757
745 759
745 760
745 772
746 747
746 748
746 749
746 750
746 751
746 752
746 753
746 754
746 755
746 757
746 759
746 761
746 762
747 749
747 750
747 752
747 753
747 758
747 760
747 762
748 752
748 754
748 756
748 757
748 758
748 759
748 760
748 794
749 751
749 752
749 755
749 759
749 761
749 762
749 764
749 789
750 751
750 752
750 755
750 758
750 762
750 764
750 765
751 752
751 754
751 758
751 759
751 762
751 763
751 764
752 760
752 761
752 762
753 755
753 756
753 760
753 763
753 764
753 765
753 767
753 768
754 755
754 759
754 760
754 761
754 764
754 765
754 766
754 768
754 769
755 757
755 761
755 762
755 767
755 769
756 758
756 762
756 765
756 769
756 798
757 759
757 760
757 761
757 764
757 765
757 767
757 768
757 769
757 770
757 772
758 759
758 760
758 762
758 763
758 764
758 767
758 769
758 783
759 762
759 767
759 770
759 771
759 772
759 773
759 774
760 761
760 766
760 767
760 770
760 774
760 775
760 779
761 763
761 764
761 766
761 768
761 770
761 771
761 774
761 776
762 769
762 775
762 776
762 796
762 770
763 766
763 768
763 769
763 770
763 772
763 773
763 774
763 775
763 776
763 777
763 778
764 766
764 769
764 773
764 774
764 777
764 779
764 798
765 767
765 769
765 773
765 777
765 778
765 780
765 782
766 769
766 770
766 771
766 772
766 778
766 779
766 780
766 781
767 769
767 772
767 776
767 781
767 797
768 770
768 771
768 773
768 774
768 775
768 780
768 782
769 771
769 774
769 777
769 779
769 780
769 781
769 782
769 784
770 773
770 774
770 775
770 776
770 777
770 778
770 782
770 783
771 773
771 774
771 775
771 776
771 783
771 784
772 776
772 777
772 784
772 785
773 774
773 775
773 776
773 779
773 788
774 775
774 777
774 779
774 781
774 782
774 784
774 785
774 786
774 787
774 788
774 789
774 794
775 777
775 780
775 781
775 783
775 784
775 785
775 786
775 789
775 790
775 796
776 778
776 782
776 783
776 784
776 789
776 790
776 791
777 782
777 783
777 785
777 786
777 787
777 789
777 790
777 792
778 779
778 782
778 785
778 787
779 780
779 781
779 782
779 787
779 788
779 790
779 793
780 781
780 783
780 787
780 789
780 790
780 794
780 795
780 784
781 782
781 783
781 785
781 786
781 787
781 789
781 793
781 795
781 796
782 784
782 786
782 787
782 790
782 791
782 792
782 793
782 796
782 797
783 787
783 789
783 793
783 794
783 795
783 796
783 797
783 798
784 785
784 786
784 788
784 793
784 794
784 795
784 796
784 798
785 788
785 789
785 792
785 793
785 794
785 799
786 791
786 792
786 793
786 799
787 790
787 791
787 793
787 796
787 797
787 798
788 790
788 792
788 798
789 790
789 791
789 792
789 795
789 798
789 799
790 791
790 792
790 795
791 792
791 793
791 796
791 798
791 799
792 794
792 797
792 798
792 799
793 794
793 796
793 797
793 799
794 796
794 797
795 797
795 799
796 798
796 799
797 798