0 250.0 1464.0 11.712 0.12799389449438348 0.2771084337349397 0.10366137164867674 0.5763888888888888 0.2775833526951479 0.021572439127784993
1 250.0 1464.0 11.712 0.12799389449438348 0.12449799196787148 0.02324827746863746 0.5081632653061224 0.1407223370252723 0.009834047048377089
10 250.0 1464.0 11.712 0.12799389449438348 0.2610441767068273 0.0862851565534593 0.5724137931034483 0.2668249735971535 0.020269943651552255
100 250.0 1464.0 11.712 0.12799389449438348 0.028112449799196783 0.001121601478034088 0.4003215434083601 0.03175221898063217 0.002517322980681488
101 250.0 1464.0 11.712 0.12799389449438348 0.040160642570281124 0.0022156093442090904 0.42931034482758623 0.058649801257678026 0.0034273006606768816
102 250.0 1464.0 11.712 0.12799389449438348 0.040160642570281124 0.002098880191321005 0.4075286415711948 0.04299728170250351 0.00347208566501504
103 250.0 1464.0 11.712 0.12799389449438348 0.04417670682730923 0.0037469521690007587 0.4213197969543147 0.047440433041620336 0.0038011388714011564
104 250.0 1464.0 11.712 0.12799389449438348 0.0321285140562249 0.0023140095085167323 0.39903846153846156 0.03156982323809638 0.002892943972397893
105 250.0 1464.0 11.712 0.12799389449438348 0.0321285140562249 0.0016847275890941014 0.41225165562913907 0.04094106502571154 0.0028368757933958507
106 250.0 1464.0 11.712 0.12799389449438348 0.048192771084337345 0.004240959613085895 0.43915343915343913 0.062017878487166285 0.004043432284890889
107 250.0 1464.0 11.712 0.12799389449438348 0.05220883534136546 0.005001825970022614 0.4213197969543147 0.04659108632721735 0.004432547299414949
108 250.0 1464.0 11.712 0.12799389449438348 0.03614457831325301 0.001846273015002474 0.37613293051359514 0.0206734668729606 0.0032249028470168486
109 250.0 1464.0 11.712 0.12799389449438348 0.0642570281124498 0.00895555277926362 0.43079584775086505 0.04398041817216101 0.005470999095684153
11 250.0 1464.0 11.712 0.12799389449438348 0.1285140562248996 0.028815528127695854 0.4911242603550296 0.115148811752045 0.010403453022863713
110 250.0 1464.0 11.712 0.12799389449438348 0.028112449799196783 0.0010770949468602586 0.4081967213114754 0.03492680813307142 0.002523736092722768
111 250.0 1464.0 11.712 0.12799389449438348 0.03614457831325301 0.0030934471023196324 0.42710120068610635 0.052468108664603136 0.0031504671311476267
112 250.0 1464.0 11.712 0.12799389449438348 0.05220883534136546 0.004140630214017158 0.41430948419301167 0.04534636847576124 0.004459460178910522
113 250.0 1464.0 11.712 0.12799389449438348 0.04417670682730923 0.0035802882640115917 0.41708542713567837 0.037378698121453585 0.003825234450533837
114 250.0 1464.0 11.712 0.12799389449438348 0.0321285140562249 0.001607035387110156 0.4081967213114754 0.03990711088562091 0.002824628205257886
115 250.0 1464.0 11.712 0.12799389449438348 0.040160642570281124 0.0038754866548493354 0.41989881956155145 0.04940961173708908 0.0034930086392217516
116 250.0 1464.0 11.712 0.12799389449438348 0.040160642570281124 0.002524236415008107 0.41569282136894825 0.04217844447256774 0.0034638003174928904
117 250.0 1464.0 11.712 0.12799389449438348 0.040160642570281124 0.0036474546402241238 0.4322916666666667 0.049347839568263906 0.003454675396887873
118 250.0 1464.0 11.712 0.12799389449438348 0.028112449799196783 0.0012652429942806625 0.378419452887538 0.021252709773786176 0.002562348416973476
119 250.0 1464.0 11.712 0.12799389449438348 0.05220883534136546 0.004174180618805035 0.38967136150234744 0.023267898751020057 0.004548893621030068
12 250.0 1464.0 11.712 0.12799389449438348 0.1646586345381526 0.04075852922515644 0.5253164556962026 0.16308126432667922 0.013031371711597585
120 250.0 1464.0 11.712 0.12799389449438348 0.0321285140562249 0.0013888022068252615 0.3848531684698609 0.025723488504838007 0.0028624843864443676
121 250.0 1464.0 11.712 0.12799389449438348 0.0321285140562249 0.0012695373148002465 0.3977635782747604 0.03356836340508249 0.0028723646466323177
122 250.0 1464.0 11.712 0.12799389449438348 0.03614457831325301 0.0020143526137078485 0.4184873949579832 0.046182667446361444 0.003135015445786664
123 250.0 1464.0 11.712 0.12799389449438348 0.0321285140562249 0.0009990444221709778 0.3984 0.035985449973775674 0.0028181491687056985
124 250.0 1464.0 11.712 0.12799389449438348 0.040160642570281124 0.002785517922045247 0.43154246100519933 0.05479970819399631 0.0034583012857845783
125 250.0 1464.0 11.712 0.12799389449438348 0.028112449799196783 0.0011250573987849192 0.40553745928338764 0.03327165151300404 0.002513802526076625
126 250.0 1464.0 11.712 0.12799389449438348 0.040160642570281124 0.0028924990422956945 0.41362126245847175 0.04190711592455733 0.003510482326645854
127 250.0 1464.0 11.712 0.12799389449438348 0.024096385542168672 0.000580885678437847 0.3933649289099526 0.03024552945920705 0.0021926084517879625
128 250.0 1464.0 11.712 0.12799389449438348 0.040160642570281124 0.002422864301039458 0.3933649289099526 0.034360018622265794 0.0035284557793856777
129 250.0 1464.0 11.712 0.12799389449438348 0.028112449799196783 0.0012931448448778387 0.3890625 0.024185748473404937 0.002558283573469881
13 250.0 1464.0 11.712 0.12799389449438348 0.11244979919678713 0.021304739731265895 0.5010060362173038 0.11845722487884554 0.009043314660821228
130 250.0 1464.0 11.712 0.12799389449438348 0.0321285140562249 0.0016982417695571874 0.4102141680395387 0.04036310731943725 0.002832104598918746
131 250.0 1464.0 11.712 0.12799389449438348 0.040160642570281124 0.002874285238568189 0.40226171243941844 0.03469703658338591 0.003521179360112904
132 250.0 1464.0 11.712 0.12799389449438348 0.028112449799196783 0.0006361213909965753 0.40553745928338764 0.036484951279031286 0.0025008511218938974
133 250.0 1464.0 11.712 0.12799389449438348 0.0321285140562249 0.0027011385369813154 0.4102141680395387 0.03416064931796091 0.00286480473669353
134 250.0 1464.0 11.712 0.12799389449438348 0.024096385542168672 0.0003369573594382304 0.4075286415711948 0.04152297714239701 0.0021496454757369016
135 250.0 1464.0 11.712 0.12799389449438348 0.04417670682730923 0.003538947695210634 0.38664596273291924 0.021644962909866977 0.00391473576752179
136 250.0 1464.0 11.712 0.12799389449438348 0.0321285140562249 0.001980013604750902 0.40226171243941844 0.036536465317785455 0.002848349394288308
137 250.0 1464.0 11.712 0.12799389449438348 0.028112449799196783 0.0014100725257489477 0.41989881956155145 0.04151676689980418 0.0025000748500739072
138 250.0 1464.0 11.712 0.12799389449438348 0.0321285140562249 0.0015736141942208901 0.41919191919191917 0.04451145824957444 0.0028204254726897932
139 250.0 1464.0 11.712 0.12799389449438348 0.03614457831325301 0.0013166839979561952 0.40161290322580645 0.04028044730905535 0.0031716289843199785
14 250.0 1464.0 11.712 0.12799389449438348 0.1365461847389558 0.03335750876166577 0.5040485829959515 0.12882782201451431 0.010982090858386313
140 250.0 1464.0 11.712 0.12799389449438348 0.03614457831325301 0.002064116614762434 0.39903846153846156 0.03151679837548265 0.003212911476043922
141 250.0 1464.0 11.712 0.12799389449438348 0.024096385542168672 0.0005218325508684068 0.3656387665198238 0.020652436081675628 0.002222577209483756
142 250.0 1464.0 11.712 0.12799389449438348 0.0321285140562249 0.0010592321402778878 0.4029126213592233 0.035658035076478196 0.00283456026720678
143 250.0 1464.0 11.712 0.12799389449438348 0.040160642570281124 0.004574694102549252 0.4206081081081081 0.03933324757847671 0.00353131733474845
144 250.0 1464.0 11.712 0.12799389449438348 0.024096385542168672 0.0007876868776238009 0.3915094339622642 0.02374317650121518 0.0022240930152559253
145 250.0 1464.0 11.712 0.12799389449438348 0.03614457831325301 0.0016999480465810179 0.38724727838258166 0.029095998111156412 0.003207370762947805
146 250.0 1464.0 11.712 0.12799389449438348 0.040160642570281124 0.0030204353813289256 0.40487804878048783 0.03785801225118525 0.003508010620959793
147 250.0 1464.0 11.712 0.12799389449438348 0.0321285140562249 0.0019478235752936636 0.38664596273291924 0.025300693431368846 0.0028881453379075517
148 250.0 1464.0 11.712 0.12799389449438348 0.03614457831325301 0.001462887779597078 0.41362126245847175 0.04581360494144417 0.003132224284100486
149 250.0 1464.0 11.712 0.12799389449438348 0.040160642570281124 0.002688914784755808 0.38190184049079756 0.022429202093015133 0.003567156745138868
15 250.0 1464.0 11.712 0.12799389449438348 0.12048192771084336 0.020811348350830695 0.5040485829959515 0.13589847887197717 0.009557388638332215
150 250.0 1464.0 11.712 0.12799389449438348 0.0321285140562249 0.0012722400406097471 0.3921259842519685 0.033548417094081545 0.0028731798035373708
151 250.0 1464.0 11.712 0.12799389449438348 0.028112449799196783 0.0012910215553658846 0.4003215434083601 0.03296753576701136 0.002530305635451888
152 250.0 1464.0 11.712 0.12799389449438348 0.0321285140562249 0.0011761221244542745 0.3733133433283358 0.02107033180163523 0.002898606310250825
153 250.0 1464.0 11.712 0.12799389449438348 0.028112449799196783 0.0006550597349995039 0.3939873417721519 0.032259620395549866 0.00250669156758875
154 250.0 1464.0 11.712 0.12799389449438348 0.040160642570281124 0.0034166077738879115 0.4029126213592233 0.0364875907065956 0.003515653424822763
155 250.0 1464.0 11.712 0.12799389449438348 0.028112449799196783 0.0011993242210671723 0.386046511627907 0.025368436490637688 0.002581583293784563
156 250.0 1464.0 11.712 0.12799389449438348 0.03614457831325301 0.0025159457573197715 0.39903846153846156 0.03217649735817657 0.003201035857371001
157 250.0 1464.0 11.712 0.12799389449438348 0.024096385542168672 0.0003864090081938383 0.3789954337899543 0.025044673929949243 0.002198674396266424
158 250.0 1464.0 11.712 0.12799389449438348 0.024096385542168672 0.001394241733720168 0.41089108910891087 0.031859775418277114 0.002210603511164207
159 250.0 1464.0 11.712 0.12799389449438348 0.040160642570281124 0.002181265753859531 0.4095394736842105 0.04326853229745462 0.0034970729550261705
16 250.0 1464.0 11.712 0.12799389449438348 0.0682730923694779 0.007603644888841552 0.4706994328922495 0.08649467945420743 0.0055460620054041615
160 250.0 1464.0 11.712 0.12799389449438348 0.024096385542168672 0.0004296900833435755 0.4227504244482173 0.047881708337234354 0.0021639759601025056
161 250.0 1464.0 11.712 0.12799389449438348 0.024096385542168672 0.0003591236095741599 0.3830769230769231 0.031186827412753967 0.002207860203077801
162 250.0 1464.0 11.712 0.12799389449438348 0.028112449799196783 0.0011657006196487088 0.3755656108597285 0.020371033484252354 0.0025852453294986496
163 250.0 1464.0 11.712 0.12799389449438348 0.0321285140562249 0.00163111367986136 0.38845553822152884 0.025935480577237657 0.002885626602354232
164 250.0 1464.0 11.712 0.12799389449438348 0.03614457831325301 0.0028308164245773523 0.4446428571428571 0.06595640891059132 0.00311029553196982
165 250.0 1464.0 11.712 0.12799389449438348 0.024096385542168672 0.0010715742309840993 0.38967136150234744 0.023661566176669455 0.002237307309176506
166 250.0 1464.0 11.712 0.12799389449438348 0.028112449799196783 0.0011731464413188674 0.3727544910179641 0.017074069596664573 0.002583808038757156
167 250.0 1464.0 11.712 0.12799389449438348 0.028112449799196783 0.0010148633609814142 0.3977635782747604 0.03452217165976825 0.002512839730244629
168 250.0 1464.0 11.712 0.12799389449438348 0.024096385542168672 0.0006294789780009344 0.38664596273291924 0.025596119033655863 0.0022187422598715085
169 250.0 1464.0 11.712 0.12799389449438348 0.028112449799196783 0.001221417477842643 0.3878504672897196 0.025121496598541383 0.0025743002053390577
17 250.0 1464.0 11.712 0.12799389449438348 0.09236947791164658 0.013501468420705784 0.487279843444227 0.1082508451738822 0.007427536844593844
170 250.0 1464.0 11.712 0.12799389449438348 0.03614457831325301 0.0017937229323794612 0.41638795986622074 0.041699619765833855 0.003149696496360583
171 250.0 1464.0 11.712 0.12799389449438348 0.024096385542168672 0.0006133371397539799 0.38845553822152884 0.024036936863138864 0.0022047725049763683
172 250.0 1464.0 11.712 0.12799389449438348 0.028112449799196783 0.0008638705235606393 0.4075286415711948 0.03757502758593951 0.002529075941862636
173 250.0 1464.0 11.712 0.12799389449438348 0.024096385542168672 0.0006882481604158153 0.36671575846833576 0.017674703744733504 0.002259380697547985
174 250.0 1464.0 11.712 0.12799389449438348 0.028112449799196783 0.0014183096483213382 0.3984 0.03005567454565093 0.0025673742072019686
175 250.0 1464.0 11.712 0.12799389449438348 0.0321285140562249 0.0016528798511227026 0.3830769230769231 0.021076078524761992 0.0028961604045113945
176 250.0 1464.0 11.712 0.12799389449438348 0.024096385542168672 0.00033867201702912213 0.41362126245847175 0.043235906766371124 0.002171619460510547
177 250.0 1464.0 11.712 0.12799389449438348 0.028112449799196783 0.0014373534186104314 0.3738738738738739 0.019549184074465667 0.0025846707991383825
178 250.0 1464.0 11.712 0.12799389449438348 0.024096385542168672 0.0010742397108849365 0.3933649289099526 0.026869524591601537 0.0022361060903448187
179 250.0 1464.0 11.712 0.12799389449438348 0.028112449799196783 0.0012713379213865187 0.40161290322580645 0.03689771621471598 0.0025390346100862215
18 250.0 1464.0 11.712 0.12799389449438348 0.17670682730923692 0.0526157935317574 0.535483870967742 0.14865079961473068 0.01413161241969366
180 250.0 1464.0 11.712 0.12799389449438348 0.028112449799196783 0.0010883519412574964 0.3801526717557252 0.026051955365258457 0.002549871796251461
181 250.0 1464.0 11.712 0.12799389449438348 0.024096385542168672 0.0005447858775208672 0.378419452887538 0.021693896237006537 0.002209100751911907
182 250.0 1464.0 11.712 0.12799389449438348 0.028112449799196783 0.0006206406668196207 0.40161290322580645 0.03798676314281615 0.0025135303127052913
183 250.0 1464.0 11.712 0.12799389449438348 0.028112449799196783 0.0005938983802196 0.4206081081081081 0.05414358780230271 0.002480877819370425
184 250.0 1464.0 11.712 0.12799389449438348 0.028112449799196783 0.0009664471664424288 0.39903846153846156 0.03137826147809373 0.002549088713951318
185 250.0 1464.0 11.712 0.12799389449438348 0.024096385542168672 0.0006708716970995726 0.39089481946624804 0.024701070091975367 0.002219779004696735
186 250.0 1464.0 11.712 0.12799389449438348 0.0321285140562249 0.0014030672247678454 0.3738738738738739 0.021103138314136835 0.0029212827432878426
187 250.0 1464.0 11.712 0.12799389449438348 0.0321285140562249 0.0015065970901910286 0.40161290322580645 0.03736301405310624 0.002841402663526836
188 250.0 1464.0 11.712 0.12799389449438348 0.024096385542168672 0.0009860658849037641 0.38190184049079756 0.020709997635921573 0.0022446536899289886
189 250.0 1464.0 11.712 0.12799389449438348 0.028112449799196783 0.0009379754796558246 0.3921259842519685 0.02957345612886313 0.002546995463980178
19 250.0 1464.0 11.712 0.12799389449438348 0.10441767068273092 0.019189718533001877 0.49700598802395207 0.1057815308927356 0.008404912019936478
190 250.0 1464.0 11.712 0.12799389449438348 0.024096385542168672 0.0006594729523553015 0.38366718027734975 0.022998597379159276 0.002224795376218108
191 250.0 1464.0 11.712 0.12799389449438348 0.024096385542168672 0.0006957050399698473 0.39089481946624804 0.03012206775086159 0.0022146869400176392
192 250.0 1464.0 11.712 0.12799389449438348 0.024096385542168672 0.00042988008242972163 0.375 0.022418265373479712 0.002216010574161353
193 250.0 1464.0 11.712 0.12799389449438348 0.024096385542168672 0.0009542612645322835 0.38366718027734975 0.02142744455551012 0.00223122146599873
194 250.0 1464.0 11.712 0.12799389449438348 0.028112449799196783 0.0012126753387012785 0.40161290322580645 0.03449458248116208 0.002557709211867131
195 250.0 1464.0 11.712 0.12799389449438348 0.03614457831325301 0.0020479127899193355 0.39089481946624804 0.029761480814863996 0.0032222502859154904
196 250.0 1464.0 11.712 0.12799389449438348 0.024096385542168672 0.0006620683777618502 0.36191860465116277 0.014466798537403597 0.0022580525468495678
197 250.0 1464.0 11.712 0.12799389449438348 0.028112449799196783 0.001119349078998674 0.4029126213592233 0.04064379664960772 0.0025230640054887746
198 250.0 1464.0 11.712 0.12799389449438348 0.024096385542168672 0.0007400217739189332 0.3694362017804154 0.017852703249881134 0.0022384304710838165
199 250.0 1464.0 11.712 0.12799389449438348 0.028112449799196783 0.0013266471993353631 0.41569282136894825 0.0393553371115639 0.0025160815565937176
2 250.0 1464.0 11.712 0.12799389449438348 0.056224899598393566 0.006844005602587942 0.43992932862190814 0.055838955890839884 0.0047550075717280585
20 250.0 1464.0 11.712 0.12799389449438348 0.14457831325301204 0.03486643336503285 0.5198329853862212 0.14211665718939723 0.011476089879176003
200 250.0 1464.0 11.712 0.12799389449438348 0.024096385542168672 0.0008416748354793779 0.3984 0.030077084320982102 0.0022357197467740256
201 250.0 1464.0 11.712 0.12799389449438348 0.028112449799196783 0.0008504325873873947 0.4061990212071778 0.03892149493569934 0.002498655260423433
202 250.0 1464.0 11.712 0.12799389449438348 0.0321285140562249 0.0022848200422379353 0.39274447949526814 0.027031681112549978 0.002898767949691116
203 250.0 1464.0 11.712 0.12799389449438348 0.0321285140562249 0.002089442245193478 0.3789954337899543 0.020967752373568863 0.0029389330025254325
204 250.0 1464.0 11.712 0.12799389449438348 0.028112449799196783 0.0013647303767843834 0.3915094339622642 0.027341184353420787 0.0025697597441866013
205 250.0 1464.0 11.712 0.12799389449438348 0.024096385542168672 0.0008291002833058497 0.3964968152866242 0.029907160404742065 0.00221541182120344
206 250.0 1464.0 11.712 0.12799389449438348 0.024096385542168672 0.0012505061362731355 0.38664596273291924 0.02155726182240145 0.002261377767280705
207 250.0 1464.0 11.712 0.12799389449438348 0.024096385542168672 0.0011228587078907424 0.3683431952662722 0.015491330433253308 0.0022914397451184324
208 250.0 1464.0 11.712 0.12799389449438348 0.028112449799196783 0.001119979863263493 0.3915094339622642 0.029889229946325438 0.002546786758513323
209 250.0 1464.0 11.712 0.12799389449438348 0.0321285140562249 0.0015276159235679788 0.4003215434083601 0.03784484217913903 0.002861615477230771
21 250.0 1464.0 11.712 0.12799389449438348 0.1004016064257028 0.01837348063189581 0.486328125 0.10666261057651676 0.008121998975787808
210 250.0 1464.0 11.712 0.12799389449438348 0.028112449799196783 0.0012053354167297296 0.38073394495412843 0.024248403980970463 0.0026111062892735792
211 250.0 1464.0 11.712 0.12799389449438348 0.024096385542168672 0.0005135647275752392 0.38366718027734975 0.026789694564770074 0.002232661320440911
212 250.0 1464.0 11.712 0.12799389449438348 0.028112449799196783 0.0015238881407849722 0.3958664546899841 0.02899411333563759 0.002553847250642698
213 250.0 1464.0 11.712 0.12799389449438348 0.024096385542168672 0.0006515459557095421 0.3613933236574746 0.01559276345933184 0.0022880497597522627
214 250.0 1464.0 11.712 0.12799389449438348 0.024096385542168672 0.0006909616352833787 0.4029126213592233 0.03641812788991984 0.0022049976065450626
215 250.0 1464.0 11.712 0.12799389449438348 0.028112449799196783 0.0011600279956455438 0.3767019667170953 0.021006357545665384 0.0025888879681122993
216 250.0 1464.0 11.712 0.12799389449438348 0.024096385542168672 0.0007795561752297144 0.37784522003034904 0.02237036255529814 0.0022356788020130676
217 250.0 1464.0 11.712 0.12799389449438348 0.024096385542168672 0.00043501576134722 0.38664596273291924 0.029925594054534387 0.0022070470914948457
218 250.0 1464.0 11.712 0.12799389449438348 0.024096385542168672 0.0006227694795964301 0.3755656108597285 0.020889998314723525 0.0022282551174569146
219 250.0 1464.0 11.712 0.12799389449438348 0.024096385542168672 0.0010519353654819858 0.3801526717557252 0.019576147526221038 0.0022495129980685293
22 250.0 1464.0 11.712 0.12799389449438348 0.11646586345381525 0.019578523867801144 0.486328125 0.12185614465662335 0.009352229845128514
220 250.0 1464.0 11.712 0.12799389449438348 0.024096385542168672 0.0009537185688799955 0.3577586206896552 0.011026597772854509 0.002317285934007755
221 250.0 1464.0 11.712 0.12799389449438348 0.028112449799196783 0.0009646373496232876 0.3710879284649776 0.021609898035506628 0.0025904338917439864
222 250.0 1464.0 11.712 0.12799389449438348 0.024096385542168672 0.0009670638606413188 0.3890625 0.023543118128723502 0.0022570298531125036
223 250.0 1464.0 11.712 0.12799389449438348 0.024096385542168672 0.0006682458877989342 0.3705357142857143 0.01867467025878592 0.002238730525291561
224 250.0 1464.0 11.712 0.12799389449438348 0.028112449799196783 0.001243089962989486 0.4075286415711948 0.037337121958555694 0.002544330843013061
225 250.0 1464.0 11.712 0.12799389449438348 0.028112449799196783 0.0012611429096338704 0.36671575846833576 0.017178337048957763 0.0026091218402799024
226 250.0 1464.0 11.712 0.12799389449438348 0.0321285140562249 0.0013922018914672447 0.40226171243941844 0.03586885754292506 0.0028404104303114603
227 250.0 1464.0 11.712 0.12799389449438348 0.028112449799196783 0.0012649528491797545 0.40161290322580645 0.032563855994853994 0.0025276989695445515
228 250.0 1464.0 11.712 0.12799389449438348 0.024096385542168672 0.001036660342219319 0.3795731707317073 0.019505575638077376 0.0022618741773564616
229 250.0 1464.0 11.712 0.12799389449438348 0.028112449799196783 0.0012470849929160492 0.38190184049079756 0.024989268255262927 0.0025765272672076465
23 250.0 1464.0 11.712 0.12799389449438348 0.1004016064257028 0.019193159214559902 0.46716697936210133 0.08753723633369634 0.008197135229967975
230 250.0 1464.0 11.712 0.12799389449438348 0.024096385542168672 0.0009786476574307897 0.3890625 0.027863185695890053 0.002225274561310675
231 250.0 1464.0 11.712 0.12799389449438348 0.024096385542168672 0.0008049037415635795 0.386046511627907 0.02397324128668438 0.002257050519942204
232 250.0 1464.0 11.712 0.12799389449438348 0.024096385542168672 0.0007281750300659133 0.3915094339622642 0.030167746657594714 0.00221878824763086
233 250.0 1464.0 11.712 0.12799389449438348 0.024096385542168672 0.0009374923378614221 0.3721973094170404 0.017601193746127092 0.002263829591758901
234 250.0 1464.0 11.712 0.12799389449438348 0.024096385542168672 0.0005616018207075568 0.390282131661442 0.030172403055636142 0.002213663269533644
235 250.0 1464.0 11.712 0.12799389449438348 0.024096385542168672 0.0005699818142214494 0.38425925925925924 0.025198968555554792 0.002210855370193174
236 250.0 1464.0 11.712 0.12799389449438348 0.024096385542168672 0.0007728877689749702 0.3744360902255639 0.020793373293147947 0.002261475057469864
237 250.0 1464.0 11.712 0.12799389449438348 0.024096385542168672 0.0006556828677139926 0.36779911373707536 0.016163742725959166 0.0022510965238800055
238 250.0 1464.0 11.712 0.12799389449438348 0.024096385542168672 0.0008368318686569245 0.386046511627907 0.02276310061889575 0.0022341110351938205
239 250.0 1464.0 11.712 0.12799389449438348 0.024096385542168672 0.00014880840774748804 0.4068627450980392 0.043983812271221286 0.002134116373059659
24 250.0 1464.0 11.712 0.12799389449438348 0.08032128514056225 0.00917124232447093 0.45940959409594095 0.09273887549729884 0.0065450617914892
240 250.0 1464.0 11.712 0.12799389449438348 0.024096385542168672 0.0005360975941880131 0.3830769230769231 0.02596254328628365 0.002234353463924048
241 250.0 1464.0 11.712 0.12799389449438348 0.024096385542168672 0.0006145407244127977 0.39903846153846156 0.03647981727293136 0.002213029697064535
242 250.0 1464.0 11.712 0.12799389449438348 0.024096385542168672 0.0007926562792215892 0.36403508771929827 0.015330111107250004 0.0022808177992467552
243 250.0 1464.0 11.712 0.12799389449438348 0.024096385542168672 0.0006036248420209252 0.378419452887538 0.02462172080642724 0.0021971346285179537
244 250.0 1464.0 11.712 0.12799389449438348 0.024096385542168672 0.0005546942750112287 0.3890625 0.03009340694003901 0.0022191933902141565
245 250.0 1464.0 11.712 0.12799389449438348 0.024096385542168672 0.0007530967309077009 0.38425925925925924 0.024684292241086897 0.0022524932247165765
246 250.0 1464.0 11.712 0.12799389449438348 0.024096385542168672 0.0006054157792311114 0.40487804878048783 0.03835704099125882 0.002188579977378679
247 250.0 1464.0 11.712 0.12799389449438348 0.024096385542168672 0.0006808193212641247 0.38724727838258166 0.026661216326717124 0.0022182492258694523
248 250.0 1464.0 11.712 0.12799389449438348 0.024096385542168672 0.0004237913851809405 0.4061990212071778 0.03548440723447372 0.0021829802676143592
249 250.0 1464.0 11.712 0.12799389449438348 0.024096385542168672 0.0005456028243963116 0.37613293051359514 0.02353400645106016 0.0022396344908504093
25 250.0 1464.0 11.712 0.12799389449438348 0.06024096385542168 0.004793610109597925 0.45027124773960214 0.07072665553916736 0.004914897623246887
26 250.0 1464.0 11.712 0.12799389449438348 0.08433734939759036 0.010047399702039835 0.4680451127819549 0.08899596327238313 0.006849972347468894
27 250.0 1464.0 11.712 0.12799389449438348 0.0682730923694779 0.006864814920823488 0.46368715083798884 0.08559081153949212 0.005580416434883108
28 250.0 1464.0 11.712 0.12799389449438348 0.04417670682730923 0.0027856245559393523 0.4353146853146853 0.0632508513976736 0.003727193514636955
29 250.0 1464.0 11.712 0.12799389449438348 0.0642570281124498 0.007529459755828351 0.4602587800369686 0.0796193662759831 0.005262726401682638
3 250.0 1464.0 11.712 0.12799389449438348 0.056224899598393566 0.004906350203842414 0.4422735346358792 0.06685215600736467 0.004669786821554285
30 250.0 1464.0 11.712 0.12799389449438348 0.048192771084337345 0.00338156883849965 0.42931034482758623 0.051733942185992254 0.0040493852237914445
31 250.0 1464.0 11.712 0.12799389449438348 0.05220883534136546 0.004935612374455114 0.44945848375451264 0.0686230034100957 0.004363761310793739
32 250.0 1464.0 11.712 0.12799389449438348 0.03614457831325301 0.0014763105720828687 0.436077057793345 0.06198068094859011 0.003082879996247929
33 250.0 1464.0 11.712 0.12799389449438348 0.07630522088353413 0.010160091424901445 0.4585635359116022 0.0850524139396526 0.006295261641316132
34 250.0 1464.0 11.712 0.12799389449438348 0.0682730923694779 0.006129703250055637 0.43455497382198954 0.06687167975524405 0.005596046554989715
35 250.0 1464.0 11.712 0.12799389449438348 0.056224899598393566 0.003612874970776219 0.44703770197486536 0.06644779406780157 0.004647391992276222
36 250.0 1464.0 11.712 0.12799389449438348 0.07630522088353413 0.008544546969110318 0.44148936170212766 0.07300785843324971 0.006274290315858306
37 250.0 1464.0 11.712 0.12799389449438348 0.08032128514056225 0.010532309964994987 0.447841726618705 0.0663141866328534 0.006605070474454647
38 250.0 1464.0 11.712 0.12799389449438348 0.10843373493975902 0.021686646704337488 0.47609942638623326 0.0942360384105759 0.008872424896441062
39 250.0 1464.0 11.712 0.12799389449438348 0.056224899598393566 0.00546001981491576 0.4585635359116022 0.07941946348062637 0.004674605398986165
4 250.0 1464.0 11.712 0.12799389449438348 0.04417670682730923 0.0030690138339717742 0.4330434782608696 0.0521222277437836 0.0037780797200206587
40 250.0 1464.0 11.712 0.12799389449438348 0.09236947791164658 0.015997944013404118 0.4680451127819549 0.08207861702273754 0.00758348088772046
41 250.0 1464.0 11.712 0.12799389449438348 0.0682730923694779 0.007997468922807638 0.43838028169014087 0.0636082584183531 0.005718905467898251
42 250.0 1464.0 11.712 0.12799389449438348 0.040160642570281124 0.0019238207578101299 0.42931034482758623 0.05898319417300408 0.003432267508952598
43 250.0 1464.0 11.712 0.12799389449438348 0.0321285140562249 0.0013154832444677834 0.4095394736842105 0.03930211516149552 0.0028151718964946255
44 250.0 1464.0 11.712 0.12799389449438348 0.0642570281124498 0.007067910529982873 0.4422735346358792 0.06550943113890798 0.005364509329101653
45 250.0 1464.0 11.712 0.12799389449438348 0.06024096385542168 0.0057706200671993006 0.447841726618705 0.0650513696291969 0.004983627886672313
46 250.0 1464.0 11.712 0.12799389449438348 0.05220883534136546 0.0032685291140503244 0.44543828264758495 0.07306723124405458 0.004314033880122787
47 250.0 1464.0 11.712 0.12799389449438348 0.09236947791164658 0.018299878459219304 0.46629213483146065 0.07787099625770334 0.007623761781744995
48 250.0 1464.0 11.712 0.12799389449438348 0.048192771084337345 0.003083294833004751 0.41569282136894825 0.04826373317886875 0.004086744474602576
49 250.0 1464.0 11.712 0.12799389449438348 0.05220883534136546 0.004675757896898062 0.4619666048237477 0.07603666516912139 0.004343140907106785
5 250.0 1464.0 11.712 0.12799389449438348 0.11244979919678713 0.019204393287903302 0.5010060362173038 0.13114475370987275 0.008920939770993496
50 250.0 1464.0 11.712 0.12799389449438348 0.0642570281124498 0.007811113572119841 0.44385026737967914 0.06339943899540257 0.005389738974879607
51 250.0 1464.0 11.712 0.12799389449438348 0.03614457831325301 0.0023452849049566686 0.4407079646017699 0.06318945709362732 0.003096144195799456
52 250.0 1464.0 11.712 0.12799389449438348 0.05220883534136546 0.004393990120716718 0.42931034482758623 0.05843240237043793 0.004344646602742611
53 250.0 1464.0 11.712 0.12799389449438348 0.04417670682730923 0.0027909632723616806 0.4184873949579832 0.056130587795397126 0.0037592041918484064
54 250.0 1464.0 11.712 0.12799389449438348 0.07228915662650602 0.009496447649767611 0.44543828264758495 0.06383755520426862 0.006012122437852265
55 250.0 1464.0 11.712 0.12799389449438348 0.040160642570281124 0.002811562850744861 0.41708542713567837 0.04915669153402729 0.0034351657726324155
56 250.0 1464.0 11.712 0.12799389449438348 0.040160642570281124 0.0020626317316279697 0.4088669950738916 0.040287539648823034 0.0034794357157944765
57 250.0 1464.0 11.712 0.12799389449438348 0.05220883534136546 0.005800064141473743 0.44148936170212766 0.057927591678350016 0.004395522311850867
58 250.0 1464.0 11.712 0.12799389449438348 0.03614457831325301 0.0014123015410729242 0.40553745928338764 0.04172659123524736 0.003097797352728985
59 250.0 1464.0 11.712 0.12799389449438348 0.048192771084337345 0.004025283729691279 0.4368421052631579 0.058529978611996394 0.004083862722393027
6 250.0 1464.0 11.712 0.12799389449438348 0.22088353413654616 0.06798665156183849 0.5570469798657718 0.22931185996320425 0.01726274295609415
60 250.0 1464.0 11.712 0.12799389449438348 0.056224899598393566 0.004512438304313558 0.436077057793345 0.06318692656763351 0.004681258281756592
61 250.0 1464.0 11.712 0.12799389449438348 0.0321285140562249 0.0013785025469037289 0.4068627450980392 0.03705603354318376 0.0028326708236636232
62 250.0 1464.0 11.712 0.12799389449438348 0.0321285140562249 0.0025974038818863186 0.415 0.0427036719530527 0.0028466277926168957
63 250.0 1464.0 11.712 0.12799389449438348 0.03614457831325301 0.0015514136422792601 0.4075286415711948 0.04267883317306226 0.0031318233012101217
64 250.0 1464.0 11.712 0.12799389449438348 0.040160642570281124 0.00244633063957026 0.41569282136894825 0.04727690215502837 0.003433656608870187
65 250.0 1464.0 11.712 0.12799389449438348 0.04417670682730923 0.002242462422409554 0.42783505154639173 0.05875980554557984 0.0036934469361499804
66 250.0 1464.0 11.712 0.12799389449438348 0.056224899598393566 0.006134093329865762 0.4213197969543147 0.04935018507887863 0.004748741590870588
67 250.0 1464.0 11.712 0.12799389449438348 0.03614457831325301 0.0013012410145888317 0.4184873949579832 0.04598339904165136 0.0030879217892370247
68 250.0 1464.0 11.712 0.12799389449438348 0.056224899598393566 0.0049295240012177735 0.437609841827768 0.05525821854026367 0.004708484047648691
69 250.0 1464.0 11.712 0.12799389449438348 0.04417670682730923 0.0022000165586195013 0.41362126245847175 0.04375926102860798 0.003742953482019405
7 250.0 1464.0 11.712 0.12799389449438348 0.24497991967871482 0.08617608412790614 0.5671981776765376 0.24978247688611746 0.019055482514815952
70 250.0 1464.0 11.712 0.12799389449438348 0.0321285140562249 0.0011713028077661597 0.40096618357487923 0.039280763748721734 0.0027984296075795174
71 250.0 1464.0 11.712 0.12799389449438348 0.040160642570281124 0.00227771267616947 0.4068627450980392 0.03390563376107883 0.0034395680466887653
72 250.0 1464.0 11.712 0.12799389449438348 0.04417670682730923 0.0030035080742564254 0.41430948419301167 0.04336552159707313 0.0038044458769755387
73 250.0 1464.0 11.712 0.12799389449438348 0.040160642570281124 0.0019438433573995971 0.44543828264758495 0.06861740907081802 0.0033987162173438807
74 250.0 1464.0 11.712 0.12799389449438348 0.048192771084337345 0.0037534873956512533 0.4088669950738916 0.03854387790872985 0.004124603090547682
75 250.0 1464.0 11.712 0.12799389449438348 0.048192771084337345 0.003489495291209284 0.41362126245847175 0.044464779836389016 0.004125505700977945
76 250.0 1464.0 11.712 0.12799389449438348 0.048192771084337345 0.002806776480812089 0.40553745928338764 0.0406925558213051 0.004101682127935956
77 250.0 1464.0 11.712 0.12799389449438348 0.028112449799196783 0.0009242603546580636 0.4042207792207792 0.039387199446255204 0.0024954791436369744
78 250.0 1464.0 11.712 0.12799389449438348 0.0321285140562249 0.0020565699058810454 0.4337979094076655 0.05619617347352145 0.0028084378923218804
79 250.0 1464.0 11.712 0.12799389449438348 0.03614457831325301 0.0017898902658647997 0.4068627450980392 0.0350160141710744 0.0031441285739357435
8 250.0 1464.0 11.712 0.12799389449438348 0.24899598393574296 0.09328025839109269 0.5671981776765376 0.22611272538277982 0.019627610822440675
80 250.0 1464.0 11.712 0.12799389449438348 0.03614457831325301 0.002201185233247427 0.3977635782747604 0.037366070174935005 0.0031680694650591265
81 250.0 1464.0 11.712 0.12799389449438348 0.05220883534136546 0.004240129033863977 0.4129353233830846 0.04262582180188822 0.004471604279255313
82 250.0 1464.0 11.712 0.12799389449438348 0.0321285140562249 0.0007796953204276505 0.4353146853146853 0.059988947303439746 0.002745687881660085
83 250.0 1464.0 11.712 0.12799389449438348 0.05220883534136546 0.003985676147037265 0.4184873949579832 0.0481283802116552 0.004403882418592011
84 250.0 1464.0 11.712 0.12799389449438348 0.03614457831325301 0.0017313903766068988 0.3984 0.03523369469514184 0.003149309924688423
85 250.0 1464.0 11.712 0.12799389449438348 0.04417670682730923 0.003339797542267014 0.41638795986622074 0.04218995634376758 0.003802022730571837
86 250.0 1464.0 11.712 0.12799389449438348 0.048192771084337345 0.0037449357559799124 0.4206081081081081 0.043042185190973886 0.0040991643137165005
87 250.0 1464.0 11.712 0.12799389449438348 0.056224899598393566 0.007052812033275224 0.4330434782608696 0.05002150806916534 0.00476047833243702
88 250.0 1464.0 11.712 0.12799389449438348 0.048192771084337345 0.003949163087644961 0.4213197969543147 0.04671809171688532 0.004132947013184604
89 250.0 1464.0 11.712 0.12799389449438348 0.04417670682730923 0.0037259445578822054 0.42346938775510207 0.04825124160340953 0.003799774905744098
9 250.0 1464.0 11.712 0.12799389449438348 0.15662650602409636 0.0362940030789251 0.5264270613107822 0.17608561146697002 0.012281187102987515
90 250.0 1464.0 11.712 0.12799389449438348 0.040160642570281124 0.002110017798216859 0.3848531684698609 0.02834282403539462 0.0035386246958159693
91 250.0 1464.0 11.712 0.12799389449438348 0.04417670682730923 0.0036466780333442917 0.4029126213592233 0.03394166002878943 0.003836059955706509
92 250.0 1464.0 11.712 0.12799389449438348 0.06024096385542168 0.006836266036368647 0.41778523489932884 0.04453057803223732 0.005149196843394491
93 250.0 1464.0 11.712 0.12799389449438348 0.03614457831325301 0.0017170439362401097 0.39712918660287083 0.03869105544016462 0.0031804063970382462
94 250.0 1464.0 11.712 0.12799389449438348 0.04417670682730923 0.0033479128940081438 0.4213197969543147 0.04398662563487729 0.0038140235882608174
95 250.0 1464.0 11.712 0.12799389449438348 0.040160642570281124 0.002305799197647447 0.41919191919191917 0.04652747878565195 0.0034727097803064085
96 250.0 1464.0 11.712 0.12799389449438348 0.04417670682730923 0.003065838007528612 0.4129353233830846 0.04076081453347112 0.0037849123264648917
97 250.0 1464.0 11.712 0.12799389449438348 0.056224899598393566 0.0052069064656349 0.4095394736842105 0.03754812771586496 0.00476683635325127
98 250.0 1464.0 11.712 0.12799389449438348 0.06024096385542168 0.008746393483961388 0.45688073394495415 0.06055223242257458 0.005073807758118729
99 250.0 1464.0 11.712 0.12799389449438348 0.028112449799196783 0.0008808985919239921 0.4088669950738916 0.041158516440607036 0.002481983883701129