0 0.5962732919254659
1 0.4472049689440994
10 0.21739130434782608
100 0.049689440993788817
1000 0.037267080745341616
1001 0.037267080745341616
1002 0.024844720496894408
1003 0.031055900621118012
1004 0.037267080745341616
1005 0.031055900621118012
1006 0.031055900621118012
1007 0.031055900621118012
1008 0.018633540372670808
1009 0.037267080745341616
101 0.08695652173913043
1010 0.031055900621118012
1011 0.031055900621118012
1012 0.037267080745341616
1013 0.037267080745341616
1014 0.031055900621118012
1015 0.018633540372670808
1016 0.06832298136645963
1017 0.031055900621118012
1018 0.037267080745341616
1019 0.024844720496894408
102 0.09937888198757763
1020 0.031055900621118012
1021 0.031055900621118012
1022 0.031055900621118012
1023 0.037267080745341616
1024 0.031055900621118012
1025 0.037267080745341616
1026 0.024844720496894408
1027 0.012422360248447204
1028 0.018633540372670808
1029 0.037267080745341616
103 0.14285714285714285
1030 0.037267080745341616
1031 0.018633540372670808
1032 0.024844720496894408
1033 0.037267080745341616
1034 0.031055900621118012
1035 0.031055900621118012
1036 0.031055900621118012
1037 0.024844720496894408
1038 0.031055900621118012
1039 0.037267080745341616
104 0.049689440993788817
1040 0.049689440993788817
1041 0.043478260869565216
1042 0.031055900621118012
1043 0.037267080745341616
1044 0.031055900621118012
1045 0.037267080745341616
1046 0.043478260869565216
1047 0.031055900621118012
1048 0.043478260869565216
1049 0.037267080745341616
105 0.13043478260869565
1050 0.031055900621118012
1051 0.031055900621118012
1052 0.018633540372670808
1053 0.018633540372670808
1054 0.031055900621118012
1055 0.037267080745341616
1056 0.018633540372670808
1057 0.024844720496894408
1058 0.037267080745341616
1059 0.037267080745341616
106 0.09316770186335403
1060 0.024844720496894408
1061 0.037267080745341616
1062 0.024844720496894408
1063 0.037267080745341616
1064 0.037267080745341616
1065 0.037267080745341616
1066 0.031055900621118012
1067 0.031055900621118012
1068 0.031055900621118012
1069 0.024844720496894408
107 0.08074534161490683
1070 0.037267080745341616
1071 0.043478260869565216
1072 0.024844720496894408
1073 0.031055900621118012
1074 0.031055900621118012
1075 0.031055900621118012
1076 0.043478260869565216
1077 0.037267080745341616
1078 0.031055900621118012
1079 0.037267080745341616
108 0.11180124223602485
1080 0.037267080745341616
1081 0.043478260869565216
1082 0.043478260869565216
1083 0.018633540372670808
1084 0.024844720496894408
1085 0.037267080745341616
1086 0.024844720496894408
1087 0.024844720496894408
1088 0.031055900621118012
1089 0.037267080745341616
109 0.10559006211180125
1090 0.037267080745341616
1091 0.024844720496894408
1092 0.031055900621118012
1093 0.024844720496894408
1094 0.031055900621118012
1095 0.018633540372670808
1096 0.037267080745341616
1097 0.037267080745341616
1098 0.024844720496894408
1099 0.0
11 0.4161490683229814
110 0.18633540372670807
1100 0.031055900621118012
1101 0.024844720496894408
1102 0.024844720496894408
1103 0.037267080745341616
1104 0.024844720496894408
1105 0.031055900621118012
1106 0.018633540372670808
1107 0.024844720496894408
1108 0.037267080745341616
1109 0.024844720496894408
111 0.09937888198757763
1110 0.012422360248447204
1111 0.024844720496894408
1112 0.037267080745341616
1113 0.043478260869565216
1114 0.024844720496894408
1115 0.024844720496894408
1116 0.037267080745341616
1117 0.018633540372670808
1118 0.031055900621118012
1119 0.037267080745341616
112 0.055900621118012424
1120 0.037267080745341616
1121 0.037267080745341616
1122 0.049689440993788817
1123 0.055900621118012424
1124 0.024844720496894408
1125 0.043478260869565216
1126 0.037267080745341616
1127 0.031055900621118012
1128 0.031055900621118012
1129 0.024844720496894408
113 0.062111801242236024
1130 0.037267080745341616
1131 0.043478260869565216
1132 0.037267080745341616
1133 0.049689440993788817
1134 0.031055900621118012
1135 0.031055900621118012
1136 0.043478260869565216
1137 0.024844720496894408
1138 0.037267080745341616
1139 0.018633540372670808
114 0.08074534161490683
1140 0.024844720496894408
1141 0.018633540372670808
1142 0.043478260869565216
1143 0.012422360248447204
1144 0.024844720496894408
1145 0.043478260869565216
1146 0.037267080745341616
1147 0.031055900621118012
1148 0.037267080745341616
1149 0.024844720496894408
115 0.08695652173913043
1150 0.031055900621118012
1151 0.037267080745341616
1152 0.031055900621118012
1153 0.037267080745341616
1154 0.024844720496894408
1155 0.049689440993788817
1156 0.037267080745341616
1157 0.031055900621118012
1158 0.031055900621118012
1159 0.024844720496894408
116 0.08695652173913043
1160 0.024844720496894408
1161 0.031055900621118012
1162 0.037267080745341616
1163 0.037267080745341616
1164 0.037267080745341616
1165 0.031055900621118012
1166 0.031055900621118012
1167 0.049689440993788817
1168 0.031055900621118012
1169 0.018633540372670808
117 0.13043478260869565
1170 0.024844720496894408
1171 0.031055900621118012
1172 0.024844720496894408
1173 0.031055900621118012
1174 0.049689440993788817
1175 0.031055900621118012
1176 0.024844720496894408
1177 0.012422360248447204
1178 0.037267080745341616
1179 0.049689440993788817
118 0.049689440993788817
1180 0.031055900621118012
1181 0.031055900621118012
1182 0.024844720496894408
1183 0.043478260869565216
1184 0.024844720496894408
1185 0.031055900621118012
1186 0.037267080745341616
1187 0.031055900621118012
1188 0.024844720496894408
1189 0.018633540372670808
119 0.049689440993788817
1190 0.037267080745341616
1191 0.037267080745341616
1192 0.031055900621118012
1193 0.031055900621118012
1194 0.031055900621118012
1195 0.018633540372670808
1196 0.049689440993788817
1197 0.043478260869565216
1198 0.031055900621118012
1199 0.037267080745341616
12 0.35403726708074534
120 0.18633540372670807
1200 0.031055900621118012
1201 0.037267080745341616
1202 0.031055900621118012
1203 0.031055900621118012
1204 0.012422360248447204
1205 0.031055900621118012
1206 0.055900621118012424
1207 0.037267080745341616
1208 0.012422360248447204
1209 0.037267080745341616
121 0.14906832298136646
1210 0.024844720496894408
1211 0.031055900621118012
1212 0.031055900621118012
1213 0.031055900621118012
1214 0.037267080745341616
1215 0.024844720496894408
1216 0.024844720496894408
1217 0.024844720496894408
1218 0.024844720496894408
1219 0.031055900621118012
122 0.09937888198757763
1220 0.018633540372670808
1221 0.024844720496894408
1222 0.037267080745341616
1223 0.031055900621118012
1224 0.031055900621118012
1225 0.037267080745341616
1226 0.031055900621118012
1227 0.037267080745341616
1228 0.018633540372670808
1229 0.018633540372670808
123 0.15527950310559005
1230 0.024844720496894408
1231 0.037267080745341616
1232 0.031055900621118012
1233 0.031055900621118012
1234 0.037267080745341616
1235 0.037267080745341616
1236 0.024844720496894408
1237 0.024844720496894408
1238 0.031055900621118012
1239 0.031055900621118012
124 0.14285714285714285
1240 0.031055900621118012
1241 0.024844720496894408
1242 0.031055900621118012
1243 0.031055900621118012
1244 0.031055900621118012
1245 0.049689440993788817
1246 0.043478260869565216
1247 0.024844720496894408
1248 0.018633540372670808
1249 0.043478260869565216
125 0.17391304347826086
1250 0.031055900621118012
1251 0.043478260869565216
1252 0.043478260869565216
1253 0.043478260869565216
1254 0.031055900621118012
1255 0.043478260869565216
1256 0.024844720496894408
1257 0.031055900621118012
1258 0.024844720496894408
1259 0.031055900621118012
126 0.055900621118012424
1260 0.024844720496894408
1261 0.024844720496894408
1262 0.037267080745341616
1263 0.031055900621118012
1264 0.018633540372670808
1265 0.018633540372670808
1266 0.024844720496894408
1267 0.037267080745341616
1268 0.037267080745341616
1269 0.037267080745341616
127 0.09316770186335403
1270 0.037267080745341616
1271 0.031055900621118012
1272 0.024844720496894408
1273 0.018633540372670808
1274 0.037267080745341616
1275 0.037267080745341616
1276 0.031055900621118012
1277 0.024844720496894408
1278 0.024844720496894408
1279 0.037267080745341616
128 0.09937888198757763
1280 0.006211180124223602
1281 0.031055900621118012
1282 0.024844720496894408
1283 0.031055900621118012
1284 0.031055900621118012
1285 0.024844720496894408
1286 0.018633540372670808
1287 0.024844720496894408
1288 0.024844720496894408
1289 0.031055900621118012
129 0.062111801242236024
1290 0.031055900621118012
1291 0.031055900621118012
1292 0.024844720496894408
1293 0.031055900621118012
1294 0.031055900621118012
1295 0.031055900621118012
1296 0.043478260869565216
1297 0.024844720496894408
1298 0.012422360248447204
1299 0.024844720496894408
13 0.11180124223602485
130 0.11180124223602485
1300 0.024844720496894408
1301 0.024844720496894408
1302 0.037267080745341616
1303 0.024844720496894408
1304 0.006211180124223602
1305 0.031055900621118012
1306 0.043478260869565216
1307 0.043478260869565216
1308 0.012422360248447204
1309 0.031055900621118012
131 0.14285714285714285
1310 0.043478260869565216
1311 0.018633540372670808
1312 0.031055900621118012
1313 0.018633540372670808
1314 0.024844720496894408
1315 0.031055900621118012
1316 0.037267080745341616
1317 0.031055900621118012
1318 0.024844720496894408
1319 0.018633540372670808
132 0.043478260869565216
1320 0.031055900621118012
1321 0.037267080745341616
1322 0.012422360248447204
1323 0.037267080745341616
1324 0.012422360248447204
1325 0.024844720496894408
1326 0.031055900621118012
1327 0.018633540372670808
1328 0.018633540372670808
1329 0.031055900621118012
133 0.10559006211180125
1330 0.037267080745341616
1331 0.043478260869565216
1332 0.018633540372670808
1333 0.037267080745341616
1334 0.037267080745341616
1335 0.024844720496894408
1336 0.031055900621118012
1337 0.031055900621118012
1338 0.018633540372670808
1339 0.031055900621118012
134 0.15527950310559005
1340 0.024844720496894408
1341 0.037267080745341616
1342 0.031055900621118012
1343 0.031055900621118012
1344 0.031055900621118012
1345 0.012422360248447204
1346 0.024844720496894408
1347 0.037267080745341616
1348 0.031055900621118012
1349 0.037267080745341616
135 0.024844720496894408
1350 0.037267080745341616
1351 0.031055900621118012
1352 0.031055900621118012
1353 0.031055900621118012
1354 0.018633540372670808
1355 0.024844720496894408
1356 0.031055900621118012
1357 0.024844720496894408
1358 0.018633540372670808
1359 0.037267080745341616
136 0.10559006211180125
1360 0.024844720496894408
1361 0.037267080745341616
1362 0.006211180124223602
1363 0.031055900621118012
1364 0.031055900621118012
1365 0.031055900621118012
1366 0.031055900621118012
1367 0.031055900621118012
1368 0.024844720496894408
1369 0.031055900621118012
137 0.11180124223602485
1370 0.031055900621118012
1371 0.024844720496894408
1372 0.024844720496894408
1373 0.018633540372670808
1374 0.018633540372670808
1375 0.031055900621118012
1376 0.012422360248447204
1377 0.031055900621118012
1378 0.024844720496894408
1379 0.024844720496894408
138 0.10559006211180125
1380 0.024844720496894408
1381 0.012422360248447204
1382 0.031055900621118012
1383 0.037267080745341616
1384 0.031055900621118012
1385 0.031055900621118012
1386 0.037267080745341616
1387 0.018633540372670808
1388 0.031055900621118012
1389 0.031055900621118012
139 0.055900621118012424
1390 0.012422360248447204
1391 0.018633540372670808
1392 0.018633540372670808
1393 0.024844720496894408
1394 0.031055900621118012
1395 0.031055900621118012
1396 0.031055900621118012
1397 0.018633540372670808
1398 0.018633540372670808
1399 0.037267080745341616
14 0.6894409937888198
140 0.049689440993788817
1400 0.031055900621118012
1401 0.031055900621118012
1402 0.018633540372670808
1403 0.031055900621118012
1404 0.018633540372670808
1405 0.024844720496894408
1406 0.018633540372670808
1407 0.037267080745341616
1408 0.031055900621118012
1409 0.024844720496894408
141 0.08074534161490683
1410 0.018633540372670808
1411 0.012422360248447204
1412 0.024844720496894408
1413 0.031055900621118012
1414 0.031055900621118012
1415 0.024844720496894408
1416 0.024844720496894408
1417 0.037267080745341616
1418 0.037267080745341616
1419 0.031055900621118012
142 0.08695652173913043
1420 0.031055900621118012
1421 0.018633540372670808
1422 0.031055900621118012
1423 0.031055900621118012
1424 0.024844720496894408
1425 0.024844720496894408
1426 0.018633540372670808
1427 0.031055900621118012
1428 0.024844720496894408
1429 0.031055900621118012
143 0.12422360248447205
1430 0.018633540372670808
1431 0.024844720496894408
1432 0.024844720496894408
1433 0.018633540372670808
1434 0.024844720496894408
1435 0.018633540372670808
1436 0.037267080745341616
1437 0.024844720496894408
1438 0.031055900621118012
1439 0.018633540372670808
144 0.06832298136645963
1440 0.043478260869565216
1441 0.031055900621118012
1442 0.031055900621118012
1443 0.031055900621118012
1444 0.031055900621118012
1445 0.037267080745341616
1446 0.031055900621118012
1447 0.031055900621118012
1448 0.031055900621118012
1449 0.031055900621118012
145 0.08695652173913043
1450 0.031055900621118012
1451 0.031055900621118012
1452 0.031055900621118012
1453 0.031055900621118012
1454 0.031055900621118012
1455 0.024844720496894408
1456 0.031055900621118012
1457 0.024844720496894408
1458 0.024844720496894408
1459 0.031055900621118012
146 0.16149068322981366
1460 0.012422360248447204
1461 0.018633540372670808
1462 0.024844720496894408
1463 0.012422360248447204
1464 0.024844720496894408
1465 0.031055900621118012
1466 0.031055900621118012
1467 0.037267080745341616
1468 0.031055900621118012
1469 0.031055900621118012
147 0.11180124223602485
1470 0.024844720496894408
1471 0.031055900621118012
1472 0.024844720496894408
1473 0.031055900621118012
1474 0.031055900621118012
1475 0.024844720496894408
1476 0.024844720496894408
1477 0.024844720496894408
1478 0.031055900621118012
1479 0.018633540372670808
148 0.06832298136645963
1480 0.031055900621118012
1481 0.018633540372670808
1482 0.018633540372670808
1483 0.031055900621118012
1484 0.024844720496894408
1485 0.018633540372670808
1486 0.031055900621118012
1487 0.031055900621118012
1488 0.031055900621118012
1489 0.037267080745341616
149 0.062111801242236024
1490 0.031055900621118012
1491 0.031055900621118012
1492 0.031055900621118012
1493 0.031055900621118012
1494 0.031055900621118012
1495 0.031055900621118012
1496 0.031055900621118012
1497 0.031055900621118012
1498 0.031055900621118012
1499 0.024844720496894408
15 0.14285714285714285
150 0.07453416149068323
151 0.13043478260869565
152 0.08074534161490683
153 0.08695652173913043
154 0.15527950310559005
155 0.062111801242236024
156 0.11801242236024845
157 0.062111801242236024
158 0.062111801242236024
159 0.06832298136645963
16 0.34782608695652173
160 0.08695652173913043
161 0.07453416149068323
162 0.13043478260869565
163 0.12422360248447205
164 0.024844720496894408
165 0.043478260869565216
166 0.08695652173913043
167 0.06832298136645963
168 0.12422360248447205
169 0.14285714285714285
17 0.07453416149068323
170 0.16770186335403728
171 0.10559006211180125
172 0.14906832298136646
173 0.12422360248447205
174 0.07453416149068323
175 0.11180124223602485
176 0.062111801242236024
177 0.037267080745341616
178 0.062111801242236024
179 0.09316770186335403
18 0.2670807453416149
180 0.09937888198757763
181 0.07453416149068323
182 0.043478260869565216
183 0.13664596273291926
184 0.11180124223602485
185 0.06832298136645963
186 0.15527950310559005
187 0.09316770186335403
188 0.055900621118012424
189 0.08074534161490683
19 0.22981366459627328
190 0.049689440993788817
191 0.031055900621118012
192 0.037267080745341616
193 0.11180124223602485
194 0.13043478260869565
195 0.07453416149068323
196 0.043478260869565216
197 0.06832298136645963
198 0.062111801242236024
199 0.08695652173913043
2 0.18012422360248448
20 0.11180124223602485
200 0.09316770186335403
201 0.09316770186335403
202 0.037267080745341616
203 0.06832298136645963
204 0.14285714285714285
205 0.11180124223602485
206 0.12422360248447205
207 0.08695652173913043
208 0.049689440993788817
209 0.062111801242236024
21 0.2546583850931677
210 0.062111801242236024
211 0.14906832298136646
212 0.07453416149068323
213 0.09937888198757763
214 0.12422360248447205
215 0.10559006211180125
216 0.055900621118012424
217 0.09316770186335403
218 0.10559006211180125
219 0.09937888198757763
22 0.2670807453416149
220 0.043478260869565216
221 0.062111801242236024
222 0.07453416149068323
223 0.037267080745341616
224 0.09316770186335403
225 0.09316770186335403
226 0.043478260869565216
227 0.08695652173913043
228 0.055900621118012424
229 0.024844720496894408
23 0.2546583850931677
230 0.043478260869565216
231 0.08695652173913043
232 0.11180124223602485
233 0.006211180124223602
234 0.13043478260869565
235 0.08695652173913043
236 0.07453416149068323
237 0.049689440993788817
238 0.049689440993788817
239 0.031055900621118012
24 0.36024844720496896
240 0.09316770186335403
241 0.11180124223602485
242 0.055900621118012424
243 0.08695652173913043
244 0.037267080745341616
245 0.07453416149068323
246 0.049689440993788817
247 0.043478260869565216
248 0.07453416149068323
249 0.08074534161490683
25 0.11180124223602485
250 0.11180124223602485
251 0.037267080745341616
252 0.15527950310559005
253 0.043478260869565216
254 0.07453416149068323
255 0.043478260869565216
256 0.07453416149068323
257 0.08074534161490683
258 0.11180124223602485
259 0.07453416149068323
26 0.4409937888198758
260 0.024844720496894408
261 0.08695652173913043
262 0.037267080745341616
263 0.043478260869565216
264 0.031055900621118012
265 0.11801242236024845
266 0.13664596273291926
267 0.09316770186335403
268 0.09316770186335403
269 0.07453416149068323
27 0.4782608695652174
270 0.031055900621118012
271 0.07453416149068323
272 0.055900621118012424
273 0.06832298136645963
274 0.07453416149068323
275 0.07453416149068323
276 0.14906832298136646
277 0.09937888198757763
278 0.055900621118012424
279 0.062111801242236024
28 0.20496894409937888
280 0.062111801242236024
281 0.055900621118012424
282 0.055900621118012424
283 0.049689440993788817
284 0.10559006211180125
285 0.018633540372670808
286 0.055900621118012424
287 0.06832298136645963
288 0.07453416149068323
289 0.043478260869565216
29 0.13043478260869565
290 0.062111801242236024
291 0.049689440993788817
292 0.049689440993788817
293 0.09316770186335403
294 0.037267080745341616
295 0.09937888198757763
296 0.07453416149068323
297 0.055900621118012424
298 0.07453416149068323
299 0.049689440993788817
3 0.2546583850931677
30 0.17391304347826086
300 0.062111801242236024
301 0.07453416149068323
302 0.14285714285714285
303 0.055900621118012424
304 0.06832298136645963
305 0.08695652173913043
306 0.062111801242236024
307 0.043478260869565216
308 0.07453416149068323
309 0.031055900621118012
31 0.36024844720496896
310 0.14906832298136646
311 0.06832298136645963
312 0.10559006211180125
313 0.08695652173913043
314 0.049689440993788817
315 0.08074534161490683
316 0.10559006211180125
317 0.018633540372670808
318 0.062111801242236024
319 0.06832298136645963
32 0.2111801242236025
320 0.043478260869565216
321 0.055900621118012424
322 0.062111801242236024
323 0.13664596273291926
324 0.07453416149068323
325 0.049689440993788817
326 0.08074534161490683
327 0.024844720496894408
328 0.018633540372670808
329 0.07453416149068323
33 0.2422360248447205
330 0.055900621118012424
331 0.07453416149068323
332 0.06832298136645963
333 0.049689440993788817
334 0.11180124223602485
335 0.06832298136645963
336 0.049689440993788817
337 0.06832298136645963
338 0.062111801242236024
339 0.08695652173913043
34 0.12422360248447205
340 0.06832298136645963
341 0.055900621118012424
342 0.07453416149068323
343 0.12422360248447205
344 0.043478260869565216
345 0.049689440993788817
346 0.09937888198757763
347 0.11180124223602485
348 0.14285714285714285
349 0.08695652173913043
35 0.062111801242236024
350 0.06832298136645963
351 0.09937888198757763
352 0.055900621118012424
353 0.055900621118012424
354 0.07453416149068323
355 0.049689440993788817
356 0.06832298136645963
357 0.049689440993788817
358 0.049689440993788817
359 0.10559006211180125
36 0.09937888198757763
360 0.10559006211180125
361 0.062111801242236024
362 0.062111801242236024
363 0.07453416149068323
364 0.049689440993788817
365 0.09937888198757763
366 0.09937888198757763
367 0.049689440993788817
368 0.031055900621118012
369 0.06832298136645963
37 0.3167701863354037
370 0.055900621118012424
371 0.031055900621118012
372 0.049689440993788817
373 0.012422360248447204
374 0.08074534161490683
375 0.10559006211180125
376 0.037267080745341616
377 0.018633540372670808
378 0.062111801242236024
379 0.049689440993788817
38 0.11801242236024845
380 0.031055900621118012
381 0.024844720496894408
382 0.037267080745341616
383 0.08695652173913043
384 0.09937888198757763
385 0.06832298136645963
386 0.09316770186335403
387 0.049689440993788817
388 0.049689440993788817
389 0.037267080745341616
39 0.16149068322981366
390 0.07453416149068323
391 0.037267080745341616
392 0.07453416149068323
393 0.055900621118012424
394 0.06832298136645963
395 0.043478260869565216
396 0.043478260869565216
397 0.055900621118012424
398 0.062111801242236024
399 0.043478260869565216
4 0.22981366459627328
40 0.08695652173913043
400 0.08695652173913043
401 0.043478260869565216
402 0.043478260869565216
403 0.037267080745341616
404 0.043478260869565216
405 0.049689440993788817
406 0.062111801242236024
407 0.055900621118012424
408 0.037267080745341616
409 0.062111801242236024
41 0.14285714285714285
410 0.049689440993788817
411 0.07453416149068323
412 0.06832298136645963
413 0.049689440993788817
414 0.049689440993788817
415 0.08074534161490683
416 0.055900621118012424
417 0.062111801242236024
418 0.08695652173913043
419 0.049689440993788817
42 0.09937888198757763
420 0.055900621118012424
421 0.037267080745341616
422 0.031055900621118012
423 0.06832298136645963
424 0.055900621118012424
425 0.062111801242236024
426 0.043478260869565216
427 0.043478260869565216
428 0.08074534161490683
429 0.06832298136645963
43 0.08695652173913043
430 0.062111801242236024
431 0.055900621118012424
432 0.062111801242236024
433 0.037267080745341616
434 0.08074534161490683
435 0.043478260869565216
436 0.031055900621118012
437 0.037267080745341616
438 0.08074534161490683
439 0.049689440993788817
44 0.18012422360248448
440 0.031055900621118012
441 0.055900621118012424
442 0.07453416149068323
443 0.043478260869565216
444 0.08074534161490683
445 0.06832298136645963
446 0.06832298136645963
447 0.043478260869565216
448 0.062111801242236024
449 0.08695652173913043
45 0.30434782608695654
450 0.06832298136645963
451 0.055900621118012424
452 0.043478260869565216
453 0.031055900621118012
454 0.037267080745341616
455 0.07453416149068323
456 0.043478260869565216
457 0.062111801242236024
458 0.049689440993788817
459 0.031055900621118012
46 0.12422360248447205
460 0.06832298136645963
461 0.08695652173913043
462 0.049689440993788817
463 0.055900621118012424
464 0.049689440993788817
465 0.06832298136645963
466 0.043478260869565216
467 0.037267080745341616
468 0.055900621118012424
469 0.049689440993788817
47 0.16770186335403728
470 0.043478260869565216
471 0.055900621118012424
472 0.037267080745341616
473 0.07453416149068323
474 0.043478260869565216
475 0.062111801242236024
476 0.049689440993788817
477 0.055900621118012424
478 0.043478260869565216
479 0.049689440993788817
48 0.3167701863354037
480 0.037267080745341616
481 0.049689440993788817
482 0.06832298136645963
483 0.07453416149068323
484 0.043478260869565216
485 0.07453416149068323
486 0.062111801242236024
487 0.06832298136645963
488 0.07453416149068323
489 0.043478260869565216
49 0.16770186335403728
490 0.049689440993788817
491 0.062111801242236024
492 0.031055900621118012
493 0.06832298136645963
494 0.031055900621118012
495 0.049689440993788817
496 0.07453416149068323
497 0.037267080745341616
498 0.07453416149068323
499 0.049689440993788817
5 0.2981366459627329
50 0.11180124223602485
500 0.055900621118012424
501 0.018633540372670808
502 0.037267080745341616
503 0.037267080745341616
504 0.043478260869565216
505 0.062111801242236024
506 0.062111801242236024
507 0.043478260869565216
508 0.031055900621118012
509 0.049689440993788817
51 0.13664596273291926
510 0.049689440993788817
511 0.08074534161490683
512 0.031055900621118012
513 0.037267080745341616
514 0.043478260869565216
515 0.037267080745341616
516 0.049689440993788817
517 0.062111801242236024
518 0.031055900621118012
519 0.043478260869565216
52 0.2608695652173913
520 0.062111801242236024
521 0.049689440993788817
522 0.08074534161490683
523 0.062111801242236024
524 0.043478260869565216
525 0.043478260869565216
526 0.037267080745341616
527 0.062111801242236024
528 0.049689440993788817
529 0.043478260869565216
53 0.08074534161490683
530 0.037267080745341616
531 0.055900621118012424
532 0.043478260869565216
533 0.09316770186335403
534 0.049689440993788817
535 0.062111801242236024
536 0.062111801242236024
537 0.055900621118012424
538 0.08695652173913043
539 0.055900621118012424
54 0.09316770186335403
540 0.043478260869565216
541 0.055900621118012424
542 0.043478260869565216
543 0.043478260869565216
544 0.06832298136645963
545 0.062111801242236024
546 0.037267080745341616
547 0.024844720496894408
548 0.049689440993788817
549 0.11180124223602485
55 0.062111801242236024
550 0.037267080745341616
551 0.055900621118012424
552 0.08074534161490683
553 0.055900621118012424
554 0.043478260869565216
555 0.049689440993788817
556 0.049689440993788817
557 0.043478260869565216
558 0.06832298136645963
559 0.037267080745341616
56 0.13664596273291926
560 0.08695652173913043
561 0.055900621118012424
562 0.07453416149068323
563 0.062111801242236024
564 0.031055900621118012
565 0.055900621118012424
566 0.043478260869565216
567 0.043478260869565216
568 0.049689440993788817
569 0.049689440993788817
57 0.15527950310559005
570 0.037267080745341616
571 0.06832298136645963
572 0.037267080745341616
573 0.07453416149068323
574 0.08695652173913043
575 0.06832298136645963
576 0.043478260869565216
577 0.07453416149068323
578 0.012422360248447204
579 0.031055900621118012
58 0.19875776397515527
580 0.055900621118012424
581 0.018633540372670808
582 0.024844720496894408
583 0.037267080745341616
584 0.062111801242236024
585 0.043478260869565216
586 0.049689440993788817
587 0.037267080745341616
588 0.043478260869565216
589 0.037267080745341616
59 0.10559006211180125
590 0.09316770186335403
591 0.049689440993788817
592 0.037267080745341616
593 0.024844720496894408
594 0.031055900621118012
595 0.024844720496894408
596 0.049689440993788817
597 0.055900621118012424
598 0.055900621118012424
599 0.049689440993788817
6 0.2857142857142857
60 0.08074534161490683
600 0.06832298136645963
601 0.06832298136645963
602 0.018633540372670808
603 0.037267080745341616
604 0.043478260869565216
605 0.043478260869565216
606 0.055900621118012424
607 0.031055900621118012
608 0.012422360248447204
609 0.055900621118012424
61 0.18012422360248448
610 0.037267080745341616
611 0.018633540372670808
612 0.055900621118012424
613 0.031055900621118012
614 0.062111801242236024
615 0.037267080745341616
616 0.018633540372670808
617 0.06832298136645963
618 0.062111801242236024
619 0.024844720496894408
62 0.08074534161490683
620 0.055900621118012424
621 0.055900621118012424
622 0.037267080745341616
623 0.037267080745341616
624 0.037267080745341616
625 0.055900621118012424
626 0.043478260869565216
627 0.037267080745341616
628 0.037267080745341616
629 0.055900621118012424
63 0.018633540372670808
630 0.049689440993788817
631 0.055900621118012424
632 0.043478260869565216
633 0.031055900621118012
634 0.031055900621118012
635 0.043478260869565216
636 0.06832298136645963
637 0.037267080745341616
638 0.024844720496894408
639 0.08695652173913043
64 0.11801242236024845
640 0.024844720496894408
641 0.031055900621118012
642 0.024844720496894408
643 0.024844720496894408
644 0.08074534161490683
645 0.06832298136645963
646 0.07453416149068323
647 0.055900621118012424
648 0.07453416149068323
649 0.031055900621118012
65 0.11180124223602485
650 0.055900621118012424
651 0.043478260869565216
652 0.043478260869565216
653 0.062111801242236024
654 0.06832298136645963
655 0.043478260869565216
656 0.049689440993788817
657 0.037267080745341616
658 0.043478260869565216
659 0.024844720496894408
66 0.12422360248447205
660 0.062111801242236024
661 0.037267080745341616
662 0.024844720496894408
663 0.031055900621118012
664 0.043478260869565216
665 0.024844720496894408
666 0.055900621118012424
667 0.024844720496894408
668 0.043478260869565216
669 0.07453416149068323
67 0.19875776397515527
670 0.037267080745341616
671 0.037267080745341616
672 0.037267080745341616
673 0.031055900621118012
674 0.062111801242236024
675 0.049689440993788817
676 0.049689440993788817
677 0.031055900621118012
678 0.031055900621118012
679 0.024844720496894408
68 0.19254658385093168
680 0.043478260869565216
681 0.031055900621118012
682 0.031055900621118012
683 0.012422360248447204
684 0.06832298136645963
685 0.08074534161490683
686 0.024844720496894408
687 0.037267080745341616
688 0.062111801242236024
689 0.043478260869565216
69 0.07453416149068323
690 0.024844720496894408
691 0.08074534161490683
692 0.06832298136645963
693 0.062111801242236024
694 0.049689440993788817
695 0.06832298136645963
696 0.037267080745341616
697 0.037267080745341616
698 0.031055900621118012
699 0.037267080745341616
7 0.43478260869565216
70 0.12422360248447205
700 0.031055900621118012
701 0.024844720496894408
702 0.037267080745341616
703 0.049689440993788817
704 0.037267080745341616
705 0.055900621118012424
706 0.049689440993788817
707 0.043478260869565216
708 0.055900621118012424
709 0.037267080745341616
71 0.09937888198757763
710 0.06832298136645963
711 0.055900621118012424
712 0.037267080745341616
713 0.031055900621118012
714 0.031055900621118012
715 0.031055900621118012
716 0.018633540372670808
717 0.043478260869565216
718 0.031055900621118012
719 0.049689440993788817
72 0.16149068322981366
720 0.018633540372670808
721 0.043478260869565216
722 0.018633540372670808
723 0.031055900621118012
724 0.037267080745341616
725 0.037267080745341616
726 0.062111801242236024
727 0.012422360248447204
728 0.043478260869565216
729 0.055900621118012424
73 0.11801242236024845
730 0.043478260869565216
731 0.049689440993788817
732 0.049689440993788817
733 0.031055900621118012
734 0.062111801242236024
735 0.07453416149068323
736 0.055900621118012424
737 0.049689440993788817
738 0.043478260869565216
739 0.049689440993788817
74 0.12422360248447205
740 0.037267080745341616
741 0.055900621118012424
742 0.049689440993788817
743 0.08074534161490683
744 0.06832298136645963
745 0.037267080745341616
746 0.055900621118012424
747 0.024844720496894408
748 0.018633540372670808
749 0.07453416149068323
75 0.07453416149068323
750 0.055900621118012424
751 0.049689440993788817
752 0.049689440993788817
753 0.049689440993788817
754 0.043478260869565216
755 0.043478260869565216
756 0.037267080745341616
757 0.031055900621118012
758 0.024844720496894408
759 0.049689440993788817
76 0.07453416149068323
760 0.043478260869565216
761 0.031055900621118012
762 0.037267080745341616
763 0.031055900621118012
764 0.018633540372670808
765 0.031055900621118012
766 0.037267080745341616
767 0.037267080745341616
768 0.024844720496894408
769 0.037267080745341616
77 0.2795031055900621
770 0.031055900621118012
771 0.037267080745341616
772 0.037267080745341616
773 0.043478260869565216
774 0.031055900621118012
775 0.07453416149068323
776 0.037267080745341616
777 0.055900621118012424
778 0.06832298136645963
779 0.049689440993788817
78 0.17391304347826086
780 0.037267080745341616
781 0.037267080745341616
782 0.037267080745341616
783 0.031055900621118012
784 0.037267080745341616
785 0.055900621118012424
786 0.031055900621118012
787 0.062111801242236024
788 0.037267080745341616
789 0.055900621118012424
79 0.13664596273291926
790 0.037267080745341616
791 0.055900621118012424
792 0.055900621118012424
793 0.043478260869565216
794 0.031055900621118012
795 0.031055900621118012
796 0.049689440993788817
797 0.055900621118012424
798 0.037267080745341616
799 0.031055900621118012
8 1.0
80 0.062111801242236024
800 0.031055900621118012
801 0.037267080745341616
802 0.049689440993788817
803 0.024844720496894408
804 0.043478260869565216
805 0.037267080745341616
806 0.037267080745341616
807 0.031055900621118012
808 0.024844720496894408
809 0.049689440993788817
81 0.09937888198757763
810 0.037267080745341616
811 0.006211180124223602
812 0.018633540372670808
813 0.062111801242236024
814 0.037267080745341616
815 0.062111801242236024
816 0.031055900621118012
817 0.043478260869565216
818 0.024844720496894408
819 0.06832298136645963
82 0.12422360248447205
820 0.037267080745341616
821 0.043478260869565216
822 0.031055900621118012
823 0.031055900621118012
824 0.012422360248447204
825 0.037267080745341616
826 0.055900621118012424
827 0.037267080745341616
828 0.055900621118012424
829 0.049689440993788817
83 0.062111801242236024
830 0.043478260869565216
831 0.043478260869565216
832 0.031055900621118012
833 0.055900621118012424
834 0.018633540372670808
835 0.018633540372670808
836 0.031055900621118012
837 0.037267080745341616
838 0.031055900621118012
839 0.043478260869565216
84 0.09316770186335403
840 0.031055900621118012
841 0.06832298136645963
842 0.037267080745341616
843 0.024844720496894408
844 0.031055900621118012
845 0.024844720496894408
846 0.024844720496894408
847 0.031055900621118012
848 0.031055900621118012
849 0.037267080745341616
85 0.13043478260869565
850 0.043478260869565216
851 0.049689440993788817
852 0.024844720496894408
853 0.055900621118012424
854 0.043478260869565216
855 0.06832298136645963
856 0.018633540372670808
857 0.037267080745341616
858 0.049689440993788817
859 0.018633540372670808
86 0.09316770186335403
860 0.037267080745341616
861 0.024844720496894408
862 0.031055900621118012
863 0.049689440993788817
864 0.031055900621118012
865 0.031055900621118012
866 0.031055900621118012
867 0.037267080745341616
868 0.031055900621118012
869 0.037267080745341616
87 0.14285714285714285
870 0.024844720496894408
871 0.018633540372670808
872 0.031055900621118012
873 0.037267080745341616
874 0.049689440993788817
875 0.024844720496894408
876 0.031055900621118012
877 0.024844720496894408
878 0.037267080745341616
879 0.043478260869565216
88 0.08695652173913043
880 0.049689440993788817
881 0.043478260869565216
882 0.043478260869565216
883 0.049689440993788817
884 0.031055900621118012
885 0.043478260869565216
886 0.024844720496894408
887 0.043478260869565216
888 0.043478260869565216
889 0.037267080745341616
89 0.2857142857142857
890 0.037267080745341616
891 0.037267080745341616
892 0.037267080745341616
893 0.049689440993788817
894 0.037267080745341616
895 0.037267080745341616
896 0.049689440993788817
897 0.049689440993788817
898 0.055900621118012424
899 0.031055900621118012
9 0.6708074534161491
90 0.19254658385093168
900 0.018633540372670808
901 0.024844720496894408
902 0.012422360248447204
903 0.043478260869565216
904 0.043478260869565216
905 0.049689440993788817
906 0.031055900621118012
907 0.037267080745341616
908 0.031055900621118012
909 0.031055900621118012
91 0.09937888198757763
910 0.037267080745341616
911 0.037267080745341616
912 0.037267080745341616
913 0.037267080745341616
914 0.024844720496894408
915 0.037267080745341616
916 0.043478260869565216
917 0.043478260869565216
918 0.043478260869565216
919 0.049689440993788817
92 0.09316770186335403
920 0.049689440993788817
921 0.018633540372670808
922 0.037267080745341616
923 0.031055900621118012
924 0.037267080745341616
925 0.024844720496894408
926 0.037267080745341616
927 0.031055900621118012
928 0.049689440993788817
929 0.024844720496894408
93 0.11180124223602485
930 0.055900621118012424
931 0.043478260869565216
932 0.037267080745341616
933 0.037267080745341616
934 0.037267080745341616
935 0.049689440993788817
936 0.031055900621118012
937 0.018633540372670808
938 0.031055900621118012
939 0.055900621118012424
94 0.2981366459627329
940 0.043478260869565216
941 0.024844720496894408
942 0.024844720496894408
943 0.031055900621118012
944 0.031055900621118012
945 0.006211180124223602
946 0.031055900621118012
947 0.031055900621118012
948 0.037267080745341616
949 0.049689440993788817
95 0.22981366459627328
950 0.031055900621118012
951 0.024844720496894408
952 0.012422360248447204
953 0.055900621118012424
954 0.037267080745341616
955 0.031055900621118012
956 0.031055900621118012
957 0.012422360248447204
958 0.031055900621118012
959 0.037267080745341616
96 0.10559006211180125
960 0.024844720496894408
961 0.031055900621118012
962 0.055900621118012424
963 0.043478260869565216
964 0.037267080745341616
965 0.024844720496894408
966 0.037267080745341616
967 0.043478260869565216
968 0.018633540372670808
969 0.049689440993788817
97 0.043478260869565216
970 0.049689440993788817
971 0.024844720496894408
972 0.024844720496894408
973 0.031055900621118012
974 0.043478260869565216
975 0.024844720496894408
976 0.062111801242236024
977 0.037267080745341616
978 0.031055900621118012
979 0.037267080745341616
98 0.09316770186335403
980 0.049689440993788817
981 0.031055900621118012
982 0.062111801242236024
983 0.037267080745341616
984 0.037267080745341616
985 0.037267080745341616
986 0.024844720496894408
987 0.037267080745341616
988 0.043478260869565216
989 0.031055900621118012
99 0.2111801242236025
990 0.055900621118012424
991 0.037267080745341616
992 0.031055900621118012
993 0.031055900621118012
994 0.043478260869565216
995 0.031055900621118012
996 0.031055900621118012
997 0.037267080745341616
998 0.031055900621118012
999 0.043478260869565216