0 299
0 2
0 298
0 3
0 297
0 4
0 296
0 295
0 6
0 7
0 292
0 9
0 290
0 12
0 13
0 286
0 285
0 156
0 175
0 47
0 214
0 218
0 236
0 252
0 189
0 190
0 212
0 238
0 229
0 165
0 126
0 28
0 29
1 2
1 298
1 297
1 6
1 296
1 7
1 295
1 8
1 294
1 9
1 291
1 290
1 14
1 288
1 15
1 287
1 286
1 100
1 231
1 211
1 164
1 224
1 92
1 226
1 32
1 106
1 134
1 263
1 173
1 79
2 3
2 6
2 297
2 10
2 293
2 292
2 289
2 16
2 287
2 241
2 84
2 112
2 222
2 277
2 87
2 156
2 103
2 97
2 137
2 130
2 294
2 269
2 194
2 235
2 34
2 46
2 261
2 223
2 64
2 157
3 5
3 7
3 299
3 8
3 298
3 297
3 10
3 296
3 11
3 294
3 13
3 293
3 14
3 292
3 15
3 291
3 16
3 290
3 140
3 279
3 213
3 135
3 117
3 99
3 280
3 90
3 285
3 166
3 258
3 154
3 110
3 97
3 112
3 283
3 21
3 80
4 6
4 7
4 299
4 10
4 298
4 11
4 12
4 15
4 293
4 291
4 19
4 278
4 215
4 5
4 236
4 106
4 167
4 219
4 176
4 118
4 283
4 135
4 254
4 153
4 276
4 230
4 184
5 7
5 9
5 299
5 13
5 15
5 295
5 294
5 17
5 293
5 291
5 20
5 290
5 163
5 228
5 80
5 74
5 34
5 114
5 175
5 140
5 239
5 132
5 256
5 285
5 119
5 84
5 221
5 98
5 88
5 261
5 101
5 222
5 92
5 216
6 12
6 14
6 298
6 15
6 297
6 296
6 17
6 295
6 19
6 43
6 198
6 38
6 50
6 51
6 216
6 183
6 153
6 32
6 112
6 63
6 250
6 83
6 57
6 289
6 224
6 258
7 8
7 15
7 299
7 16
7 298
7 296
7 19
7 294
7 21
7 292
7 229
7 53
7 198
7 113
7 199
7 225
7 81
7 73
7 166
7 207
7 268
7 119
7 132
7 74
7 247
7 85
7 191
8 11
8 13
8 14
8 15
8 16
8 18
8 298
8 297
8 296
8 21
8 22
8 293
8 253
8 147
8 170
8 255
8 45
8 177
8 107
8 189
8 38
8 83
8 78
8 29
8 274
8 97
8 118
8 127
8 110
8 281
9 10
9 14
9 15
9 16
9 18
9 20
9 298
9 21
9 22
9 295
9 294
9 230
9 248
9 124
9 69
9 132
9 292
9 108
9 156
9 171
9 31
9 202
9 289
9 264
9 104
10 12
10 13
10 14
10 16
10 19
10 21
10 299
10 22
10 297
10 25
10 57
10 174
10 217
10 207
10 252
10 178
10 38
10 253
10 44
10 240
10 182
10 155
10 251
10 249
10 68
10 100
10 203
11 13
11 15
11 299
11 298
11 25
11 26
11 37
11 165
11 162
11 268
11 148
11 139
11 221
11 288
11 112
11 61
11 272
11 214
11 59
11 89
11 147
11 251
11 177
11 267
11 175
11 83
12 14
12 17
12 23
12 24
12 25
12 26
12 237
12 54
12 28
12 200
12 273
12 145
12 61
12 92
12 164
12 247
12 294
12 58
12 37
12 102
13 14
13 18
13 19
13 24
13 27
13 298
13 80
13 196
13 272
13 259
13 239
13 77
13 134
13 294
13 127
13 178
13 237
13 79
13 105
13 283
13 104
13 43
14 15
14 16
14 17
14 19
14 20
14 21
14 22
14 27
14 28
14 29
14 299
14 286
14 289
14 270
14 168
14 53
14 123
14 98
14 58
14 90
14 47
14 145
14 269
15 17
15 18
15 19
15 20
15 23
15 24
15 25
15 26
15 27
15 29
15 72
15 129
15 225
15 121
15 48
15 62
15 231
15 229
15 162
15 46
15 55
15 236
15 193
15 123
15 64
15 267
15 163
16 21
16 22
16 23
16 24
16 28
16 30
16 31
16 213
16 94
16 281
16 171
16 55
16 262
16 176
16 104
16 67
16 222
16 293
16 83
16 189
16 127
17 20
17 24
17 25
17 28
17 32
17 151
17 128
17 168
17 278
17 77
17 85
17 54
17 70
17 158
17 197
17 41
17 90
17 80
17 192
17 261
17 224
17 187
17 246
17 226
17 178
18 22
18 23
18 25
18 27
18 31
18 33
18 119
18 152
18 201
18 53
18 93
18 246
18 34
18 139
18 59
18 226
18 281
18 236
18 92
18 129
18 266
18 83
18 146
18 66
19 20
19 23
19 24
19 28
19 29
19 34
19 260
19 246
19 154
19 177
19 181
19 275
19 143
19 64
19 148
19 258
19 26
19 210
20 21
20 22
20 26
20 28
20 29
20 31
20 34
20 37
20 69
20 147
20 240
20 181
20 219
20 106
20 294
20 48
20 135
20 119
20 244
20 268
20 103
20 61
21 22
21 23
21 27
21 28
21 29
21 34
21 159
21 141
21 288
21 118
21 254
21 83
21 210
21 216
21 71
21 113
21 70
21 65
21 82
21 248
21 140
21 127
22 25
22 26
22 27
22 30
22 31
22 32
22 34
22 35
22 37
22 70
22 79
22 291
22 65
22 81
22 23
22 294
22 213
22 137
22 139
22 94
22 165
23 24
23 26
23 27
23 30
23 31
23 34
23 38
23 90
23 169
23 121
23 110
23 175
23 100
23 137
23 25
23 161
23 291
23 243
23 74
23 240
23 115
24 29
24 31
24 37
24 190
24 253
24 155
24 209
24 65
24 40
24 271
24 87
24 229
24 208
24 211
24 250
24 205
24 26
24 43
24 214
24 74
24 248
24 127
25 26
25 28
25 30
25 31
25 33
25 34
25 204
25 110
25 184
25 273
25 146
25 154
25 118
25 223
25 107
25 206
26 27
26 31
26 32
26 34
26 35
26 36
26 37
26 38
26 39
26 66
26 57
26 59
26 178
26 78
26 252
26 159
26 237
26 228
26 146
26 61
26 102
27 28
27 31
27 33
27 34
27 36
27 37
27 38
27 39
27 265
27 282
27 211
27 276
27 291
27 298
27 239
27 138
27 191
27 248
27 269
27 267
27 234
28 29
28 34
28 35
28 36
28 37
28 40
28 284
28 161
28 266
28 178
28 120
28 61
28 154
28 251
28 89
28 252
28 189
29 30
29 33
29 35
29 36
29 38
29 41
29 42
29 43
29 47
29 62
29 147
29 108
29 144
29 212
29 107
29 289
29 218
29 158
29 270
29 57
29 206
29 233
29 166
29 213
30 34
30 35
30 37
30 38
30 39
30 42
30 43
30 45
30 68
30 258
30 150
30 222
30 80
30 161
30 261
30 122
30 110
30 154
30 59
30 266
30 117
30 92
30 148
31 32
31 37
31 42
31 43
31 44
31 46
31 77
31 127
31 208
31 286
31 134
31 108
31 192
31 144
31 242
31 67
31 260
31 224
31 240
31 274
31 205
31 146
31 113
32 34
32 36
32 37
32 39
32 44
32 47
32 288
32 103
32 63
32 173
32 110
32 168
32 65
32 271
32 272
32 292
32 158
32 209
32 234
32 70
32 260
32 75
32 274
32 150
33 34
33 35
33 38
33 39
33 40
33 41
33 43
33 45
33 47
33 152
33 250
33 263
33 167
33 179
33 264
33 144
33 213
33 215
33 299
33 36
34 35
34 40
34 41
34 43
34 46
34 47
34 48
34 96
34 285
34 196
34 106
34 93
34 223
34 193
34 198
34 246
34 78
34 287
34 63
34 277
34 283
34 170
35 40
35 41
35 42
35 43
35 44
35 48
35 49
35 50
35 196
35 76
35 192
35 190
35 205
35 79
35 229
35 52
35 105
35 143
35 150
35 228
35 156
35 170
35 95
36 37
36 38
36 40
36 44
36 45
36 46
36 47
36 48
36 51
36 205
36 233
36 234
36 186
36 95
36 140
36 104
36 100
37 38
37 40
37 42
37 43
37 44
37 46
37 47
37 52
37 208
37 178
37 185
37 207
37 270
37 91
37 145
37 212
37 121
37 187
37 166
37 133
37 101
37 114
38 39
38 40
38 47
38 51
38 52
38 100
38 224
38 113
38 128
38 119
38 142
38 274
38 136
38 227
38 134
38 270
38 198
38 298
38 181
38 287
38 153
38 180
39 40
39 41
39 42
39 43
39 45
39 47
39 48
39 50
39 54
39 205
39 170
39 117
39 95
39 206
39 189
39 273
39 175
39 262
39 119
39 57
39 163
39 245
39 110
39 155
39 49
40 41
40 43
40 44
40 45
40 46
40 48
40 52
40 55
40 284
40 208
40 71
40 139
40 159
40 257
40 121
40 250
40 298
40 128
40 225
40 266
40 255
40 201
40 120
40 273
40 155
41 42
41 43
41 45
41 46
41 48
41 49
41 50
41 53
41 73
41 181
41 255
41 100
41 296
41 65
41 187
41 195
41 220
41 108
41 82
41 167
41 210
42 43
42 44
42 46
42 47
42 48
42 49
42 50
42 52
42 55
42 57
42 176
42 139
42 299
42 174
42 179
42 86
42 229
42 276
42 135
42 157
42 104
43 46
43 49
43 50
43 52
43 55
43 57
43 58
43 256
43 124
43 260
43 288
43 81
43 231
43 163
43 148
43 112
43 122
43 80
43 191
43 162
43 258
43 155
43 160
43 227
43 270
43 91
43 84
43 210
43 89
43 251
44 46
44 47
44 48
44 50
44 52
44 53
44 56
44 237
44 233
44 158
44 279
44 199
44 291
44 284
44 198
44 241
44 112
44 166
44 163
45 46
45 47
45 48
45 51
45 52
45 54
45 57
45 58
45 60
45 118
45 205
45 189
45 266
45 103
45 296
45 242
45 226
45 110
46 47
46 49
46 51
46 52
46 53
46 54
46 141
46 271
46 289
46 283
46 122
46 144
46 170
46 288
46 238
46 231
46 149
46 190
46 65
46 198
47 53
47 54
47 55
47 56
47 57
47 58
47 59
47 60
47 61
47 192
47 198
47 178
47 132
47 155
47 260
47 127
47 251
47 296
47 103
47 170
47 270
47 196
47 268
47 99
48 49
48 50
48 51
48 53
48 56
48 58
48 62
48 230
48 287
48 232
48 201
48 291
48 120
48 132
48 128
48 213
48 292
48 224
49 50
49 52
49 54
49 57
49 58
49 59
49 60
49 63
49 202
49 80
49 211
49 237
49 120
49 140
49 116
49 255
49 65
49 290
49 191
50 51
50 53
50 55
50 58
50 60
50 61
50 62
50 63
50 64
50 165
50 199
50 188
50 261
50 117
50 192
50 225
50 294
50 110
50 120
50 133
50 185
50 206
50 149
50 279
50 276
51 52
51 55
51 57
51 58
51 59
51 60
51 61
51 62
51 63
51 71
51 74
51 137
51 190
51 206
51 196
51 286
51 104
51 254
51 272
51 75
51 130
52 58
52 59
52 60
52 61
52 62
52 63
52 65
52 217
52 226
52 233
52 124
52 211
52 74
52 102
52 154
52 209
52 194
52 232
52 283
52 213
52 164
53 54
53 56
53 61
53 63
53 65
53 66
53 67
53 278
53 182
53 116
53 248
53 157
53 144
53 72
53 136
53 250
53 170
53 257
53 243
53 141
53 156
53 185
53 233
54 55
54 56
54 57
54 62
54 65
54 68
54 69
54 234
54 152
54 268
54 296
54 108
54 121
54 169
54 203
54 87
54 138
54 237
55 58
55 60
55 62
55 63
55 67
55 68
55 115
55 192
55 166
55 267
55 280
55 283
55 164
55 247
55 253
55 128
55 184
55 231
56 59
56 61
56 63
56 66
56 67
56 70
56 150
56 72
56 81
56 133
56 217
56 76
56 204
56 208
56 114
56 119
56 143
56 57
57 60
57 61
57 66
57 67
57 69
57 70
57 71
57 176
57 240
57 254
57 195
57 151
57 289
57 251
57 186
57 96
57 206
57 197
57 294
57 93
57 219
58 63
58 64
58 66
58 67
58 69
58 70
58 72
58 73
58 146
58 261
58 278
58 150
58 101
58 252
58 93
58 76
58 203
58 236
58 113
58 92
58 97
58 280
59 62
59 64
59 66
59 70
59 86
59 284
59 79
59 209
59 121
59 194
59 114
59 186
59 192
59 96
59 140
59 296
59 277
59 125
59 67
59 261
59 202
59 104
59 292
59 80
59 266
59 130
59 206
60 61
60 62
60 63
60 66
60 67
60 68
60 69
60 72
60 73
60 236
60 144
60 171
60 189
60 105
60 116
60 255
60 190
60 174
60 106
60 96
60 206
60 92
60 170
61 62
61 69
61 71
61 72
61 73
61 76
61 110
61 167
61 207
61 238
61 210
61 295
61 147
61 231
61 150
61 193
61 101
61 78
61 111
62 66
62 71
62 72
62 73
62 77
62 81
62 170
62 188
62 155
62 288
62 133
62 146
62 241
62 163
62 242
62 136
62 263
62 171
62 168
62 293
62 93
63 65
63 68
63 69
63 70
63 71
63 72
63 75
63 76
63 77
63 78
63 223
63 104
63 276
63 247
63 128
63 98
64 69
64 70
64 73
64 75
64 78
64 79
64 264
64 155
64 184
64 211
64 123
64 176
64 287
64 272
64 130
64 160
64 118
64 178
64 110
64 161
64 143
64 166
65 66
65 68
65 69
65 71
65 72
65 74
65 76
65 188
65 299
65 101
65 217
65 119
65 236
65 181
65 100
65 235
65 233
65 120
65 88
66 68
66 69
66 74
66 80
66 81
66 110
66 166
66 229
66 104
66 141
66 161
66 279
66 191
66 246
66 148
66 154
66 193
67 68
67 70
67 74
67 76
67 80
67 81
67 82
67 269
67 217
67 199
67 113
67 183
67 103
67 114
67 155
67 178
67 158
67 130
67 221
67 238
67 137
67 220
67 88
68 69
68 73
68 74
68 75
68 78
68 79
68 83
68 122
68 95
68 127
68 159
68 227
68 231
68 232
68 185
68 181
68 242
68 291
68 213
68 296
68 86
69 70
69 72
69 74
69 78
69 79
69 81
69 82
69 83
69 84
69 182
69 275
69 176
69 193
69 281
69 164
69 270
69 148
69 103
70 71
70 73
70 78
70 79
70 80
70 83
70 233
70 206
70 127
70 276
70 204
70 259
70 293
70 168
70 141
70 200
70 103
70 258
71 72
71 74
71 75
71 76
71 77
71 79
71 82
71 83
71 85
71 252
71 235
71 188
71 92
71 299
71 295
71 139
71 273
71 244
71 233
71 236
71 255
72 74
72 75
72 76
72 81
72 83
72 254
72 215
72 261
72 109
72 165
72 206
72 266
72 188
72 208
72 274
72 91
72 121
72 250
72 237
72 198
72 268
72 276
72 197
72 123
73 74
73 76
73 77
73 80
73 81
73 82
73 84
73 85
73 87
73 281
73 109
73 124
73 272
73 115
73 123
73 141
73 268
73 127
73 276
73 228
73 201
73 227
74 78
74 79
74 80
74 82
74 83
74 84
74 85
74 88
74 89
74 188
74 266
74 132
74 273
74 252
74 295
74 171
74 129
75 76
75 77
75 78
75 81
75 82
75 83
75 84
75 85
75 178
75 134
75 286
75 259
75 233
75 213
75 138
75 238
75 151
75 137
75 113
76 81
76 82
76 83
76 85
76 86
76 87
76 88
76 90
76 91
76 217
76 258
76 267
76 280
76 143
76 248
76 133
76 162
76 165
76 234
76 199
77 79
77 83
77 84
77 85
77 87
77 91
77 92
77 139
77 253
77 155
77 213
77 262
77 297
77 178
77 161
77 177
77 249
78 79
78 80
78 83
78 84
78 88
78 91
78 159
78 267
78 216
78 134
78 266
78 161
78 284
79 80
79 81
79 85
79 88
79 89
79 90
79 92
79 93
79 94
79 251
79 163
79 232
79 167
79 199
79 260
79 152
79 171
80 81
80 84
80 85
80 86
80 87
80 88
80 91
80 92
80 93
80 152
80 174
80 265
80 273
80 285
80 221
81 82
81 83
81 87
81 88
81 89
81 91
81 92
81 93
81 108
81 148
81 233
81 250
81 211
81 163
81 171
81 90
81 188
81 223
81 95
82 84
82 85
82 89
82 91
82 92
82 93
82 97
82 144
82 124
82 258
82 257
82 214
82 242
82 140
82 111
82 127
82 152
83 84
83 87
83 93
83 94
83 95
83 97
83 185
83 296
83 114
83 290
83 276
83 139
83 99
83 260
83 137
84 86
84 87
84 88
84 89
84 90
84 91
84 93
84 94
84 95
84 96
84 98
84 99
84 291
84 144
84 149
84 143
84 256
84 152
84 172
84 165
84 228
84 129
85 88
85 89
85 91
85 93
85 94
85 96
85 97
85 98
85 100
85 165
85 266
85 144
85 267
85 125
85 253
85 103
85 235
85 229
86 90
86 91
86 94
86 95
86 96
86 98
86 100
86 250
86 233
86 292
86 192
86 162
86 253
86 175
86 203
86 277
86 138
86 171
86 254
87 90
87 91
87 92
87 93
87 95
87 99
87 100
87 101
87 102
87 288
87 239
87 143
87 270
87 202
87 240
87 292
87 158
88 91
88 94
88 95
88 96
88 97
88 100
88 101
88 103
88 171
88 162
88 186
88 220
88 184
88 225
88 145
88 269
88 130
88 129
88 196
88 282
88 260
89 91
89 92
89 94
89 95
89 97
89 98
89 99
89 180
89 142
89 235
89 158
89 115
89 176
89 207
89 284
89 135
89 202
89 270
90 95
90 97
90 100
90 102
90 105
90 157
90 203
90 143
90 153
90 163
90 219
90 210
90 257
90 260
90 292
90 139
90 121
90 158
90 288
91 92
91 94
91 95
91 98
91 100
91 101
91 103
91 104
91 171
91 155
91 246
91 205
91 201
91 238
91 298
91 215
91 147
91 280
91 121
91 222
92 93
92 94
92 95
92 96
92 97
92 98
92 100
92 101
92 102
92 104
92 105
92 124
93 97
93 104
93 105
93 107
93 151
93 146
93 230
93 244
93 126
93 231
93 273
93 249
93 216
93 175
93 121
93 185
93 271
93 102
93 218
93 134
94 96
94 98
94 99
94 100
94 101
94 102
94 104
94 108
94 120
94 265
94 225
94 247
94 298
94 287
94 236
94 124
94 226
94 295
94 140
94 297
94 283
95 96
95 101
95 104
95 105
95 106
95 109
95 166
95 292
95 185
95 157
95 280
95 227
95 136
95 294
95 117
95 279
95 222
95 192
95 211
96 97
96 98
96 99
96 100
96 101
96 102
96 104
96 106
96 108
96 111
96 255
96 121
96 115
96 248
96 225
96 119
96 167
96 216
96 103
96 150
97 98
97 100
97 102
97 104
97 107
97 109
97 112
97 258
97 155
97 127
97 122
97 190
97 171
97 282
97 146
97 124
97 233
97 154
97 161
97 207
97 227
98 99
98 101
98 103
98 104
98 105
98 108
98 111
98 112
98 113
98 183
98 231
98 278
98 285
98 245
98 288
98 149
98 195
98 179
98 118
98 226
99 108
99 109
99 112
99 113
99 260
99 273
99 155
99 275
99 146
99 157
99 145
99 178
99 173
99 241
99 197
99 278
99 235
99 237
100 102
100 105
100 106
100 107
100 109
100 110
100 111
100 268
100 246
100 264
100 168
100 244
100 201
100 103
100 130
100 230
101 102
101 108
101 109
101 111
101 114
101 116
101 193
101 255
101 294
101 167
101 278
101 168
101 208
101 145
101 267
101 261
101 297
102 103
102 104
102 105
102 106
102 107
102 110
102 111
102 112
102 113
102 116
102 214
102 250
102 229
102 145
102 146
102 164
102 284
102 160
102 163
102 278
102 195
103 105
103 107
103 108
103 115
103 117
103 118
103 189
103 284
103 162
103 141
103 246
103 289
103 208
103 287
103 122
103 282
103 154
103 178
104 106
104 108
104 110
104 113
104 115
104 116
104 193
104 202
104 208
104 266
104 160
104 107
104 285
104 148
104 289
104 219
104 258
104 200
104 154
104 126
104 201
104 222
105 106
105 107
105 109
105 111
105 112
105 113
105 114
105 115
105 116
105 145
105 139
105 160
105 164
105 248
105 134
105 239
105 183
106 108
106 109
106 114
106 115
106 119
106 120
106 121
106 131
106 294
106 111
106 267
106 112
106 113
106 277
106 219
107 109
107 112
107 113
107 114
107 115
107 117
107 118
107 120
107 121
107 220
107 186
107 111
107 196
107 173
107 155
107 180
107 157
107 167
107 187
107 231
108 110
108 111
108 113
108 115
108 117
108 118
108 121
108 220
108 170
108 152
108 138
108 267
108 275
108 157
108 295
108 294
109 110
109 119
109 120
109 122
109 123
109 124
109 256
109 177
109 239
109 111
109 189
109 156
109 270
109 160
109 240
109 139
109 159
109 176
109 114
110 111
110 112
110 113
110 115
110 117
110 118
110 120
110 121
110 123
110 280
110 139
110 281
110 238
110 183
110 247
110 271
110 222
110 221
110 226
110 170
111 113
111 117
111 118
111 122
111 123
111 125
111 190
111 164
111 245
111 208
111 205
111 154
111 234
111 169
111 289
112 113
112 114
112 116
112 117
112 118
112 119
112 121
112 123
112 124
112 125
112 127
112 217
112 274
112 131
112 218
112 220
112 294
112 169
112 176
112 238
112 282
112 271
112 240
112 189
113 115
113 116
113 119
113 121
113 124
113 125
113 126
113 293
113 232
113 191
113 172
113 228
113 145
113 263
113 217
113 166
114 115
114 121
114 124
114 127
114 226
114 235
114 202
114 151
114 176
114 201
114 180
114 228
114 244
115 116
115 117
115 118
115 119
115 122
115 124
115 125
115 126
115 127
115 128
115 130
115 158
115 134
115 235
115 155
116 120
116 121
116 122
116 124
116 128
116 130
116 131
116 140
116 173
116 182
116 287
116 243
116 238
116 154
116 197
116 125
116 272
117 118
117 119
117 120
117 122
117 125
117 126
117 127
117 128
117 132
117 210
117 264
117 267
117 134
117 293
117 199
117 241
117 252
118 121
118 123
118 124
118 125
118 128
118 130
118 132
118 240
118 137
118 259
118 271
118 284
118 269
118 203
118 189
118 182
118 177
118 285
118 266
119 120
119 121
119 122
119 123
119 125
119 126
119 128
119 132
119 254
119 242
119 235
119 135
119 294
119 279
119 253
119 146
119 274
119 124
120 122
120 123
120 124
120 130
120 131
120 132
120 134
120 238
120 200
120 265
120 267
120 125
120 282
120 210
120 212
121 127
121 128
121 133
121 135
121 195
121 148
121 245
121 166
121 229
121 265
122 126
122 132
122 135
122 136
122 137
122 229
122 272
122 227
122 155
122 250
122 260
122 214
122 240
122 190
122 293
122 221
122 269
123 124
123 125
123 127
123 128
123 130
123 131
123 133
123 137
123 233
123 226
123 220
123 167
123 267
124 127
124 128
124 130
124 131
124 133
124 134
124 135
124 136
124 137
124 139
124 269
124 163
124 169
124 268
124 146
124 276
124 289
124 204
125 128
125 131
125 134
125 135
125 136
125 138
125 140
125 229
125 255
125 254
125 232
125 297
125 216
125 215
125 227
125 228
126 127
126 128
126 129
126 130
126 131
126 133
126 135
126 136
126 137
126 140
126 141
126 165
126 284
126 254
126 268
126 174
127 128
127 133
127 137
127 138
127 139
127 141
127 142
127 223
127 167
127 217
127 266
127 146
127 151
127 206
128 131
128 132
128 133
128 134
128 135
128 136
128 137
128 138
128 140
128 142
128 161
128 240
128 167
128 271
129 131
129 132
129 135
129 136
129 137
129 140
129 141
129 267
129 205
129 268
129 258
129 224
129 176
129 275
129 280
130 131
130 132
130 133
130 134
130 135
130 137
130 139
130 140
130 142
130 144
130 188
130 272
130 297
130 150
130 246
130 191
130 292
130 183
130 217
130 169
130 232
130 172
131 132
131 133
131 135
131 136
131 138
131 140
131 141
131 142
131 143
131 144
131 145
131 174
131 284
131 192
131 267
131 156
131 231
132 133
132 134
132 138
132 139
132 140
132 142
132 143
132 147
132 254
132 177
132 207
132 287
132 178
132 141
132 144
133 135
133 137
133 138
133 139
133 140
133 142
133 144
133 145
133 146
133 147
133 148
133 286
133 273
133 253
133 237
133 277
134 137
134 138
134 140
134 142
134 143
134 146
134 147
134 149
134 175
134 278
134 260
134 193
134 250
135 136
135 138
135 139
135 141
135 142
135 145
135 148
135 149
135 150
135 297
135 210
135 158
135 288
136 137
136 138
136 141
136 142
136 147
136 148
136 150
136 151
136 152
136 276
136 181
136 277
136 186
137 138
137 140
137 141
137 142
137 144
137 146
137 150
137 151
137 180
137 288
137 237
137 223
138 139
138 140
138 142
138 143
138 144
138 146
138 150
138 152
138 290
138 294
138 163
138 205
138 158
138 261
138 215
139 140
139 141
139 146
139 147
139 149
139 153
139 218
139 254
139 271
139 262
139 270
139 288
139 230
140 142
140 143
140 144
140 145
140 147
140 150
140 151
140 152
140 153
140 154
140 155
140 158
140 205
140 262
140 243
140 189
140 179
141 142
141 143
141 144
141 145
141 148
141 149
141 151
141 154
141 155
141 156
141 147
141 246
141 285
141 157
141 209
142 144
142 146
142 147
142 150
142 152
142 153
142 154
142 155
142 157
142 158
142 232
142 211
142 200
142 215
142 219
142 179
142 262
143 145
143 146
143 153
143 157
143 284
143 221
143 272
143 295
143 270
143 252
143 210
143 296
143 164
144 148
144 149
144 151
144 155
144 157
144 158
144 275
144 293
144 191
144 239
144 297
144 193
144 262
144 216
144 238
144 247
145 147
145 150
145 154
145 155
145 158
145 159
145 160
145 265
145 171
145 181
145 201
145 269
145 273
145 270
145 148
146 148
146 149
146 150
146 152
146 153
146 157
146 158
146 161
146 287
146 246
146 273
146 265
146 206
146 269
147 150
147 151
147 152
147 156
147 159
147 160
147 162
147 264
147 229
147 171
147 298
147 202
147 251
148 151
148 155
148 156
148 157
148 161
148 217
148 224
148 213
148 282
148 210
148 204
148 236
148 237
148 193
148 182
148 290
149 150
149 151
149 152
149 154
149 156
149 157
149 158
149 159
149 160
149 163
149 272
149 291
149 186
149 212
149 221
150 152
150 153
150 154
150 155
150 159
150 160
150 162
150 163
150 290
150 201
150 188
150 242
151 152
151 153
151 154
151 155
151 156
151 157
151 158
151 159
151 161
151 162
151 247
151 177
151 180
151 294
151 222
152 155
152 158
152 162
152 164
152 165
152 167
152 172
152 244
152 233
152 290
152 254
153 154
153 155
153 158
153 159
153 161
153 163
153 165
153 167
153 168
153 247
153 156
153 195
153 206
153 174
153 267
154 156
154 159
154 161
154 163
154 164
154 168
154 169
154 175
154 229
154 258
154 265
154 256
154 228
155 159
155 160
155 161
155 162
155 164
155 167
155 216
155 227
155 261
155 225
155 184
156 157
156 158
156 162
156 163
156 165
156 166
156 167
156 168
156 171
156 279
156 209
156 266
156 190
156 177
157 159
157 160
157 161
157 164
157 165
157 166
157 167
157 168
157 186
157 232
157 242
158 159
158 162
158 163
158 167
158 168
158 169
158 171
158 172
158 179
158 245
158 237
158 293
158 187
158 175
158 227
159 162
159 163
159 164
159 165
159 167
159 172
159 173
159 187
159 294
159 161
159 189
159 262
159 273
159 267
159 258
160 161
160 162
160 164
160 166
160 168
160 169
160 173
160 248
160 229
160 291
160 167
160 271
160 270
160 232
161 162
161 163
161 165
161 168
161 169
161 170
161 171
161 174
161 175
161 176
161 270
161 265
161 208
162 164
162 168
162 169
162 173
162 174
162 176
162 177
162 289
162 185
162 227
162 295
162 248
163 165
163 173
163 178
163 187
163 213
163 284
163 238
163 188
163 275
163 166
163 215
163 297
164 165
164 167
164 168
164 169
164 170
164 173
164 175
164 178
164 207
164 221
164 203
164 195
164 216
164 208
164 204
165 168
165 171
165 172
165 173
165 174
165 194
165 286
165 207
165 203
165 239
165 283
165 202
165 193
165 238
165 275
165 271
165 256
166 171
166 173
166 174
166 177
166 179
166 292
166 252
166 231
166 263
166 281
166 205
166 289
167 168
167 171
167 172
167 176
167 177
167 247
167 248
167 195
167 202
167 244
167 295
167 267
167 193
167 206
168 170
168 171
168 172
168 173
168 179
168 180
168 181
168 183
168 200
168 244
168 227
168 199
169 172
169 177
169 178
169 179
169 180
169 181
169 183
169 256
169 287
169 276
169 252
169 216
169 212
170 176
170 178
170 183
170 243
170 201
170 231
170 291
170 250
171 172
171 175
171 177
171 179
171 182
171 185
171 206
171 275
171 281
171 289
171 297
171 216
171 218
172 173
172 176
172 177
172 180
172 186
172 263
172 222
172 239
172 242
172 241
172 221
172 196
172 256
172 218
172 199
173 174
173 179
173 181
173 183
173 184
173 185
173 187
173 267
173 294
173 212
173 194
173 282
173 210
174 177
174 181
174 185
174 186
174 189
174 218
174 256
174 207
174 278
174 222
174 191
174 266
174 257
175 179
175 181
175 182
175 183
175 184
175 186
175 188
175 258
175 277
175 282
175 223
175 196
176 177
176 178
176 180
176 182
176 186
176 187
176 188
176 190
176 277
176 264
176 193
177 181
177 184
177 185
177 186
177 188
177 190
177 192
177 260
177 285
177 299
177 275
177 198
178 179
178 181
178 189
178 190
178 191
178 206
178 256
178 284
178 195
178 260
178 279
178 186
178 183
178 265
179 181
179 182
179 183
179 184
179 185
179 186
179 188
179 190
179 193
179 250
179 187
179 239
179 265
180 181
180 183
180 185
180 186
180 187
180 189
180 191
180 192
180 194
180 240
180 237
180 282
180 248
180 286
181 182
181 185
181 186
181 187
181 189
181 191
181 194
181 195
181 196
181 188
181 211
182 183
182 185
182 186
182 187
182 188
182 189
182 190
182 191
182 192
182 193
182 197
182 199
182 212
182 255
183 185
183 186
183 188
183 190
183 191
183 192
183 194
183 195
183 196
183 197
183 230
183 298
183 290
184 186
184 188
184 189
184 190
184 191
184 192
184 193
184 195
184 197
184 268
184 242
184 237
184 276
184 286
184 230
185 186
185 188
185 189
185 190
185 193
185 194
185 198
185 199
185 265
185 270
185 236
185 245
185 284
185 289
185 221
186 188
186 189
186 190
186 191
186 195
186 197
186 256
186 261
186 254
186 298
186 258
187 188
187 189
187 190
187 191
187 192
187 193
187 194
187 195
187 196
187 199
187 200
187 202
187 225
187 290
187 224
187 258
187 236
187 240
188 191
188 192
188 193
188 195
188 196
188 197
188 199
188 201
188 202
188 203
188 241
188 295
188 242
189 190
189 191
189 195
189 197
189 199
189 202
189 203
189 294
189 257
189 234
189 283
190 191
190 196
190 197
190 198
190 199
190 201
190 204
190 205
190 247
190 236
191 194
191 196
191 198
191 199
191 203
191 205
191 261
191 298
191 290
191 238
191 216
191 280
191 293
191 264
192 195
192 201
192 202
192 203
192 206
192 294
192 257
192 238
192 272
192 247
192 295
192 222
193 196
193 201
193 203
193 205
193 206
193 277
193 264
193 294
193 211
193 213
193 231
193 297
193 241
193 242
193 272
193 250
194 197
194 203
194 206
194 208
194 209
194 277
194 226
194 233
194 219
194 262
194 232
195 196
195 201
195 202
195 206
195 210
195 296
195 289
195 281
195 241
195 242
196 199
196 200
196 201
196 203
196 204
196 259
196 285
196 239
196 238
196 226
196 280
196 292
196 209
197 199
197 200
197 201
197 203
197 204
197 205
197 206
197 208
197 211
197 212
197 263
197 248
198 199
198 200
198 203
198 204
198 207
198 208
198 210
198 212
198 261
198 284
198 219
198 215
198 256
199 201
199 204
199 206
199 207
199 209
199 211
199 212
199 250
199 241
199 224
199 244
199 237
199 220
199 274
200 201
200 207
200 209
200 211
200 213
200 215
200 226
200 274
200 273
200 252
200 281
200 212
201 202
201 204
201 206
201 207
201 208
201 211
201 213
201 216
201 217
201 263
201 255
202 204
202 205
202 207
202 212
202 214
202 217
202 292
202 226
203 204
203 208
203 209
203 213
203 214
203 215
203 216
203 218
203 244
203 280
203 285
203 236
204 206
204 208
204 209
204 210
204 213
204 214
204 215
204 216
204 217
204 218
204 224
204 232
204 298
204 250
204 223
204 247
204 253
204 256
205 207
205 214
205 215
205 216
205 220
205 284
205 227
205 232
205 225
205 254
205 229
206 210
206 212
206 213
206 214
206 220
206 268
206 245
206 215
207 211
207 212
207 215
207 218
207 220
207 222
207 285
207 273
207 241
208 213
208 219
208 220
208 221
208 222
208 223
208 269
208 277
209 210
209 215
209 216
209 217
209 220
209 221
209 222
209 223
209 242
209 257
209 229
209 284
209 294
209 244
209 214
209 276
210 212
210 213
210 214
210 216
210 217
210 218
210 220
210 221
210 222
210 224
210 293
210 269
210 233
211 212
211 218
211 220
211 221
211 225
211 226
211 291
211 232
212 214
212 215
212 221
212 222
212 223
212 225
212 226
212 278
212 276
212 246
212 261
212 254
212 237
213 219
213 220
213 221
213 226
213 294
213 285
213 231
213 232
213 272
214 216
214 218
214 221
214 225
214 226
214 227
214 228
214 253
214 244
214 257
214 232
214 238
215 216
215 219
215 220
215 221
215 222
215 224
215 225
215 226
215 227
215 228
215 230
215 263
215 249
215 248
216 217
216 218
216 220
216 221
216 226
216 229
216 231
216 295
217 224
217 225
217 228
217 229
217 230
217 231
217 250
217 218
217 261
218 219
218 220
218 222
218 224
218 226
218 228
218 229
218 230
218 257
218 266
218 293
219 220
219 221
219 222
219 223
219 225
219 228
219 229
219 230
219 232
219 233
219 248
219 244
219 293
220 222
220 223
220 224
220 226
220 227
220 228
220 229
220 231
220 232
220 234
220 235
220 266
221 225
221 228
221 229
221 232
221 235
221 274
221 252
221 251
221 292
221 272
221 269
222 223
222 227
222 228
222 229
222 230
222 232
222 233
222 234
222 235
222 238
222 289
222 255
222 262
223 224
223 225
223 227
223 229
223 231
223 235
223 236
223 238
223 268
223 242
223 261
224 227
224 228
224 231
224 232
224 234
224 237
224 238
224 239
224 253
224 259
224 233
224 246
225 227
225 231
225 233
225 234
225 237
225 238
225 239
225 240
225 278
225 292
225 250
225 284
225 274
225 280
226 228
226 230
226 231
226 232
226 234
226 235
226 238
226 241
226 295
226 271
226 277
227 229
227 230
227 231
227 233
227 235
227 240
227 245
227 263
228 230
228 232
228 234
228 236
228 238
228 240
228 266
228 229
228 281
229 230
229 233
229 234
229 235
229 237
229 240
229 248
229 264
229 294
229 260
230 233
230 235
230 236
230 237
230 240
230 241
230 242
230 244
230 247
230 267
230 276
230 298
230 268
231 234
231 240
231 242
231 243
231 244
231 266
231 255
231 287
231 269
232 233
232 234
232 236
232 240
232 241
232 242
232 244
232 246
232 247
232 274
232 259
232 276
232 286
233 236
233 239
233 241
233 245
233 247
233 283
233 275
233 276
233 290
234 235
234 236
234 239
234 240
234 241
234 242
234 243
234 245
234 247
234 248
234 249
234 297
234 251
235 237
235 238
235 242
235 244
235 247
235 263
235 268
235 291
235 236
235 262
235 293
236 238
236 239
236 247
236 248
236 250
236 274
236 280
236 259
236 275
237 238
237 241
237 246
237 252
237 283
237 273
237 272
237 243
237 271
238 239
238 242
238 248
238 297
238 279
238 288
238 294
239 240
239 242
239 244
239 245
239 246
239 249
239 250
239 251
239 253
239 254
239 293
239 277
239 263
239 296
240 242
240 243
240 244
240 246
240 247
240 248
240 249
240 255
240 265
240 263
240 288
241 243
241 245
241 246
241 249
241 250
241 251
241 253
241 256
241 277
241 270
241 260
241 292
242 244
242 246
242 247
242 248
242 249
242 250
242 253
242 257
242 268
242 273
242 286
242 263
243 244
243 245
243 248
243 249
243 251
243 252
243 253
243 254
243 255
243 256
243 257
243 258
243 271
244 245
244 247
244 254
244 255
244 257
244 258
244 292
245 246
245 251
245 252
245 254
245 255
245 256
245 257
245 259
245 260
245 297
246 247
246 249
246 250
246 251
246 253
246 255
246 256
246 257
246 260
246 261
246 269
246 299
246 264
246 252
247 250
247 252
247 254
247 256
247 257
247 259
247 261
247 284
248 250
248 251
248 252
248 254
248 256
248 258
248 279
249 250
249 251
249 252
249 253
249 254
249 256
249 257
249 258
249 259
249 260
249 262
249 263
249 290
249 273
250 252
250 256
250 257
250 260
250 261
250 263
250 291
250 277
250 267
251 252
251 253
251 256
251 258
251 260
251 261
251 254
252 255
252 256
252 258
252 259
252 262
252 267
252 283
253 255
253 256
253 257
253 259
253 260
253 261
253 262
253 263
253 266
253 267
253 268
254 257
254 259
254 261
254 262
254 263
254 265
254 268
254 269
254 281
255 259
255 260
255 264
255 265
255 268
255 288
255 279
255 293
255 262
255 267
256 258
256 261
256 262
256 264
256 265
256 267
256 269
256 270
257 258
257 261
257 263
257 268
257 269
257 270
257 289
257 286
258 260
258 261
258 262
258 264
258 266
258 267
258 271
258 272
259 260
259 261
259 262
259 264
259 265
259 266
259 267
259 268
259 269
259 270
259 271
259 272
259 273
259 274
260 262
260 263
260 265
260 267
260 270
260 293
260 282
260 288
260 283
260 290
260 268
261 262
261 264
261 265
261 267
261 268
261 269
261 270
261 273
261 275
261 276
261 290
261 299
262 263
262 266
262 267
262 268
262 270
262 272
262 273
262 277
262 278
262 291
262 265
262 288
263 264
263 269
263 270
263 271
263 273
263 274
263 275
263 276
263 277
263 297
264 268
264 270
264 272
264 273
264 274
264 276
264 290
264 265
265 268
265 270
265 271
265 274
265 275
265 278
265 279
265 289
266 267
266 268
266 271
266 276
266 280
266 298
266 297
267 268
267 271
267 273
267 276
267 288
268 270
268 272
268 273
268 274
268 283
268 292
268 291
269 272
269 274
269 275
269 278
269 279
269 280
270 271
270 274
270 278
270 283
270 284
270 285
271 272
271 273
271 274
271 275
271 277
271 286
271 287
271 278
271 297
272 278
272 282
272 284
272 286
272 287
272 297
273 274
273 275
273 279
273 281
273 285
273 287
273 291
274 276
274 277
274 278
274 280
274 281
274 283
274 286
274 289
275 276
275 278
275 280
275 282
275 284
275 285
275 287
275 288
275 289
275 290
276 277
276 279
276 281
276 282
276 283
276 287
276 288
276 291
277 282
277 283
277 286
277 291
278 281
278 282
278 283
278 285
278 286
278 288
278 289
278 290
278 292
278 293
279 281
279 282
279 283
279 284
279 286
279 287
279 292
279 294
279 299
280 281
280 283
280 287
280 288
280 289
280 293
280 295
281 282
281 284
281 285
281 286
281 287
281 291
281 293
281 294
281 295
281 296
282 283
282 284
282 286
282 288
282 291
282 292
282 294
282 295
282 297
283 284
283 285
283 287
283 289
283 290
283 294
283 292
284 286
284 287
284 292
284 293
284 296
284 298
284 299
285 288
285 290
285 291
285 295
285 297
285 299
285 293
286 288
286 291
286 292
286 293
286 294
286 296
287 288
287 289
287 291
287 295
287 296
287 297
287 298
287 299
288 290
288 291
288 294
288 297
288 298
288 295
288 299
289 290
289 291
289 292
289 296
290 291
290 293
290 294
290 298
290 299
290 292
291 292
291 294
291 299
292 293
292 294
292 297
292 298
293 297
293 298
293 295
294 295
294 296
295 296
295 297
295 298
295 299
296 297
296 298
296 299
298 299