0 1
1 1
699 0
2 1
698 0
3 1
4 1
696 0
5 1
694 0
7 1
693 0
9 1
690 0
689 0
688 0
13 1
686 0
604 0
221 1
523 0
541 0
559 0
229 1
256 1
106 1
467 0
141 1
368 0
697 0
6 1
695 0
8 1
10 1
692 0
691 0
12 1
14 1
687 0
506 0
41 1
154 1
615 0
322 1
684 0
40 1
279 1
176 1
305 1
350 0
11 1
16 1
183 1
181 1
349 1
597 0
86 1
98 1
410 0
197 1
414 0
411 0
448 0
107 1
646 0
17 1
124 1
659 0
400 0
560 0
79 1
423 0
455 0
527 0
171 1
386 0
15 1
547 0
198 1
111 1
491 0
215 1
49 1
478 0
563 0
213 1
122 1
129 1
366 0
655 0
486 0
480 0
344 1
492 0
18 1
294 1
673 0
379 0
138 1
634 0
278 1
301 1
82 1
500 0
68 1
156 1
19 1
421 0
364 0
425 0
230 1
169 1
284 1
89 1
525 0
78 1
21 1
304 1
683 0
222 1
388 0
413 0
144 1
538 0
572 0
591 0
243 1
335 1
59 1
20 1
22 1
569 0
438 0
623 0
648 0
678 0
23 1
196 1
481 0
632 0
490 0
595 0
370 0
362 0
119 1
417 0
628 0
669 0
629 0
208 1
672 0
564 0
371 0
210 1
618 0
580 0
667 0
505 0
332 1
656 0
334 1
163 1
101 1
487 0
204 1
53 1
177 1
24 1
25 1
519 0
536 0
307 1
263 1
360 0
161 1
132 1
571 0
26 1
43 1
445 0
182 1
33 1
216 1
587 0
406 0
450 0
588 0
178 1
133 1
257 1
446 0
27 1
654 0
354 0
71 1
70 1
253 1
474 0
582 0
28 1
517 0
47 1
269 1
30 1
175 1
52 1
54 1
29 1
188 1
286 1
281 1
576 0
259 1
324 1
143 1
69 1
497 0
346 1
331 1
31 1
457 0
246 1
630 0
510 0
270 1
463 0
619 0
470 0
681 0
32 1
135 1
543 0
352 0
663 0
600 0
207 1
494 0
261 1
647 0
267 1
311 1
603 0
546 0
558 0
321 1
652 0
454 0
65 1
233 1
436 0
348 1
638 0
434 0
272 1
328 1
377 0
39 1
34 1
35 1
58 1
435 0
581 0
63 1
50 1
496 0
405 0
123 1
325 1
64 1
355 0
395 0
674 0
201 1
439 0
465 0
60 1
317 1
452 0
451 0
36 1
37 1
608 0
341 1
248 1
168 1
289 1
38 1
611 0
155 1
75 1
228 1
102 1
211 1
225 1
643 0
108 1
62 1
484 0
622 0
227 1
557 0
318 1
137 1
185 1
534 0
583 0
214 1
180 1
642 0
312 1
315 1
327 1
153 1
651 0
150 1
67 1
120 1
239 1
524 0
100 1
376 0
339 1
42 1
165 1
251 1
493 0
274 1
245 1
126 1
72 1
586 0
477 0
518 0
380 0
252 1
556 0
462 0
554 0
433 0
66 1
337 1
273 1
584 0
192 1
507 0
485 0
44 1
378 0
338 1
45 1
46 1
552 0
320 1
601 0
520 0
114 1
645 0
504 0
649 0
306 1
418 0
637 0
461 0
80 1
296 1
330 1
48 1
392 0
160 1
447 0
498 0
565 0
115 1
277 1
404 0
74 1
347 1
387 0
51 1
473 0
280 1
97 1
420 0
528 0
104 1
313 1
521 0
275 1
607 0
671 0
593 0
596 0
184 1
236 1
677 0
512 0
268 1
375 0
55 1
172 1
424 0
670 0
76 1
658 0
483 0
223 1
372 0
170 1
464 0
231 1
250 1
589 0
57 1
109 1
134 1
186 1
345 1
173 1
118 1
199 1
675 0
495 0
679 0
660 0
258 1
555 0
394 0
219 1
599 0
661 0
532 0
403 0
56 1
61 1
234 1
365 0
212 1
99 1
333 1
685 0
142 1
578 0
570 0
609 0
206 1
127 1
381 0
131 1
94 1
479 0
367 0
291 1
83 1
620 0
237 1
509 0
482 0
426 0
264 1
633 0
460 0
187 1
116 1
91 1
195 1
422 0
93 1
191 1
635 0
113 1
456 0
298 1
666 0
336 1
152 1
553 0
323 1
579 0
249 1
592 0
568 0
664 0
244 1
88 1
444 0
544 0
390 0
125 1
241 1
427 0
300 1
356 0
260 1
613 0
393 0
585 0
567 0
526 0
575 0
190 1
148 1
539 0
627 0
73 1
84 1
442 0
159 1
77 1
499 0
665 0
340 1
90 1
235 1
459 0
437 0
158 1
530 0
631 0
121 1
428 0
577 0
612 0
103 1
471 0
81 1
383 0
200 1
299 1
302 1
194 1
105 1
92 1
676 0
146 1
287 1
217 1
617 0
226 1
266 1
550 0
96 1
363 0
293 1
85 1
87 1
342 1
384 0
529 0
548 0
409 0
458 0
429 0
309 1
254 1
288 1
522 0
573 0
431 0
680 0
501 0
412 0
353 0
385 0
369 0
205 1
407 0
640 0
415 0
440 0
224 1
308 1
540 0
514 0
361 0
398 0
117 1
443 0
476 0
242 1
533 0
95 1
636 0
594 0
343 1
357 0
326 1
271 1
290 1
209 1
130 1
247 1
441 0
255 1
416 0
297 1
359 0
453 0
162 1
358 0
140 1
545 0
598 0
549 0
616 0
389 0
110 1
408 0
650 0
139 1
189 1
112 1
401 0
303 1
468 0
513 0
218 1
373 0
430 0
624 0
511 0
590 0
295 1
149 1
606 0
397 0
561 0
283 1
202 1
682 0
292 1
621 0
128 1
351 0
469 0
641 0
562 0
605 0
503 0
262 1
626 0
644 0
147 1
282 1
136 1
399 0
653 0
508 0
240 1
310 1
179 1
662 0
535 0
145 1
285 1
402 0
625 0
151 1
391 0
542 0
157 1
516 0
668 0
319 1
515 0
566 0
193 1
164 1
610 0
166 1
167 1
537 0
449 0
396 0
488 0
174 1
472 0
232 1
220 1
432 0
639 0
466 0
531 0
316 1
551 0
203 1
657 0
314 1
238 1
475 0
574 0
614 0
502 0
265 1
382 0
602 0
374 0
419 0
276 1
329 1
489 0