0 0.11426201905546063 0.021192700377123685 0.0349802260186341 0.034237832622111795 0.1178842641951281 0.08033954871118124 0.09583563928275284 0.09132319903036937 0.01707102684883073 0.10083529936627661 0.032449174178190716 0.018337049265477762 0.0003464994846452023 0.02684282442554306 0.028636211766083063 0.05461716928096859 0.06006075665664067 0.025978194776895173 0.022167821647049255 0.02260254301063754
1 0.06971422806163377 0.08846377084277669 0.08357500910590344 0.010450648756775526 0.05096792458915097 0.06805280921426525 0.05521153968649542 0.040618635616464074 0.08981650980962794 0.03694038633459268 0.04591639549554868 0.0653333968891719 0.018534269844067225 0.041405543855339975 0.02307437909332191 0.029188324653471598 0.0832233461266942 0.012011609126598101 0.0016393581016512304 0.08586191479644933
2 0.05147128924466058 0.047309391852909416 0.07675130669629042 0.04950457199998778 0.002207142730776661 0.002887968425755961 0.04299576827706847 0.06796512114181281 0.06933301468978788 0.06653049493105816 0.06344505133250514 0.054313852357039685 0.04775286366849956 0.014092130706950624 0.07082351380139343 0.05055899458485337 0.08507090588927119 0.03809046773178702 0.07681412206291419 0.022082027874677623
3 0.07104849224262445 0.06405397808664767 0.03973614268488202 0.058351716307986516 0.051448730703500416 0.045834159871791125 0.0441523243030866 0.07484071747843662 0.07066105491274205 0.059000001943569136 0.048372115708415896 0.022547605809883443 0.047778269909206035 0.07543015928013938 0.009923073123943901 0.049243954810689584 0.004927976498941972 0.07365711797101814 0.07184115316414867 0.017151255188346207
4 0.08663251208262972 0.09383229230829064 0.03843392579273651 0.046396574865313255 0.11331157746642975 0.00447826655994652 0.0031375351505566603 0.018219484200364025 0.08228585914030401 0.005299651283111624 0.003263233064136259 0.08305963176104078 0.008815860014901788 0.026508092422348754 0.10001451904637097 0.0796123397433229 0.08628319290011821 0.01794027827255043 0.07208049832737772 0.03039467559814955
5 0.07738218989429516 0.07812120523477895 0.053210145801819306 0.024844433988438178 0.08559094809635112 0.0014200866130829569 0.039809438984250996 0.026042281397100867 0.06967321055867348 0.061120413126346425 0.07006220569039978 0.016939876170747378 0.023335814211779722 0.026851112042604663 0.10066443466747325 0.08296543087358298 0.027931764076301886 0.05875340934418258 0.015196360411932508 0.06008523881585796
6 0.039252165426720005 0.07431084279021423 0.03645114338383398 0.08630219703646502 0.06328818496432798 0.06245803633102757 0.07749678838574514 0.03197684876295576 0.010480733634952067 0.012599747843805216 0.07481002189314342 0.006797684007300488 0.03950319754025423 0.03657869591734178 0.052832870746343935 0.0793416732548207 0.076338022210237 0.02416534935252409 0.04049804266189545 0.07451775385609204
7 0.0726230510881634 0.08382065640388162 0.06625971404135651 0.08337052541937147 0.0017984366996708994 0.07786078298636467 0.05825701208462849 0.019122828305549542 0.04904804727945436 0.03517895726157964 0.085713447145059 0.04132272164135509 0.011656135648612726 0.005653373897643328 0.04846605997653549 0.08137660587414476 0.0727353818295392 0.02246920435449586 0.05618060417727447 0.0270864538853193
8 0.0898552964413132 0.023312382494276515 0.008691000695870608 0.09430879962490091 0.05874621252097988 0.006957516646575278 0.0005412133945205092 0.10517109395789524 0.04711522629027575 0.07107280307884639 0.022642984963425483 0.06282813168532592 0.05771661553563645 0.03630605641247064 0.1185488166940076 0.0763123104815959 0.029758553918707086 0.06645905820435621 0.006183840945314363 0.017472086013706183
9 0.038107558311460094 0.09989287112997643 0.039848253239496124 0.05965874704161482 0.005776045615421762 0.09427752281606232 0.02098430208335494 0.08532419023021662 0.011113832747079342 0.03692741357663455 0.07832403069037759 0.07951695564267336 0.08068849023229899 0.017987881729324497 0.05644583924400604 0.049297215261672064 0.025194481036441597 0.02976239501793149 0.018851802003172848 0.07202017235078446
10 0.04619864630097455 0.0015972682130572446 0.055646777347191485 0.07048746772018559 0.04937836943731784 0.0608280184224506 0.08007796710027631 0.04217909168902388 0.05711945886264709 0.02189449726537137 0.022247966757909104 0.06552517829295128 0.020904438810685464 0.0415804203449144 0.07178335609159982 0.053520160269037956 0.07095681602733708 0.07473120472356547 0.05535577366181462 0.03798712266168895
11 0.08795746123663788 0.08949459014761549 0.04571913973449454 0.0703758911685825 0.005119726825166913 0.018425666526063058 0.010008812719808696 0.007090469017921429 0.09292774408034306 0.06666907030908356 0.04800398202722481 0.045480762920836325 0.08587165298712938 0.03680983843396864 0.03910172315799172 0.07021600082829735 0.012023346044841895 0.04094381728640842 0.057854496589507635 0.06990580795807674
12 0.07644626152169909 0.007580373866926178 0.07095329875486553 0.037308964538882154 0.014636906173126796 0.03812715058441849 0.03352054746786926 0.0846720870122827 0.06940123406362476 0.06498849320295812 0.038463802636638365 0.08311592859056438 0.017632412440250895 0.0017905149336379326 0.08708855062443778 0.04419668425616237 0.00042849070385679746 0.09709760608366295 0.05657398746282453 0.07597670508131098
13 0.07986174678483048 0.0055591905873195995 0.018818269546249124 0.08833854546326746 0.03263043361854627 0.07429853468003791 0.019860585806478915 0.030286793285573748 0.10244464208911656 0.08712739223955834 0.04739082101021597 0.07198981630396116 0.10971769464356099 0.03377260924055304 0.06710356861728244 0.034980918368220315 0.015317899411877903 0.0063393540810989 0.036025641124060606 0.03813554309819013
14 0.06783078845872448 0.03851417175066998 0.02707375095085088 0.06853115056623327 0.034094939917313834 0.07651598093448984 0.07352122865387503 0.0007444517607556706 0.05663954986513609 0.07488652572047894 0.07181929076938454 0.005929476287296146 0.03122088134575331 0.011078240773028176 0.0801251853761189 0.03054278360325087 0.07864529674849743 0.07138607122759404 0.02140455711891441 0.07949567817163422
15 0.00036972847086609925 0.09640744065556718 0.023049553552215222 0.048299016660328264 0.04078373572992386 0.05482266012003907 0.029337591239197654 0.09545428235586675 0.024878788167403753 0.04179045762203316 0.08308147113907965 0.07054523739620472 0.0489977521983054 0.016451236242093478 0.016299623090040936 0.05691298181679333 0.04976038853857158 0.07156112585715661 0.07130423300079212 0.05989269614752122
16 0.06467620123171566 0.09522562151593533 0.004291718541906323 0.0014285019613302671 0.08632470129239384 0.07358758707025159 0.03637450803693027 0.007325133895225104 0.039994894561630745 0.05246035091380808 0.027469277306971965 0.01299498765754428 0.061827119419396365 0.04145669806846037 0.0019646084903547347 0.08762409348769731 0.052065939997939646 0.06926438957007641 0.08921708313455086 0.0944265838458811
17 0.008762968055899762 0.08821030967203368 0.03847520392433675 0.04396845732057374 0.021760013446271848 0.03759351071535589 0.005848933377173983 0.07806647831524058 0.11503140381371764 0.12147113241817392 0.0030591932826479914 0.01358173570602745 0.06565592444735936 0.0886141161138646 0.046608050577269994 0.03745659342642549 0.0228502813843576 0.09291781726167524 0.026764022605297744 0.043303854136296775
18 0.002952650847978874 0.10765590707850657 0.044806574714224306 0.06500250335516124 0.03144173419566351 0.10760885989807707 0.018902801411439945 0.025893408186200412 0.13047329260406723 0.08102404550330765 0.04169678170380616 0.010258424952078262 0.07065894989761479 0.01586516256966214 0.0007832694409296659 0.05573861894700984 0.06312147658572802 0.05300830637572034 0.016375814936045757 0.05673141679677843
19 0.01640901323373897 0.08569771398650394 0.08475886892663524 0.06363114552823693 0.029466591826959487 0.07154869208619329 0.06078591748764763 0.06118499011251768 0.007105029986283403 0.014520445508203752 0.016327270444006052 0.007107817367677671 0.07010767405134002 0.06313281608181544 0.062497642327413734 0.07244108731676853 0.07872242553539074 0.05195890753768338 0.08214515719004481 0.0004507934649393162
20 0.041902840047972185 0.09402064535492423 0.003957202169496044 0.012315333924276722 0.08430498880176081 0.0734060265009118 0.0777283190639815 0.011479563104091952 0.045421279596936405 0.07104732149650532 0.009902467154025388 0.06633557684902827 0.058367942250212655 0.07372441172134257 0.007699083840411954 0.060848773846333665 0.0004438043336498209 0.024789141974105044 0.09372749859053041 0.08857777937950315
21 0.02995127600815921 0.08163179187481312 0.06780148105662452 0.08351263910533027 0.030849323961995516 0.02495478638853425 0.008895705690138239 0.051109193634048825 0.06298158272413251 0.012949372119227184 0.08881421559333065 0.07408541596616308 0.006568726797666333 0.059473860802124266 0.08120207765914601 0.034308784547290624 0.0412364083992817 0.06924528347672416 0.07601134243014254 0.01441673176512704
22 0.03152931679604469 0.06420500288227232 0.025150778654042173 0.09866212578006883 0.048901578416365964 0.09706159209502965 0.09282843390463394 0.06058436494984511 0.06504511291087335 0.08259619965367554 0.032429504776436885 0.008501319980708601 0.05589762259982386 0.010699149611932081 0.003427427092579656 0.0892124329562609 0.04676850535921923 0.024881689237568068 0.03116566290180006 0.030452179440819155
23 0.005400873156476464 0.0661965010496528 0.08164890628039108 0.09086646449861978 0.008787701311128427 0.017887834756093627 0.07043275708919024 0.05589989452256217 0.07828149495401507 0.011924909306252153 0.10556650391038286 0.0017054717257963504 0.022706792168238493 0.10547422409557643 0.02483036075341229 0.007299197091681978 0.01600411209684329 0.08369178720906002 0.0705460210060183 0.07484819301860841
24 0.004986259849922604 0.0777810085902965 0.003082442136949885 0.06391299934298139 0.11083934054470475 0.11066385168739565 0.09980985700733404 0.007217664898192964 0.03185898858834149 0.035432443884211955 0.0391772853699775 0.09755291793735461 0.07154989781389513 0.09655764411462346 0.00101247788118672 0.039268921383658124 0.006695525674462409 0.01876163322328868 0.006505079334267711 0.07733376073695433
25 0.09643664612199257 0.03518123611331361 0.0012295841407409824 0.07761649931108516 0.0978576247942329 0.096043513939449 0.04031639902475088 0.02252181998512689 0.08556282352475414 0.02044693006941342 0.06667230296677298 0.09246969594409893 0.020789558302676907 0.03994566289015069 0.03472327182684143 0.019688741867872596 0.018295589199200647 0.07356142801989722 0.028156559355150525 0.03248411260247846
26 0.0207955783473207 0.04272988694645796 0.008451529875441885 0.04123439375602449 0.10297515530826312 0.034881741025519726 0.09311859907020024 0.043759126349954186 0.0380005934440678 0.07723278608172195 0.09879419592795047 0.07282218893680761 0.02562057217581619 0.08262459326507458 0.009664461185942717 0.0382090136249862 0.04811336705271072 0.028297277001856743 0.03342892525467776 0.05924601536920486
27 0.030355765199001895 0.0017650777667370429 0.007532422135533415 0.010973418501224788 0.0017150855588075695 0.09970230730322234 0.07420782735887255 0.052963652250638905 0.07287591596366334 0.10263473638921118 0.10406178841068671 0.08949433034091182 0.08441828135682715 0.09191497227344775 0.018072477521091975 0.024376096856059945 0.0769525510538175 0.016372803473544112 0.02220232079490759 0.01740816949179251
28 0.004144868570075216 0.0725265574696646 0.017946834470840865 0.05720516874199732 0.001290432792103753 0.06199333508037705 0.03679403434344383 0.08774552054035213 0.07290481682540309 0.08199674319873992 0.03850955233896786 0.021498987069140166 0.044816459072943855 0.04559093120484473 0.0640706573557142 0.021754045223599448 0.051205978685953564 0.0690696324186236 0.06757618982953699 0.08135925476767768
29 0.09512045217845691 0.07100910625816048 0.09118101182018004 0.064336604228691 0.01796420552607856 0.05167416191085663 0.007191425251799532 0.020770055756044493 0.046743497445894316 0.06396221934579276 0.019843812079579026 0.01082792185631225 0.08515068104398077 0.079703028745898 0.05380212285282849 0.07963245617563948 0.03156698937400468 0.08677950637850934 0.010322216542019778 0.012418525229273385
30 0.017690799583790252 0.07516863518368504 0.07686891175095642 0.041886584397652714 0.006555713602982976 0.07216582923046394 0.05933376104454286 0.01710601363830978 0.062152560062177196 0.058299308823647256 0.07532868339351495 0.054236403232978035 0.07850136688136082 0.04672756161244615 0.022623426075238998 0.04249103544012768 0.07895860313123869 0.024578970677923948 0.04730170403628897 0.04202412820067333
31 0.061615328790688206 0.0684692324678958 0.05532016688982982 0.06502241575243421 0.008186912430482836 0.08767976045954247 0.03408894270105285 0.029187531682789248 0.022090093778499298 0.08876363348799345 0.056048288352843874 0.0862268222958528 0.04677890383736259 0.015412434487901212 0.0815109464720142 0.08436420183193548 0.0003622195747137548 0.014534336986305754 0.0781189075660393 0.01621892015382291
32 0.02800201541051312 0.04538906696740309 0.046845646751370644 0.06154051896809676 0.029084838443060194 0.04945587670410978 0.00928927713464577 0.09244874336922675 0.025485937549658846 0.05347963758574461 0.03418772607729632 0.032005752418477196 0.001866036520996406 0.10014350260922117 0.06313487046723444 0.0315284930559477 0.08551377330406879 0.03535917372665954 0.1013894234416894 0.07384968949457976
33 0.05920013605669463 0.023652904498921976 0.04025188603083965 0.0031466748342274947 0.09016537402904465 0.05935910219244581 0.06853445209273235 0.07314688223649547 0.06625482282251163 0.0812987674671245 0.002971521060079619 0.06395505259728085 0.05564539955962229 0.08518993708661309 0.006327973262560454 0.036211000718184456 0.007258542936287227 0.08342351209282674 0.029530630380832805 0.06447542804467414
34 0.05519026307994574 0.07875766067126205 0.00971392048226047 0.022576095714644362 0.034749434101899734 0.03966638675043993 0.00045528622628764623 0.03545445460682041 0.029956503186660297 0.03411242140962475 0.008578692045865215 0.014834085022554119 0.07707335751207138 0.0872048172140487 0.09300348251528616 0.08674203972323828 0.08115440174937506 0.0920764506617567 0.03989231880368838 0.07880792852227068
35 0.09823674572678161 0.01958186765568361 0.06637957715143704 0.005357990257022517 0.06599052399028532 0.09993642328017051 0.0150386146126994 0.06984551220502 0.00207028370050059 0.09253418463748139 0.007477667613781509 0.05172496149302429 0.005812760184549475 0.0464803976341291 0.09424377376159383 0.024737701676542597 0.04341550084390216 0.020920038592139895 0.0888403381705968 0.08137513681265841
36 0.020185596607750097 0.0960710746411172 0.07838460728386792 0.030105150984146928 0.060337179072533935 0.047612868328706995 0.006884495846596695 0.04991580802446518 0.04713579037473942 0.06641601888450782 0.010711899578753192 0.06583036236929966 0.06470981862525987 0.07417548663920694 0.05868115256715556 0.059622875116995724 0.025679883230441392 0.04209488861612627 0.05754515583519127 0.037899887373137986
37 0.0949572522568307 0.05331556143253413 0.03697291731502408 0.029210791201084996 0.02033367640691461 0.07270412360705143 0.008080894424183093 0.003854407269293588 0.062162590434113256 0.07094529570321291 0.07743384970664066 0.0026529180917738756 0.03608412530170046 0.04934919041452694 0.024878499527024825 0.040185381362198125 0.08252385588886951 0.08685718705794873 0.07390237243176481 0.07359511016730921
38 0.02246808326241629 0.019934511782854873 0.05744727083232632 0.008258216103049179 0.0885619487922128 0.0014169860221913508 0.024246585454260353 0.009225898601991779 0.06378355038886352 0.038486556561389204 0.050215168125626694 0.10315614216746875 0.022353140186910342 0.08431413336268195 0.027190638876021796 0.10142407066409413 0.049729653405662044 0.04247689854884861 0.09769523671769956 0.0876153101434305
39 0.06391359906112062 0.02522177138023453 0.05642375524457311 0.06576165247459198 0.07887046626975831 0.05996114184045907 0.030030352799000144 0.051894488657796736 0.04740850128825554 0.06457650699561497 0.03822771164541198 0.027544901884003613 0.053014236002123925 0.08062862275828545 0.006229180063604288 0.03698146969150978 0.07062299542169972 0.03908892937309707 0.0532529651218119 0.05034675202704731
40 0.05344260533613069 0.03299451094965786 0.035664146857945056 0.05441807645963322 0.06044846884142516 0.03301904753048954 0.04338349366610645 0.052698320518966536 0.041719993966155215 0.02943921754219416 0.07823247435702076 0.04573560367229942 0.05444676328144269 0.07092383761418625 0.05850634955012116 0.06909861241141027 0.062483310000973985 0.0005273370964335753 0.04769773362779503 0.07512009671961294
41 0.012272673777861082 0.00017969362157776338 0.019840210745319033 0.07956284393021643 0.01577797065348201 0.05604547668852904 0.07456809982653957 0.008799847206071394 0.09028243358949382 0.08649848528753652 0.08171591304307976 0.04268393907239087 0.004721206818947591 0.03311615680648454 0.07472256724767883 0.10182588547346133 0.05240570618063755 0.10212003723863244 0.023086318964410515 0.03977453382764976
42 0.0563715958514241 0.04172306787747915 0.04050728586291093 0.011773453875244583 0.09680428621752274 0.04726334731973529 0.08387341789788484 0.03850654177841229 0.08531278099747167 0.08048546048593604 0.09452132367407604 0.005416373916214113 0.06348058728497376 0.014957104579905083 0.007781913186796301 0.05044750359881647 0.06156310513044724 0.009584850728100454 0.07339012920394894 0.03623587053270003
43 0.00530584983050833 0.08725723103841318 0.06451324033559128 0.0773380477832112 0.0579073393037507 0.033738549693467255 0.05914329799735403 0.08889977565001919 0.007673731625438612 0.0630471874139971 0.035801920809677625 0.09108237015627754 0.007494361202625015 0.07891311029411854 0.03788325375187228 0.004738339294149453 0.045767931197913475 0.05003659978117907 0.06660248551600045 0.03685537732443572
44 0.08449479870193596 0.03405195026477315 0.06379094903571367 0.021987226103652918 0.06608178328306036 0.034382346180863374 0.008464859712407674 0.022153457622134474 0.060269394540436665 0.060209616657730045 0.008704159080588332 0.03588560246720031 0.10337734568161479 0.07571814843785378 0.0532564434765354 0.06566717285413291 0.021021508776800316 0.10551670933184067 0.03130425740390375 0.04366227038682143
45 0.03611268450668291 1.6309514692499496e-05 0.021181641588224987 0.053353235739227865 0.04963751992746105 0.05619387735706211 0.059369162763512076 0.04547872587920988 0.07253494762724673 0.05490752418903807 0.020201769330854484 0.047960043006737646 0.07029200867254744 0.07045072566980912 0.07870055662199398 0.06315438594687463 0.05872595154657105 0.03673552076344733 0.04875426401030732 0.05623914533849894
46 0.08407761478584111 0.07741133774677164 0.05049528485082603 0.08567416995720938 0.0873297156628903 0.08793526378928108 0.058998601250755615 0.08273936842025104 0.0178921203023124 0.029518195581729235 0.013150320327442276 0.08957420481850417 0.03835292855006145 0.01751467316456675 0.030277664645949557 0.07208009641115624 0.003314617767617158 0.0009264132522254397 0.051161774097947484 0.021575634616661524
47 0.08058077035113566 0.046033686605043325 0.04376680655736234 0.04227713420738639 0.0005720465998358294 0.008810769888965798 0.07260934154260114 0.10841382445009833 0.0800436585350598 0.007940305159886666 0.10120410421873864 0.009440445463524393 0.040713456444566955 0.0924550977063616 0.007236602140177645 0.03383109983278777 0.09686113430840032 0.0683379665431692 0.047105645989672755 0.011766103455225527
48 0.0032924390862776676 0.013648307449702376 0.12081969964729412 0.03830692989766388 0.04995274259278276 0.021878435489823392 0.005963694295801518 0.09660256605910375 0.023747438336423305 0.013627726855258565 0.07369492686111385 0.03858894723141781 0.06346561221188665 0.030798906869771603 0.04575902077949039 0.11666093918653746 0.06895888360041882 0.03283078473190656 0.028851347847973455 0.11255065096935205
49 0.08841253120910766 0.0508138080261368 0.08412780023404438 0.022242017643132266 0.08375352515054868 0.01926147032331064 0.06718255137395913 0.022421015343489423 0.07603377423992266 0.042909407871762055 0.03261627715651152 0.07507866667658104 0.011246313386361036 0.0876999824688457 0.05547705165913133 0.04319256441351308 0.014513480546708162 0.03396582717757464 0.019731884244608734 0.06932005085475124
50 0.01680541475059384 0.06022995600608287 0.04110018728075574 0.017416128580340168 0.056722842664548245 0.009166914721286579 0.06923205590898722 0.10078283083151174 0.05096917537599391 0.0022289832718779606 0.06754324389597288 0.014088601004568739 0.013602841296222553 0.03280988724262634 0.09923135069093635 0.08861521912184203 0.10651233155357974 0.025036866804037747 0.05737104350195367 0.07053412549628184
51 0.08465109609632147 0.10297725899048049 0.10666222402261685 0.04686378633978207 0.05458332119230639 0.017390367568081492 0.029071428610156106 0.11255595998582257 0.042908732052403385 0.0019198728414969517 0.055938779221131676 0.02322572954339814 0.008554384809323681 0.09077145112325152 0.05619197993736176 0.008159478169955837 0.006954787364524519 0.06293370692146537 0.04056439591188188 0.04712125929823778
52 0.08943461797943365 0.07513570017581642 0.013299679475265221 0.09999477709915101 0.07820338706585139 0.06012945639977525 0.0189216280708033 0.0911130800995429 0.03292641792295969 0.008467032269733287 0.027946741526877043 0.06682937823271705 0.06413104240576187 0.003687977827970538 0.024349670940554024 0.05840210826498343 0.05723601612044343 0.03509434398177756 0.050374780256060715 0.04432216388452207
53 0.08879791713445837 0.041039251493630295 0.0463092304478781 0.019602334923836177 0.06049587045834513 0.055892688988386924 0.015554841373840216 0.039356754559888456 0.08371471175955492 0.028140206364227455 0.05326750801573789 0.027580437050797275 0.09158279167879807 0.09037399334912982 0.01892175726130075 0.008504839015707392 0.07575427893228148 0.04356884137564705 0.02953159389951915 0.08201015191703506
54 0.07361456565728865 0.04284317473281418 0.07011823536043302 0.020905494414997002 0.07788696375240993 0.07677043143131533 0.07970799819682166 0.052463115962455516 0.05283032063695161 0.016438696709000934 0.03186572254912798 0.0131461067504275 0.06816658432261788 0.05854456705144557 0.09673421708582478 0.06434178244321724 0.002115437874476828 0.02884883936186036 0.02972268213361784 0.042935063572896094
55 0.02529015132590719 0.06638164311053717 0.008475915627441438 0.054388674961205925 0.06966679137789471 0.023724931985635193 0.009219954804700642 0.08350924336815548 0.08587525551627447 0.09970896370736888 0.07856385070777569 0.010580869920686187 0.048605640263204956 0.08093834209825021 0.02329522330612297 0.06303225509512655 0.043626548366337926 0.011368891173875278 0.05414391966868855 0.05960293361481071
56 0.039092157200548934 0.06651024746726916 0.0043761117389529 0.07401538661962402 0.054355890515153486 0.0074106729492214645 0.08843310947183511 0.002552076298561737 0.02399152765873632 0.009682281300803878 0.0855204565537793 0.06252048465439518 0.04241739827363252 0.05109050671848405 0.0692219921811677 0.07877641362137543 0.0762551412881597 0.06705815604211202 0.03987104305731954 0.05684894638886757
57 0.0827057167082844 0.006516113970240581 0.0325709157748364 0.022083628216556093 0.006562790236118432 0.023085366264585083 0.06988032992495309 0.037788922416372765 0.08455870168926574 0.09620989872116358 0.017168944176463443 0.0955969814188699 0.07732753880935257 0.06240403755255278 0.024660272492612236 0.0376381184719235 0.01004836237571086 0.08643371666240354 0.10285665361449015 0.023902990503244865
58 0.08591791772274894 0.0670053865520374 0.07069378814774273 0.06154641927511217 0.08194488016752309 0.04534751431689815 0.062022324918450555 0.08437273273813657 0.0307210749869045 0.04400914748370265 0.04611501131550575 0.05908783797522305 0.07740237840375998 0.017131971410644275 0.013230227329175136 0.034406587510557494 0.061393106879725365 0.01622461356556475 0.028648432121092547 0.012778647179494925
59 0.007968898568834983 0.0936445290270978 0.059552864325785895 0.005946229553435663 0.04244502962064118 0.004396176719898918 0.10839332743540965 0.01628106560997116 0.006847251665484189 0.08534149929735613 0.04872371140371798 0.07059963201185558 0.010890408272380242 0.05239745818541218 0.03891303989345856 0.004913173838082892 0.03694992281325418 0.09476147639765897 0.09230331728236091 0.11873098807790289
60 0.061319533327175914 0.015447255676087622 0.06491952954991251 0.0037843786920699844 0.012318332919176167 0.04171426303636755 0.11369788604988386 0.0440026578059633 0.03052924424633195 0.04668428502320553 0.09819159134314225 0.07964675976821065 0.03394252570007877 0.08015270858428912 0.07130636599769094 0.0055105147306932925 0.04430267671584249 0.0454481073187336 0.012846744511811677 0.094234639003333
61 0.021932918455226765 0.03903297125655372 0.02862796450244248 0.021624366159614383 0.02221268618129988 0.0017526026620016289 0.08838702472597348 0.0643625834209781 0.017399709039798365 0.05298481998776971 0.026817740916582594 0.06935370799310517 0.06271713937136456 0.07525959784571043 0.04000664423687034 0.08818592833368873 0.039476621034148805 0.09462995772469314 0.04983746340056728 0.09539755275161027
62 0.07552997435494999 0.041395574999923586 0.02903665520895172 0.056092420031975725 0.009468219445750877 0.07214834664215009 0.06021607592949464 0.008667817989796631 0.07274458718187071 0.04451287811699185 0.08727342511634759 0.049740953976532234 0.08271327710347182 0.03905172241552828 0.06145030811133796 0.01930334622648734 0.010777917682594926 0.05971711259733027 0.08648142235607195 0.0336779645124418
63 0.08397273557987539 0.057286694175748644 0.041648247563823654 0.0758363648627714 0.08685319048220447 0.08380375314725783 0.0384855538992908 0.013525047924428778 0.03486792247811012 0.04565485339930085 0.08084992039120371 0.06272390331012058 0.02338435036403723 0.053337434114521645 0.06947603202431259 0.033607186293134375 0.012873885531668149 0.050990037867359894 0.04947604003106903 0.0013468465597606533
64 0.025958600340329246 0.044848458864755414 0.092648734434804 0.040037193490213195 0.06435368935962196 0.04603567135043738 0.06827657526941046 0.0771336078586503 0.09119723034289222 0.029364561059864513 0.03447128611302024 0.0045404588212718585 0.005076813593798234 0.02446602319224568 0.039292353059042565 0.020777463927112445 0.08879087033561008 0.030804028305878087 0.07503688776613135 0.09688949251491075
65 0.08665589880730315 0.025723410682374402 0.08900178119857945 0.03535836769572497 0.02493013931527808 0.042133016881156386 0.04832986688633274 0.014637559227741109 0.013180234274241587 0.04853380920920582 0.08902971736362716 0.07655866011688152 0.016695827300230708 0.03484452575580754 0.05580684454242903 0.05756942395953081 0.07959158151098256 0.06337861929584342 0.03312204733313361 0.06491866864359591
66 0.08141197470193207 0.09689099536342892 0.014293956713616593 0.011555365938669574 0.03650016796536054 0.005356021460441912 0.058154856127686214 0.009045882344169287 0.08519813844273658 0.08904452602703657 0.07967669007103496 0.06675616594651264 0.017597062371710978 0.08269764209937906 0.04012745995262621 0.0023232177145689798 0.03740818886927582 0.040593758598390685 0.10639448536694461 0.038973443924477665
67 0.06898652278584952 0.05414870882224845 0.006339546404724109 0.02115288423098607 0.048455210607697446 0.09769738744726757 0.0792230646292998 0.020774733453983604 0.06467107549993066 0.08982496668870192 0.04478506482831839 0.07138657894109605 0.0019778097842542337 0.03520141198549832 0.04559837622185 0.016963988144368333 0.05240804790567578 0.03730753305096265 0.08518972152608364 0.05790736704120334
68 0.10341132932452456 0.01855847435115894 0.07304516406948613 0.02103325378027351 0.006222458200832855 0.12047992984254495 0.024996620345026227 0.04865039355244439 0.010390615266058957 0.0189744637431134 0.10225203204588898 0.07619500987126446 0.037172671438528156 0.08739783030748585 0.027178199337454623 0.008258571937551789 0.06543685747680379 0.04971666478097445 0.038155852730277266 0.06247360759830679
69 0.020049734071439142 0.07567253611718762 0.0036469680771093285 0.0698727748766876 0.03835590061937874 0.0710528624234769 0.06609951193268504 0.07565454410175006 0.023306824798775442 0.04537615140928777 0.046621011821367485 0.02912311012732979 0.054355535513820046 0.05659938675055675 0.037128227723711764 0.039891958626934856 0.031191363600770183 0.06382263710839169 0.07275951773185055 0.07941944256748942
70 0.0051657440054161275 0.06851424776250134 0.030450219709531042 0.03981955131642558 0.07306787055313507 0.0506328328878898 0.054293191279533956 0.07002663425947157 0.080566786849939 0.05852048778036742 0.07378617739008528 0.08390430615471833 0.02844496383850255 0.05359790630866594 0.01552515247519054 0.07632062717214753 0.006169784718130089 0.06443418500792285 0.0445844223703568 0.022174908160069163
71 0.02995098521981719 0.050209788885409924 0.060157560773379325 0.001797388457918137 0.05321405977633711 0.083616718467894 0.00607854208928018 0.06265411264741955 0.05935207820663578 0.08101721392420433 0.07951331234272861 0.013877563968401231 0.07818485491311652 0.028193090652005134 0.044813313461177944 0.0724814176735253 0.04770062895547253 0.0793427747063486 0.0466682163316844 0.02117637854724428
72 0.08370174013884579 0.04008889239862673 0.017494606534172504 0.058037243820052965 0.07470618618340732 0.05758723656221634 0.08733095824760523 0.07751366370429556 0.07584471263520186 0.07929086691092009 0.06344078563716085 0.0029573084647685913 0.06465623126357986 0.002434064553713397 0.011100961754118687 0.08140195833742388 0.009741893993463436 0.061456878261425985 0.049510543941741154 0.0017032666572597407
73 0.007051697225274324 0.041153403042522 0.099098777567246 0.051186901524981704 0.0935910725444722 0.012680455532977922 0.023177753348055177 0.014881922637889311 0.04615173597462801 0.08289609755550159 0.041677879754882505 0.023846215580658754 0.03313532682254012 0.10061291425907594 0.07271565658904859 0.09665085839323807 0.029160858483469977 0.022674989276798604 0.0876868355981081 0.019968648288631097
74 0.0008971420256067434 0.039793938512694894 0.001584324636003005 0.06804056283047512 0.03322518712037815 0.039003402639766614 0.007538967302475283 0.08256074439659651 0.008333855053563159 0.07070726915911127 0.07189318614503765 0.0514692295903775 0.03751373612207882 0.06282203992203461 0.07983861895224784 0.05819331217762666 0.07530970866233065 0.07428473331806577 0.07101545183965284 0.06597458959387698
75 0.06963763249670754 0.10781600173059905 0.08703504261169322 0.007505198035203232 0.004501216661755788 0.04443845044294494 0.04537829004997453 0.10655405388850044 0.04537800327682417 0.0246371350957831 0.03697792377347408 0.05390968622727069 0.08726076326719281 0.021102273218720744 0.04798733588612032 0.06336627289125622 0.09278749426742806 0.03348676374515656 0.01317586457141471 0.007064597861979784
76 0.030878557314258474 0.08189244217710441 0.016166828863629218 0.09048122013352555 0.069894886130876 0.011276355088701949 0.07160417102387603 0.020519194118532414 0.009428562590238766 0.06255269213052475 0.059587863035191084 0.08384498064782771 0.0292291454643224 0.003548621591690433 0.04465975899235518 0.09309944999496068 0.07863601414091113 0.019003287609883117 0.060037889819817 0.06365807913177371
77 0.0005963911195129826 0.014320172369844184 0.0684187824647992 0.04239434598553956 0.08177903463446715 0.04798846554664184 0.023649626193370826 0.039064470490630936 0.027969335426532696 0.06658503872758835 0.040385969787547916 0.0573246369646485 0.03419653765560348 0.05292434278211993 0.0649703537121512 0.0614836008575739 0.051553539021334686 0.0704456051247592 0.07838989866726795 0.0755598524680653
78 0.08469393307039493 0.08011396024128371 0.07229911706547465 0.03444970343339776 0.026685185582830204 0.06800507173278374 0.0915445545919041 0.027968720110296587 0.07628765319530888 0.01769221031980259 0.09827454501994153 0.07218327909734544 0.031212817621100345 0.0016782586873962987 0.057870412735334 0.06811115035916315 0.015173671423190564 0.016213540947056924 0.03170306022478347 0.02783915454121103
79 0.004969189047525798 0.09207413726169741 0.09468627361208318 0.0460157961630727 0.10152206770909013 0.08942992018535884 0.03342485413163066 0.013645481734822067 0.08038889290232201 0.006338694629495111 0.031667179342424655 0.02321940946734416 0.10014468850872708 0.060008494430507854 0.050019896662175406 0.004066077367665474 0.01741392999069439 0.0453047546249014 0.0758551014246033 0.029805160803858137
80 0.056517738929958 0.08683966091949052 0.04815925048699972 0.08224172345216929 0.005732965785729321 0.016379745715267294 0.01713502983484539 0.007618096952143943 0.09217465843175307 0.0848606687578913 0.005684200124194969 0.030706317019581434 0.07726006780768302 0.051699645919612645 0.08316237476443053 0.09951844797672177 0.06263163379602524 0.027416253578872025 0.00901792124916575 0.05524359849746479
81 0.03765804673734908 0.07425103720599176 0.10029570841373678 0.042044473610576664 0.022853327761957042 0.027862301011221374 0.09439294748302848 0.0413525896810636 0.0324317237288455 0.09493102524076807 0.05502155037875771 0.0634740606653254 0.016193125784469027 0.0996826521526755 0.03513551159496456 0.009624962904570971 0.09411173742611127 0.006049428704782496 0.052016773485392666 0.0006170160284117814
82 0.015176601929433953 0.030780463372401534 0.010991805911464056 0.035814399332170566 0.07169356996324022 0.09380865359229827 0.057738017962256416 0.08905056359126963 0.016112049217530264 0.07734512702613357 0.06305400174836617 0.08819328926615315 0.06953150200688063 0.053408343178834417 0.014219955404075267 0.08603708026322665 0.0020155537378431197 0.08540621125852509 0.0061214900386254816 0.03350132119927151
83 0.07675253223508346 0.04288149545343233 0.03026799529987647 0.07629673515853883 0.054102695198040826 0.0015366854079063906 0.1322446715696884 0.09456551089954068 0.014298743579399475 0.09507931415615414 0.022532190970706426 0.09768817447051553 0.03036603653073485 0.013503056417730731 0.05148306551840799 0.009914431343799253 0.007305622284405694 0.1237391813166811 0.006452976047836094 0.018988886141521444
84 0.011764813106591906 0.026815722522339273 0.09364549053076596 0.08781957543996764 0.0636726283554291 0.008548605929941175 0.030836008487908174 0.0574659651073458 0.07605441202621369 0.007735147160859062 0.0855995954884575 0.038246404866243464 0.0532292962520078 0.09334078399300422 0.040210925951942804 0.039289333480597585 0.0031934191074630205 0.0690839956859596 0.06810166789134423 0.04534620861561817
85 0.0974324090721605 0.06203021551391169 0.028788312917145547 0.022694164055935696 0.061128773844925155 0.0004073828036568668 0.057231216112400105 0.08391748709457479 0.020508110131266605 0.01883149148333828 0.020490219400708436 0.02033807681683033 0.07917869110547102 0.024875833246547057 0.03167368249349717 0.05634625658382577 0.08821440809605455 0.10998227193096007 0.04748484019246865 0.0684461571043216
86 0.06179302543956448 0.020393320285204408 0.0065183087805493695 0.08217226604651619 0.04530056375981889 0.03865883450669778 0.0011587116740452033 0.08038419389692328 0.04003518240208796 0.039372078123585987 0.05482057421749238 0.08258395386085726 0.07577652933299386 0.06718379125865495 0.07861304987649605 0.002317825232505966 0.01768005358297666 0.059716837054705485 0.08544380800061326 0.060077092667710816
87 0.07322295683662529 0.10005874577373611 0.02281330269574262 0.02509825723199282 0.00414975348134979 0.05077032774670231 0.013119811141689551 0.003705612051882221 0.08415735649680403 0.03843724498463431 0.07151140249914445 0.021027456752716535 0.02319820015410293 0.07645859282229821 0.016901980036809258 0.0922685781122156 0.10967337229015442 0.10069012127074492 0.016805330188734768 0.05593159743191997
88 0.05445317972966112 0.024873688064235806 0.08284400638320889 0.0369267436376039 0.05181860382593857 0.059714615696168774 0.08209766802333349 0.07915713170685316 0.0784233183676974 0.029996565579935183 0.06300514306446846 0.05316007406719284 0.01877187902764083 0.0671938810215194 0.05392883599331445 0.030188273984275826 0.025253705313401882 0.04235156997604508 0.03745615657761968 0.02838495995988535
89 0.05202260815173414 0.052760329921446296 0.09102783400368321 0.01256180091905634 0.01421682235147633 0.024162218418089597 0.0016338810713203184 0.06609830982529628 0.08487338119297917 0.09899223783038126 0.03124893041230428 0.0218824879917114 0.0993012072719059 0.034368704544201864 0.061640092398010424 0.018959418932920417 0.09898417293542161 0.06245840821774473 0.04881706383352637 0.02399008977679014
90 0.038079216387990576 0.052354645464952 0.05586014695818739 0.05946183122864511 0.07068862189045402 0.0013368914073820085 0.0636288687601687 0.07216094593002954 0.009503597103250808 0.06581289623629438 0.06728452071338531 0.015942441274074483 0.02424654131423373 0.062414347860006145 0.06750808983658158 0.08439422634620937 0.07297208504508745 0.03562161677013442 0.0073961080134536525 0.07333236145947922
91 0.07053502637665804 0.01494306635040895 0.051653632228069866 0.0007495759827429446 0.048387098291322136 0.05350437381879999 0.07944709358732034 0.06774871849794321 0.007355983213439118 0.057487264655861556 0.09064838111836201 0.009177692328958622 0.054329779488112254 0.026428839192208127 0.03916687367599076 0.08373759536467104 0.009910754894583058 0.09628491495474782 0.03994584077090541 0.09855749520889474
92 0.058866700375323426 0.02746795928239707 0.06802853867579849 0.05962352759457867 0.06069397238060863 0.04627016318372499 0.04045597420025789 0.04936039373292233 0.09670781297474841 0.07003606262897633 0.0624989731264411 0.002495107859667321 0.04286178019021256 0.06220209420013815 0.012947631516525412 0.05955355503857471 0.06100745689042931 0.013340176280020358 0.03705484412332968 0.06852727574532526
93 0.05638141552056889 0.0687282817875623 0.06667778142322295 0.0024928528119084145 0.022218554882291058 0.06432547186807444 0.08562233424134919 0.06773205273407486 0.047024719854248394 0.03656375344930329 0.027978336969488246 0.06011370013655962 0.02265695528053524 0.10179280687661638 0.05258877564822843 0.06081370697023374 0.032983436736008696 0.0185057760829047 0.09807219499765747 0.006727091729163627
94 0.05638034589613276 0.026951422399259288 0.022941904694844136 0.057112034995428614 0.037936983717992236 0.07080720261744211 0.008505328236164988 0.04015601310657868 0.09086180675509675 0.029439476961259342 0.09367126949416064 0.04525188972964316 0.0927785185248177 0.05493507798539621 0.02802710473368498 0.09120722682314054 0.05027845179834218 0.03372541467975471 0.014001914798663077 0.05503061205219787
95 0.08223153102345439 0.05903846943453241 0.054898552473509096 0.0349526606872822 0.020067373864747277 0.04076555328582625 0.06521244682678141 0.007403342670154216 0.06983054061015556 0.05877221272755694 0.0789628238027433 0.04235066778052174 0.07477667972781739 0.019157927529907623 0.07978475649028816 0.02508461824737921 0.017288207395736773 0.051010271706752965 0.03698539456942992 0.08142596914542301
96 0.028252691300061573 0.026310457125403024 0.07362560327656006 0.0015944280238205696 0.006826582472084446 0.08580834542547218 0.02970536598155776 0.016016454636643612 0.026969630221070857 0.09768883602739453 0.06713563829605369 0.03198996132208696 0.09168764331178997 0.047294177538205126 0.059432924412262125 0.02441464963179738 0.06596138893317934 0.07339729042315568 0.06836099112972174 0.07752694051167922
97 0.0447924563059076 0.06198860439285021 0.055980349991954836 0.0879410097623709 0.07096171460903793 0.033877676406166526 0.02833142898949553 0.012232790766886804 0.08631433947163993 0.055779686464791735 0.08844814081448076 5.210773972150893e-05 0.05349089302745797 0.041813105006881415 0.03686009341523601 0.06035344945587689 0.04811858269313795 0.04547832479656963 0.05140692238956952 0.035778323499966534
98 0.05775542479011083 0.08102981652993924 0.004931661285564633 0.061944211490830334 0.07788092194017009 0.019295479292904677 0.0013472998806899825 0.0978139207203499 0.0038060600195941345 0.026079294271686523 0.04690077928650515 0.05019922536916253 0.081242985069499 0.038360183745660054 0.06642522959508072 0.039843987160839166 0.04795774626513195 0.08073089521578428 0.10869259644603908 0.007762281624457622
99 0.041581802611095814 0.04041945043304618 0.09927867751780532 0.08418338244827211 0.10763239198555517 0.001501438708437154 0.08433246995935166 0.10533476986304267 0.0041409016248940885 0.04146002172716068 0.013049580411113738 0.10765152038945353 0.01854884193061455 0.0008213136687579361 0.01290195545658137 0.009734435772249984 0.07425470669862946 0.03496296615912853 0.030388465385901 0.08782090724890938
100 0.06895673126974758 0.029929166152680115 0.03239334290661841 0.0442642490012425 0.005973041501996704 0.04232599061511432 0.01776801894834463 0.02524232018598198 0.08932445433294375 0.046442779340910734 0.09059368392491252 0.003038662740258694 0.09320678925615183 0.01798560852168779 0.09768307769736634 0.044890406211678203 0.06363012408826688 0.016845152408547694 0.09006306686539708 0.07944333403015211
101 0.0552005857696625 0.05650753583556027 0.03269681140025381 0.05066276831076327 0.07205438291696199 0.09084667032364435 0.06294540344522806 0.016900646076114852 0.08366544886244512 0.06073977809253353 0.01270455423557217 0.023236388045135496 0.07965715390814819 0.08245347171143015 0.010176322746785609 0.07687602542274498 0.03329874009499158 0.041577627497896084 0.05478840156969763 0.0030112837344305407
102 0.048278289123167895 0.06891314658313819 0.004652530415078051 0.01907073929067709 0.06456616333822389 0.0192516524252037 0.03807274390525587 0.09878508514181863 0.028532216497696324 0.0152420147720367 0.08944974773419306 0.0903600646680573 0.03207830864035871 0.03997041357195202 0.0435941126578359 0.048157956996407625 0.0958367969701378 0.04138402411284208 0.08025618706478746 0.03354780609113187
103 0.07651552544015401 0.016247693808383576 0.005665996652996442 0.07460377948471299 0.031430782974387936 0.03500034809643355 0.06423429314123874 0.051257499162312876 0.02725200989267237 0.04485038461202111 0.051487206228038075 0.04193234407292903 0.0671533532289677 0.09243038736545711 0.0931116735307291 0.051205501672596694 0.04164542286696145 0.09063150734733343 0.030345404581707137 0.012998885839966796
104 0.07000411375443333 0.09866287412926669 0.041128710433560055 0.04807612424587231 0.09318382662635172 0.03301466335506837 0.08446037670255006 0.1008444462420692 0.00046583123041052274 0.011961807527023718 0.056609723586055184 0.0941100590189798 0.004140375383820974 0.09375296821337933 0.008122813289315935 0.06943153972226616 0.011562980328762885 0.01384303071942622 0.007081289623419525 0.059542445867968107
105 0.05666380029388918 0.06137524776246445 0.0710899827018738 0.0078114554473414 0.04479875016819808 0.020691045533018954 0.01204515406479993 0.06900971601903608 0.0709423868607547 0.045307355591017236 0.056641929256714754 0.0630155978153807 0.048739859455292245 0.029654951970161974 0.04260235495094573 0.0781348557287425 0.034885457688833874 0.07999931479940167 0.07447365314922982 0.03211713074290288
106 0.029232354938361318 0.06967646186539132 0.0701179779206736 0.009479800067563505 0.02031437920103299 0.08564104667661249 0.0722951260162675 0.03534787980740273 0.040919010832904584 0.08660874690528589 0.016287907806633906 0.04492674053197289 0.0603634410238742 0.08473707824086257 0.019761414778651135 0.04753598040117457 0.02277194055315846 0.033310880926223994 0.07757081761029042 0.0731010138956618
107 0.02487671101827378 0.1217269565650151 0.08757464379892926 0.011587018881474375 0.04939007671457707 0.06788039319486144 0.030964326746562815 0.05236759348889655 0.05661806317087839 0.08299527828393244 0.0069761765229423576 0.027259808557879853 0.002796490998553794 0.08660583797538782 0.10777066514532062 0.01528676717951034 0.06231989401157846 0.036245903337434625 0.042635487639639674 0.02612190676835105
108 0.06061327379151879 0.06913200979918244 0.05560474198601283 0.08339134396765786 0.004445400925750968 0.010446550813654793 0.001867267073061354 0.06586592091654724 0.002626279033518036 0.03188193410961573 0.08410277545202385 0.03330495746337522 0.02934358323416508 0.0874853378880249 0.04602299359581956 0.040741520774439426 0.0689104650190462 0.05565227800230584 0.09322206293765592 0.07533930321662402
109 0.05451667083014838 0.013627073408639494 0.06881265269428219 0.006605659918905175 0.05725362046136834 0.08804443747897833 0.06989666177571009 0.023060527338241037 0.024866195109232447 0.054479992091281425 0.024512323492281014 0.01336547045179795 0.07863591621396614 0.04495499175425107 0.07519312592322745 0.06015174108720372 0.08667459852718636 0.08042095520796984 0.013671049957914023 0.06125633627741531
110 0.09796314227955573 0.03940118832002878 0.002395886126821736 0.04430626400876058 0.056182893168863594 0.043644841390590154 0.021319647642547068 0.010258153333685807 0.05694818702950944 0.07323288528091128 0.10488098547903296 0.053827784095837494 0.0978941882267798 0.05655394956564839 0.03896770432830989 0.01890682830856589 0.014634048011288535 0.00025635647855157387 0.10446617890978518 0.06395888801492626
111 0.022381670462694018 0.07657015522936024 0.006853620575408896 0.05917791371204361 0.022035801987164705 0.07236920325831366 0.0004560282440624445 0.1038620497977095 0.016656131429845643 0.0568830579352799 0.00438038023278011 0.08269848800340945 0.09032307222219517 0.07127284000892879 0.06049157063927874 0.06120107542910052 0.048572601304677755 0.04981698525330727 0.08101912404493068 0.012978230229508907
112 0.034209453496729304 0.024523970014200855 0.04122362308563566 0.026161072766464018 0.06401790281237688 0.03764576534984241 0.041209354077599625 0.0569570479946875 0.034544295451564094 0.09523730292316294 0.09943150988378167 0.008913398439004721 0.08914564557749324 0.08500113919773199 0.005920306355986946 0.07368142270774936 0.06655963587296834 0.02060795915547079 0.07602293901154175 0.018986255826008065
113 0.027869405956328485 0.09912174575118637 0.04880426046623008 0.004700118732565038 0.011403790040523479 0.07037470716837885 0.04109599197121143 0.07438100035049415 0.054665713990589546 0.04659829670248247 0.0047096537151380185 0.10346166246803007 0.0007708292867922246 0.09038091345774521 0.06463568832126255 0.06326307975862812 0.06317805386584088 0.041911140954114454 0.039763713679101836 0.048910233363356745
114 0.00034080246319731483 0.0574830570956492 0.03584195970908333 0.09761918980898417 0.04134600873716733 0.012452258714996176 0.054483946031869415 0.036870658872882496 0.06267723710890691 0.04909491409456219 0.07536313752255727 0.03861449246554174 0.06431841793658462 0.07819584112917762 0.033917405851679634 0.06466059196804223 0.04793119939891009 0.07148258626059778 0.06296242505590775 0.014343869773702743
115 0.05871487292049245 0.040285984404067984 0.007239931848410857 0.05516912132813059 0.003030343127700574 0.011607245118349842 0.027444472756434416 0.04694233373180065 0.03544137687724404 0.0800679331572607 0.046756680542738405 0.08728039539975141 0.033123713099053445 0.0726046779756965 0.045878274369379905 0.08579271414938029 0.06577261184992443 0.06388326491546863 0.05025210429967028 0.08271194812904446
116 0.022309393748946398 0.023655530263411096 0.03001753780080329 0.07943975629936305 0.07869936979133674 0.06164485575640304 0.03357809659036798 0.06388269805726456 0.025226698360176936 0.060591439650032386 0.04707499676398969 0.01498206017383149 0.06075426282493564 0.0322420590610594 0.07252649581958712 0.034504637842185874 0.06833478986448825 0.08550093423271225 0.0302428751550607 0.074791511944044
117 0.035223407674217715 0.0047141990804462335 0.054024492117172855 0.025348350726836322 0.027077421947968867 0.041707474277477674 0.05226547290823353 0.05675646680504879 0.011333355260947338 0.05762394715354642 0.0273453412765581 0.09875192931379716 0.045736685095297616 0.05204921422312032 0.11859343503789042 0.08261092277150618 0.08632399941991677 0.058388657605419954 0.01893288091435825 0.04519234639023971
118 0.056568821080773636 0.04291099779887697 0.04252613868240686 0.014697699788328005 0.05732429681314918 0.02301990066379854 0.009703627794154766 0.018244896345259366 0.03031090045843618 0.03336064596377407 0.011238409041512736 0.02927317970107914 0.06585961719961782 0.058357724989267286 0.08515493738039873 0.09298256286896149 0.09231679349027494 0.08430166531094183 0.06646084601769406 0.08538633861129433
119 0.07147841204713809 0.0753716294436075 0.033672543793461525 0.03688430052481774 0.10418354349971114 0.04541993132856865 0.014616377857493456 0.08079360448362158 0.10413485510286143 0.012529290930873025 0.008319135049926934 0.024287118408932277 0.06337071057248085 0.005098333974305872 0.029679003758545007 0.02151362377905459 0.10485666056604141 0.06283381188522344 0.07707615480216838 0.02388095819116718
120 0.007263092829211303 0.010895630967858935 0.025685400674877863 0.03049409357743429 0.05446804736696008 0.10706824199110884 0.06479302176625308 0.05935175480234557 0.0026951325162396997 0.027501240319995467 0.06800639355483858 0.0962501055154983 0.08485703514314429 0.012772883029344286 0.10091998472446352 0.04841443962635606 0.08938989229859091 0.071720988715129 0.003999835851598429 0.03345278472875146
121 0.03487881676438073 0.08001676722438714 0.08223327728385285 0.032550562902394685 0.005851736765519164 0.007622910495080022 0.11908372962718648 0.012883088272985458 0.04147552917106328 0.019182626651449614 0.061561772556628605 0.070034418404682 0.015173308431922503 0.056091285216957554 0.019842672362399415 0.046764180926666794 0.06024459629300736 0.11994144353569003 0.09361486190894265 0.020952415204803704
122 0.08638448295914616 0.025317141234312144 0.07107422642327979 0.07753042683007055 0.05253069396950347 0.03675685841750929 0.052357872853522835 0.04518955606967677 0.06864760302388899 0.02404471617659812 0.022300200070285034 0.051523288219896525 0.05742320726887304 0.07447980271150817 0.03107434278842131 0.056006180438213 0.04071027314727208 0.04349294365303345 0.03612817814338712 0.047028005601601953
123 0.08214021744231428 0.05834042244795013 0.07952633709831923 0.07591987872456996 0.09027208164436211 0.07040411040571254 0.02678724249838151 0.013837174694023017 0.083481344641963 0.024175520106236484 0.019076668721340114 0.09323816381642244 0.08990792842621158 0.02368779158927578 0.006195293844114796 0.02995797341926216 0.03040992666763907 0.0419845146315127 0.00928924723345912 0.05136816194692999
124 0.07274767465902489 0.03632113292658075 0.04025405338994575 0.058024696892469634 0.02377419517912705 0.01883778431700096 0.06279578379819979 0.049395801159466124 0.01944954414511918 0.046401162204670277 0.06356094715444324 0.027272005227445908 0.062430634476316915 0.03763992866710874 0.08086630281581748 0.050864880754466525 0.07251019652239182 0.05677172302059649 0.05010641324436978 0.06997513944543883
125 0.027959354243868334 0.04352253355425024 0.008935737302470177 0.004571355283780244 0.10213224345207654 0.08834880968038347 0.0057158035891924554 0.12293774102729516 0.010945554991728073 0.02547780091272177 0.06731319811303807 0.06946863183965611 0.05333072023815153 0.03956089328811271 0.031209048673780757 0.042889732447732844 0.01577148443533761 0.11014141532224841 0.09330819351263062 0.03645974809154479
126 0.08115312435303348 0.0831177410089679 0.04804697253267336 0.03913057062117374 0.04453971415039018 0.055816329817587565 0.00021473197473271063 0.04301892550817071 0.09163150650832635 0.034173692588454 0.007154987888675282 0.05430191996684944 0.034440030785375615 0.05794776664619073 0.022982250461496583 0.08041837013629365 0.0953079838239982 0.002719896486647477 0.07594441730904229 0.04793906743192083
127 0.08698226438691517 0.0808416600292313 0.011831570346897346 0.004743870302849155 0.011994542597189357 0.05463503434784471 0.08689572857844532 0.02587630377123322 0.0025550048314158637 0.08013812693484858 0.05558873769221886 0.0912966098022991 0.06326371706547049 0.01522004992741135 0.0043682394866912735 0.053485253334677955 0.08049961378319577 0.06437086845085965 0.08184701994561576 0.043565784384689756
128 0.052967424634686254 0.07536858574602387 0.0009873301540798932 0.015601454447933724 0.06917930016163681 0.08211395433859654 0.032246737671341716 0.11638823458839039 0.022837750457939773 0.0022936715581435246 0.008019680731247921 0.009634685329131084 0.05870375465519769 0.018072348648041803 0.06342255200654563 0.03463566137823062 0.11959761810408774 0.0182763764791103 0.10697602305857384 0.09267685585106104
129 0.09031054544896994 0.04789607442158947 0.089619508462348 0.00955062840743191 0.02280871211820389 0.013584545090898015 0.0608142043805838 0.06006935974944512 0.08985437438287337 0.024095149979441836 0.08046399440912738 0.049745075583128386 0.07250189569416508 0.05698441522466111 0.00994205987626064 0.08474242593790683 0.04781628372817151 0.013117044376386004 0.028240188710055725 0.04784351401835195
130 0.014005261291044032 0.088833480494402 0.03972573199186245 0.07652001458683262 0.09631578110345497 0.0007638742541518309 0.03075468107310565 0.009175185170400758 0.07716408301306549 0.06950062290809841 0.026662996977705397 0.02241375362272207 0.037201973871166166 0.06953194598166829 0.047408449328239476 0.09562560231980399 0.01963499405708226 0.06906820946903812 0.00822932779102421 0.10146403069513181
131 0.08075784380402608 0.040316164551688925 0.03206624051732773 0.0051918926791425365 0.05855958080741621 0.03106490794893569 0.04574330096457018 0.03344016258797582 0.07471266142313926 0.09208006379819186 0.0007953665311268412 0.04653927140344109 0.09331357903113252 0.08046270867235453 0.031878286462946714 0.06491134432193037 0.05751230264026107 0.06199862438204639 0.06558724986205287 0.0030684476102934705
132 0.041337490189632696 0.0219628353776754 0.05754419667825242 0.08191386180262904 0.04437889848744839 0.055437293609969206 0.06703371217431835 0.07889468447187334 0.07258185939771568 0.02712290123026346 0.031643010583873636 0.07520859955961984 0.07321243481226251 0.05545686354370703 0.012090117938869835 0.03613911266689717 0.061240202512742134 0.044406939151494684 0.007417841480312383 0.05497714433044279
133 0.05295960621821554 0.054940910331940124 0.08610097783604849 0.07655811162381547 0.06209360941438265 0.026746944409939227 0.056508192949467 0.03297215361942133 0.009152036319821751 0.02462870824294365 0.040557334077829334 0.07255458860375794 0.04336821834832973 0.08333451466113688 0.05331815514867834 0.02601792653792942 0.0767078553840774 0.0038211815765389428 0.056776742366881135 0.06088223232884563
134 0.09878865903778451 0.07405058295308475 0.09541205218680805 0.07748492595515712 0.05808807185245724 0.012166414443271755 0.025990767093952333 0.0011011734424265147 0.09619586476700329 0.06228240883889986 0.02437261839717265 0.026754784451546408 0.051148628695236 0.0007072317490713564 0.0792650179089906 0.04550486917117241 0.0011108417047005243 0.0712590580364818 0.0379052135986392 0.060410815716143776
135 0.07230206749024964 0.05367835692996279 0.051323844904608146 0.07747596890480848 0.08200544112704024 0.046938957450086014 0.04007823742078341 0.04992566658743449 0.00300468070160283 0.08887565309306707 0.04897753256501372 0.02712080232227724 0.08696451243855258 0.04649286465008548 0.011180587613320333 0.033752345786366114 0.03150451359903814 0.04043643727026071 0.0466212790730246 0.06134025007241784
136 0.030484110242564966 0.09877602991802042 0.09150526580386846 0.02173659225553143 0.04616799745114815 0.03582756540607859 0.04791813052962668 0.06982087013450874 0.020254862673371288 0.004991582225553608 0.08461120301597193 0.07197458938237176 0.08145494351378893 0.02828928986634334 0.010647370581175972 0.09026097140470621 0.008902222725823186 0.018934071227419257 0.06962794114791401 0.06781439049421317
137 0.06952032746435599 0.04783813423190476 0.026028185825104803 0.07632424153953729 0.06108803160178202 0.06309071449135047 0.0010065180854783404 0.06942016131466634 0.03128023232871885 0.04756083220195856 0.02932749349011394 0.015010940124742925 0.07938081070151251 0.08200473627194464 0.03911926422766324 0.009823097217291582 0.06839810827081765 0.06379463135864742 0.04419172627970225 0.07579181297270647
138 0.04448074547910282 0.010842120764208126 0.08310365614490563 0.050846994439278814 0.040599642587872846 0.017952592470457596 0.03208140291884785 0.08164740970411595 0.057709022185851604 0.04337053967149588 0.01334990242741408 0.07345919414808907 0.07873867679683959 0.08493481406435212 0.04580814894574413 0.06108581318994679 0.056075083971981916 0.056789070613883566 0.044432398537894165 0.022692770937717533
139 0.04185888546688062 0.10180124910903035 0.00628785035063607 0.04760984135202265 0.02809195448131397 0.05559247290584172 0.10291584950628886 0.0613298992110701 0.06084063953537835 0.004745552578088063 0.04878365365798239 0.023151120149152486 0.047520079666723294 0.09105801169036527 0.0820982718365513 0.013938777064199919 0.020156665009582703 0.048265380584716924 0.001982636602105623 0.1119712092420693
140 0.06613626401740377 0.08556930458438021 0.005560095939438506 0.04032423383239607 0.11964520760834886 0.03874322275433957 0.05476160200260324 0.12137239010449302 0.07518152578483306 0.012471083586929334 0.021771591687156786 0.006276921867819779 0.10165305024138645 0.06171751285509077 0.013633851955913242 0.0021428687465603526 0.09786542102085616 0.04391321324997243 0.026541469091719574 0.0047191690683588946
141 0.088101307903115 0.07378287739181723 0.007488291047503585 0.04318206366611236 0.07960675495283549 0.030412933853783082 0.01886731864328015 0.08270592299861151 0.03306022367701984 0.04050543722354356 0.06091313854398889 0.04250035384244267 0.0036844625111090057 0.002229049810217559 0.0790841913915098 0.08625949575122954 0.05951566449603221 0.013441713924572465 0.07825453034391168 0.07640426802736419
142 0.02892359851418737 0.10827328085084287 0.04321200734607323 0.09475631585707302 0.028862067696411555 0.05315459063835639 0.06168220096760136 0.06723690258234342 0.009523364640758338 0.10571099382006836 0.049398282454373936 0.027148142349475633 0.0088673456977635 0.025411993543289872 0.04626948234969453 0.06793722886354946 0.026812784144790405 0.04166516157009186 0.059790250500044925 0.045364005613209864
143 0.04777955072684875 0.03969809263692104 0.060267054460882555 0.08371866400558886 0.010807309079997985 0.016190939084870522 0.03883455019082608 0.06433920340220077 0.039815730060457855 0.04805262314030362 0.08320952778748454 0.0029376189235891 0.07578668522070477 0.05082378759979971 0.028668963911949025 0.07867257285050973 0.06461527878093021 0.05508529576285123 0.052800722869640354 0.05789582950364321
144 0.03860564647425625 0.052295273273312785 0.008019246564437298 0.03533173233609883 0.028965356705227617 0.037460273616197776 0.0925949890561868 0.08563781544782757 0.026754702222148673 0.030415702102587015 0.08356357229945892 0.08366315339475885 0.008382889866545342 0.04640808977979083 0.03957754615815612 0.06699506937951921 0.08040465486478464 0.007259233583486334 0.094640444465468 0.05302460840975095
145 0.11245758679095033 0.0011254888742269556 0.012753579469776826 0.005219150571261967 0.056946329892792275 0.0409149972793617 0.0728572150976863 0.03213912081942009 0.06147781979502351 0.0921366395912062 0.03485738577468079 0.03648203776342255 0.03707120224649353 0.06374905906468192 0.08066900799425808 0.05521965200492383 0.020317287923210435 0.052119255053590316 0.0941905918189059 0.03729659217412644
146 0.06652261404404786 0.023467783701875425 0.050915064593099586 0.00012312779785446175 0.07672532668703526 0.08011569364185334 0.04540987108397492 0.07572505025557097 0.032176696169329784 0.07489085121918472 0.01653373590550964 0.053304689529560245 0.06634816372731031 0.04744018072340508 0.05396600099409861 0.03730193071016478 0.02719607036122378 0.03291570148055261 0.07937293211459023 0.059548515259758475
147 0.0171565370408744 0.07937130120149181 0.06147665884822306 0.006187451073308403 0.03570322164998756 0.06681788240515729 0.04995645630596772 0.054238328354814375 0.05411025868990123 0.02771188970529854 0.046219618424878525 0.0259623802596525 0.02886475500005787 0.08284244412368236 0.06820975416118225 0.03750399671953406 0.07480265503006639 0.02700761767580493 0.06715667264162928 0.08870012068848744
148 0.07808677622285073 0.04549572475128632 0.041866223534853614 0.078070393134341 0.013885376804810669 0.08429576380283968 0.010111110902264854 0.08287553649046418 0.08111401667226963 0.08236697107100893 0.021393901204824803 0.06791963745080068 0.05171883515432963 0.0015448802191553497 0.04398579315195992 0.055482071658794305 0.07977795969125309 0.028022069020944913 0.048637154261791896 0.0033498047991557867
149 0.05838020607603481 0.03547631188329549 0.07786937774264226 0.00676403345207064 0.055054677014553174 0.036457944940844256 0.06707499903377374 0.0858926843949286 0.056469342122453525 0.03367010763237819 0.05156663702100893 0.041636135389968194 0.08010570082075742 0.08209933478614972 0.0684735094126405 0.018009289680832607 0.03493706207502749 0.0709934604431016 0.0293466555191055 0.009722530558433381
150 0.0842866621251642 0.064929163611884 0.06412954645208356 0.038893931984212184 0.024164260759717508 0.017211979905059946 0.007526927988740207 0.05347746049672452 0.05015428326092979 0.07861430502981462 0.07028513175714717 0.07049586663470411 0.0694775697406597 0.06297417402755628 0.0015160908710328874 0.06572140493847133 0.0764070683062804 0.06126396236231779 0.0030269041835450016 0.035443305563954766
151 0.005509619752106676 0.08074353336271409 0.0912332443861373 0.09916933710247725 0.0430594084352819 0.08038694866667413 0.03065853359148709 0.08328890186185307 0.008874427717525769 0.06854578957387533 0.0005288250369575273 0.01254680698607741 0.07010520114367134 0.06905599662979088 0.023280135866897277 0.0001575786255656966 0.035423416044363096 0.08384320884875378 0.03687683113553051 0.07671225523226015
152 0.05492133003195517 0.060120648494599624 0.019884953427875825 0.05273212848450554 0.04451277797656749 0.0875010677460378 0.02573020676794985 0.09174255020472227 0.09592199320461918 0.021861906707732505 0.024823513631952523 0.010252055783499437 0.0697687134022085 0.0372430497163976 0.09355871906139918 0.0091952250953183 0.10245775088427889 0.05739492993584962 0.012364707903927576 0.028011771538602927
153 0.0035598302141896816 0.036448380153979325 0.01516017608170736 0.01170636917226786 0.05798919878450794 0.00414371400721801 0.0708554370543225 0.07550954710532848 0.01971829137549899 0.06485996805179937 0.06799035350186707 0.07996594755955959 0.08045452739049831 0.07292783154811133 0.07839831983929456 0.03671904649082935 0.07771504144755496 0.0611463444382503 0.017442494052067974 0.06728918173114701
154 0.031525154160704894 0.03302315326105823 0.039095686480296155 0.05046912423665583 0.06295637573007491 0.043335004216950364 0.0377190234545355 0.045863717720827674 0.054301365058223895 0.08973475665500126 0.08473555274947366 0.051661816825579354 0.009451018342709186 0.044256390160632084 0.032154316294844935 0.03947747091527367 0.08394265513065167 0.0595851926077323 0.07278570180153994 0.033926524197234395
155 0.10892582499257081 0.0022174239645147693 0.08938543124833592 0.029279255085375957 0.08818374000719427 0.009017973118178974 0.05864748658298122 0.0017853625048132671 0.007878346914816462 0.09822958478311099 0.060928897476595016 0.027940998434329685 0.10029149962768685 0.03679470077992886 0.06356645011680946 0.07785327250679758 0.009762975636749669 0.052259954137934314 0.024917445134398013 0.05213337694687791
156 0.029866029974653922 0.05598226078306369 0.05621438416963572 0.07076882437448476 0.08725791873478383 0.002273677215640524 0.012499525493731081 0.028941021712347605 0.0021058496184796715 0.04632952574572599 0.09306548706434145 0.06399126229580268 0.05193481594580409 0.049854926492493463 0.061820969473272376 0.03836031202329579 0.08438470840849524 0.0893381024401791 0.018903776501945694 0.05610662153182332
157 0.049499654021723315 0.06052185720725735 0.05843695911816451 0.004380190293002619 0.07679281277509674 0.0009993393831877636 0.06415050975717061 0.0372866291373603 0.0704570932394014 0.03708236557631676 0.059955516613768536 0.07739337368357634 0.04224534260669302 0.044717809756090465 0.04674596137878385 0.06851857931536465 0.03030732625909005 0.06180874013185492 0.04905640558865581 0.05964353415744109
158 0.07993121331316384 0.04149887788705687 0.06779229307313697 0.012744659092953883 0.09414847537069121 0.05423436098531534 0.007194747871797154 0.026969438986493375 0.0719323977751433 0.05900787911075437 0.05502334471257532 0.06679754419916074 0.03923681807887357 0.03581485833030031 0.007540104840235104 0.08417912922375333 0.008029286311984206 0.034077189728039324 0.06734497313980112 0.08650240796877076
159 0.036718586461852165 0.03359322419238371 0.07871893201886637 0.07754095226423416 0.061102671955251694 0.03490507694810809 0.0019009580675675335 0.05269118463895671 0.01129883261661488 0.024092918720392677 0.08628930767034457 0.01458594976940616 0.0396244820819466 0.0840588190495401 0.07182401007599165 0.07961111509218598 0.06125075974012267 0.06184342107935634 0.06738570798385816 0.02096308957301983
160 0.05527370683077098 0.042471206035388426 0.05129422283523192 0.0577431480529691 0.03753219998338521 0.043492681361322914 0.037580859391176225 0.004075560365182028 0.02926213621245333 0.030735202628832493 0.046278882643230775 0.07235247541327124 0.01425312936371426 0.08086136245519837 0.044087947625371014 0.08534640718831189 0.07263311461305656 0.06877793736030861 0.0760001163443808 0.04994770329644384
161 0.03515925748080704 0.027070653117458484 0.07651893975155404 0.007159713467553625 0.009614433651543956 0.02061399309402737 0.06081330855464396 0.03324248070021471 0.09098539474304898 0.07977428448158487 0.03012923436054663 0.08365532971167573 0.04950870773100064 0.01053947491641011 0.06303607634833285 0.07351863644179041 0.04667491500107712 0.08819263565110555 0.03129608425976119 0.08249644653586267
162 0.007840279191245986 0.06841913462628875 0.0052347947769363365 0.10689517426214575 0.06501316021827348 0.0058312675169419235 0.11704934429396344 0.03220387915809972 0.03234778675198241 0.0684456266452691 0.004964115489907802 0.05582557370095414 0.011116574963387004 0.09001639986308764 0.009588956692798712 0.045388490933620323 0.11048142369529063 0.09049378242071139 0.07216387054989754 0.0006803642491979682
163 0.000767908185727497 0.03489205906193457 0.03305138953454484 0.026366279405314122 0.06357154549344111 0.03479414368737491 0.07964430136652471 0.09741703431928384 0.06198784081327986 0.007559665971122784 0.08099323424851322 0.05067072936720504 0.07807051375423099 0.07361996315382674 0.0886058194877887 0.06634387058062872 0.0639032217873653 0.0135449190942819 0.0005749152347944199 0.04362064545281645
164 0.06892408287943917 0.08258987286746601 0.08234170504172166 0.010447941391349297 0.03860632755678092 0.010103032113403455 0.08037778996497058 0.023174613910335127 0.049386968138226316 0.07281155391500636 0.03716115115028005 0.07524746893156779 0.0545740631597036 0.005749393113925042 0.03289765279705013 0.04173373670303637 0.0771466279486394 0.08214704379111347 0.06166133223108538 0.012917642394899733
165 0.05465963109507298 0.02701375009054929 0.07219147179955954 0.009373317690537859 0.039472718820886404 0.03868669001680901 0.051679155741320315 0.08865966354608615 0.010119569160501158 0.052010915560172205 0.07832690733324008 0.02298342752199572 0.07125131055706777 0.03645481074520121 0.0695929943360567 0.0781360459604119 0.0286431239607882 0.032276393411486685 0.09544234078800304 0.04302576186425376
166 0.055801704203069465 0.09929807663049674 0.09094639288554558 0.01552951376914292 0.029437446097842743 0.02336079589057714 0.10039966138050528 0.021799252658425704 0.0717938282238456 0.007592284458009317 0.06278708618975257 0.08492384734122049 0.1000125173258891 0.028005556989180072 0.009864191791016608 0.07522339288138356 0.011928022796695817 0.08955384214502209 0.003791438810436627 0.01795114753194261
167 0.0520016569039751 0.1035956351719356 0.03966911240778993 0.058345086793924715 0.02106163685712575 0.043661614749129864 0.009152312088974185 0.03349197299131367 0.07903984867589084 0.0374919935687982 0.010620870433551349 0.005747990361421932 0.09100799491374502 0.08237057556849157 0.016607442398961707 0.021628319901678388 0.08709699380341995 0.0629275772181798 0.09076101731150685 0.05372034788018558
168 0.07247899884931666 0.03590360794268137 0.0859250692194001 0.010212570553732845 0.07702283129659221 0.06401990864329611 0.07616740558872655 0.07123937381030565 0.02741709208899147 0.08266754109844493 0.000305811899074735 0.051675022398119844 0.03160805800451245 0.06461443009553144 0.026239133773481645 0.0630083624160958 0.03672167133357057 0.027400126805622524 0.04374724353717379 0.05162574064532913
169 0.09650739671783881 0.09190179973612989 0.03482486316812415 0.0258571386008824 0.09019002691117327 0.029764602485427522 0.08095705093534368 0.05983700886266697 0.03052151745253725 0.09077347214879139 0.04358169139405982 0.02299707155789442 0.0021854458333810107 0.026719138485501052 0.01433077815174908 0.049367102270902866 0.08043642302162128 0.026119030491292803 0.04380817249686204 0.059320269277820324
170 0.052736167737504475 0.06398889076506083 0.02917307693935722 0.0065639824824196445 0.0039354054170023575 0.07281525506668221 0.05866989291823449 0.06650671620458187 0.06990788761828978 0.06084308540975968 0.06448847615789569 0.025640926805883302 0.06850620837261967 0.04736372829497337 0.06107656617874401 0.0692954800136727 0.049523796682546466 0.051756826386033135 0.02673506128773648 0.05047256926100276
171 0.08586295086743799 0.019401508394591965 0.08284178003699832 0.07619354442769233 0.0760329102470083 0.007467756383677964 0.0313567278049948 0.037039412778723156 0.053960475040609815 0.014463012654388555 0.0688172065431545 0.07023727999441012 0.052076950120015904 0.02799336754877965 0.06605172932183495 0.06541005130758236 0.012456100898171391 0.08353893442890753 0.037505215818992535 0.03129308538202785
172 0.09567723989093117 0.09781936492344867 0.06327112590601165 0.03933769881273673 0.04694580474488552 0.05051053149701273 0.01609648506398141 0.05252442143258704 0.06953224941542291 0.024841563678174305 0.06003334328985086 0.008562339893788818 0.044742946096683014 0.07493448107729028 0.08942565975785148 0.02855786865222949 0.037367537732008724 0.06768404433171255 0.01819414946706134 0.01394114433633116
173 0.09280939400090318 0.0491111293712091 0.02249961667069852 0.0887252983505921 0.02252975061687458 0.08461381894053865 0.009345349458681393 0.09998458686929274 0.09757579851177785 0.033239469005418895 0.004400688764496249 0.06141196385711514 0.07445245159356004 0.008289456587742385 0.09855744956061041 0.035201856208142764 0.02227506121453245 0.009919592382383338 0.054333182930309094 0.03072408510512097
174 0.13112695558279364 0.009947712959888354 0.04601800561096053 0.07872042674329514 0.027356973667347066 0.0209635440746928 0.03327055561980324 0.08089519758002739 0.04351906129284847 0.018807262313114997 0.05930087047432918 0.07415604527427873 0.07617861548035101 0.014386931088529427 0.04950626172333146 0.0438150277450546 0.03341379771380854 0.07873417733971048 0.0216235365469882 0.058259041168846615
175 0.07384777790273576 0.026507232384557693 0.1000168431914686 0.0403412444732044 0.001426065654947928 0.05275963323465605 0.014793346412281692 0.052159065565905674 0.07216526713427633 0.08142878354623496 0.01061833710593534 0.01251474964416303 0.03579083470719861 0.019040190991785007 0.04913508493238379 0.007517710677508657 0.06422398080734408 0.10042937757962428 0.0985835232285052 0.08670095082528302
176 0.0350473997981753 0.025794532545331803 0.012765951466823812 0.06147669317524011 0.07699438598067494 0.04886274435961757 0.04353677529274566 0.04019408225030318 0.05778646521374087 0.03460370582666894 0.04150571308956271 0.06380003511946357 0.06429090181988036 0.0852339495986094 0.06801193388364775 0.04511496788279233 0.07187887552679981 0.06366621743870891 0.006342696754168445 0.05309197297704454
177 0.05260762496196076 0.026399934469502073 0.07940837046428309 0.0780479551789036 0.08038433653588503 0.0450990851149459 0.011432152305601715 0.072540842925969 0.07779662163249959 0.03273174038503948 0.08981134690150834 0.007382387918143328 0.08085783610836736 0.050942356940933 0.05216365624740305 0.06193957202396004 0.0271983339784256 0.014014813720137288 0.004933669123465596 0.054307363063066175
178 0.04155108523442948 0.012979736098195771 0.08381033672209186 0.06826190792398193 0.08087065635021265 0.03185560110475052 0.033020588331643175 0.0029334334788810373 0.01611815323459589 0.07867436425190238 0.06504630342316069 0.06227456679777293 0.02675277646680584 0.03180634447508922 0.07469385158810046 0.06276879472875325 0.039420035640416934 0.07867701650877905 0.0585168054148105 0.04996764222562634
179 0.0022215156115740434 0.06524632127005033 0.044421226453644755 0.04013578652632719 0.0964286238171197 0.0300333346033315 0.03443163172557146 0.07548366075549029 0.0827478462837924 0.0042258483362591385 0.09592338965044236 0.018499696629623582 0.046595707629419204 0.059578683534795285 0.04635859970737062 0.004528819860871901 0.10715437418952233 0.00820274470638198 0.02359132328448237 0.11419086542392963
180 0.0628200194622866 0.06397104573091714 0.08195238640861806 0.013308789016926703 0.07413013526018634 0.0769515663674582 0.003199306370457648 0.0030873059309518337 0.05264047658430513 0.060037896964026304 0.009487813104061165 0.08969551519237712 0.040958486847377275 0.06706385568313483 0.0393992720856765 0.0525531814812352 0.058947489715031665 0.02253142775933745 0.08534423327224612 0.04191979676338873
181 0.050767449875450704 0.09060356963749576 0.04189756604136534 0.012772396865622437 0.08706693428096499 0.09646683715970651 0.08495436084962654 0.03369382416683134 0.0874892260063042 0.03273312499374377 0.06697676197062451 0.061740955347756435 0.02312766571772452 0.03639756018918916 0.05588845801684194 0.030568313750008156 0.017435997563839886 0.0037562781959527875 0.07416456634646873 0.011498153024482174
182 0.08274817328255489 0.03595823861793917 0.08062175875903892 0.00944077959893153 0.05759422492009005 0.07383516931063423 0.04241389310904515 0.01864672262239845 0.08024225995149999 0.041625270599514916 0.057039811722337484 0.012504480381525811 0.01478812299963114 0.05879113985798973 0.029298727218608385 0.08265049404922323 0.07463887548998557 0.049578644117129464 0.04170610315224913 0.05587711023967256
183 0.016425371663522075 0.05048345819945273 0.057388762322518716 0.021663979224006067 0.03713774102561661 0.11954999520650508 0.018072469598939607 0.05083226071943102 0.07376800470384288 0.08177431497872466 0.009605232487132494 0.017358984303666333 0.037645354299767654 0.09516961634026483 0.07030069241235458 0.07638264533286956 0.05668116897959452 0.06317732440750036 0.005354590500689029 0.041228033293601286
184 0.07176426674571092 0.060586296886979606 0.019519496561896527 0.10244595039287832 0.03179066248689936 0.003719061538099857 0.03594208729884408 0.016984065585208683 0.07797201253700504 0.012513622322419753 0.003068938330420833 0.1005439792195218 0.046566377688333736 0.0718223885989591 0.02525356019281698 0.05343042387819542 0.08428380529693863 0.05347433407095565 0.06934024124910113 0.05897842911881456
185 0.022210375327000705 0.03214422329982361 0.04834702725667499 0.012905118718097873 0.03638382359690866 0.09216913430544842 0.08726685018693955 0.027335645219858436 0.08866230127718171 0.03199212731361619 0.060089501322638635 0.06512500385157108 0.01956715180534186 0.08973610994537742 0.03323722212118727 0.06162930011046778 0.08974198231769238 0.02741684343525855 0.023790723385628914 0.050249535203286046
186 0.0037819290651776812 0.08040408673794845 0.025870491344932533 0.08202606351748828 0.007926318631776473 0.09222388180679372 0.07199150323809218 0.056966713159550056 0.058219495686852564 0.0111214866974014 0.019734381980995256 0.04448241072463428 0.045245119460413465 0.040721560845724813 0.07394973072128468 0.06575934395779279 0.07501292101429896 0.04898577551200938 0.061485389410153676 0.034091396486679526
187 0.02822316896706447 0.02026632269989343 0.005149292161440812 0.06666813995404189 0.010860164883658322 0.03177454040049103 0.031892974012383 0.0017976075749764737 0.07112924050861501 0.0896745007364065 0.05147039515136816 0.09621766374054072 0.006748706257723681 0.08763666579200526 0.03754604707226483 0.0298837890233883 0.09676626126463876 0.03972136304892471 0.09209561458404669 0.10447754216612776
188 0.09709170515884033 0.10369772940678124 0.09424424869860633 0.0017263393709259283 0.05237412231678297 0.007184072424249918 0.00135514407675934 0.027601132616710433 0.06303298224886004 0.05388335106065789 0.0630272424215994 0.0894160800958415 0.021213806627069252 0.06868685589016445 0.004478650620527542 0.05328437536169495 0.09717418544820379 0.04739163237765322 0.021549671391915486 0.0315866723861558
189 0.0006279833098095277 0.017759478165550877 0.06613381020649167 0.08580387691023715 0.0013273924800049745 0.05552828915442921 0.06314934695062437 0.015621279970525065 0.07654665436919585 0.06828071104551829 0.05461287659051249 0.04325354162721379 0.049476803395781546 0.04907183976844242 0.024523950553618917 0.00860369996470053 0.08723312048008612 0.07888906634431053 0.06825345155468558 0.08530282715826101
190 0.041180891498706546 0.019707951745910883 0.008835029919645729 0.014244981947822982 0.09696385181532377 0.028332802718326847 0.09235830337425403 0.045231849851344805 0.015407174250669597 0.028528276231199946 0.09320997329216939 0.1099551087801941 0.04244000431116702 0.09215268277317842 0.006617893631785389 0.06744994549390061 0.08319249180759888 0.02767326862214077 0.06705156818553844 0.019465949749121945
191 0.06458582201865205 0.01168044366567423 0.09078378355699061 0.05007974273485616 0.07630277384555421 0.07334409530116924 0.06665945856125625 0.00842112490205546 0.06258334675457201 0.06093942516365757 0.045957136640410706 0.012941526289800817 0.09231240217842386 0.003142279157502992 0.08487470433376108 0.045077656431532546 0.0233475627217655 0.012780119367035311 0.05295791873705932 0.06122867763827008
192 0.08829602154116027 0.04043613046617324 0.03381569442007371 0.000465303868768214 0.10931596166432028 0.0577696045932533 0.05458546755425899 0.014486359172202432 0.033754344298330886 0.027569711341906323 0.036795222995732804 0.10132107801790265 0.10255773799243197 0.0012519221100355574 0.05518343506356328 0.015120106695787465 0.015597642822619393 0.07965258402047393 0.0737426926834473 0.05828297867755808
193 0.06550687501057761 0.08818003565193643 0.05131465765121594 0.008629760248391077 0.0620041342822232 0.018805098577535945 0.021851531245659896 0.03813143648119508 0.05292731501382024 0.05869127571619911 0.006937423591328348 0.07078592699417989 0.08443080293323099 0.01635983194086745 0.05654373053583005 0.01660667192109164 0.08658761923920438 0.09140974141444927 0.0054974897112593625 0.09879864183980397
194 0.029313138990541037 0.023110636323455593 0.05684495752090756 0.05297112196122444 0.020365697124545275 0.014014610622792778 0.11675991610780531 0.09419633728872648 0.0352221019505194 0.02217748658012951 0.06622060515031782 0.02002582301076802 0.04514950616282856 0.04135160877064108 0.10309782747807274 0.019375339943867354 0.07693206660564204 0.06339218332537598 0.07305480111646795 0.02642423396537103
195 0.07876408508841125 0.04734537867521091 0.05802425609875224 0.06682616677216606 0.08544500534095456 0.049175662786765106 0.016921834995759027 0.042471975130276216 0.014355802457558374 0.0466811785222224 0.010152043429432347 0.035162824717294386 0.014549466252001405 0.061102330356417774 0.06357972563671682 0.048571183311856996 0.07651840561331646 0.03771888986110846 0.06354809902098643 0.08308568593279271
196 0.06968492850017409 0.026051220985453833 0.07559719585026164 0.05896560016583805 0.011514318166835274 0.036050253463849054 0.014774675173202906 0.07088813289913301 0.08347192073334417 0.027397943420893474 0.05520923567456352 0.045812031090714064 0.005122890560413107 0.09602948208439077 0.009450318403973413 0.09166201288615053 0.07084857794213376 0.08061794814591648 0.05280895381932622 0.018042360033432802
197 0.06133688084002984 0.0721014757859222 0.018047237106847868 0.06666833403392723 0.06159713730379257 0.054197793415284023 0.07369042711285462 0.003790403222807931 0.06328944357554439 0.05743251843026309 0.012906683263195922 0.016732234069832146 0.028305466923294234 0.03880249610815298 0.06616755835108883 0.06635613426883001 0.07090551584533465 0.012054936094069497 0.07136664808576426 0.08425067616316372
198 0.0805872548873228 0.048667336149487976 0.09255726033517923 0.021998102237832443 0.061256252235580844 0.026013306600812205 0.0736803266248882 0.06276018774776992 0.047809249341679655 0.1044453541641483 0.08949649447233125 0.009949119503460668 0.05833130696293156 0.01063108660362478 0.08703450489665139 0.016889254420489348 0.008097088103383153 0.06601315901053599 0.027003072660698794 0.006780283041191352
199 0.006715654354981843 0.09521551614832312 0.07999352803820219 0.05114140406671981 0.06830376411347305 0.01000479707086274 0.087735487164548 0.07905560739989703 0.07859503238277257 0.025453858892538376 0.07940388443662481 0.003717648662885117 0.0759034961823407 0.05804865644510479 0.023526855583428468 0.028515327104833836 0.027553057429956677 0.01157108630823752 0.03540990088212431 0.07413543733214499