0 1
0 2
0 3
0 4
0 5
0 6
0 7
0 8
0 9
0 10
0 11
0 12
0 13
0 14
0 15
0 16
0 17
0 18
0 19
0 20
0 21
0 22
0 23
0 24
0 25
0 26
0 27
0 28
0 29
0 30
0 31
0 32
0 33
0 35
0 36
0 38
0 39
0 40
0 41
0 42
0 46
0 47
0 48
0 49
1 18
1 19
1 20
1 21
1 22
1 23
1 24
1 25
1 26
1 29
1 34
1 36
1 37
1 39
1 41
1 43
1 44
1 48
1 49
2 18
2 20
2 21
2 22
2 23
2 24
2 25
2 26
2 27
2 28
2 32
2 33
2 38
2 40
2 41
2 43
2 45
2 49
3 18
3 19
3 20
3 21
3 22
3 23
3 24
3 25
3 26
3 27
3 28
3 31
3 32
3 33
3 38
3 41
3 48
4 18
4 19
4 20
4 21
4 22
4 25
4 26
4 30
4 31
4 33
4 35
4 38
4 39
4 41
4 45
4 49
5 18
5 20
5 22
5 23
5 25
5 29
5 40
6 18
6 19
6 20
6 21
6 22
6 23
6 25
6 27
6 31
6 32
6 35
6 36
6 37
6 38
6 40
6 41
6 42
6 43
7 18
7 19
7 20
7 21
7 22
7 24
7 25
7 27
7 29
7 32
7 45
7 47
7 48
8 18
8 19
8 20
8 21
8 23
8 26
8 29
8 30
8 33
8 34
8 38
8 39
8 40
8 41
8 42
8 44
8 45
8 48
9 18
9 19
9 20
9 21
9 22
9 24
9 25
9 28
9 29
9 31
9 35
9 38
9 39
10 19
11 18
11 19
11 21
11 23
11 24
11 26
11 27
11 28
11 30
11 31
11 33
11 35
11 36
11 39
11 40
11 45
11 48
12 18
12 19
12 20
12 21
12 23
12 24
12 27
12 28
12 32
12 34
12 36
12 37
12 39
12 44
12 45
12 47
13 18
13 19
13 20
13 21
13 22
13 25
13 26
13 27
13 28
13 33
13 37
13 46
13 49
14 18
14 19
14 20
14 21
14 24
14 27
14 28
14 30
14 34
14 35
14 40
14 41
14 42
14 43
14 45
14 46
14 49
15 18
15 19
15 20
15 21
15 22
15 23
15 25
15 26
15 27
15 28
15 29
15 30
15 32
15 34
15 35
15 36
15 42
15 44
16 18
16 19
16 20
16 22
16 23
16 24
16 25
16 28
16 32
16 33
16 42
16 44
17 18
17 19
17 22
17 23
17 24
17 26
17 27
17 29
17 30
17 34
17 40
17 43
18 19
18 20
18 21
18 22
18 23
18 24
18 25
18 26
18 27
18 28
18 29
18 30
18 31
18 32
18 33
18 34
18 36
18 37
18 39
18 43
18 46
18 48
19 20
19 21
19 22
19 23
19 24
19 26
19 27
19 29
19 30
19 31
19 32
19 34
19 35
19 36
19 37
19 40
19 41
19 43
19 46
19 47
19 48
19 49
20 21
20 22
20 23
20 24
20 25
20 26
20 29
20 30
20 31
20 32
20 33
20 34
20 36
20 37
20 38
20 40
20 41
20 42
20 43
20 44
20 45
20 46
20 49
21 22
21 23
21 24
21 25
21 26
21 27
21 28
21 30
21 33
21 34
21 35
21 36
21 37
21 38
21 39
21 42
21 44
21 45
21 46
21 47
21 49
22 23
22 24
22 28
22 29
22 30
22 31
22 32
22 33
22 35
22 41
22 44
22 47
22 48
22 49
23 24
23 25
23 26
23 27
23 28
23 29
23 30
23 31
23 33
23 34
23 36
23 37
23 40
23 44
23 46
24 25
24 26
24 28
24 30
24 31
24 32
24 33
24 34
24 35
24 36
24 37
24 40
24 44
24 46
24 48
24 49
25 26
25 27
25 29
25 30
25 31
25 33
25 35
25 36
25 37
25 38
25 39
25 40
25 41
25 44
26 27
26 28
26 29
26 31
26 32
26 35
26 37
26 38
26 39
26 40
26 45
26 46
26 47
26 48
27 28
27 29
27 30
27 32
27 33
27 34
27 35
27 37
27 38
27 39
27 42
27 43
27 44
27 45
27 46
27 47
27 48
28 29
28 31
28 34
28 35
28 37
28 38
28 39
28 40
28 41
28 42
28 46
28 47
28 49
29 30
29 31
29 32
29 34
29 36
29 39
29 40
29 41
29 44
29 45
30 31
30 34
30 35
30 38
30 41
30 42
30 44
30 45
30 46
30 47
30 48
30 49
31 32
31 33
31 36
31 37
31 38
31 39
31 42
31 43
31 46
31 48
31 49
32 35
32 36
32 39
32 42
32 43
32 45
32 47
33 34
33 39
33 42
33 43
33 45
34 36
34 38
34 42
34 44
34 45
34 48
35 37
35 43
35 46
35 49
36 37
36 38
36 41
36 48
37 40
37 43
37 45
37 47
38 43
38 44
38 46
39 42
39 43
39 47
40 41
40 46
40 47
41 42
41 43
41 47
42 44
43 47
43 48
43 49
44 47
45 49