0 1
549 0
2 1
3 1
544 0
541 0
80 1
283 0
499 0
518 0
448 0
520 0
4 1
67 1
135 1
41 1
349 0
296 0
435 0
90 1
8 1
1 1
542 0
11 1
12 1
380 0
210 1
297 0
273 1
151 1
442 0
298 0
391 0
110 1
266 1
158 1
22 1
497 0
299 0
543 0
406 0
547 0
386 0
358 0
229 1
309 0
89 1
102 1
494 0
193 1
463 0
20 1
88 1
527 0
58 1
25 1
98 1
238 1
111 1
5 1
6 1
430 0
510 0
325 0
66 1
180 1
486 0
27 1
449 0
87 1
338 0
410 0
270 1
545 0
482 0
182 1
484 0
7 1
15 1
467 0
336 0
108 1
140 1
162 1
119 1
63 1
374 0
329 0
539 0
451 0
104 1
141 1
269 1
288 0
356 0
418 0
33 1
347 0
10 1
548 0
13 1
14 1
265 1
40 1
260 1
377 0
476 0
370 0
166 1
519 0
303 0
361 0
357 0
246 1
9 1
546 0
17 1
502 0
91 1
109 1
459 0
466 0
232 1
286 0
28 1
318 0
196 1
516 0
369 0
529 0
284 0
64 1
167 1
314 0
331 0
440 0
150 1
105 1
345 0
213 1
170 1
168 1
505 0
125 1
364 0
24 1
506 0
475 0
107 1
16 1
19 1
38 1
234 1
200 1
186 1
268 1
81 1
343 0
55 1
18 1
533 0
411 0
346 0
300 0
225 1
276 0
481 0
324 0
359 0
504 0
498 0
501 0
360 0
35 1
363 0
404 0
493 0
23 1
408 0
223 1
531 0
427 0
310 0
277 0
532 0
133 1
21 1
142 1
304 0
423 0
491 0
112 1
131 1
417 0
157 1
443 0
414 0
496 0
26 1
244 1
281 0
143 1
156 1
190 1
407 0
340 0
490 0
472 0
123 1
375 0
264 1
94 1
83 1
321 0
397 0
292 0
461 0
480 0
509 0
403 0
335 0
384 0
387 0
137 1
159 1
399 0
441 0
278 0
32 1
458 0
152 1
341 0
29 1
322 0
274 1
342 0
163 1
146 1
75 1
452 0
212 1
30 1
236 1
248 1
169 1
293 0
31 1
489 0
378 0
204 1
279 0
185 1
198 1
412 0
488 0
530 0
45 1
308 0
192 1
280 0
36 1
99 1
145 1
367 0
230 1
376 0
138 1
50 1
47 1
422 0
78 1
241 1
247 1
389 0
201 1
295 0
425 0
42 1
34 1
373 0
174 1
312 0
507 0
485 0
121 1
100 1
220 1
53 1
313 0
394 0
457 0
421 0
323 0
400 0
183 1
199 1
181 1
432 0
352 0
474 0
390 0
353 0
136 1
525 0
301 0
69 1
492 0
37 1
392 0
149 1
396 0
217 1
154 1
528 0
368 0
132 1
401 0
237 1
290 0
218 1
320 0
503 0
207 1
388 0
126 1
255 1
487 0
227 1
165 1
521 0
409 0
477 0
215 1
511 0
56 1
202 1
43 1
239 1
328 0
39 1
330 0
184 1
453 0
250 1
258 1
73 1
471 0
381 0
326 0
315 0
240 1
177 1
515 0
285 0
211 1
130 1
252 1
462 0
366 0
271 1
68 1
195 1
473 0
97 1
46 1
275 0
259 1
235 1
263 1
48 1
455 0
446 0
251 1
175 1
61 1
44 1
483 0
127 1
362 0
57 1
205 1
160 1
51 1
188 1
164 1
96 1
405 0
52 1
153 1
65 1
82 1
103 1
49 1
508 0
393 0
84 1
514 0
426 0
54 1
379 0
456 0
148 1
214 1
348 0
243 1
77 1
155 1
114 1
189 1
495 0
245 1
216 1
134 1
445 0
224 1
59 1
428 0
171 1
76 1
420 0
526 0
419 0
302 0
144 1
60 1
305 0
454 0
460 0
382 0
120 1
385 0
447 0
538 0
161 1
479 0
334 0
354 0
74 1
395 0
62 1
431 0
415 0
413 0
71 1
291 0
337 0
70 1
517 0
178 1
206 1
429 0
437 0
464 0
512 0
72 1
372 0
339 0
282 0
465 0
256 1
233 1
470 0
85 1
287 0
438 0
93 1
226 1
319 0
522 0
79 1
398 0
355 0
433 0
254 1
537 0
434 0
209 1
86 1
513 0
179 1
444 0
307 0
117 1
197 1
365 0
478 0
222 1
351 0
469 0
267 1
534 0
261 1
219 1
194 1
371 0
92 1
172 1
191 1
106 1
450 0
344 0
129 1
95 1
316 0
306 0
113 1
257 1
228 1
101 1
124 1
128 1
118 1
311 0
535 0
289 0
272 1
540 0
262 1
242 1
208 1
187 1
536 0
402 0
139 1
416 0
122 1
523 0
115 1
327 0
116 1
176 1
231 1
221 1
439 0
253 1
468 0
249 1
332 0
147 1
436 0
333 0
203 1
424 0
350 0
500 0
294 0
317 0
173 1
383 0
524 0