0 23
0 26
0 37
0 38
0 42
0 105
1 35
1 60
1 86
1 92
1 109
1 141
2 38
2 42
2 94
3 39
3 46
3 48
3 117
3 125
3 137
5 75
5 97
6 19
6 29
6 86
6 119
6 126
6 144
7 82
7 88
7 95
7 98
7 100
7 132
7 146
8 43
8 70
8 135
9 14
9 28
9 72
9 108
9 120
9 127
9 141
9 143
10 37
10 129
10 135
10 145
11 52
11 63
11 64
11 98
11 111
11 122
11 125
11 129
12 13
12 119
13 14
13 38
13 72
13 129
13 149
14 23
14 88
14 105
14 117
14 128
15 32
15 58
15 65
15 81
15 114
16 51
16 84
16 118
17 60
17 62
17 107
17 117
18 47
18 100
18 106
18 146
18 147
19 46
19 83
19 86
19 90
19 94
19 102
19 139
20 62
20 101
21 31
21 56
21 72
21 78
22 26
23 120
24 140
25 74
25 75
25 83
25 99
25 115
25 120
26 33
26 46
26 58
26 101
27 63
28 35
28 67
28 72
28 109
28 113
28 131
29 30
29 72
29 84
29 126
29 130
29 149
30 149
31 44
31 48
31 83
32 112
33 81
33 82
33 83
33 95
33 102
33 121
33 135
34 77
34 89
34 91
34 109
35 40
35 63
36 123
36 134
37 78
37 88
37 96
37 108
38 55
38 133
39 48
39 72
39 125
39 137
40 79
40 108
41 95
41 104
41 115
41 126
41 127
42 79
42 82
42 115
43 101
44 76
44 86
44 104
44 132
44 140
45 49
45 62
45 102
45 105
45 142
46 119
46 136
47 135
48 72
48 75
48 135
48 147
49 66
49 86
49 102
49 149
51 75
51 102
52 127
52 135
53 60
53 117
53 118
55 82
55 97
55 110
56 112
58 73
58 107
60 62
60 125
61 70
61 87
61 97
61 137
62 80
62 94
62 142
63 138
63 149
65 67
65 74
65 97
66 88
67 80
67 83
67 88
67 92
67 94
68 90
68 139
69 104
70 107
70 144
71 117
71 125
72 103
72 107
72 146
73 96
73 103
73 119
74 119
74 131
76 126
76 140
76 143
76 146
77 142
79 98
79 101
79 102
79 104
79 108
80 91
80 137
81 120
82 101
82 118
83 87
83 126
83 128
84 127
84 133
84 144
85 101
85 132
85 140
86 100
86 121
86 145
87 110
88 136
89 141
90 108
90 114
90 141
92 103
93 133
93 141
94 111
94 114
94 116
96 99
96 110
97 108
98 121
99 147
100 124
100 126
101 118
103 120
103 144
103 148
104 111
106 140
107 120
108 110
109 115
109 116
109 132
110 116
110 123
110 128
111 118
113 130
114 143
115 116
115 125
116 122
117 118
119 122
119 145
120 149
126 146
134 146
137 147
140 149