0 1
1 1
10 1
100 0
101 0
102 0
103 0
104 1
105 0
106 1
107 0
108 0
109 0
11 1
110 1
111 0
112 0
113 1
114 0
115 0
116 1
117 0
118 0
119 1
12 1
120 0
121 0
122 1
123 1
124 0
125 0
126 0
127 0
128 0
129 1
13 1
130 1
131 0
132 1
133 0
134 1
135 0
136 0
137 0
138 1
139 1
14 1
140 1
141 0
142 1
143 0
144 0
145 0
146 0
147 0
148 0
149 1
15 1
150 0
151 1
152 1
153 0
154 1
155 1
156 1
157 1
158 0
159 0
16 1
160 0
161 1
162 1
163 1
164 0
165 0
166 1
167 1
168 1
169 1
17 1
170 1
171 0
172 0
173 1
174 1
175 0
176 0
177 1
178 1
179 1
18 1
180 1
181 1
182 0
183 1
184 0
185 0
186 0
187 1
188 0
189 0
19 1
190 1
191 0
192 0
193 1
194 0
195 0
196 0
197 0
198 0
199 0
2 1
20 0
200 0
201 0
202 0
203 1
204 0
205 0
206 0
207 0
208 0
209 0
21 0
210 0
211 0
212 0
213 1
214 1
215 1
216 0
217 1
218 1
219 1
22 0
220 0
221 1
222 0
223 0
224 0
225 1
226 0
227 0
228 0
229 1
23 1
230 0
231 1
232 1
233 0
234 1
235 1
236 1
237 1
238 1
239 1
24 1
240 1
241 1
242 1
243 1
244 0
245 1
246 1
247 1
248 1
249 1
25 0
26 1
27 1
28 0
29 0
3 1
30 0
31 0
32 0
33 1
34 1
35 1
36 0
37 0
38 1
39 1
4 1
40 0
41 1
42 0
43 0
44 1
45 0
46 0
47 1
48 0
49 0
5 1
50 0
51 1
52 0
53 0
54 0
55 0
56 1
57 1
58 0
59 1
6 1
60 1
61 1
62 0
63 0
64 0
65 1
66 1
67 1
68 0
69 0
7 1
70 0
71 0
72 0
73 0
74 0
75 0
76 0
77 1
78 0
79 1
8 1
80 1
81 0
82 0
83 1
84 1
85 1
86 0
87 1
88 0
89 0
9 1
90 1
91 1
92 1
93 1
94 0
95 1
96 1
97 1
98 0
99 1