0 500.0 2530.0 10.12 0.019461145201547677 0.028056112224448895 0.007103542799272697 0.36530014641288433 0.06128771968335964 0.0026786577086149546
1 500.0 2530.0 10.12 0.019461145201547677 0.022044088176352703 0.0037656517534277703 0.34797768479776847 0.04785988665800335 0.002134132983127066
2 500.0 2530.0 10.12 0.019461145201547677 0.02004008016032064 0.003034514675507949 0.3551601423487544 0.05106754676533721 0.001932937460896828
3 500.0 2530.0 10.12 0.019461145201547677 0.01603206412825651 0.0018305331973598607 0.3383050847457627 0.03958505069958717 0.0016031115325876703
4 500.0 2530.0 10.12 0.019461145201547677 0.024048096192384766 0.004635724441842492 0.3519040902679831 0.04755741177703171 0.002325667725082497
5 500.0 2530.0 10.12 0.019461145201547677 0.018036072144288574 0.002478108667897561 0.3403819918144611 0.041730817062119056 0.0017752431139093918
6 500.0 2530.0 10.12 0.019461145201547677 0.024048096192384766 0.004835161048520827 0.35042134831460675 0.04459361375552449 0.002348568686033029
7 500.0 2530.0 10.12 0.019461145201547677 0.024048096192384766 0.005434462980438815 0.35390070921985817 0.04476114706541954 0.0023410731139682887
8 500.0 2530.0 10.12 0.019461145201547677 0.028056112224448895 0.005678282467095224 0.3669117647058823 0.07117884805765551 0.0026348178448897994
9 500.0 2530.0 10.12 0.019461145201547677 0.018036072144288574 0.002644111003981314 0.3298083278255122 0.030461551212608195 0.0018368678559190096
10 500.0 2530.0 10.12 0.019461145201547677 0.018036072144288574 0.0023493556303402293 0.3434273916035788 0.04248482501886172 0.001776215320949895
11 500.0 2530.0 10.12 0.019461145201547677 0.02004008016032064 0.0035137861793338066 0.3420150788211104 0.03875530417980192 0.0019768368956645005
12 500.0 2530.0 10.12 0.019461145201547677 0.018036072144288574 0.002697651632041656 0.3346747149564051 0.032453114437921246 0.001808937070055183
13 500.0 2530.0 10.12 0.019461145201547677 0.01603206412825651 0.0019067597937841032 0.3399182561307902 0.03802057548520509 0.0016011928451945788
14 500.0 2530.0 10.12 0.019461145201547677 0.01603206412825651 0.0024343387194979923 0.32028241335044927 0.02478177152347027 0.0016734626483313187
15 500.0 2530.0 10.12 0.019461145201547677 0.024048096192384766 0.005244293305095397 0.3509142053445851 0.04431982277838075 0.0023519548159705145
16 500.0 2530.0 10.12 0.019461145201547677 0.012024048096192383 0.0010644342937347715 0.3146279949558638 0.021793327327224016 0.0012791964665063483
17 500.0 2530.0 10.12 0.019461145201547677 0.014028056112224447 0.0016566297195045512 0.32764281024294156 0.030219960145654267 0.0014345393786019585
18 500.0 2530.0 10.12 0.019461145201547677 0.008016032064128256 0.00042744105532124447 0.30445393532641857 0.017756615108719124 0.0009079412482904298
19 500.0 2530.0 10.12 0.019461145201547677 0.008016032064128256 0.0005158236708202611 0.30821494749845585 0.017276252225762342 0.0009108627644290975
20 500.0 2530.0 10.12 0.019461145201547677 0.018036072144288574 0.0022986337363802263 0.3401499659168371 0.03941784456045758 0.0017791539562777017
21 500.0 2530.0 10.12 0.019461145201547677 0.038076152304609215 0.012889544605519433 0.3791793313069909 0.08125071158706237 0.003583498346498876
22 500.0 2530.0 10.12 0.019461145201547677 0.024048096192384766 0.004924908610948711 0.35116115411681914 0.047053055466690315 0.002331691593298455
23 500.0 2530.0 10.12 0.019461145201547677 0.022044088176352703 0.004313170119604698 0.3551601423487544 0.046009748593964964 0.0021342983200257513
24 500.0 2530.0 10.12 0.019461145201547677 0.014028056112224447 0.0015772932458696714 0.33112143331121435 0.030309329399529402 0.0014328141282336374
25 500.0 2530.0 10.12 0.019461145201547677 0.022044088176352703 0.0038516346839589937 0.3453287197231834 0.04663100617100367 0.0021487642332872143
26 500.0 2530.0 10.12 0.019461145201547677 0.02004008016032064 0.0031946583593996714 0.3443754313319531 0.043154880752429466 0.0019705807274009897
27 500.0 2530.0 10.12 0.019461145201547677 0.01603206412825651 0.0027517741002683737 0.3351242444593687 0.029356743521399067 0.0016539608370972477
28 500.0 2530.0 10.12 0.019461145201547677 0.02004008016032064 0.003825904045789194 0.34248455730954014 0.037716882598071315 0.0019974991817033757
29 500.0 2530.0 10.12 0.019461145201547677 0.014028056112224447 0.0015579418048861857 0.3324450366422385 0.03084663314920936 0.001430337480954282
30 500.0 2530.0 10.12 0.019461145201547677 0.01603206412825651 0.00215115339333722 0.3367071524966262 0.03431100254169203 0.0016148287414481
31 500.0 2530.0 10.12 0.019461145201547677 0.012024048096192383 0.0011680524976121168 0.31987179487179485 0.023122508036983538 0.0012692755036922195
32 500.0 2530.0 10.12 0.019461145201547677 0.024048096192384766 0.005405396651874898 0.3559201141226819 0.050446440723248775 0.0023445218020886178
33 500.0 2530.0 10.12 0.019461145201547677 0.03006012024048096 0.007548633530311879 0.3690828402366864 0.06941594954580751 0.0028309993720815087
34 500.0 2530.0 10.12 0.019461145201547677 0.03406813627254509 0.009483595279178776 0.3707280832095097 0.07530609543608444 0.0032138734676201595
35 500.0 2530.0 10.12 0.019461145201547677 0.014028056112224447 0.0018820283262678359 0.33090185676392575 0.028444860193378396 0.0014553258807401017
36 500.0 2530.0 10.12 0.019461145201547677 0.018036072144288574 0.002768907397390219 0.3392250169952413 0.03622154081386507 0.0017956193006598796
37 500.0 2530.0 10.12 0.019461145201547677 0.012024048096192383 0.0011350055778686474 0.32214331826985154 0.026280254174631947 0.001270051289864963
38 500.0 2530.0 10.12 0.019461145201547677 0.02004008016032064 0.003173745977326767 0.3467685892981237 0.04411054524510408 0.00195538383084515
39 500.0 2530.0 10.12 0.019461145201547677 0.018036072144288574 0.002768878002474523 0.3304635761589404 0.030038327084235213 0.0018223167294728793
40 500.0 2530.0 10.12 0.019461145201547677 0.03006012024048096 0.0066775366631527866 0.3658357771260997 0.07093347771480361 0.0028207267963085794
41 500.0 2530.0 10.12 0.019461145201547677 0.01603206412825651 0.0024505839052363595 0.330026455026455 0.029947490302126657 0.001636401129392219
42 500.0 2530.0 10.12 0.019461145201547677 0.01603206412825651 0.002090717335272594 0.3344504021447721 0.03323494810496597 0.0016170225840560551
43 500.0 2530.0 10.12 0.019461145201547677 0.01002004008016032 0.000880280459556882 0.3302448709463931 0.02913823577831691 0.001061971408187659
44 500.0 2530.0 10.12 0.019461145201547677 0.024048096192384766 0.004623905283704347 0.3629090909090909 0.060115413310288565 0.0022883227712012853
45 500.0 2530.0 10.12 0.019461145201547677 0.022044088176352703 0.004695326294926751 0.34870719776380155 0.04543714157693296 0.0021710621834388688
46 500.0 2530.0 10.12 0.019461145201547677 0.02004008016032064 0.0032835676550959773 0.34773519163763067 0.04448673704717543 0.001958124257259341
47 500.0 2530.0 10.12 0.019461145201547677 0.012024048096192383 0.0013201897776478765 0.310130515848353 0.020128597037250118 0.0013152506869419682
48 500.0 2530.0 10.12 0.019461145201547677 0.018036072144288574 0.002908218503632598 0.33968686181075564 0.03689292426381758 0.0018031657175839031
49 500.0 2530.0 10.12 0.019461145201547677 0.022044088176352703 0.0037131876270544324 0.3474930362116992 0.04511470289172192 0.002140245612994001
50 500.0 2530.0 10.12 0.019461145201547677 0.022044088176352703 0.003814008245584213 0.35314932767162066 0.052472960713004516 0.002126434019489669
51 500.0 2530.0 10.12 0.019461145201547677 0.022044088176352703 0.003974474133735872 0.34725121781489215 0.04707040655478773 0.0021632175430744438
52 500.0 2530.0 10.12 0.019461145201547677 0.03206412825651302 0.008764846487797405 0.37350299401197606 0.0755850411827926 0.003019331773945065
53 500.0 2530.0 10.12 0.019461145201547677 0.024048096192384766 0.004334674343279543 0.3554131054131054 0.054259884114233124 0.002307301434744315
54 500.0 2530.0 10.12 0.019461145201547677 0.024048096192384766 0.004924365303680262 0.3569384835479256 0.050843049138202784 0.0023198633368391843
55 500.0 2530.0 10.12 0.019461145201547677 0.01603206412825651 0.0023044832636117995 0.3346747149564051 0.033365631128597056 0.0016289402735971332
56 500.0 2530.0 10.12 0.019461145201547677 0.022044088176352703 0.0039126533317109585 0.33945578231292517 0.03952285759488092 0.0021936363323312637
57 500.0 2530.0 10.12 0.019461145201547677 0.02004008016032064 0.0033179599390166033 0.34725121781489215 0.04887922901122502 0.0019496677827318895
58 500.0 2530.0 10.12 0.019461145201547677 0.012024048096192383 0.0011969308007154088 0.32444733420026006 0.02522964927151206 0.0012585698062327843
59 500.0 2530.0 10.12 0.019461145201547677 0.022044088176352703 0.003890409241788098 0.3561741613133476 0.055672696947233105 0.002118401547406767
60 500.0 2530.0 10.12 0.019461145201547677 0.008016032064128256 0.0005673823929229547 0.3089783281733746 0.017246865998753715 0.0009097948322114127
61 500.0 2530.0 10.12 0.019461145201547677 0.01603206412825651 0.0021997207593534556 0.3378469871360867 0.03347384193374584 0.0016105708532249616
62 500.0 2530.0 10.12 0.019461145201547677 0.028056112224448895 0.007068311723394748 0.364766081871345 0.06320414222004792 0.002667379143449827
63 500.0 2530.0 10.12 0.019461145201547677 0.02004008016032064 0.0036417816968966326 0.3496846531184303 0.04226011831341018 0.0019648799271410663
64 500.0 2530.0 10.12 0.019461145201547677 0.024048096192384766 0.005128363710754991 0.35364989369241673 0.05041503718670125 0.0023323727475780213
65 500.0 2530.0 10.12 0.019461145201547677 0.024048096192384766 0.0045382252323769795 0.3584770114942529 0.05847640039226844 0.002293463376514144
66 500.0 2530.0 10.12 0.019461145201547677 0.028056112224448895 0.007178329461156459 0.3726661687826736 0.07155998742576686 0.002640363008815552
67 500.0 2530.0 10.12 0.019461145201547677 0.024048096192384766 0.005351929667724567 0.35364989369241673 0.04821808700269625 0.0023594229683017156
68 500.0 2530.0 10.12 0.019461145201547677 0.026052104208416832 0.006420371583050655 0.3613323678493845 0.05777095300971537 0.0025005521498278386
69 500.0 2530.0 10.12 0.019461145201547677 0.026052104208416832 0.00626098412781252 0.3597692862292718 0.0508297456445068 0.002510274016793896
70 500.0 2530.0 10.12 0.019461145201547677 0.03406813627254509 0.00986633944240226 0.3768882175226586 0.08598148289731251 0.003177425763363578
71 500.0 2530.0 10.12 0.019461145201547677 0.014028056112224447 0.0016412843686096224 0.32423651721897334 0.027229361188274147 0.001452365588411737
72 500.0 2530.0 10.12 0.019461145201547677 0.022044088176352703 0.0044404157833747935 0.3496846531184303 0.04714677426495658 0.002156724503302414
73 500.0 2530.0 10.12 0.019461145201547677 0.01603206412825651 0.0019218711465523357 0.32721311475409837 0.03069560701436204 0.001655346991979511
74 500.0 2530.0 10.12 0.019461145201547677 0.028056112224448895 0.0074054508928830766 0.35770609318996416 0.05219503873957928 0.0027382111928684833
75 500.0 2530.0 10.12 0.019461145201547677 0.02004008016032064 0.0033221510714894187 0.3403819918144611 0.03786512854848392 0.0019783616845789375
76 500.0 2530.0 10.12 0.019461145201547677 0.018036072144288574 0.002605725825474173 0.34061433447098977 0.03637756417675706 0.0018005644669145068
77 500.0 2530.0 10.12 0.019461145201547677 0.02004008016032064 0.0034447929877090334 0.3429553264604811 0.039359898480548786 0.0019773736507011862
78 500.0 2530.0 10.12 0.019461145201547677 0.024048096192384766 0.004667694611159705 0.35796269727403157 0.05150867518336117 0.0023205645548160358
79 500.0 2530.0 10.12 0.019461145201547677 0.008016032064128256 0.0005721431598096677 0.30297510625379476 0.016317560532930337 0.0009251934798707747
80 500.0 2530.0 10.12 0.019461145201547677 0.02004008016032064 0.0034923032351363457 0.33968686181075564 0.03541583801480292 0.0020029998478680957
81 500.0 2530.0 10.12 0.019461145201547677 0.018036072144288574 0.002482867610896787 0.34084699453551914 0.04112316371601151 0.0017884136416237556
82 500.0 2530.0 10.12 0.019461145201547677 0.018036072144288574 0.002694206270086654 0.3250814332247557 0.028631843928765794 0.0018403240482917178
83 500.0 2530.0 10.12 0.019461145201547677 0.02004008016032064 0.0035395117566300437 0.3401499659168371 0.03818412747712429 0.001986966617599925
84 500.0 2530.0 10.12 0.019461145201547677 0.026052104208416832 0.005701014475150538 0.3621190130624093 0.06415934966053191 0.002472791858663279
85 500.0 2530.0 10.12 0.019461145201547677 0.026052104208416832 0.0058059543630159605 0.3669117647058823 0.06661160797070392 0.002464540187416509
86 500.0 2530.0 10.12 0.019461145201547677 0.01603206412825651 0.0019388202668002372 0.32235142118863047 0.02893105217555987 0.001653530068796515
87 500.0 2530.0 10.12 0.019461145201547677 0.03206412825651302 0.009406094142911294 0.37547027840481567 0.07891393301286763 0.003024023900577974
88 500.0 2530.0 10.12 0.019461145201547677 0.03206412825651302 0.010118286454334739 0.3712797619047619 0.06727678717799672 0.0030673604916341118
89 500.0 2530.0 10.12 0.019461145201547677 0.02004008016032064 0.0029643767551938587 0.3460471567267684 0.0431844330583906 0.001962523736855108
90 500.0 2530.0 10.12 0.019461145201547677 0.018036072144288574 0.00246334832799053 0.3439007580978635 0.043103989399133305 0.0017697878444479947
91 500.0 2530.0 10.12 0.019461145201547677 0.014028056112224447 0.0019576472654173867 0.32069408740359895 0.02447738466513068 0.0014798751031254512
92 500.0 2530.0 10.12 0.019461145201547677 0.02004008016032064 0.003501607117904838 0.3450899031811895 0.03848990424224656 0.0019797973977277727
93 500.0 2530.0 10.12 0.019461145201547677 0.022044088176352703 0.004646123726339527 0.34556786703601106 0.03761024957450474 0.00217813488514062
94 500.0 2530.0 10.12 0.019461145201547677 0.012024048096192383 0.0012735715373429748 0.3172282263191354 0.02257936905460505 0.0012735619464981723
95 500.0 2530.0 10.12 0.019461145201547677 0.02004008016032064 0.0034149083178977055 0.35165609584214236 0.0474494401217596 0.0019529543751203363
96 500.0 2530.0 10.12 0.019461145201547677 0.014028056112224447 0.0016272856578079015 0.3263570961412688 0.026422859968301158 0.0014414240701606542
97 500.0 2530.0 10.12 0.019461145201547677 0.022044088176352703 0.0035714667669348743 0.343191196698762 0.044537915202996894 0.0021561784765531827
98 500.0 2530.0 10.12 0.019461145201547677 0.026052104208416832 0.006756286289160777 0.36080983369486624 0.05198217898825306 0.002529160925149044
99 500.0 2530.0 10.12 0.019461145201547677 0.028056112224448895 0.006306669497006556 0.3592512598992081 0.060515580337101124 0.002671573681356691
100 500.0 2530.0 10.12 0.019461145201547677 0.018036072144288574 0.0029278672441784117 0.3467685892981237 0.04176471277292151 0.0017795019623929847
101 500.0 2530.0 10.12 0.019461145201547677 0.018036072144288574 0.0030661703244747084 0.3376184032476319 0.0383663457107545 0.0018300963129327637
102 500.0 2530.0 10.12 0.019461145201547677 0.008016032064128256 0.0006150729347218469 0.29422169811320753 0.011282948742177635 0.0009413562653527519
103 500.0 2530.0 10.12 0.019461145201547677 0.028056112224448895 0.006010804399999925 0.36028880866425994 0.06369036363908163 0.0026655918105619363
104 500.0 2530.0 10.12 0.019461145201547677 0.02004008016032064 0.003428396332667417 0.34797768479776847 0.04458590834454523 0.0019688160417432447
105 500.0 2530.0 10.12 0.019461145201547677 0.01603206412825651 0.001759762630226054 0.3351242444593687 0.03986313199067983 0.0015994813323373684
106 500.0 2530.0 10.12 0.019461145201547677 0.018036072144288574 0.0027964291098931337 0.3373901284651792 0.037603314937458984 0.0017940054828227824
107 500.0 2530.0 10.12 0.019461145201547677 0.03006012024048096 0.007839149618141764 0.35899280575539566 0.05900728673413861 0.0028997293383693163
108 500.0 2530.0 10.12 0.019461145201547677 0.024048096192384766 0.004938413030323793 0.35770609318996416 0.05601298035100937 0.00231079699550075
109 500.0 2530.0 10.12 0.019461145201547677 0.028056112224448895 0.005599460941049207 0.36002886002886003 0.06085500161024128 0.002660123865640447
110 500.0 2530.0 10.12 0.019461145201547677 0.008016032064128256 0.0003675754339442037 0.3050122249388753 0.018076063700159975 0.0009135065249970385
111 500.0 2530.0 10.12 0.019461145201547677 0.03006012024048096 0.007956437673964091 0.3671817512877116 0.06609660037082368 0.0028669225196113926
112 500.0 2530.0 10.12 0.019461145201547677 0.014028056112224447 0.002029692849695221 0.33489932885906043 0.033231096945430735 0.0014346525381590594
113 500.0 2530.0 10.12 0.019461145201547677 0.03206412825651302 0.008088771262294124 0.37155621742367834 0.07486560058763861 0.0030003893376887615
114 500.0 2530.0 10.12 0.019461145201547677 0.022044088176352703 0.004269220399362602 0.3524011299435028 0.046096176670952144 0.0021508688228033565
115 500.0 2530.0 10.12 0.019461145201547677 0.024048096192384766 0.005186461935133168 0.3544034090909091 0.050951808409211735 0.0023278231785145956
116 500.0 2530.0 10.12 0.019461145201547677 0.018036072144288574 0.002608831413543555 0.336934503713707 0.03656606966310906 0.0017943945547737937
117 500.0 2530.0 10.12 0.019461145201547677 0.022044088176352703 0.004473846549199635 0.3496846531184303 0.04430198281793319 0.0021591211451069464
118 500.0 2530.0 10.12 0.019461145201547677 0.018036072144288574 0.003027497733548185 0.3383050847457627 0.036395675091980176 0.0018099414234078136
119 500.0 2530.0 10.12 0.019461145201547677 0.014028056112224447 0.0015904772999688942 0.32764281024294156 0.029631105243117534 0.001443104124947853
120 500.0 2530.0 10.12 0.019461145201547677 0.03206412825651302 0.007779072177938693 0.36054913294797686 0.06344714979705508 0.003046403904276551
121 500.0 2530.0 10.12 0.019461145201547677 0.022044088176352703 0.0036560406909083134 0.343191196698762 0.04262685092108176 0.002164648131106209
122 500.0 2530.0 10.12 0.019461145201547677 0.024048096192384766 0.005529168496773811 0.36185641769398114 0.052987388828688364 0.0023217048095203357
123 500.0 2530.0 10.12 0.019461145201547677 0.026052104208416832 0.005049335784853001 0.35390070921985817 0.057387895831063296 0.0024834212133874344
124 500.0 2530.0 10.12 0.019461145201547677 0.018036072144288574 0.0027145071642192156 0.336026936026936 0.033874448277487174 0.001812351763532818
125 500.0 2530.0 10.12 0.019461145201547677 0.01603206412825651 0.0020033764818765216 0.3315614617940199 0.032232556911998174 0.0016144925282044664
126 500.0 2530.0 10.12 0.019461145201547677 0.014028056112224447 0.001988269489685426 0.32131358660656795 0.02366360453013256 0.0014649472390928539
127 500.0 2530.0 10.12 0.019461145201547677 0.024048096192384766 0.004700137739223858 0.35770609318996416 0.050243833764793994 0.0023151430681378838
128 500.0 2530.0 10.12 0.019461145201547677 0.022044088176352703 0.004155321879749304 0.3521524347212421 0.04826729461607708 0.002139672982690572
129 500.0 2530.0 10.12 0.019461145201547677 0.022044088176352703 0.004110358253191842 0.3474930362116992 0.04317000408556052 0.0021597167007639667
130 500.0 2530.0 10.12 0.019461145201547677 0.014028056112224447 0.0015329434238795401 0.31803696622052263 0.025807601622806056 0.0014700093171470402
131 500.0 2530.0 10.12 0.019461145201547677 0.014028056112224447 0.0014593588532674081 0.3269986893840105 0.02945248161538897 0.0014312971171962867
132 500.0 2530.0 10.12 0.019461145201547677 0.014028056112224447 0.0017033429348374078 0.3295904887714663 0.030000956100126257 0.001434251261073374
133 500.0 2530.0 10.12 0.019461145201547677 0.01002004008016032 0.001391400547844018 0.31090342679127725 0.018671107997853528 0.001125986474557996
134 500.0 2530.0 10.12 0.019461145201547677 0.028056112224448895 0.006128855001825439 0.3639679066374909 0.0652851003396074 0.0026462854386512776
135 500.0 2530.0 10.12 0.019461145201547677 0.02004008016032064 0.003427544661232185 0.33716216216216216 0.03616522063907199 0.001999647749559301
136 500.0 2530.0 10.12 0.019461145201547677 0.024048096192384766 0.00540286483309895 0.35017543859649125 0.04735358730904026 0.002355325351638366
137 500.0 2530.0 10.12 0.019461145201547677 0.014028056112224447 0.001753151632109898 0.34131326949384405 0.034820015255749896 0.001420921180041741
138 500.0 2530.0 10.12 0.019461145201547677 0.024048096192384766 0.00503611576249407 0.35289957567185287 0.048586970922704094 0.002332864514739753
139 500.0 2530.0 10.12 0.019461145201547677 0.01603206412825651 0.002287009618537177 0.33648010788941335 0.03272757976698974 0.0016137823639486442
140 500.0 2530.0 10.12 0.019461145201547677 0.014028056112224447 0.0013782183941446835 0.3295904887714663 0.03404947749297664 0.0014211278412479792
141 500.0 2530.0 10.12 0.019461145201547677 0.022044088176352703 0.005029108894165252 0.3439007580978635 0.03656048114407034 0.00220666109848516
142 500.0 2530.0 10.12 0.019461145201547677 0.02004008016032064 0.003133452309308721 0.33400267737617134 0.03404464584291986 0.001995444836900207
143 500.0 2530.0 10.12 0.019461145201547677 0.018036072144288574 0.0028719670306793983 0.34870719776380155 0.042195435111073536 0.001774965507249719
144 500.0 2530.0 10.12 0.019461145201547677 0.014028056112224447 0.0018017179102573582 0.33288859239492996 0.031174811726890846 0.0014386446455520714
145 500.0 2530.0 10.12 0.019461145201547677 0.018036072144288574 0.0030911500713318007 0.3427197802197802 0.03628510346757559 0.0018006324979511707
146 500.0 2530.0 10.12 0.019461145201547677 0.014028056112224447 0.0017517036581370165 0.3200769724182168 0.023105333028007356 0.0014821021892648888
147 500.0 2530.0 10.12 0.019461145201547677 0.026052104208416832 0.006594315158160651 0.3566833452466047 0.051167485565931536 0.0025381135830669687
148 500.0 2530.0 10.12 0.019461145201547677 0.026052104208416832 0.005607942106049938 0.3554131054131054 0.047749275041725464 0.002516354042302104
149 500.0 2530.0 10.12 0.019461145201547677 0.02004008016032064 0.0038237636344732305 0.3439007580978635 0.03823561544048002 0.0019889967490905438
150 500.0 2530.0 10.12 0.019461145201547677 0.014028056112224447 0.0014810281288628383 0.3278580814717477 0.03126855225440009 0.001427621284046684
151 500.0 2530.0 10.12 0.019461145201547677 0.01603206412825651 0.0023998865713984853 0.33266666666666667 0.031800849684517976 0.001629233834422374
152 500.0 2530.0 10.12 0.019461145201547677 0.026052104208416832 0.005497233773472883 0.3615942028985507 0.05846656335032099 0.002489199608034866
153 500.0 2530.0 10.12 0.019461145201547677 0.024048096192384766 0.005267759685785091 0.35140845070422533 0.04717363416741851 0.0023354940036354422
154 500.0 2530.0 10.12 0.019461145201547677 0.012024048096192383 0.0011026467346074017 0.32297734627831715 0.027045563185300436 0.0012610245940249726
155 500.0 2530.0 10.12 0.019461145201547677 0.026052104208416832 0.005961345669753385 0.34919524142757175 0.04484525856354526 0.0025451636231904455
156 500.0 2530.0 10.12 0.019461145201547677 0.01603206412825651 0.002297530979563807 0.3285055957867018 0.02926337649437978 0.0016439723980157857
157 500.0 2530.0 10.12 0.019461145201547677 0.022044088176352703 0.005140487354694879 0.343191196698762 0.03933878103187772 0.002213285709202353
158 500.0 2530.0 10.12 0.019461145201547677 0.018036072144288574 0.0032729884117529335 0.34485141672425706 0.03829996102817998 0.0017938759791781337
159 500.0 2530.0 10.12 0.019461145201547677 0.018036072144288574 0.002784511245607085 0.3373901284651792 0.03645653738697219 0.0018039640467161354
160 500.0 2530.0 10.12 0.019461145201547677 0.02004008016032064 0.0038345832912485066 0.33945578231292517 0.034345512206674776 0.0020169224638145527
161 500.0 2530.0 10.12 0.019461145201547677 0.01603206412825651 0.002891119729355383 0.343191196698762 0.0345049032826229 0.001620858455369617
162 500.0 2530.0 10.12 0.019461145201547677 0.022044088176352703 0.004605765174200709 0.3474930362116992 0.043100279017214374 0.002198476438480213
163 500.0 2530.0 10.12 0.019461145201547677 0.022044088176352703 0.003974281669410202 0.343191196698762 0.04058283172972026 0.002168076584358466
164 500.0 2530.0 10.12 0.019461145201547677 0.026052104208416832 0.005451728114323448 0.35744985673352436 0.05319318147544211 0.002504566330213176
165 500.0 2530.0 10.12 0.019461145201547677 0.03006012024048096 0.007893576780633568 0.3671817512877116 0.06428110734819042 0.0028670119704680185
166 500.0 2530.0 10.12 0.019461145201547677 0.03406813627254509 0.009358563129805517 0.36881005173688103 0.07244716467942341 0.0032098724171956234
167 500.0 2530.0 10.12 0.019461145201547677 0.01603206412825651 0.002008250056962536 0.3324450366422385 0.03346177807535565 0.0016163950745061522
168 500.0 2530.0 10.12 0.019461145201547677 0.026052104208416832 0.006285419335201826 0.36028880866425994 0.054372244796444015 0.00251319670897653
169 500.0 2530.0 10.12 0.019461145201547677 0.01603206412825651 0.002479723464472957 0.33311081441922563 0.029600706427215386 0.0016341470491930076
170 500.0 2530.0 10.12 0.019461145201547677 0.024048096192384766 0.004710512380210264 0.3584770114942529 0.0559264477050715 0.0023097491036576713
171 500.0 2530.0 10.12 0.019461145201547677 0.01603206412825651 0.002194014376554871 0.3367071524966262 0.033808991232455454 0.0016200804761978482
172 500.0 2530.0 10.12 0.019461145201547677 0.01603206412825651 0.001878526414158561 0.31946222791293216 0.026179449794333995 0.0016525658010098246
173 500.0 2530.0 10.12 0.019461145201547677 0.03006012024048096 0.006438897224541849 0.3671817512877116 0.07321800501159227 0.002821258943683559
174 500.0 2530.0 10.12 0.019461145201547677 0.01603206412825651 0.0021816939614641285 0.32276843467011646 0.026075890184794667 0.0016602099013399495
175 500.0 2530.0 10.12 0.019461145201547677 0.018036072144288574 0.0025855457624485356 0.3373901284651792 0.03436134975319271 0.0017989921715835142
176 500.0 2530.0 10.12 0.019461145201547677 0.02004008016032064 0.0033434148462126757 0.3446132596685083 0.03887345108899807 0.0019807600978838623
177 500.0 2530.0 10.12 0.019461145201547677 0.014028056112224447 0.0015425351467666982 0.3302448709463931 0.030235807410516208 0.0014352418763898104
178 500.0 2530.0 10.12 0.019461145201547677 0.018036072144288574 0.0033058253514988245 0.34224965706447186 0.0366335809446818 0.0018062588707725086
179 500.0 2530.0 10.12 0.019461145201547677 0.02004008016032064 0.0033148835423904895 0.3429553264604811 0.0392878872086552 0.001985398712455724
180 500.0 2530.0 10.12 0.019461145201547677 0.01603206412825651 0.0023627147983188877 0.32593076420640105 0.02758066811171534 0.0016534839143575277
181 500.0 2530.0 10.12 0.019461145201547677 0.014028056112224447 0.0016633259416525196 0.32872200263504614 0.03177208178904259 0.001453059334588157
182 500.0 2530.0 10.12 0.019461145201547677 0.038076152304609215 0.01169526772277789 0.3774583963691377 0.0864573814893582 0.0035620656260734853
183 500.0 2530.0 10.12 0.019461145201547677 0.01603206412825651 0.0023121605375736945 0.336026936026936 0.03242134948365392 0.001618514160991052
184 500.0 2530.0 10.12 0.019461145201547677 0.022044088176352703 0.004616992903242548 0.3544034090909091 0.04676801313082407 0.0021432592822709087
185 500.0 2530.0 10.12 0.019461145201547677 0.018036072144288574 0.0032350561431022484 0.33716216216216216 0.035580492867313865 0.0018288884524263393
186 500.0 2530.0 10.12 0.019461145201547677 0.022044088176352703 0.003960799505910114 0.3521524347212421 0.04858138886420586 0.002128405817545867
187 500.0 2530.0 10.12 0.019461145201547677 0.026052104208416832 0.005731649637095197 0.3584770114942529 0.057241839348169676 0.0024905597732932444
188 500.0 2530.0 10.12 0.019461145201547677 0.022044088176352703 0.00426575517571324 0.343191196698762 0.040240338283078346 0.002180858524368236
189 500.0 2530.0 10.12 0.019461145201547677 0.03006012024048096 0.007632908388446108 0.37100371747211897 0.06911185807476727 0.002840271076197951
190 500.0 2530.0 10.12 0.019461145201547677 0.012024048096192383 0.0010139482212681852 0.3172282263191354 0.024109621403964353 0.0012687173437086478
191 500.0 2530.0 10.12 0.019461145201547677 0.01603206412825651 0.002174757341213187 0.3315614617940199 0.032303738411504725 0.0016316195479652664
192 500.0 2530.0 10.12 0.019461145201547677 0.02004008016032064 0.00416354453884434 0.3392250169952413 0.03489541625968536 0.002020545984288211
193 500.0 2530.0 10.12 0.019461145201547677 0.02004008016032064 0.0039007194315540464 0.34178082191780823 0.0367115302036623 0.001995952259034997
194 500.0 2530.0 10.12 0.019461145201547677 0.018036072144288574 0.0032046398592868587 0.33876442634080106 0.034844722189603466 0.0018227798145475523
195 500.0 2530.0 10.12 0.019461145201547677 0.03607214428857715 0.01161328310455725 0.3690828402366864 0.07397546786954146 0.003424425812345563
196 500.0 2530.0 10.12 0.019461145201547677 0.03006012024048096 0.007154082203586315 0.37631975867269984 0.0819843929789844 0.002789053333472951
197 500.0 2530.0 10.12 0.019461145201547677 0.01603206412825651 0.002339009322195019 0.3362533692722372 0.03264133582970909 0.0016269541273591403
198 500.0 2530.0 10.12 0.019461145201547677 0.022044088176352703 0.004467350183139472 0.3506676036542516 0.04920536578535523 0.0021556692248385053
199 500.0 2530.0 10.12 0.019461145201547677 0.02004008016032064 0.0032233624774055157 0.3401499659168371 0.038346781043713855 0.001979368831917479
200 500.0 2530.0 10.12 0.019461145201547677 0.024048096192384766 0.004827450525982107 0.3559201141226819 0.05231882327610972 0.0023126773939100257
201 500.0 2530.0 10.12 0.019461145201547677 0.014028056112224447 0.001762061642197454 0.3320026613439787 0.031192404710433875 0.0014401843294524867
202 500.0 2530.0 10.12 0.019461145201547677 0.022044088176352703 0.004680613233739927 0.34919524142757175 0.04278498239310193 0.0021588739735130783
203 500.0 2530.0 10.12 0.019461145201547677 0.014028056112224447 0.001791365311676573 0.33288859239492996 0.031243617956206546 0.001433934210854342
204 500.0 2530.0 10.12 0.019461145201547677 0.03206412825651302 0.008830829344457903 0.3615942028985507 0.06087645725937065 0.003076743368506554
205 500.0 2530.0 10.12 0.019461145201547677 0.01002004008016032 0.001135800706295017 0.3078346699568168 0.018096988392254737 0.0011308379814322503
206 500.0 2530.0 10.12 0.019461145201547677 0.018036072144288574 0.0028270066794577582 0.3346747149564051 0.03294683020179911 0.0018131408919798825
207 500.0 2530.0 10.12 0.019461145201547677 0.01603206412825651 0.0018860466266388913 0.3315614617940199 0.03330251147726147 0.0016138567157460222
208 500.0 2530.0 10.12 0.019461145201547677 0.02004008016032064 0.003742101416534318 0.3351242444593687 0.03323909233831609 0.002031680768485495
209 500.0 2530.0 10.12 0.019461145201547677 0.022044088176352703 0.004171314652412825 0.34919524142757175 0.04582277358040484 0.002141817851234162
210 500.0 2530.0 10.12 0.019461145201547677 0.018036072144288574 0.0031221055405521196 0.33311081441922563 0.032180417554794206 0.0018304838028554821
211 500.0 2530.0 10.12 0.019461145201547677 0.022044088176352703 0.0043944555214616935 0.34919524142757175 0.04674359318418423 0.0021732561240589876
212 500.0 2530.0 10.12 0.019461145201547677 0.03406813627254509 0.009285002538701195 0.36935603256846783 0.06884361663032013 0.0032296059155938178
213 500.0 2530.0 10.12 0.019461145201547677 0.018036072144288574 0.002636781023433408 0.3446132596685083 0.04104691982892884 0.0017758999864972934
214 500.0 2530.0 10.12 0.019461145201547677 0.024048096192384766 0.004924786618763092 0.35017543859649125 0.04859337276855868 0.002324494043630763
215 500.0 2530.0 10.12 0.019461145201547677 0.018036072144288574 0.0024968652817643653 0.331781914893617 0.03314446662779711 0.0018162534939788486
216 500.0 2530.0 10.12 0.019461145201547677 0.022044088176352703 0.004402881634231066 0.348463687150838 0.04332503891814791 0.0021685232308714863
217 500.0 2530.0 10.12 0.019461145201547677 0.01603206412825651 0.0021592472887160233 0.3304635761589404 0.030335869242481103 0.001631276923589202
218 500.0 2530.0 10.12 0.019461145201547677 0.014028056112224447 0.0012570909762340554 0.3263570961412688 0.030522141571016567 0.0014299952045616392
219 500.0 2530.0 10.12 0.019461145201547677 0.018036072144288574 0.0030813583734152303 0.34061433447098977 0.034465762142593205 0.0018017930753715192
220 500.0 2530.0 10.12 0.019461145201547677 0.03206412825651302 0.009510809080059317 0.370452858203415 0.06526913428625918 0.0030620563206091326
221 500.0 2530.0 10.12 0.019461145201547677 0.012024048096192383 0.0011019981888193994 0.32721311475409837 0.029467360660961617 0.0012582161860500774
222 500.0 2530.0 10.12 0.019461145201547677 0.01603206412825651 0.0023828161933077585 0.33489932885906043 0.031486660091046004 0.0016229917600818643
223 500.0 2530.0 10.12 0.019461145201547677 0.026052104208416832 0.006305748864246696 0.35796269727403157 0.04995012471155192 0.002530612060962131
224 500.0 2530.0 10.12 0.019461145201547677 0.014028056112224447 0.0012542197252618024 0.32152061855670105 0.029049378483254132 0.001442057262058825
225 500.0 2530.0 10.12 0.019461145201547677 0.02004008016032064 0.0028887933496040672 0.34725121781489215 0.04905761952292607 0.0019480968895027283
226 500.0 2530.0 10.12 0.019461145201547677 0.014028056112224447 0.0015556181143603735 0.32678454485920105 0.030022993891429713 0.0014374093819108096
227 500.0 2530.0 10.12 0.019461145201547677 0.02004008016032064 0.0034681779420875684 0.3434273916035788 0.04081770613324346 0.0019769250511767634
228 500.0 2530.0 10.12 0.019461145201547677 0.022044088176352703 0.004273664692077016 0.34870719776380155 0.044031748139228305 0.0021647781832400217
229 500.0 2530.0 10.12 0.019461145201547677 0.014028056112224447 0.0015161482746115743 0.3304635761589404 0.032367065000015675 0.00142813722637113
230 500.0 2530.0 10.12 0.019461145201547677 0.014028056112224447 0.0019472544872179808 0.32678454485920105 0.027371496462246223 0.0014648389157105768
231 500.0 2530.0 10.12 0.019461145201547677 0.022044088176352703 0.004132878861694949 0.348463687150838 0.04248309267739065 0.0021614787478077425
232 500.0 2530.0 10.12 0.019461145201547677 0.014028056112224447 0.0017033449623695765 0.31803696622052263 0.02319827627737488 0.0014669374912676125
233 500.0 2530.0 10.12 0.019461145201547677 0.01603206412825651 0.0015301429778668257 0.32678454485920105 0.033223286398012926 0.001614144744219207
234 500.0 2530.0 10.12 0.019461145201547677 0.03006012024048096 0.008301962330091386 0.370452858203415 0.06806104222845819 0.0028549732598443134
235 500.0 2530.0 10.12 0.019461145201547677 0.01002004008016032 0.0008198480141058276 0.3170266836086404 0.020728495795280476 0.0010852344167301988
236 500.0 2530.0 10.12 0.019461145201547677 0.018036072144288574 0.002650742455084497 0.3322237017310253 0.03252074415638212 0.0018152896250781775
237 500.0 2530.0 10.12 0.019461145201547677 0.022044088176352703 0.004146167138997253 0.3551601423487544 0.04742386708042666 0.002131119843218115
238 500.0 2530.0 10.12 0.019461145201547677 0.014028056112224447 0.0020784755545729594 0.32131358660656795 0.025335213235801995 0.0014983887121812968
239 500.0 2530.0 10.12 0.019461145201547677 0.026052104208416832 0.005899642046196253 0.35289957567185287 0.05152791647126058 0.002519959247753174
240 500.0 2530.0 10.12 0.019461145201547677 0.03206412825651302 0.008916242256733238 0.36317321688500726 0.06420549833242523 0.00308156961432162
241 500.0 2530.0 10.12 0.019461145201547677 0.008016032064128256 0.000553784940442045 0.30169286577992743 0.015710775923318553 0.000922724336465017
242 500.0 2530.0 10.12 0.019461145201547677 0.026052104208416832 0.005565359551219432 0.35314932767162066 0.051674601735453664 0.0025390850983273553
243 500.0 2530.0 10.12 0.019461145201547677 0.024048096192384766 0.005158487333280741 0.3509142053445851 0.04517418680945802 0.002345381828709869
244 500.0 2530.0 10.12 0.019461145201547677 0.022044088176352703 0.004169161955343674 0.35042134831460675 0.0481988254216767 0.002152198996703406
245 500.0 2530.0 10.12 0.019461145201547677 0.018036072144288574 0.002941629706160566 0.3439007580978635 0.039880359556738534 0.001787268717047854
246 500.0 2530.0 10.12 0.019461145201547677 0.026052104208416832 0.00526109819557235 0.3621190130624093 0.061439229552788445 0.0024722121048610223
247 500.0 2530.0 10.12 0.019461145201547677 0.02004008016032064 0.002982097449234651 0.336934503713707 0.0399280186045527 0.001985318749983796
248 500.0 2530.0 10.12 0.019461145201547677 0.028056112224448895 0.006587509667360258 0.36449963476990505 0.06456814779595833 0.002654450630573222
249 500.0 2530.0 10.12 0.019461145201547677 0.026052104208416832 0.005993749725675631 0.36343772760378734 0.056836549232328615 0.0024943727568927762
250 500.0 2530.0 10.12 0.019461145201547677 0.026052104208416832 0.0051977230960457005 0.35642857142857143 0.05875892882254251 0.0024853418479021078
251 500.0 2530.0 10.12 0.019461145201547677 0.026052104208416832 0.006430470535803849 0.3569384835479256 0.05033098206684594 0.0025306342221585124
252 500.0 2530.0 10.12 0.019461145201547677 0.03006012024048096 0.008528312987814413 0.36637298091042586 0.06652484795921373 0.0028707006704281664
253 500.0 2530.0 10.12 0.019461145201547677 0.022044088176352703 0.003939724365454566 0.3462873004857738 0.04643952393244183 0.002151373581486134
254 500.0 2530.0 10.12 0.019461145201547677 0.018036072144288574 0.002641871547679418 0.3376184032476319 0.03640232563672487 0.001798051288585301
255 500.0 2530.0 10.12 0.019461145201547677 0.01603206412825651 0.0022446582826975876 0.3285055957867018 0.026932278145821713 0.0016411800484085316
256 500.0 2530.0 10.12 0.019461145201547677 0.024048096192384766 0.004824685350067913 0.347009735744089 0.04448490815788219 0.0023383021126052216
257 500.0 2530.0 10.12 0.019461145201547677 0.026052104208416832 0.006165191061289911 0.3650329188002926 0.057131421367799154 0.0024861809125252595
258 500.0 2530.0 10.12 0.019461145201547677 0.026052104208416832 0.005953016088604304 0.3509142053445851 0.04806483848014556 0.002544576075562298
259 500.0 2530.0 10.12 0.019461145201547677 0.03006012024048096 0.008336268226575516 0.364766081871345 0.05867226664715496 0.002880257874735669
260 500.0 2530.0 10.12 0.019461145201547677 0.018036072144288574 0.0028833166085133234 0.34107997265892004 0.035357158642039845 0.0017996114405211983
261 500.0 2530.0 10.12 0.019461145201547677 0.022044088176352703 0.004626070764947761 0.35314932767162066 0.048278740696368345 0.0021527493524649347
262 500.0 2530.0 10.12 0.019461145201547677 0.03206412825651302 0.008716245340534789 0.36530014641288433 0.06267493715709713 0.0030558490374139997
263 500.0 2530.0 10.12 0.019461145201547677 0.03006012024048096 0.007361149848254035 0.3666421748714181 0.0680621405218801 0.0028523103655995643
264 500.0 2530.0 10.12 0.019461145201547677 0.008016032064128256 0.0006159969246140951 0.2902850494473531 0.010316108730741508 0.0009513918196181163
265 500.0 2530.0 10.12 0.019461145201547677 0.018036072144288574 0.0024350663567377553 0.34822051639916257 0.04836169556034505 0.0017511089764622267
266 500.0 2530.0 10.12 0.019461145201547677 0.014028056112224447 0.0014987052123669497 0.3289386947923533 0.030040638158367577 0.0014322671850532714
267 500.0 2530.0 10.12 0.019461145201547677 0.022044088176352703 0.003982255358642035 0.3544034090909091 0.04960143786931431 0.002124981584081755
268 500.0 2530.0 10.12 0.019461145201547677 0.02004008016032064 0.0032379185078733473 0.3453287197231834 0.04328403800642205 0.0019670708901233466
269 500.0 2530.0 10.12 0.019461145201547677 0.018036072144288574 0.003472912768431405 0.336026936026936 0.035201516730376206 0.0018332233595045593
270 500.0 2530.0 10.12 0.019461145201547677 0.024048096192384766 0.005154495302038434 0.347009735744089 0.0446507630107071 0.0023495980378813353
271 500.0 2530.0 10.12 0.019461145201547677 0.01002004008016032 0.0008539671627103318 0.32657068062827227 0.025945641124592855 0.0010725485628834473
272 500.0 2530.0 10.12 0.019461145201547677 0.02004008016032064 0.003827440719030647 0.34797768479776847 0.046149881337737175 0.0019747867747702433
273 500.0 2530.0 10.12 0.019461145201547677 0.014028056112224447 0.001507366059012785 0.3344504021447721 0.0337448335246643 0.0014298566927964866
274 500.0 2530.0 10.12 0.019461145201547677 0.01603206412825651 0.0025588124020737286 0.3335561497326203 0.03212259948482825 0.0016483432600481324
275 500.0 2530.0 10.12 0.019461145201547677 0.02004008016032064 0.003454463771280959 0.348463687150838 0.0461428239737616 0.001973041697234578
276 500.0 2530.0 10.12 0.019461145201547677 0.018036072144288574 0.0024336625173545672 0.33807588075880757 0.03876114365399224 0.001779399478683932
277 500.0 2530.0 10.12 0.019461145201547677 0.024048096192384766 0.00582382360157975 0.3494397759103641 0.04274455979971892 0.0023783369532265814
278 500.0 2530.0 10.12 0.019461145201547677 0.024048096192384766 0.0048630693856258145 0.3613323678493845 0.053429973433355045 0.002312067160208433
279 500.0 2530.0 10.12 0.019461145201547677 0.01603206412825651 0.0019661283045395643 0.3285055957867018 0.03056923402630343 0.0016198904541345044
280 500.0 2530.0 10.12 0.019461145201547677 0.024048096192384766 0.004599628593012403 0.35364989369241673 0.052524723019776766 0.0023193771334474207
281 500.0 2530.0 10.12 0.019461145201547677 0.014028056112224447 0.0015889377262605026 0.3304635761589404 0.031570010587111265 0.0014272238168845546
282 500.0 2530.0 10.12 0.019461145201547677 0.024048096192384766 0.005423206058959829 0.3561741613133476 0.05156961019635249 0.0023400880811051583
283 500.0 2530.0 10.12 0.019461145201547677 0.018036072144288574 0.002906779678805134 0.3450899031811895 0.04199729244434726 0.0017864556022779917
284 500.0 2530.0 10.12 0.019461145201547677 0.03607214428857715 0.010413752453648992 0.3777441332323997 0.08513816497242219 0.0033554116117682927
285 500.0 2530.0 10.12 0.019461145201547677 0.02004008016032064 0.0034166069801849067 0.3458073458073458 0.04191482102306997 0.0019788026269786374
286 500.0 2530.0 10.12 0.019461145201547677 0.03607214428857715 0.011750957306106985 0.3774583963691377 0.07503254039685144 0.0033860940172897184
287 500.0 2530.0 10.12 0.019461145201547677 0.028056112224448895 0.0060244274387688855 0.349929873772791 0.0521480771665747 0.002707938651548125
288 500.0 2530.0 10.12 0.019461145201547677 0.01603206412825651 0.002087188202763988 0.3353494623655914 0.03735377270183852 0.0016048356592258807
289 500.0 2530.0 10.12 0.019461145201547677 0.01603206412825651 0.002072272053792328 0.3389945652173913 0.03785184361439705 0.0016038113183290945
290 500.0 2530.0 10.12 0.019461145201547677 0.012024048096192383 0.0014177346322226186 0.3295904887714663 0.03012803811798198 0.0012600062477478248
291 500.0 2530.0 10.12 0.019461145201547677 0.03006012024048096 0.00809393161965851 0.36881005173688103 0.06791695985794872 0.002844349324292752
292 500.0 2530.0 10.12 0.019461145201547677 0.022044088176352703 0.0037724423513722963 0.34797768479776847 0.04793694248926876 0.002137419918212601
293 500.0 2530.0 10.12 0.019461145201547677 0.028056112224448895 0.007860332638769205 0.36002886002886003 0.05830573017310728 0.0027268700957110213
294 500.0 2530.0 10.12 0.019461145201547677 0.03006012024048096 0.0076771679269920295 0.35390070921985817 0.0507684648789647 0.002918152811709266
295 500.0 2530.0 10.12 0.019461145201547677 0.022044088176352703 0.004192311089290657 0.35165609584214236 0.049082068191343795 0.0021367617805015063
296 500.0 2530.0 10.12 0.019461145201547677 0.02004008016032064 0.0035257788268491875 0.3467685892981237 0.043451002766467475 0.001968149468619349
297 500.0 2530.0 10.12 0.019461145201547677 0.03006012024048096 0.008300247012710898 0.364766081871345 0.06525615530497769 0.002866467396474488
298 500.0 2530.0 10.12 0.019461145201547677 0.01603206412825651 0.0022545072946995193 0.3302448709463931 0.030333157705329877 0.0016293952181448321
299 500.0 2530.0 10.12 0.019461145201547677 0.008016032064128256 0.00044790071966470564 0.29684711481261156 0.014157625232874472 0.0009214418763181381
300 500.0 2530.0 10.12 0.019461145201547677 0.022044088176352703 0.0042486203971862655 0.3378469871360867 0.034742001342043916 0.002214966002319976
301 500.0 2530.0 10.12 0.019461145201547677 0.02004008016032064 0.0033591245933339395 0.3467685892981237 0.043679181741745864 0.00196012302619687
302 500.0 2530.0 10.12 0.019461145201547677 0.018036072144288574 0.003231215129154528 0.3467685892981237 0.03798891055441944 0.0017955002709859483
303 500.0 2530.0 10.12 0.019461145201547677 0.03006012024048096 0.007476818722772365 0.37183308494783907 0.07285472497130044 0.0028196636212955233
304 500.0 2530.0 10.12 0.019461145201547677 0.038076152304609215 0.0119074491949372 0.3774583963691377 0.08176236530696844 0.003577071373301385
305 500.0 2530.0 10.12 0.019461145201547677 0.012024048096192383 0.0011614832460686163 0.31482649842271293 0.021988940397304493 0.001279935982270611
306 500.0 2530.0 10.12 0.019461145201547677 0.014028056112224447 0.002041301700839044 0.3186462324393359 0.0238677251482353 0.0014876984737625797
307 500.0 2530.0 10.12 0.019461145201547677 0.026052104208416832 0.005397213175380991 0.3650329188002926 0.06466385542457227 0.002464416547214629
308 500.0 2530.0 10.12 0.019461145201547677 0.012024048096192383 0.0012248199360085914 0.30916976456009915 0.01991567817973096 0.0013084426288242404
309 500.0 2530.0 10.12 0.019461145201547677 0.018036072144288574 0.002021271648829051 0.3295904887714663 0.03496838277849291 0.0018017862365397276
310 500.0 2530.0 10.12 0.019461145201547677 0.024048096192384766 0.005356641050564351 0.35116115411681914 0.043605665388659724 0.0023723345198647027
311 500.0 2530.0 10.12 0.019461145201547677 0.022044088176352703 0.004191832233850871 0.35339943342776203 0.05048316654421495 0.002140635119137385
312 500.0 2530.0 10.12 0.019461145201547677 0.014028056112224447 0.0018203260463619383 0.3302448709463931 0.029550091495527855 0.0014453053527890055
313 500.0 2530.0 10.12 0.019461145201547677 0.018036072144288574 0.002575096814712552 0.3401499659168371 0.03718325839281045 0.001791605246614506
314 500.0 2530.0 10.12 0.019461145201547677 0.012024048096192383 0.0011377856721381861 0.30078360458107295 0.01612464160309596 0.0013139763962466077
315 500.0 2530.0 10.12 0.019461145201547677 0.012024048096192383 0.001264000096287831 0.3110972568578554 0.019338939081621237 0.0012923702687075529
316 500.0 2530.0 10.12 0.019461145201547677 0.018036072144288574 0.0025012882213928103 0.33968686181075564 0.03619110711640751 0.0017978325811907677
317 500.0 2530.0 10.12 0.019461145201547677 0.008016032064128256 0.0004262920165865135 0.297910447761194 0.01445110613587864 0.0009275230542564443
318 500.0 2530.0 10.12 0.019461145201547677 0.024048096192384766 0.004942200249628277 0.35140845070422533 0.04796252809087343 0.0023390943235672814
319 500.0 2530.0 10.12 0.019461145201547677 0.02004008016032064 0.0033011422710473716 0.34556786703601106 0.044638716717287696 0.0019726662259995065
320 500.0 2530.0 10.12 0.019461145201547677 0.024048096192384766 0.00509175814821216 0.3592512598992081 0.05476340530716288 0.002320921550828842
321 500.0 2530.0 10.12 0.019461145201547677 0.022044088176352703 0.003918245058257641 0.35042134831460675 0.043978768621001474 0.0021485215408365366
322 500.0 2530.0 10.12 0.019461145201547677 0.028056112224448895 0.006672320352514683 0.3621190130624093 0.0565076184113532 0.0026797611503019494
323 500.0 2530.0 10.12 0.019461145201547677 0.03206412825651302 0.009572170322147272 0.3671817512877116 0.06251188096201224 0.003067919515532854
324 500.0 2530.0 10.12 0.019461145201547677 0.022044088176352703 0.004444216020236806 0.3439007580978635 0.04221521524523508 0.002165762849126111
325 500.0 2530.0 10.12 0.019461145201547677 0.024048096192384766 0.005494526028643108 0.3494397759103641 0.044397177042626114 0.002359984621306048
326 500.0 2530.0 10.12 0.019461145201547677 0.01603206412825651 0.0021952691331638312 0.3324450366422385 0.03069291852952733 0.0016183799203574563
327 500.0 2530.0 10.12 0.019461145201547677 0.01603206412825651 0.0025069566729818875 0.32678454485920105 0.02563719395920432 0.0016556058800928307
328 500.0 2530.0 10.12 0.019461145201547677 0.02004008016032064 0.003109029375674327 0.3494397759103641 0.04570090384534877 0.001953790728319155
329 500.0 2530.0 10.12 0.019461145201547677 0.024048096192384766 0.0047945922339742205 0.3526501766784452 0.04923650143819251 0.0023309742629268656
330 500.0 2530.0 10.12 0.019461145201547677 0.018036072144288574 0.002798091888884459 0.33807588075880757 0.034400354385588174 0.001806974625876377
331 500.0 2530.0 10.12 0.019461145201547677 0.024048096192384766 0.0051531828684054275 0.3569384835479256 0.051796746036241924 0.0023213485253000443
332 500.0 2530.0 10.12 0.019461145201547677 0.02004008016032064 0.003488553949263918 0.33968686181075564 0.03638169670645711 0.0019944465793010607
333 500.0 2530.0 10.12 0.019461145201547677 0.03006012024048096 0.008473552051880984 0.36799410029498525 0.06715248974783183 0.002867212205198818
334 500.0 2530.0 10.12 0.019461145201547677 0.022044088176352703 0.00402228452571828 0.34652777777777777 0.04493061526107722 0.0021597683514445877
335 500.0 2530.0 10.12 0.019461145201547677 0.01603206412825651 0.0021733821569792145 0.32193548387096776 0.023577649332030805 0.0016567515870256338
336 500.0 2530.0 10.12 0.019461145201547677 0.01603206412825651 0.0024078366204597574 0.336934503713707 0.030187101990531838 0.0016281609724575713
337 500.0 2530.0 10.12 0.019461145201547677 0.022044088176352703 0.0038811541813032853 0.3584770114942529 0.05156518601289167 0.0021150157204908263
338 500.0 2530.0 10.12 0.019461145201547677 0.012024048096192383 0.0009995651074255838 0.31090342679127725 0.021527942713573917 0.0012734788869942179
339 500.0 2530.0 10.12 0.019461145201547677 0.02004008016032064 0.0031231531535476256 0.3450899031811895 0.04375888688336624 0.001965251330664824
340 500.0 2530.0 10.12 0.019461145201547677 0.008016032064128256 0.0006601336392699027 0.2947430596574129 0.011664213166224565 0.000950730606335069
341 500.0 2530.0 10.12 0.019461145201547677 0.01603206412825651 0.0022537444692783803 0.3353494623655914 0.03281296348332743 0.001617052560538951
342 500.0 2530.0 10.12 0.019461145201547677 0.026052104208416832 0.006037899647649837 0.3561741613133476 0.052780034288018106 0.002517857892699573
343 500.0 2530.0 10.12 0.019461145201547677 0.02004008016032064 0.003853743780930336 0.34797768479776847 0.04027457236307151 0.0019819041978051586
344 500.0 2530.0 10.12 0.019461145201547677 0.018036072144288574 0.003045041173326348 0.34919524142757175 0.04170542679133215 0.0017885634240048477
345 500.0 2530.0 10.12 0.019461145201547677 0.026052104208416832 0.005384391435626573 0.35770609318996416 0.05473670804078814 0.0025043671447308987
346 500.0 2530.0 10.12 0.019461145201547677 0.014028056112224447 0.0017325509994915473 0.31803696622052263 0.0224793254878915 0.001469816281920676
347 500.0 2530.0 10.12 0.019461145201547677 0.018036072144288574 0.0026049786812464624 0.33807588075880757 0.035937090542434894 0.0017956174941410011
348 500.0 2530.0 10.12 0.019461145201547677 0.02004008016032064 0.0028075219375427217 0.34413793103448276 0.04281093442752257 0.001964230054289551
349 500.0 2530.0 10.12 0.019461145201547677 0.008016032064128256 0.0003290926398011648 0.3110972568578554 0.02053304731416244 0.0008991951388440855
350 500.0 2530.0 10.12 0.019461145201547677 0.018036072144288574 0.0025460449585973364 0.33807588075880757 0.03851007244860922 0.0017842846527427768
351 500.0 2530.0 10.12 0.019461145201547677 0.02004008016032064 0.003384089601221063 0.3420150788211104 0.04100076423167041 0.0019684606371879014
352 500.0 2530.0 10.12 0.019461145201547677 0.012024048096192383 0.0009722844982887255 0.32657068062827227 0.02862032069005778 0.0012478058430682038
353 500.0 2530.0 10.12 0.019461145201547677 0.02004008016032064 0.0031228869064828415 0.3385345997286296 0.0373459051676976 0.001995115584740698
354 500.0 2530.0 10.12 0.019461145201547677 0.024048096192384766 0.0046735214242222 0.35465529495380244 0.052238808238406716 0.002311569957835977
355 500.0 2530.0 10.12 0.019461145201547677 0.03006012024048096 0.007953560688342583 0.36449963476990505 0.06048270787961183 0.002864264752243961
356 500.0 2530.0 10.12 0.019461145201547677 0.014028056112224447 0.0017215185658076928 0.3378469871360867 0.03561208110814784 0.0014247304404929183
357 500.0 2530.0 10.12 0.019461145201547677 0.038076152304609215 0.013156579587085658 0.38149847094801226 0.08419203329810611 0.0035804608336051343
358 500.0 2530.0 10.12 0.019461145201547677 0.03406813627254509 0.008710916801028376 0.375187969924812 0.08487906599146637 0.003155406848054423
359 500.0 2530.0 10.12 0.019461145201547677 0.014028056112224447 0.0016870798201418305 0.32048811817597944 0.025647442633530144 0.0014719730141966553
360 500.0 2530.0 10.12 0.019461145201547677 0.026052104208416832 0.0053327822939399005 0.3554131054131054 0.05167490174380641 0.0025075941290591697
361 500.0 2530.0 10.12 0.019461145201547677 0.01603206412825651 0.0025721282205166548 0.33945578231292517 0.032894893777643715 0.0016258976023936413
362 500.0 2530.0 10.12 0.019461145201547677 0.02004008016032064 0.0038082086291954635 0.3434273916035788 0.03676032743153685 0.001999018339981733
363 500.0 2530.0 10.12 0.019461145201547677 0.02004008016032064 0.004281955504443399 0.348463687150838 0.040578194287459984 0.0019925556455141612
364 500.0 2530.0 10.12 0.019461145201547677 0.02004008016032064 0.0035676040612084136 0.3434273916035788 0.038078524177752024 0.0019836724156821286
365 500.0 2530.0 10.12 0.019461145201547677 0.01603206412825651 0.0019004996570587082 0.3335561497326203 0.033106542574604964 0.00161490176149899
366 500.0 2530.0 10.12 0.019461145201547677 0.014028056112224447 0.00168839739527225 0.3231865284974093 0.02600103236560976 0.0014576377946963466
367 500.0 2530.0 10.12 0.019461145201547677 0.02004008016032064 0.0036912918151763216 0.3474930362116992 0.03968607264338102 0.0019705543064885956
368 500.0 2530.0 10.12 0.019461145201547677 0.026052104208416832 0.005158143391407139 0.35314932767162066 0.0533083598727745 0.0024981049602454935
369 500.0 2530.0 10.12 0.019461145201547677 0.014028056112224447 0.0014047162478197405 0.3304635761589404 0.03212379990949434 0.0014245623783572848
370 500.0 2530.0 10.12 0.019461145201547677 0.01002004008016032 0.0008289979528879756 0.31602279924002535 0.020768514618243455 0.0010937595313590997
371 500.0 2530.0 10.12 0.019461145201547677 0.026052104208416832 0.005251031427517859 0.3554131054131054 0.05487344926664905 0.0025140447178947666
372 500.0 2530.0 10.12 0.019461145201547677 0.012024048096192383 0.000980662838027264 0.32048811817597944 0.027349154218124692 0.0012537486668211095
373 500.0 2530.0 10.12 0.019461145201547677 0.026052104208416832 0.005690358832279849 0.3561741613133476 0.05357146669066085 0.002509309905597931
374 500.0 2530.0 10.12 0.019461145201547677 0.012024048096192383 0.0010089342036527398 0.31482649842271293 0.024330547357960943 0.0012737224031395846
375 500.0 2530.0 10.12 0.019461145201547677 0.01603206412825651 0.0018562984480995194 0.3274278215223097 0.02934310178880985 0.0016329126036898987
376 500.0 2530.0 10.12 0.019461145201547677 0.03607214428857715 0.01175254379047094 0.3743435858964741 0.07452579721219671 0.0034117171864016162
377 500.0 2530.0 10.12 0.019461145201547677 0.028056112224448895 0.006742648739786725 0.36028880866425994 0.05811537528980373 0.002676561861608079
378 500.0 2530.0 10.12 0.019461145201547677 0.028056112224448895 0.006042894297606882 0.35796269727403157 0.05576491212620957 0.0026877082370221346
379 500.0 2530.0 10.12 0.019461145201547677 0.01603206412825651 0.002028558641442047 0.3373901284651792 0.03863463392840092 0.0015997517377767812
380 500.0 2530.0 10.12 0.019461145201547677 0.02004008016032064 0.0033960726975450963 0.3355749831876261 0.03221342624543768 0.0020009243503614706
381 500.0 2530.0 10.12 0.019461145201547677 0.02004008016032064 0.004019866271035449 0.3467685892981237 0.03899644147507787 0.00198553893340899
382 500.0 2530.0 10.12 0.019461145201547677 0.02004008016032064 0.0035348921310690115 0.3434273916035788 0.04191152031460949 0.0019791282576463397
383 500.0 2530.0 10.12 0.019461145201547677 0.01603206412825651 0.0019921784379137585 0.3285055957867018 0.032680288988157856 0.0016268369294948253
384 500.0 2530.0 10.12 0.019461145201547677 0.01002004008016032 0.000939610085221042 0.30024067388688325 0.014208609327605275 0.001124817479348171
385 500.0 2530.0 10.12 0.019461145201547677 0.01603206412825651 0.002070710839447371 0.331781914893617 0.03133888753427593 0.001620855326469066
386 500.0 2530.0 10.12 0.019461145201547677 0.014028056112224447 0.001276562022926748 0.3250814332247557 0.02966229691572649 0.0014397701666417372
387 500.0 2530.0 10.12 0.019461145201547677 0.02004008016032064 0.0035479645325574823 0.3453287197231834 0.04251553287010346 0.0019969132452877974
388 500.0 2530.0 10.12 0.019461145201547677 0.03206412825651302 0.009140385556103633 0.375187969924812 0.07536014194227834 0.0030049570057557756
389 500.0 2530.0 10.12 0.019461145201547677 0.024048096192384766 0.005445656946009832 0.35339943342776203 0.049905151924318096 0.002356012318506907
390 500.0 2530.0 10.12 0.019461145201547677 0.03006012024048096 0.007784730505558635 0.3682656826568266 0.06521573900331022 0.0028569210616066743
391 500.0 2530.0 10.12 0.019461145201547677 0.01002004008016032 0.0008128339828323176 0.30726600985221675 0.017520719798260146 0.0011112780160145621
392 500.0 2530.0 10.12 0.019461145201547677 0.01603206412825651 0.0023454100252839724 0.3353494623655914 0.03204640118610471 0.001618296119126449
393 500.0 2530.0 10.12 0.019461145201547677 0.014028056112224447 0.001902412042546203 0.3269986893840105 0.028341932756960904 0.0014540975681946078
394 500.0 2530.0 10.12 0.019461145201547677 0.028056112224448895 0.007756845751550445 0.3623819898329702 0.05759155907150035 0.00270556013994124
395 500.0 2530.0 10.12 0.019461145201547677 0.01603206412825651 0.0017474148121677312 0.3383050847457627 0.038342845691008015 0.001598495020910608
396 500.0 2530.0 10.12 0.019461145201547677 0.03406813627254509 0.009113151717470748 0.3757530120481928 0.0835017154589867 0.003174711138670404
397 500.0 2530.0 10.12 0.019461145201547677 0.028056112224448895 0.007031960924674902 0.36002886002886003 0.052970799478295305 0.0027037253796783167
398 500.0 2530.0 10.12 0.019461145201547677 0.03206412825651302 0.008913240679011619 0.36799410029498525 0.06811287237089493 0.0030399389435300608
399 500.0 2530.0 10.12 0.019461145201547677 0.01603206412825651 0.0019350084860776326 0.32529335071707954 0.02826002829594953 0.0016468958586259394
400 500.0 2530.0 10.12 0.019461145201547677 0.03206412825651302 0.008615265455752101 0.37183308494783907 0.0703849797687542 0.0030266970424197774
401 500.0 2530.0 10.12 0.019461145201547677 0.01603206412825651 0.0025025088168315742 0.3324450366422385 0.03219743689060492 0.001632682089185
402 500.0 2530.0 10.12 0.019461145201547677 0.01603206412825651 0.0024739181278852066 0.3342263898191561 0.030394113201216207 0.0016337949874365863
403 500.0 2530.0 10.12 0.019461145201547677 0.024048096192384766 0.004911986575968673 0.3597692862292718 0.05876480396285475 0.0023088916638540147
404 500.0 2530.0 10.12 0.019461145201547677 0.012024048096192383 0.0014714852804594114 0.31682539682539684 0.021404165189420215 0.001295826616615154
405 500.0 2530.0 10.12 0.019461145201547677 0.02004008016032064 0.0032804111516449843 0.3427197802197802 0.03991983399292065 0.001974989501530051
406 500.0 2530.0 10.12 0.019461145201547677 0.024048096192384766 0.0056548949683282385 0.3584770114942529 0.047169349963795314 0.002331677674955851
407 500.0 2530.0 10.12 0.019461145201547677 0.01603206412825651 0.0023817703917728182 0.34556786703601106 0.04125824062246154 0.0015964896535104764
408 500.0 2530.0 10.12 0.019461145201547677 0.012024048096192383 0.0012770461655145504 0.3176320814767664 0.02386531508126565 0.0012761884287116926
409 500.0 2530.0 10.12 0.019461145201547677 0.012024048096192383 0.0010661390555185774 0.32678454485920105 0.029515249734802008 0.0012501120386736835
410 500.0 2530.0 10.12 0.019461145201547677 0.026052104208416832 0.0063789344425604156 0.3615942028985507 0.05336193552775226 0.0025010919178004437
411 500.0 2530.0 10.12 0.019461145201547677 0.026052104208416832 0.005952266019883506 0.3566833452466047 0.05383278050050695 0.0025150326815055126
412 500.0 2530.0 10.12 0.019461145201547677 0.018036072144288574 0.0037248101059087543 0.34413793103448276 0.03622025988081819 0.0018282033767969726
413 500.0 2530.0 10.12 0.019461145201547677 0.012024048096192383 0.0012471438557199782 0.311875 0.02041759387518049 0.0012932748329379136
414 500.0 2530.0 10.12 0.019461145201547677 0.01603206412825651 0.002051429139387839 0.32807363576594345 0.03075616253120122 0.0016425274815349352
415 500.0 2530.0 10.12 0.019461145201547677 0.024048096192384766 0.0045844802238720365 0.3526501766784452 0.0510396657462363 0.0023273496210559543
416 500.0 2530.0 10.12 0.019461145201547677 0.008016032064128256 0.00039706425549907397 0.28416856492027337 0.009494814988907014 0.0009684660897769412
417 500.0 2530.0 10.12 0.019461145201547677 0.01603206412825651 0.0023044289996666154 0.3211068211068211 0.023939416751509297 0.0016816697976040392
418 500.0 2530.0 10.12 0.019461145201547677 0.018036072144288574 0.00257115602871025 0.3401499659168371 0.037976759868386105 0.0017898506863259726
419 500.0 2530.0 10.12 0.019461145201547677 0.01603206412825651 0.0019618911744492804 0.33112143331121435 0.033819474252199326 0.0016200279514273367
420 500.0 2530.0 10.12 0.019461145201547677 0.012024048096192383 0.0011027743659229924 0.31884984025559104 0.026162454750250832 0.0012608756081836788
421 500.0 2530.0 10.12 0.019461145201547677 0.014028056112224447 0.001989959375284805 0.32152061855670105 0.02456243717508618 0.0014696407274106577
422 500.0 2530.0 10.12 0.019461145201547677 0.022044088176352703 0.004854573876649845 0.35165609584214236 0.04622363091981492 0.002149360784998146
423 500.0 2530.0 10.12 0.019461145201547677 0.018036072144288574 0.002846561537711047 0.34154688569472963 0.03819209094792077 0.0017930343008437603
424 500.0 2530.0 10.12 0.019461145201547677 0.02004008016032064 0.003467152934171626 0.34485141672425706 0.04176827452156403 0.0019625651167683835
425 500.0 2530.0 10.12 0.019461145201547677 0.018036072144288574 0.002814481199208746 0.34084699453551914 0.03725190314321926 0.0017970061974467923
426 500.0 2530.0 10.12 0.019461145201547677 0.028056112224448895 0.006888365106907228 0.3621190130624093 0.05770465678693623 0.002674914347351651
427 500.0 2530.0 10.12 0.019461145201547677 0.01603206412825651 0.0022854938024926283 0.33716216216216216 0.03302808634144013 0.001618146944994523
428 500.0 2530.0 10.12 0.019461145201547677 0.02004008016032064 0.0027408928263053045 0.34773519163763067 0.04757243264531334 0.0019422497887094008
429 500.0 2530.0 10.12 0.019461145201547677 0.024048096192384766 0.0052374898889259724 0.35465529495380244 0.05227372635684566 0.002337482281400176
430 500.0 2530.0 10.12 0.019461145201547677 0.01002004008016032 0.0011136777446881878 0.3085961657390229 0.017767829284418106 0.0011268252104737954
431 500.0 2530.0 10.12 0.019461145201547677 0.03006012024048096 0.007736782762883197 0.3712797619047619 0.06693828790202486 0.0028386295957992555
432 500.0 2530.0 10.12 0.019461145201547677 0.02004008016032064 0.0035065997702076845 0.348463687150838 0.044223591719772984 0.001962561732141176
433 500.0 2530.0 10.12 0.019461145201547677 0.01603206412825651 0.001962482263530677 0.33648010788941335 0.03715134422349539 0.0016069137866441426
434 500.0 2530.0 10.12 0.019461145201547677 0.018036072144288574 0.002871736624508429 0.343191196698762 0.04024275542177379 0.0017799824258676196
435 500.0 2530.0 10.12 0.019461145201547677 0.018036072144288574 0.0027606006770000188 0.3315614617940199 0.030705764304137434 0.0018146665912270941
436 500.0 2530.0 10.12 0.019461145201547677 0.018036072144288574 0.0029683982707118263 0.3420150788211104 0.03851542850681083 0.0017903359418022632
437 500.0 2530.0 10.12 0.019461145201547677 0.012024048096192383 0.001076496605312754 0.3211068211068211 0.02416538029794534 0.0012632475326132403
438 500.0 2530.0 10.12 0.019461145201547677 0.02004008016032064 0.00350755082062018 0.33580080753701214 0.0324857471269759 0.0020063774862141754
439 500.0 2530.0 10.12 0.019461145201547677 0.026052104208416832 0.006849546647853802 0.3506676036542516 0.043519328329435336 0.002573351687041379
440 500.0 2530.0 10.12 0.019461145201547677 0.01002004008016032 0.0006123378573752479 0.31304893350062735 0.023211163303610602 0.0010780123566374
441 500.0 2530.0 10.12 0.019461145201547677 0.012024048096192383 0.0013233826145264398 0.32571801566579633 0.026767746032323337 0.001260289606968737
442 500.0 2530.0 10.12 0.019461145201547677 0.026052104208416832 0.005822917839739217 0.3566833452466047 0.05509526386101301 0.002503611228861784
443 500.0 2530.0 10.12 0.019461145201547677 0.01603206412825651 0.002042282276767559 0.3353494623655914 0.03417059438476913 0.0016170895297156758
444 500.0 2530.0 10.12 0.019461145201547677 0.014028056112224447 0.001547446885323189 0.32402597402597405 0.024918957225245186 0.0014559930993194895
445 500.0 2530.0 10.12 0.019461145201547677 0.02004008016032064 0.00404345621805792 0.34725121781489215 0.037672716274611044 0.001988263298323047
446 500.0 2530.0 10.12 0.019461145201547677 0.024048096192384766 0.004614247006340409 0.3597692862292718 0.060015131003606836 0.002289449880564353
447 500.0 2530.0 10.12 0.019461145201547677 0.022044088176352703 0.004691608072077983 0.347009735744089 0.04269630688173908 0.0021788164766718414
448 500.0 2530.0 10.12 0.019461145201547677 0.02004008016032064 0.00304342402478551 0.33648010788941335 0.03978062631661928 0.0019847338957868213
449 500.0 2530.0 10.12 0.019461145201547677 0.01603206412825651 0.0020328084890742113 0.33288859239492996 0.0306935805779158 0.0016203123969569732
450 500.0 2530.0 10.12 0.019461145201547677 0.02004008016032064 0.0043535362570831845 0.33134130146082336 0.02818577458651543 0.002075107649214662
451 500.0 2530.0 10.12 0.019461145201547677 0.026052104208416832 0.00631095142439711 0.3467685892981237 0.044473401222477206 0.0025804008034125163
452 500.0 2530.0 10.12 0.019461145201547677 0.018036072144288574 0.003165732756290417 0.3355749831876261 0.03184932328272562 0.0018192951686741292
453 500.0 2530.0 10.12 0.019461145201547677 0.014028056112224447 0.0017936507729309737 0.3238157040882544 0.02727687679144256 0.0014585520516125629
454 500.0 2530.0 10.12 0.019461145201547677 0.028056112224448895 0.0060635593369689576 0.3621190130624093 0.06450076548007859 0.0026518963993747004
455 500.0 2530.0 10.12 0.019461145201547677 0.008016032064128256 0.0005546874030171404 0.3018753781004235 0.015456979063424057 0.0009333645952126446
456 500.0 2530.0 10.12 0.019461145201547677 0.01002004008016032 0.0008746054637105538 0.30151057401812686 0.015932762470801304 0.0011340097946011313
457 500.0 2530.0 10.12 0.019461145201547677 0.03406813627254509 0.01049087189884302 0.3690828402366864 0.06757886797675874 0.0032650234265665093
458 500.0 2530.0 10.12 0.019461145201547677 0.01603206412825651 0.002193284812275778 0.32937293729372935 0.029169633331291776 0.0016359726923821187
459 500.0 2530.0 10.12 0.019461145201547677 0.024048096192384766 0.004310102488641421 0.3561741613133476 0.05854217363259656 0.0022906786613585165
460 500.0 2530.0 10.12 0.019461145201547677 0.026052104208416832 0.005897673620413554 0.3661041819515774 0.06333552192283434 0.0024694335194888153
461 500.0 2530.0 10.12 0.019461145201547677 0.022044088176352703 0.00417570127809621 0.35899280575539566 0.05710150970740969 0.002117721781363858
462 500.0 2530.0 10.12 0.019461145201547677 0.018036072144288574 0.0027039455412888316 0.3403819918144611 0.036557094169449286 0.0017944967651040398
463 500.0 2530.0 10.12 0.019461145201547677 0.012024048096192383 0.0013052460626290987 0.3097454996896338 0.019699354516892406 0.0013016241824225967
464 500.0 2530.0 10.12 0.019461145201547677 0.026052104208416832 0.006540087365491312 0.36530014641288433 0.060044428606064806 0.002488034536029034
465 500.0 2530.0 10.12 0.019461145201547677 0.014028056112224447 0.0019094310457325825 0.3184428844926611 0.021805472952210213 0.0014994914959405457
466 500.0 2530.0 10.12 0.019461145201547677 0.012024048096192383 0.0010501759121826937 0.3146279949558638 0.020464303603010398 0.001279585844552573
467 500.0 2530.0 10.12 0.019461145201547677 0.026052104208416832 0.005574081956309774 0.36054913294797686 0.05869959457535179 0.0024890771724694494
468 500.0 2530.0 10.12 0.019461145201547677 0.024048096192384766 0.0049912500365990415 0.34413793103448276 0.04193321478317847 0.0023698822299538713
469 500.0 2530.0 10.12 0.019461145201547677 0.0060120240480961915 0.00019655641378170052 0.29164231443600236 0.012166501003864237 0.0007393569248280142
470 500.0 2530.0 10.12 0.019461145201547677 0.022044088176352703 0.004842790265524212 0.3337792642140468 0.03236687893601547 0.0022685781505164013
471 500.0 2530.0 10.12 0.019461145201547677 0.022044088176352703 0.0038694352238198932 0.35770609318996416 0.05484721945030657 0.002114788819156519
472 500.0 2530.0 10.12 0.019461145201547677 0.024048096192384766 0.004403962806875766 0.3621190130624093 0.06133228580288982 0.0022813829823412402
473 500.0 2530.0 10.12 0.019461145201547677 0.018036072144288574 0.0025446563860493676 0.34248455730954014 0.040397878638701375 0.0017856146999017538
474 500.0 2530.0 10.12 0.019461145201547677 0.022044088176352703 0.004020212053994995 0.34178082191780823 0.03980729078384496 0.00216165135610287
475 500.0 2530.0 10.12 0.019461145201547677 0.014028056112224447 0.0014845250857079648 0.3282894736842105 0.028814006511289306 0.0014389793891988213
476 500.0 2530.0 10.12 0.019461145201547677 0.018036072144288574 0.002320728632055257 0.33945578231292517 0.038989173388992916 0.0017762510557412944
477 500.0 2530.0 10.12 0.019461145201547677 0.01603206412825651 0.0021866516108672625 0.3176320814767664 0.024419691056773545 0.0017011396533790622
478 500.0 2530.0 10.12 0.019461145201547677 0.018036072144288574 0.0025347892459234357 0.3302448709463931 0.032296032760773134 0.001821882692723919
479 500.0 2530.0 10.12 0.019461145201547677 0.018036072144288574 0.002857089847236767 0.3403819918144611 0.03596686569955692 0.0017970423815096411
480 500.0 2530.0 10.12 0.019461145201547677 0.02004008016032064 0.0031776337819549062 0.34919524142757175 0.046555052124544256 0.001947963074154766
481 500.0 2530.0 10.12 0.019461145201547677 0.026052104208416832 0.006066657593053885 0.3666421748714181 0.06723635201075158 0.0024741299916399427
482 500.0 2530.0 10.12 0.019461145201547677 0.01603206412825651 0.002052082647242797 0.3342263898191561 0.034011767966775644 0.001607888577748857
483 500.0 2530.0 10.12 0.019461145201547677 0.026052104208416832 0.0057657979194054585 0.36002886002886003 0.05904307825326387 0.002495006641526185
484 500.0 2530.0 10.12 0.019461145201547677 0.018036072144288574 0.003054455006347727 0.3383050847457627 0.03469411080266574 0.0018193959441725818
485 500.0 2530.0 10.12 0.019461145201547677 0.01603206412825651 0.002712538885045436 0.3289386947923533 0.030804713143976137 0.0016577746166643024
486 500.0 2530.0 10.12 0.019461145201547677 0.02004008016032064 0.0030950333906328603 0.34248455730954014 0.04147943586850846 0.0019699625622617953
487 500.0 2530.0 10.12 0.019461145201547677 0.03006012024048096 0.008075630290381743 0.3626453488372093 0.061447447581456635 0.002875382603258503
488 500.0 2530.0 10.12 0.019461145201547677 0.02004008016032064 0.0032560364071847537 0.3474930362116992 0.04339048684410432 0.0019556411154257403
489 500.0 2530.0 10.12 0.019461145201547677 0.028056112224448895 0.0067235309901846774 0.3701780415430267 0.07079574330233002 0.002643424269956124
490 500.0 2530.0 10.12 0.019461145201547677 0.022044088176352703 0.004670621719793324 0.3458073458073458 0.042521955876883 0.002173459792264635
491 500.0 2530.0 10.12 0.019461145201547677 0.012024048096192383 0.0016534455054095607 0.3158227848101266 0.021467186033690612 0.0013050608091074462
492 500.0 2530.0 10.12 0.019461145201547677 0.024048096192384766 0.004972041862703687 0.36745213549337263 0.06398793370271261 0.002283479364353603
493 500.0 2530.0 10.12 0.019461145201547677 0.024048096192384766 0.0053969603248116525 0.35390070921985817 0.049163649857130634 0.0023394207229457584
494 500.0 2530.0 10.12 0.019461145201547677 0.018036072144288574 0.003053914706994589 0.33807588075880757 0.033835472312994865 0.001808851098407498
495 500.0 2530.0 10.12 0.019461145201547677 0.02004008016032064 0.003375495072556209 0.34084699453551914 0.04238895199638387 0.0019838722037871584
496 500.0 2530.0 10.12 0.019461145201547677 0.024048096192384766 0.004564868905608983 0.3509142053445851 0.04984062352113099 0.002323227359729328
497 500.0 2530.0 10.12 0.019461145201547677 0.028056112224448895 0.006933621895434653 0.36028880866425994 0.06047276080123021 0.002713001687544796
498 500.0 2530.0 10.12 0.019461145201547677 0.02004008016032064 0.003528292352859057 0.33876442634080106 0.03517527163587844 0.001993775907321937
499 500.0 2530.0 10.12 0.019461145201547677 0.012024048096192383 0.0012813265871726867 0.3289386947923533 0.028930728953776377 0.0012566804593341608