0 1
0 2
0 98
0 4
0 96
0 5
0 94
0 7
0 93
0 9
0 90
0 11
0 89
0 12
0 13
0 87
0 14
0 15
0 85
0 61
0 78
0 39
0 3
0 97
0 34
0 75
0 83
0 42
0 79
0 59
0 29
0 23
1 2
1 97
1 6
1 96
1 8
1 94
1 93
1 10
1 92
1 11
1 12
1 90
1 15
1 87
1 16
1 41
1 85
1 64
1 76
1 70
1 22
1 42
1 55
1 68
1 77
1 78
1 73
1 59
1 81
1 26
1 79
1 53
1 52
1 47
1 23
1 35
2 4
2 5
2 98
2 7
2 8
2 96
2 9
2 95
2 11
2 93
2 92
2 91
2 14
2 90
2 16
2 88
2 17
2 87
2 63
2 42
2 23
2 99
2 45
2 60
2 81
2 78
2 10
2 97
2 65
3 4
3 5
3 99
3 98
3 9
3 97
3 11
3 12
3 94
3 93
3 14
3 92
3 91
3 16
3 90
3 89
3 18
3 38
3 32
3 79
3 52
3 62
3 70
3 8
3 21
3 84
3 82
3 51
3 35
3 24
3 31
3 53
4 5
4 6
4 8
4 9
4 10
4 11
4 13
4 95
4 14
4 15
4 91
4 18
4 19
4 64
4 68
4 20
4 31
4 40
4 49
4 84
4 86
4 98
4 76
5 7
5 99
5 12
5 98
5 13
5 14
5 96
5 95
5 94
5 92
5 91
5 45
5 55
5 38
5 30
5 8
5 46
5 49
5 76
5 48
5 68
5 23
5 81
5 83
5 87
5 9
5 79
6 9
6 10
6 99
6 14
6 15
6 97
6 16
6 96
6 17
6 18
6 94
6 21
6 71
6 44
6 64
6 42
6 59
6 61
6 51
6 31
6 89
6 63
6 82
7 9
7 10
7 11
7 14
7 16
7 98
7 17
7 97
7 96
7 95
7 94
7 21
7 22
7 63
7 30
7 84
7 8
7 31
7 28
7 27
7 73
7 55
7 41
7 65
7 39
7 76
7 82
7 52
7 77
8 9
8 10
8 11
8 15
8 16
8 18
8 98
8 19
8 20
8 96
8 23
8 93
8 83
8 91
8 65
8 44
8 43
8 63
8 74
8 60
8 87
8 86
9 14
9 17
9 18
9 19
9 20
9 98
9 21
9 97
9 22
9 96
9 95
9 24
9 94
9 53
9 85
9 90
9 44
9 64
9 78
9 70
9 73
9 79
9 41
9 86
9 76
10 13
10 14
10 15
10 17
10 18
10 20
10 22
10 98
10 97
10 24
10 96
10 69
10 75
10 87
10 35
10 51
10 45
10 62
10 70
10 91
10 71
10 85
10 31
10 55
10 42
10 88
10 26
11 12
11 14
11 16
11 18
11 19
11 23
11 24
11 98
11 97
11 96
11 76
11 70
11 51
11 80
11 61
11 68
11 43
11 50
11 62
11 86
11 46
11 74
11 40
11 84
11 36
11 27
11 65
12 13
12 15
12 18
12 20
12 21
12 23
12 25
12 27
12 97
12 59
12 80
12 55
12 93
12 33
12 40
12 49
12 47
12 57
12 76
12 91
12 79
12 99
13 18
13 19
13 21
13 22
13 23
13 24
13 26
13 27
13 99
13 28
13 98
13 94
13 33
13 29
13 83
13 95
13 78
13 44
13 73
13 55
13 79
13 15
14 15
14 17
14 18
14 19
14 24
14 25
14 26
14 28
14 29
14 99
14 46
14 80
14 92
14 82
14 81
14 58
14 53
14 34
14 72
14 40
14 50
14 59
14 78
15 18
15 20
15 21
15 22
15 23
15 26
15 28
15 30
15 63
15 98
15 41
15 56
15 66
15 75
15 67
15 48
15 69
15 83
15 84
15 34
15 71
15 35
15 79
15 49
15 51
15 57
16 17
16 21
16 23
16 25
16 26
16 27
16 29
16 47
16 82
16 99
16 19
16 75
16 81
16 93
16 48
16 98
16 72
16 50
16 53
16 97
16 57
16 91
17 21
17 25
17 31
17 63
17 33
17 49
17 69
17 86
17 87
17 72
17 88
17 56
17 71
17 98
17 36
17 55
17 58
17 65
17 54
17 95
17 35
17 38
17 85
17 90
17 32
17 75
18 20
18 22
18 24
18 26
18 33
18 81
18 94
18 19
18 60
18 97
18 74
18 86
18 23
18 95
18 91
18 70
18 39
18 44
18 64
18 92
18 38
18 53
18 58
19 20
19 22
19 24
19 25
19 26
19 29
19 30
19 32
19 34
19 95
19 35
19 91
19 87
19 52
19 70
19 62
19 58
19 74
19 92
19 55
19 88
20 24
20 25
20 27
20 28
20 29
20 31
20 32
20 34
20 35
20 88
20 48
20 49
20 56
20 64
20 39
20 66
21 22
21 24
21 26
21 30
21 33
21 34
21 35
21 36
21 51
21 81
21 52
21 82
21 54
21 90
21 57
21 48
21 74
21 38
21 23
21 62
21 99
21 97
21 28
22 23
22 25
22 26
22 27
22 31
22 32
22 34
22 35
22 36
22 37
22 63
22 46
22 60
22 83
22 88
22 97
22 50
22 41
22 82
22 84
22 43
22 24
22 80
22 77
22 66
23 26
23 27
23 30
23 31
23 32
23 34
23 35
23 42
23 66
23 57
23 43
23 71
23 59
23 84
23 60
23 53
23 33
24 25
24 27
24 28
24 29
24 30
24 32
24 34
24 35
24 39
24 94
24 72
24 73
24 88
24 67
24 56
24 64
24 51
24 63
24 92
24 71
24 90
24 57
24 68
25 26
25 28
25 29
25 32
25 33
25 34
25 35
25 36
25 39
25 40
25 50
25 78
25 54
25 30
25 93
25 82
25 57
25 90
25 64
25 77
26 27
26 28
26 29
26 30
26 33
26 34
26 35
26 48
26 89
26 82
26 56
26 72
26 52
26 97
26 75
26 70
26 88
26 95
26 38
26 92
27 31
27 37
27 83
27 81
27 61
27 77
27 96
27 52
27 63
27 55
27 36
27 66
27 90
27 94
27 50
27 60
27 99
28 29
28 30
28 33
28 35
28 36
28 37
28 41
28 43
28 75
28 85
28 96
28 98
28 84
28 50
28 95
28 52
28 92
28 90
28 54
29 33
29 34
29 35
29 36
29 37
29 38
29 42
29 44
29 94
29 97
29 53
29 51
29 61
29 83
29 88
29 86
29 98
29 49
29 79
29 43
29 90
29 55
29 74
30 31
30 32
30 34
30 35
30 36
30 38
30 41
30 42
30 43
30 44
30 48
30 54
30 56
30 84
30 80
30 69
31 34
31 35
31 37
31 40
31 44
31 46
31 67
31 90
31 76
31 99
31 38
31 47
31 94
31 63
31 71
31 59
32 34
32 36
32 37
32 38
32 40
32 42
32 43
32 44
32 80
32 90
32 95
32 53
32 57
32 76
32 70
32 94
32 89
32 63
33 34
33 36
33 37
33 38
33 40
33 41
33 42
33 43
33 44
33 46
33 70
33 97
33 68
33 69
33 65
33 87
33 53
33 66
34 36
34 37
34 38
34 42
34 46
34 47
34 48
34 49
34 91
34 84
34 99
34 95
34 89
34 58
34 71
34 67
34 72
34 75
34 94
34 98
35 36
35 40
35 42
35 43
35 44
35 45
35 48
35 83
35 84
35 77
35 98
35 53
35 97
35 86
35 85
35 56
35 62
35 99
35 96
36 37
36 39
36 41
36 43
36 44
36 47
36 48
36 50
36 51
36 52
36 55
36 92
36 62
36 89
36 88
36 66
36 82
37 38
37 43
37 46
37 47
37 48
37 49
37 51
37 52
37 87
37 60
37 54
37 53
37 63
37 76
37 59
37 99
37 88
37 40
37 64
38 41
38 44
38 45
38 47
38 49
38 53
38 78
38 71
38 63
38 99
38 95
38 87
38 83
38 57
39 44
39 45
39 47
39 48
39 51
39 53
39 54
39 78
39 92
39 40
39 94
39 65
39 96
39 87
39 46
40 43
40 45
40 46
40 47
40 49
40 53
40 54
40 55
40 77
40 65
40 68
40 44
40 70
40 81
40 92
40 59
40 85
41 43
41 44
41 46
41 47
41 48
41 50
41 53
41 56
41 57
41 58
41 79
41 77
41 75
41 78
41 65
41 82
41 95
41 69
42 43
42 47
42 48
42 49
42 50
42 52
42 54
42 56
42 57
42 88
42 77
42 86
42 46
42 76
42 78
42 82
42 93
43 46
43 47
43 51
43 52
43 53
43 54
43 55
43 58
43 87
43 71
43 61
43 63
43 76
43 68
43 99
43 60
44 46
44 52
44 53
44 54
44 57
44 59
44 63
44 84
44 90
44 45
44 91
44 76
45 46
45 47
45 49
45 50
45 51
45 53
45 56
45 58
45 60
45 69
45 70
45 62
45 74
45 92
45 98
45 96
46 48
46 49
46 50
46 53
46 54
46 55
46 57
46 88
46 89
46 72
46 79
46 75
46 77
46 98
46 52
46 87
47 48
47 49
47 50
47 51
47 52
47 54
47 56
47 57
47 58
47 61
47 62
47 70
47 90
47 91
47 88
47 68
48 51
48 52
48 54
48 55
48 58
48 60
48 61
48 62
48 83
48 84
48 82
49 53
49 55
49 59
49 62
49 64
49 93
49 77
49 74
49 75
49 80
49 86
49 66
49 82
49 99
49 95
49 60
49 54
50 52
50 53
50 54
50 55
50 58
50 60
50 61
50 65
50 57
50 56
50 75
50 68
51 57
51 60
51 62
51 63
51 65
51 76
51 71
51 88
51 73
51 93
51 95
51 67
51 90
52 53
52 54
52 57
52 60
52 62
52 63
52 64
52 65
52 67
52 81
52 87
52 89
52 93
52 83
53 54
53 55
53 56
53 57
53 58
53 61
53 63
53 68
53 99
53 84
53 71
53 69
53 83
53 95
53 64
54 57
54 59
54 61
54 63
54 65
54 66
54 68
54 69
54 73
54 77
54 76
54 84
54 80
54 99
54 72
55 56
55 58
55 60
55 61
55 62
55 65
55 66
55 74
55 71
55 78
55 67
56 57
56 59
56 62
56 64
56 65
56 66
56 67
56 68
56 86
56 95
56 74
56 87
56 70
57 59
57 61
57 62
57 63
57 64
57 67
57 69
57 71
57 98
57 74
57 83
58 59
58 62
58 63
58 65
58 66
58 70
58 94
58 80
58 87
58 61
58 74
58 99
58 64
58 79
59 61
59 63
59 65
59 68
59 70
59 73
59 86
59 82
59 95
59 84
59 71
60 61
60 64
60 68
60 70
60 74
60 75
60 94
60 77
60 98
60 95
61 63
61 66
61 69
61 70
61 71
61 72
61 73
61 74
61 75
61 78
61 85
61 90
61 62
61 67
61 86
61 79
62 63
62 64
62 65
62 70
62 71
62 74
62 77
62 86
62 89
62 87
62 85
63 65
63 67
63 68
63 70
63 72
63 74
63 75
63 78
63 88
63 81
63 94
63 83
63 69
63 80
64 65
64 69
64 71
64 73
64 75
64 78
64 91
64 81
64 68
64 82
64 96
64 72
65 66
65 69
65 72
65 73
65 74
65 78
65 96
65 87
65 75
65 67
66 69
66 70
66 71
66 72
66 75
66 77
66 79
66 81
66 94
66 95
66 98
66 82
66 76
66 88
66 89
67 68
67 69
67 71
67 72
67 74
67 75
67 77
67 80
67 82
67 96
67 89
67 98
67 87
67 92
67 86
68 69
68 72
68 78
68 82
68 83
68 93
68 95
68 98
68 91
68 96
68 99
68 81
68 90
69 70
69 71
69 73
69 76
69 77
69 82
69 83
69 84
69 74
69 98
69 88
70 79
70 82
70 97
70 99
70 72
70 95
70 87
70 75
70 73
71 72
71 77
71 78
71 81
71 82
71 83
71 84
71 86
71 92
71 97
71 88
71 89
72 73
72 75
72 77
72 79
72 80
72 83
72 84
72 87
72 90
73 74
73 76
73 77
73 78
73 80
73 81
73 83
73 84
73 85
73 86
73 87
73 93
74 76
74 77
74 78
74 80
74 81
74 85
74 86
74 84
74 96
74 94
75 76
75 80
75 82
75 83
75 86
75 87
75 89
75 93
76 79
76 81
76 82
76 87
76 89
76 95
76 92
76 93
76 98
76 96
76 85
77 79
77 81
77 84
77 85
77 86
77 87
77 92
77 82
77 96
78 79
78 85
78 86
78 87
78 89
78 92
78 93
78 90
79 80
79 81
79 83
79 84
79 86
79 87
79 88
79 92
79 93
79 89
80 82
80 83
80 85
80 86
80 87
80 88
80 89
80 90
80 93
80 98
80 97
80 84
81 83
81 91
81 92
81 94
81 96
82 83
82 85
82 87
82 92
82 93
82 95
82 86
83 85
83 87
83 91
83 93
83 96
83 97
83 98
83 90
83 99
83 92
84 86
84 89
84 90
84 92
84 96
84 97
84 98
85 87
85 89
85 91
85 92
85 93
85 94
85 95
85 96
85 97
85 99
86 90
86 92
86 94
86 96
86 98
86 87
86 93
87 97
87 98
87 94
88 92
88 93
88 95
88 96
88 97
88 98
89 91
89 92
89 94
89 96
89 97
89 98
89 99
90 93
90 94
90 99
91 94
91 95
91 96
91 97
91 92
91 93
92 94
92 95
92 97
92 99
93 94
93 95
93 97
93 99
94 97
94 95
94 96
96 98
97 98
97 99
98 99