0 1
0 2
0 3
0 4
0 5
0 6
0 7
0 8
0 9
0 10
0 11
0 12
0 13
0 14
0 15
0 16
0 17
0 18
0 19
0 20
0 21
0 22
0 23
0 24
0 25
0 26
0 27
0 28
0 29
0 31
0 32
0 33
0 34
0 35
0 36
0 37
0 38
0 39
0 40
0 41
0 42
0 43
0 45
0 46
0 47
0 49
0 51
0 53
0 54
0 55
0 59
0 60
0 66
0 71
0 72
0 75
0 78
0 93
0 98
0 100
0 102
0 103
0 107
0 108
0 110
0 111
0 113
0 119
0 123
0 124
0 126
0 129
0 133
0 138
0 140
0 141
0 142
0 144
0 145
0 146
0 149
0 157
0 158
0 159
0 164
0 167
0 170
0 174
0 181
0 183
0 185
0 191
0 198
0 199
0 202
0 208
0 211
0 212
0 217
0 220
0 222
0 231
0 250
0 263
0 266
0 271
0 275
0 289
0 293
0 299
1 18
1 19
1 20
1 21
1 26
1 27
1 28
1 29
1 30
1 33
1 34
1 36
1 37
1 50
1 53
1 60
1 62
1 65
1 70
1 71
1 78
1 84
1 98
1 101
1 102
1 111
1 136
1 138
1 140
1 154
1 209
1 210
1 213
1 219
1 226
1 238
1 254
1 264
1 284
1 286
2 18
2 19
2 20
2 22
2 23
2 24
2 25
2 26
2 30
2 31
2 32
2 37
2 38
2 41
2 43
2 44
2 45
2 53
2 54
2 56
2 57
2 60
2 62
2 66
2 69
2 71
2 73
2 78
2 90
2 91
2 96
2 99
2 112
2 118
2 121
2 123
2 129
2 135
2 139
2 148
2 163
2 168
2 169
2 170
2 188
2 189
2 195
2 196
2 205
2 224
2 230
2 245
2 248
2 258
2 264
2 284
3 18
3 19
3 20
3 21
3 22
3 24
3 26
3 27
3 29
3 31
3 32
3 34
3 36
3 38
3 39
3 40
3 41
3 42
3 43
3 46
3 48
3 49
3 57
3 60
3 63
3 74
3 75
3 82
3 88
3 95
3 96
3 105
3 107
3 111
3 117
3 120
3 121
3 122
3 132
3 138
3 145
3 150
3 157
3 164
3 169
3 173
3 188
3 192
3 201
3 208
3 209
3 216
3 220
3 232
3 238
3 245
3 246
3 248
3 252
3 258
3 279
3 299
4 18
4 20
4 21
4 22
4 23
4 24
4 26
4 29
4 35
4 37
4 39
4 40
4 42
4 45
4 51
4 52
4 53
4 61
4 63
4 64
4 65
4 67
4 73
4 86
4 87
4 91
4 93
4 98
4 99
4 107
4 114
4 117
4 124
4 130
4 131
4 136
4 138
4 144
4 147
4 151
4 161
4 169
4 171
4 174
4 180
4 181
4 182
4 198
4 205
4 206
4 209
4 211
4 216
4 217
4 219
4 223
4 244
4 247
4 263
4 268
4 278
4 281
4 282
4 293
4 297
5 18
5 22
5 23
5 25
5 26
5 27
5 30
5 33
5 34
5 35
5 36
5 38
5 39
5 41
5 64
5 71
5 89
5 90
5 92
5 110
5 114
5 117
5 118
5 119
5 123
5 131
5 132
5 150
5 161
5 176
5 182
5 195
5 203
5 218
5 221
5 224
5 264
5 268
5 278
5 283
5 285
5 297
6 18
6 19
6 20
6 23
6 24
6 25
6 27
6 28
6 30
6 32
6 34
6 39
6 40
6 43
6 44
6 45
6 46
6 47
6 48
6 58
6 60
6 64
6 70
6 71
6 75
6 76
6 79
6 81
6 106
6 107
6 115
6 117
6 118
6 122
6 130
6 137
6 142
6 163
6 168
6 177
6 180
6 185
6 212
6 215
6 229
6 233
6 278
6 286
6 293
6 294
6 296
7 18
7 19
7 20
7 21
7 22
7 23
7 25
7 26
7 27
7 29
7 30
7 31
7 32
7 35
7 38
7 40
7 46
7 47
7 49
7 50
7 51
7 53
7 56
7 58
7 60
7 61
7 63
7 65
7 66
7 68
7 70
7 72
7 79
7 83
7 85
7 87
7 88
7 95
7 97
7 98
7 102
7 103
7 107
7 109
7 111
7 138
7 139
7 142
7 144
7 145
7 150
7 154
7 167
7 169
7 177
7 188
7 191
7 198
7 203
7 221
7 241
7 252
7 255
7 263
7 269
7 270
7 279
7 288
7 294
8 18
8 19
8 24
8 25
8 28
8 30
8 31
8 33
8 38
8 52
8 61
8 67
8 71
8 73
8 74
8 75
8 79
8 95
8 97
8 113
8 116
8 128
8 137
8 152
8 190
8 194
8 197
8 225
8 269
8 281
8 294
9 18
9 19
9 20
9 21
9 22
9 25
9 29
9 31
9 33
9 44
9 45
9 47
9 55
9 61
9 64
9 65
9 66
9 74
9 77
9 86
9 115
9 132
9 134
9 140
9 141
9 146
9 148
9 153
9 156
9 159
9 170
9 182
9 193
9 196
9 213
9 217
9 219
9 220
9 223
9 230
9 234
9 235
9 237
9 260
9 264
9 277
9 278
9 280
9 288
9 289
10 18
10 19
10 20
10 21
10 24
10 25
10 26
10 27
10 30
10 31
10 34
10 36
10 39
10 45
10 47
10 54
10 56
10 68
10 72
10 73
10 76
10 77
10 82
10 93
10 94
10 100
10 112
10 113
10 114
10 122
10 148
10 157
10 178
10 183
10 187
10 194
10 195
10 196
10 197
10 199
10 261
10 262
11 18
11 19
11 20
11 21
11 22
11 23
11 24
11 28
11 29
11 30
11 31
11 33
11 41
11 45
11 49
11 106
11 120
11 131
11 134
11 136
11 137
11 141
11 144
11 154
11 173
11 210
11 211
11 243
11 263
12 18
12 19
12 20
12 21
12 22
12 23
12 26
12 28
12 29
12 33
12 35
12 37
12 42
12 44
12 46
12 47
12 48
12 52
12 66
12 67
12 68
12 70
12 71
12 74
12 85
12 89
12 92
12 99
12 102
12 128
12 136
12 162
12 164
12 166
12 168
12 173
12 176
12 187
12 192
12 202
12 206
12 215
12 224
12 242
12 243
12 246
12 249
12 251
12 254
12 256
12 261
12 265
12 271
12 279
12 289
12 299
13 19
13 21
13 23
13 24
13 25
13 28
13 30
13 34
13 44
13 49
13 63
13 65
13 73
13 77
13 81
13 117
13 126
13 138
13 149
13 160
13 172
13 176
13 204
13 206
13 207
13 219
13 242
13 265
14 18
14 19
14 20
14 21
14 22
14 23
14 27
14 28
14 31
14 35
14 38
14 40
14 41
14 42
14 46
14 48
14 52
14 53
14 57
14 58
14 62
14 64
14 72
14 77
14 85
14 90
14 91
14 92
14 94
14 95
14 100
14 105
14 121
14 138
14 141
14 160
14 161
14 165
14 173
14 187
14 191
14 224
14 246
14 251
14 262
14 269
14 290
14 297
15 18
15 19
15 20
15 21
15 22
15 23
15 25
15 27
15 32
15 36
15 45
15 47
15 51
15 55
15 57
15 58
15 62
15 71
15 74
15 75
15 76
15 80
15 85
15 89
15 93
15 94
15 103
15 106
15 116
15 125
15 128
15 129
15 140
15 143
15 144
15 145
15 153
15 170
15 172
15 173
15 174
15 195
15 198
15 200
15 219
15 230
15 278
15 281
15 283
15 291
16 18
16 19
16 20
16 21
16 22
16 23
16 24
16 25
16 26
16 27
16 28
16 29
16 30
16 37
16 38
16 40
16 41
16 42
16 43
16 44
16 46
16 47
16 48
16 50
16 51
16 54
16 55
16 56
16 58
16 60
16 61
16 65
16 66
16 67
16 68
16 70
16 78
16 79
16 80
16 81
16 82
16 86
16 87
16 88
16 90
16 95
16 96
16 97
16 100
16 104
16 110
16 118
16 124
16 127
16 131
16 136
16 144
16 147
16 149
16 152
16 158
16 161
16 165
16 168
16 176
16 181
16 182
16 184
16 192
16 198
16 207
16 208
16 209
16 210
16 215
16 221
16 222
16 232
16 246
16 247
16 249
16 250
16 261
16 268
16 270
16 284
16 287
16 297
17 18
17 19
17 20
17 21
17 22
17 24
17 29
17 39
17 40
17 41
17 49
17 50
17 56
17 59
17 64
17 71
17 80
17 85
17 92
17 107
17 126
17 139
17 140
17 159
17 169
17 172
17 177
17 215
17 227
17 270
17 283
17 286
18 19
18 20
18 21
18 22
18 23
18 24
18 25
18 26
18 27
18 28
18 29
18 30
18 31
18 32
18 33
18 34
18 35
18 36
18 37
18 40
18 41
18 42
18 43
18 44
18 45
18 49
18 50
18 51
18 55
18 56
18 57
18 58
18 61
18 62
18 63
18 66
18 67
18 69
18 70
18 72
18 73
18 74
18 75
18 77
18 78
18 81
18 84
18 86
18 87
18 90
18 92
18 93
18 94
18 95
18 96
18 105
18 107
18 115
18 116
18 117
18 118
18 121
18 125
18 133
18 134
18 135
18 136
18 139
18 140
18 143
18 146
18 157
18 159
18 161
18 163
18 174
18 183
18 187
18 189
18 194
18 195
18 196
18 204
18 217
18 218
18 221
18 222
18 224
18 234
18 236
18 243
18 253
18 264
18 268
18 269
18 270
18 274
18 291
19 20
19 21
19 22
19 23
19 24
19 25
19 26
19 27
19 28
19 29
19 31
19 32
19 33
19 34
19 35
19 38
19 40
19 44
19 48
19 49
19 51
19 53
19 54
19 55
19 58
19 59
19 65
19 69
19 70
19 74
19 75
19 76
19 78
19 82
19 86
19 87
19 88
19 90
19 94
19 95
19 98
19 103
19 104
19 106
19 107
19 108
19 109
19 110
19 112
19 120
19 121
19 122
19 123
19 126
19 129
19 130
19 140
19 143
19 144
19 147
19 162
19 163
19 168
19 173
19 177
19 178
19 180
19 190
19 197
19 200
19 203
19 204
19 206
19 207
19 218
19 222
19 224
19 225
19 226
19 228
19 230
19 236
19 238
19 241
19 243
19 248
19 256
19 271
19 272
19 273
19 279
19 282
19 289
19 291
19 293
19 295
19 299
20 21
20 22
20 23
20 24
20 25
20 27
20 28
20 29
20 30
20 31
20 32
20 33
20 34
20 35
20 36
20 37
20 39
20 41
20 42
20 43
20 45
20 46
20 48
20 49
20 50
20 51
20 52
20 56
20 58
20 62
20 63
20 66
20 68
20 69
20 72
20 74
20 84
20 85
20 91
20 100
20 101
20 106
20 109
20 111
20 113
20 114
20 117
20 118
20 123
20 127
20 133
20 138
20 139
20 143
20 150
20 154
20 155
20 162
20 163
20 164
20 171
20 175
20 178
20 180
20 182
20 195
20 197
20 198
20 203
20 208
20 209
20 215
20 218
20 222
20 232
20 236
20 237
20 242
20 247
20 249
20 258
20 259
20 268
20 270
20 271
20 290
20 296
21 22
21 23
21 24
21 25
21 26
21 27
21 28
21 29
21 30
21 32
21 34
21 35
21 36
21 37
21 39
21 40
21 43
21 49
21 50
21 57
21 58
21 59
21 68
21 69
21 76
21 87
21 88
21 91
21 94
21 96
21 101
21 103
21 108
21 112
21 115
21 120
21 122
21 123
21 124
21 128
21 129
21 136
21 145
21 146
21 148
21 157
21 164
21 167
21 181
21 186
21 189
21 196
21 208
21 221
21 224
21 226
21 228
21 230
21 233
21 237
21 240
21 241
21 242
21 249
21 252
21 256
21 263
21 267
21 276
21 277
21 279
21 281
21 288
21 291
22 23
22 24
22 25
22 26
22 27
22 28
22 30
22 31
22 32
22 33
22 34
22 35
22 36
22 37
22 38
22 39
22 40
22 41
22 45
22 48
22 49
22 51
22 52
22 56
22 58
22 60
22 61
22 62
22 64
22 66
22 67
22 72
22 75
22 76
22 80
22 86
22 90
22 92
22 94
22 97
22 100
22 101
22 115
22 118
22 120
22 125
22 130
22 144
22 151
22 160
22 163
22 177
22 186
22 187
22 196
22 198
22 199
22 200
22 201
22 203
22 206
22 207
22 214
22 215
22 223
22 227
22 229
22 234
22 251
22 260
22 264
22 267
22 270
22 271
22 272
22 287
22 288
23 24
23 26
23 27
23 28
23 29
23 30
23 31
23 32
23 33
23 35
23 38
23 39
23 40
23 41
23 43
23 44
23 46
23 47
23 50
23 52
23 54
23 57
23 58
23 59
23 65
23 69
23 81
23 86
23 93
23 96
23 97
23 101
23 102
23 103
23 104
23 108
23 110
23 112
23 114
23 119
23 122
23 129
23 134
23 137
23 138
23 139
23 140
23 141
23 148
23 163
23 166
23 176
23 181
23 184
23 186
23 188
23 191
23 197
23 199
23 201
23 202
23 214
23 215
23 222
23 223
23 227
23 228
23 241
23 253
23 254
23 255
23 257
23 258
23 272
23 277
23 287
23 290
24 25
24 26
24 30
24 32
24 33
24 34
24 36
24 38
24 39
24 41
24 42
24 46
24 49
24 51
24 52
24 58
24 61
24 62
24 64
24 68
24 69
24 70
24 72
24 77
24 82
24 104
24 105
24 108
24 109
24 110
24 114
24 121
24 123
24 134
24 136
24 147
24 159
24 165
24 169
24 170
24 190
24 196
24 200
24 207
24 213
24 224
24 225
24 235
24 243
24 249
24 253
24 259
24 260
24 262
24 263
24 269
24 274
24 275
24 283
25 26
25 27
25 28
25 31
25 33
25 34
25 36
25 37
25 42
25 44
25 51
25 52
25 54
25 57
25 58
25 62
25 63
25 66
25 70
25 71
25 72
25 74
25 77
25 79
25 81
25 84
25 87
25 90
25 102
25 105
25 107
25 109
25 110
25 121
25 122
25 123
25 126
25 128
25 129
25 132
25 150
25 151
25 152
25 153
25 157
25 162
25 171
25 175
25 176
25 179
25 181
25 184
25 189
25 191
25 192
25 193
25 196
25 203
25 212
25 216
25 217
25 222
25 232
25 233
25 239
25 241
25 248
25 250
25 256
25 263
25 264
25 267
25 268
25 273
25 276
25 283
25 285
25 286
25 290
26 28
26 29
26 32
26 33
26 34
26 35
26 37
26 39
26 44
26 45
26 46
26 47
26 56
26 63
26 64
26 71
26 79
26 82
26 83
26 91
26 99
26 119
26 120
26 127
26 129
26 131
26 140
26 148
26 150
26 151
26 152
26 161
26 162
26 182
26 193
26 212
26 231
26 238
26 244
26 277
26 280
26 281
26 295
27 29
27 32
27 33
27 35
27 37
27 38
27 40
27 42
27 45
27 46
27 47
27 48
27 49
27 51
27 52
27 54
27 59
27 64
27 65
27 67
27 68
27 69
27 70
27 72
27 73
27 74
27 79
27 82
27 83
27 88
27 98
27 103
27 104
27 106
27 107
27 110
27 113
27 114
27 115
27 119
27 130
27 134
27 137
27 138
27 139
27 141
27 146
27 147
27 148
27 149
27 150
27 153
27 155
27 160
27 163
27 170
27 176
27 180
27 181
27 189
27 200
27 206
27 228
27 229
27 230
27 231
27 232
27 233
27 235
27 240
27 246
27 258
27 269
27 275
27 286
27 290
28 32
28 34
28 35
28 36
28 38
28 43
28 44
28 53
28 55
28 56
28 57
28 59
28 60
28 62
28 65
28 67
28 68
28 72
28 75
28 77
28 78
28 83
28 84
28 89
28 93
28 96
28 97
28 113
28 119
28 121
28 123
28 124
28 126
28 127
28 128
28 130
28 142
28 149
28 157
28 172
28 174
28 175
28 179
28 180
28 196
28 200
28 203
28 222
28 231
28 238
28 249
28 252
28 265
28 271
28 277
28 283
28 286
28 292
28 299
29 30
29 31
29 35
29 36
29 37
29 38
29 40
29 42
29 44
29 56
29 62
29 68
29 70
29 76
29 78
29 83
29 88
29 95
29 98
29 104
29 108
29 109
29 112
29 114
29 116
29 124
29 126
29 128
29 133
29 134
29 135
29 136
29 137
29 148
29 151
29 152
29 155
29 156
29 157
29 161
29 170
29 171
29 178
29 185
29 188
29 192
29 193
29 194
29 204
29 207
29 209
29 211
29 214
29 225
29 229
29 230
29 240
29 244
29 246
29 257
29 264
29 268
29 272
29 291
29 296
30 31
30 32
30 37
30 39
30 41
30 42
30 43
30 45
30 47
30 48
30 50
30 54
30 55
30 57
30 59
30 64
30 69
30 72
30 73
30 76
30 82
30 83
30 84
30 86
30 101
30 103
30 104
30 105
30 113
30 116
30 117
30 118
30 122
30 126
30 128
30 142
30 154
30 157
30 161
30 171
30 176
30 179
30 181
30 195
30 199
30 201
30 208
30 226
30 227
30 234
30 245
30 247
30 255
30 272
30 274
30 276
30 277
30 286
30 292
31 34
31 36
31 43
31 44
31 45
31 50
31 51
31 52
31 55
31 56
31 59
31 63
31 64
31 67
31 68
31 75
31 88
31 90
31 91
31 92
31 97
31 101
31 103
31 104
31 108
31 112
31 116
31 125
31 129
31 132
31 135
31 137
31 138
31 139
31 141
31 147
31 158
31 163
31 169
31 183
31 187
31 193
31 196
31 213
31 221
31 224
31 233
31 240
31 245
31 246
31 247
31 252
31 255
31 261
31 275
31 280
31 284
31 285
31 290
31 291
31 292
31 294
32 33
32 35
32 36
32 41
32 42
32 49
32 50
32 51
32 53
32 59
32 60
32 61
32 67
32 74
32 75
32 76
32 83
32 87
32 89
32 90
32 115
32 126
32 136
32 147
32 153
32 158
32 178
32 188
32 191
32 204
32 213
32 217
32 225
32 232
32 236
32 237
32 244
32 256
32 272
32 274
33 37
33 43
33 45
33 46
33 50
33 56
33 62
33 63
33 68
33 73
33 75
33 80
33 81
33 82
33 87
33 102
33 109
33 111
33 114
33 115
33 116
33 119
33 125
33 127
33 152
33 156
33 157
33 164
33 179
33 183
33 186
33 205
33 230
33 239
33 245
33 272
33 276
33 290
34 36
34 37
34 38
34 43
34 44
34 47
34 48
34 50
34 52
34 54
34 55
34 61
34 70
34 79
34 82
34 84
34 85
34 87
34 90
34 91
34 92
34 95
34 96
34 99
34 100
34 119
34 121
34 124
34 125
34 131
34 132
34 149
34 150
34 151
34 152
34 153
34 159
34 173
34 175
34 177
34 187
34 194
34 216
34 224
34 229
34 230
34 232
34 247
34 254
34 256
34 257
34 264
34 272
34 275
34 277
34 286
34 295
35 40
35 43
35 45
35 47
35 48
35 49
35 52
35 53
35 55
35 56
35 59
35 61
35 63
35 66
35 69
35 73
35 76
35 78
35 80
35 81
35 82
35 85
35 88
35 97
35 98
35 99
35 101
35 109
35 111
35 120
35 121
35 122
35 123
35 127
35 128
35 134
35 135
35 141
35 144
35 145
35 165
35 176
35 184
35 189
35 203
35 208
35 209
35 211
35 217
35 220
35 225
35 226
35 230
35 234
35 241
35 248
35 257
35 268
35 273
35 276
35 293
35 294
36 39
36 42
36 50
36 53
36 55
36 57
36 63
36 65
36 68
36 69
36 72
36 76
36 79
36 82
36 85
36 98
36 110
36 128
36 130
36 132
36 137
36 142
36 150
36 153
36 159
36 160
36 161
36 162
36 165
36 183
36 190
36 192
36 197
36 205
36 207
36 214
36 217
36 225
36 230
36 238
36 282
36 286
36 287
36 299
37 38
37 39
37 40
37 44
37 46
37 48
37 54
37 55
37 62
37 70
37 79
37 81
37 92
37 102
37 104
37 106
37 111
37 113
37 114
37 116
37 117
37 122
37 127
37 134
37 135
37 136
37 139
37 142
37 146
37 150
37 151
37 166
37 178
37 183
37 184
37 194
37 195
37 198
37 203
37 206
37 211
37 217
37 218
37 223
37 229
37 237
37 255
37 260
37 269
37 289
37 296
37 298
38 39
38 42
38 43
38 47
38 48
38 50
38 53
38 57
38 59
38 60
38 65
38 66
38 67
38 69
38 70
38 80
38 87
38 88
38 89
38 90
38 95
38 96
38 97
38 101
38 105
38 110
38 114
38 131
38 134
38 135
38 142
38 145
38 147
38 151
38 154
38 156
38 167
38 170
38 171
38 180
38 185
38 194
38 195
38 202
38 203
38 206
38 207
38 208
38 209
38 213
38 214
38 229
38 236
38 239
38 242
38 243
38 245
38 246
38 254
38 270
38 277
38 282
39 41
39 46
39 63
39 81
39 82
39 87
39 88
39 96
39 103
39 106
39 107
39 116
39 120
39 124
39 138
39 144
39 151
39 179
39 197
39 227
39 244
39 246
39 259
39 260
39 283
39 292
39 297
40 41
40 54
40 56
40 62
40 65
40 70
40 77
40 81
40 93
40 109
40 111
40 119
40 130
40 146
40 155
40 158
40 159
40 177
40 183
40 186
40 203
40 207
40 208
40 215
40 218
40 221
40 227
40 241
40 254
40 258
40 267
40 274
40 283
40 291
41 42
41 46
41 48
41 51
41 53
41 57
41 59
41 71
41 78
41 84
41 89
41 96
41 98
41 100
41 105
41 115
41 129
41 131
41 141
41 143
41 146
41 149
41 160
41 167
41 173
41 180
41 187
41 189
41 214
41 231
41 233
41 239
41 245
41 251
41 257
41 261
41 274
41 280
41 296
42 43
42 48
42 49
42 50
42 52
42 53
42 55
42 56
42 57
42 59
42 61
42 62
42 67
42 82
42 84
42 87
42 89
42 92
42 95
42 101
42 104
42 109
42 111
42 116
42 155
42 156
42 165
42 166
42 173
42 174
42 178
42 179
42 194
42 197
42 200
42 201
42 208
42 211
42 212
42 216
42 219
42 231
42 233
42 236
42 239
42 262
42 265
42 269
42 294
42 297
43 44
43 51
43 52
43 53
43 63
43 77
43 79
43 88
43 94
43 102
43 103
43 105
43 113
43 121
43 122
43 130
43 134
43 138
43 139
43 158
43 163
43 167
43 170
43 175
43 187
43 188
43 203
43 214
43 225
43 237
43 242
43 253
43 274
43 291
43 299
44 46
44 56
44 60
44 65
44 71
44 86
44 88
44 111
44 120
44 130
44 146
44 153
44 155
44 164
44 168
44 182
44 192
44 202
44 217
44 218
44 249
44 254
44 256
44 260
44 270
44 282
44 287
44 299
45 47
45 48
45 50
45 57
45 80
45 82
45 85
45 97
45 100
45 109
45 114
45 127
45 131
45 156
45 165
45 189
45 193
45 197
45 199
45 200
45 201
45 202
45 217
45 218
45 250
45 252
45 260
45 270
45 298
46 47
46 51
46 54
46 58
46 60
46 61
46 62
46 66
46 72
46 73
46 77
46 78
46 82
46 99
46 104
46 105
46 106
46 117
46 118
46 119
46 123
46 131
46 143
46 148
46 151
46 152
46 155
46 156
46 159
46 160
46 167
46 175
46 191
46 193
46 197
46 220
46 252
46 253
46 255
46 265
46 267
46 271
46 286
46 291
46 294
46 297
46 299
47 54
47 61
47 63
47 73
47 81
47 84
47 85
47 89
47 98
47 111
47 112
47 143
47 149
47 162
47 169
47 170
47 172
47 199
47 213
47 223
47 256
47 278
48 49
48 52
48 53
48 54
48 55
48 59
48 73
48 75
48 77
48 79
48 80
48 91
48 106
48 111
48 114
48 124
48 127
48 131
48 140
48 143
48 150
48 160
48 164
48 175
48 185
48 187
48 190
48 211
48 216
48 227
48 235
48 252
48 253
48 256
48 258
48 267
48 269
48 280
48 291
48 294
49 57
49 58
49 64
49 78
49 79
49 99
49 112
49 134
49 168
49 180
49 213
49 232
49 233
49 268
49 278
50 53
50 54
50 57
50 71
50 72
50 85
50 87
50 89
50 91
50 92
50 100
50 102
50 106
50 107
50 108
50 109
50 112
50 118
50 126
50 127
50 133
50 146
50 150
50 153
50 160
50 183
50 187
50 188
50 190
50 191
50 205
50 219
50 221
50 222
50 226
50 231
50 235
50 236
50 238
50 257
50 262
50 273
50 285
50 292
50 293
51 52
51 54
51 55
51 59
51 60
51 64
51 67
51 68
51 75
51 79
51 83
51 85
51 86
51 89
51 91
51 94
51 98
51 100
51 108
51 115
51 116
51 117
51 123
51 132
51 152
51 168
51 174
51 179
51 181
51 182
51 186
51 189
51 210
51 214
51 227
51 235
51 243
51 249
51 258
51 259
51 271
51 274
51 275
51 286
51 287
51 295
51 297
52 60
52 63
52 69
52 75
52 80
52 91
52 92
52 107
52 113
52 117
52 119
52 126
52 133
52 142
52 147
52 155
52 160
52 161
52 162
52 165
52 166
52 169
52 176
52 186
52 194
52 195
52 196
52 209
52 215
52 223
52 225
52 243
52 246
52 247
52 253
52 256
52 261
52 263
52 279
52 282
53 61
53 63
53 77
53 78
53 81
53 93
53 108
53 111
53 123
53 129
53 137
53 142
53 143
53 153
53 174
53 178
53 192
53 193
53 209
53 231
53 250
53 262
54 55
54 59
54 62
54 64
54 66
54 70
54 74
54 78
54 91
54 99
54 110
54 112
54 115
54 125
54 128
54 129
54 132
54 137
54 143
54 146
54 147
54 150
54 152
54 153
54 154
54 160
54 166
54 177
54 181
54 186
54 195
54 205
54 212
54 219
54 220
54 226
54 236
54 244
54 248
54 251
54 253
54 260
54 271
54 273
54 274
54 275
54 277
54 287
54 288
54 293
55 58
55 60
55 73
55 74
55 75
55 78
55 81
55 84
55 86
55 91
55 93
55 94
55 101
55 118
55 161
55 165
55 178
55 181
55 185
55 197
55 228
55 250
55 281
55 283
55 285
56 61
56 70
56 72
56 77
56 91
56 94
56 97
56 104
56 106
56 110
56 133
56 144
56 155
56 158
56 169
56 180
56 209
56 211
56 214
56 227
56 234
56 240
56 241
56 251
56 267
56 270
56 282
56 284
56 295
56 297
57 58
57 65
57 67
57 79
57 80
57 101
57 104
57 120
57 145
57 153
57 160
57 162
57 174
57 180
57 194
57 201
57 210
57 220
57 238
57 275
58 60
58 65
58 69
58 74
58 76
58 80
58 83
58 84
58 86
58 89
58 90
58 92
58 93
58 94
58 96
58 103
58 105
58 109
58 118
58 119
58 127
58 157
58 162
58 166
58 173
58 179
58 183
58 201
58 203
58 212
58 226
58 250
58 251
58 275
58 278
58 285
58 293
58 299
59 66
59 71
59 77
59 80
59 86
59 98
59 115
59 125
59 132
59 145
59 165
59 197
59 202
59 273
59 293
60 61
60 64
60 67
60 68
60 74
60 75
60 78
60 79
60 80
60 84
60 85
60 86
60 90
60 92
60 93
60 97
60 98
60 104
60 116
60 124
60 130
60 135
60 141
60 142
60 143
60 156
60 164
60 166
60 171
60 173
60 175
60 178
60 185
60 188
60 193
60 204
60 207
60 210
60 227
60 231
60 234
60 235
60 239
60 240
60 244
60 245
60 262
60 264
60 267
60 270
60 286
60 292
60 295
61 65
61 66
61 68
61 71
61 74
61 76
61 80
61 101
61 111
61 120
61 127
61 132
61 139
61 157
61 165
61 183
61 195
61 205
61 206
61 212
61 217
61 219
61 220
61 230
61 245
61 247
61 251
61 296
62 64
62 68
62 76
62 85
62 93
62 98
62 108
62 121
62 125
62 127
62 145
62 164
62 172
62 192
62 212
62 215
62 233
62 247
62 258
62 268
62 287
63 67
63 69
63 72
63 73
63 83
63 84
63 88
63 89
63 101
63 102
63 108
63 113
63 120
63 125
63 136
63 145
63 158
63 168
63 175
63 182
63 195
63 204
63 219
63 239
63 266
64 66
64 80
64 83
64 88
64 95
64 96
64 99
64 100
64 128
64 141
64 151
64 154
64 156
64 159
64 160
64 161
64 169
64 171
64 173
64 175
64 176
64 187
64 195
64 202
64 205
64 210
64 212
64 216
64 229
64 244
64 267
64 272
64 293
65 74
65 78
65 83
65 132
65 141
65 155
65 167
65 174
65 181
65 188
65 210
65 228
65 229
65 232
65 234
65 241
65 264
66 67
66 69
66 76
66 90
66 97
66 101
66 102
66 113
66 124
66 147
66 192
66 199
66 201
66 227
66 237
66 242
66 247
66 285
66 286
66 288
66 292
67 69
67 99
67 109
67 111
67 129
67 134
67 140
67 143
67 191
67 198
67 199
67 209
67 214
67 218
67 223
67 236
67 241
67 248
67 250
67 251
67 263
67 266
67 280
67 282
67 294
68 71
68 76
68 83
68 92
68 99
68 105
68 107
68 108
68 114
68 117
68 119
68 131
68 136
68 137
68 149
68 151
68 166
68 176
68 188
68 190
68 212
68 213
68 214
68 215
68 225
68 226
68 236
68 245
68 256
68 258
68 277
68 278
68 291
69 73
69 77
69 79
69 83
69 87
69 88
69 102
69 103
69 104
69 105
69 106
69 109
69 116
69 118
69 125
69 129
69 166
69 169
69 172
69 183
69 184
69 185
69 190
69 202
69 213
69 251
69 256
69 259
69 285
69 295
70 73
70 84
70 87
70 89
70 96
70 105
70 108
70 126
70 147
70 152
70 171
70 172
70 178
70 223
70 282
71 76
71 77
71 80
71 81
71 85
71 89
71 94
71 101
71 112
71 114
71 124
71 127
71 132
71 155
71 164
71 170
71 178
71 183
71 190
71 233
71 238
71 240
71 250
71 260
71 285
71 299
72 83
72 88
72 94
72 97
72 117
72 139
72 140
72 141
72 144
72 172
72 173
72 181
72 190
72 195
72 204
72 220
72 223
72 246
72 275
72 289
72 297
73 89
73 93
73 94
73 99
73 107
73 110
73 119
73 126
73 142
73 155
73 159
73 168
73 171
73 189
73 197
73 198
73 210
73 226
73 268
73 272
73 274
73 290
74 81
74 85
74 86
74 94
74 99
74 106
74 110
74 119
74 139
74 162
74 189
74 191
74 199
74 212
74 219
74 237
74 238
74 254
74 261
75 83
75 84
75 95
75 112
75 120
75 122
75 139
75 140
75 143
75 146
75 152
75 154
75 158
75 161
75 174
75 185
75 204
75 206
75 208
75 212
75 226
75 254
75 257
75 267
75 289
76 82
76 92
76 97
76 99
76 102
76 103
76 104
76 108
76 113
76 124
76 164
76 167
76 257
76 284
76 290
77 93
77 94
77 95
77 96
77 106
77 117
77 131
77 133
77 136
77 137
77 164
77 198
77 214
77 226
77 259
77 268
77 283
77 299
78 81
78 83
78 96
78 98
78 106
78 110
78 113
78 126
78 133
78 135
78 141
78 155
78 172
78 178
78 192
78 209
78 262
78 264
78 268
78 274
78 281
78 289
79 104
79 116
79 132
79 137
79 140
79 173
79 179
79 187
79 201
79 206
79 210
79 223
79 229
79 231
79 233
79 234
79 237
79 239
79 240
79 242
79 244
79 261
79 266
79 267
79 280
79 284
80 90
80 120
80 121
80 122
80 137
80 154
80 158
80 161
80 173
80 184
80 216
80 227
80 242
80 245
80 246
80 258
80 289
80 298
81 89
81 92
81 95
81 105
81 150
81 193
81 202
81 221
82 84
82 93
82 95
82 97
82 100
82 110
82 117
82 131
82 143
82 155
82 156
82 166
82 177
82 186
82 194
82 201
82 210
82 237
82 250
82 270
82 274
82 295
83 86
83 128
83 161
83 188
83 231
83 239
83 293
84 87
84 96
84 128
84 157
85 86
85 90
85 100
85 103
85 177
85 181
85 196
85 212
85 274
86 109
86 114
86 117
86 118
86 147
86 152
86 156
86 158
86 164
86 176
86 177
86 191
86 198
86 199
86 209
86 213
86 224
86 233
86 251
86 273
87 93
87 102
87 106
87 107
87 116
87 118
87 120
87 124
87 125
87 129
87 134
87 142
87 161
87 169
87 180
87 184
87 193
87 194
87 205
87 208
87 231
87 290
88 91
88 109
88 115
88 122
88 133
88 144
88 156
88 167
88 169
88 176
88 206
88 209
88 222
88 232
88 235
88 250
88 277
88 282
89 97
89 99
89 107
89 124
89 126
89 143
89 154
89 163
89 167
89 177
89 186
89 203
89 216
89 223
89 225
89 238
89 257
89 269
89 276
89 279
89 295
90 91
90 99
90 148
90 219
90 227
90 278
90 295
90 297
91 98
91 100
91 103
91 108
91 110
91 119
91 129
91 133
91 135
91 182
91 189
91 191
91 259
91 274
91 296
92 100
92 146
92 170
92 189
92 215
92 280
93 95
93 131
93 132
93 207
93 241
93 267
93 275
94 115
94 119
94 135
94 144
94 147
94 154
94 159
94 187
94 212
94 213
94 214
94 253
94 269
95 105
95 108
95 112
95 135
95 154
95 185
95 191
95 206
95 258
95 270
95 271
96 100
96 101
96 113
96 114
96 162
96 184
96 189
96 215
96 226
96 234
96 241
96 270
96 271
97 102
97 125
97 130
97 142
97 151
97 158
97 167
97 188
97 189
97 196
97 201
97 204
97 236
97 265
97 282
97 287
97 297
98 113
98 118
98 137
98 167
98 218
98 221
98 240
98 253
99 111
99 115
99 122
99 126
99 133
99 134
99 142
99 146
99 199
99 239
100 103
100 121
100 130
100 194
100 236
100 264
100 270
100 287
100 288
101 102
101 116
101 123
101 126
101 128
101 134
101 135
101 145
101 151
101 165
101 180
101 183
101 208
101 215
101 223
101 249
101 254
101 288
102 116
102 121
102 132
102 135
102 136
102 138
102 139
102 144
102 164
102 205
102 228
102 251
102 296
103 112
103 113
103 120
103 133
103 147
103 163
103 164
103 176
103 187
103 192
103 205
103 206
103 211
103 214
103 252
103 257
103 275
103 285
103 292
103 298
104 105
104 122
104 123
104 146
104 149
104 154
104 166
104 171
104 180
104 191
104 198
104 222
104 224
104 232
104 234
104 235
104 238
104 264
104 269
104 276
104 283
104 298
105 136
105 163
105 184
105 190
105 235
105 263
105 279
105 284
106 123
106 125
106 130
106 138
106 152
106 202
106 221
106 232
106 235
106 249
106 254
106 297
106 299
107 115
107 118
107 131
107 133
107 138
107 145
107 151
107 158
107 172
107 178
107 186
107 210
107 244
107 255
107 259
107 292
108 112
108 143
108 158
108 165
108 183
108 194
108 221
108 236
108 263
109 122
109 142
109 152
109 170
109 191
109 202
109 204
109 228
109 229
109 233
109 234
109 237
109 285
109 292
110 121
110 132
110 153
110 162
110 182
110 185
110 189
110 200
110 252
110 260
110 263
110 291
111 112
111 123
111 124
111 127
111 130
111 133
111 137
111 191
111 205
111 208
111 216
111 226
111 245
111 247
111 265
112 141
112 145
112 149
112 157
112 171
112 172
112 179
112 192
112 200
112 230
112 279
112 294
113 125
113 129
113 134
113 149
113 153
113 156
113 172
113 181
113 206
113 228
113 252
114 115
114 152
114 168
114 193
114 194
114 202
114 216
114 281
115 127
115 128
115 145
115 147
115 148
115 153
115 155
115 186
115 204
115 206
115 240
115 247
115 257
115 273
115 276
115 286
115 298
116 120
116 145
116 148
116 149
116 201
116 284
117 125
117 128
117 135
117 160
117 174
117 232
117 260
117 277
117 280
117 281
117 287
118 125
118 130
118 173
118 186
118 190
118 192
118 206
118 219
118 235
118 242
118 253
118 254
118 289
118 292
118 293
119 146
119 149
119 151
119 157
119 166
119 167
119 186
119 188
119 189
119 195
119 201
119 202
119 203
119 229
119 243
119 276
119 293
120 121
120 144
120 159
120 168
120 177
120 182
120 196
120 197
120 211
120 276
121 124
121 155
121 156
121 167
121 170
121 193
121 216
121 220
121 237
121 239
121 271
121 273
121 294
122 139
122 144
122 151
122 218
122 248
122 250
122 260
122 263
122 296
123 140
123 148
123 149
123 150
123 153
123 158
123 159
123 193
123 197
123 205
123 227
123 241
123 259
123 266
123 290
123 297
124 127
124 141
124 180
124 185
124 186
124 232
124 234
124 243
124 244
124 259
124 263
124 280
124 296
125 157
125 165
125 185
125 219
125 235
126 130
126 131
126 135
126 136
126 201
126 202
126 207
126 212
126 251
126 259
126 278
126 282
127 138
127 148
127 162
127 169
127 179
127 182
127 200
127 215
127 216
127 218
127 233
127 244
127 254
127 255
128 133
128 156
128 162
128 170
128 175
128 178
128 180
128 185
128 199
128 213
128 248
128 253
128 288
128 292
129 137
129 177
129 179
129 182
129 193
129 223
129 237
129 242
129 248
129 254
129 261
129 273
129 283
129 294
129 299
130 135
130 141
130 149
130 150
130 187
130 190
130 217
130 218
130 262
130 294
131 140
131 162
131 166
131 174
131 184
131 185
131 216
131 221
131 231
131 247
131 264
131 272
131 277
131 281
131 282
131 289
132 133
132 139
132 156
132 165
132 167
132 168
132 169
132 177
132 204
132 208
132 229
132 244
132 268
132 289
132 298
133 142
133 145
133 157
133 163
133 177
133 184
133 191
133 204
133 234
133 267
133 276
133 286
133 287
133 298
134 176
134 199
134 216
134 220
134 244
134 248
134 255
134 295
135 146
135 148
135 172
135 174
135 202
135 228
135 237
135 246
135 255
135 270
136 163
136 183
136 201
136 250
136 275
137 140
137 143
137 148
137 172
137 179
137 252
137 272
138 274
138 275
139 228
139 231
139 235
139 239
139 246
139 266
139 267
139 298
140 159
140 180
140 198
140 219
140 241
140 243
140 281
140 299
141 147
141 245
141 265
141 283
142 156
142 173
142 175
142 181
142 213
142 214
142 220
142 225
142 231
142 262
142 295
143 160
143 166
143 174
143 179
143 182
143 185
143 213
143 226
143 231
143 232
143 243
143 269
143 273
143 281
144 171
144 221
144 259
144 275
144 293
145 170
145 171
145 227
145 253
145 283
146 148
146 168
146 184
146 224
146 228
146 261
147 149
147 190
147 210
148 150
148 152
148 155
148 171
148 175
148 184
148 188
148 190
148 228
148 232
148 242
148 255
148 258
148 261
148 266
148 272
148 284
148 296
149 153
149 154
149 165
149 186
149 250
150 159
150 229
150 233
150 248
150 276
150 280
150 281
150 293
151 154
151 162
151 166
151 170
151 176
151 192
151 207
151 220
151 223
151 266
152 154
152 161
152 182
152 204
152 219
152 234
152 243
152 279
152 296
153 177
153 201
153 205
153 207
153 231
153 237
153 266
153 273
153 280
153 289
154 159
154 163
154 168
154 169
154 184
154 195
154 235
154 244
154 251
154 261
155 158
155 172
155 184
155 210
155 225
155 250
155 251
156 158
156 160
156 163
156 174
156 183
156 184
156 279
156 288
157 167
157 205
157 256
157 261
157 265
157 278
157 284
157 286
158 160
158 172
158 179
158 190
158 197
158 229
158 240
158 245
158 248
158 259
158 266
158 298
159 168
159 171
159 179
159 182
159 207
159 223
159 239
159 253
159 267
159 271
159 279
159 281
160 166
160 175
160 230
160 234
160 256
160 297
161 165
161 200
161 218
161 245
161 252
161 261
162 171
162 258
162 260
162 298
163 164
163 168
163 174
163 175
163 178
163 200
163 230
163 242
163 273
163 278
164 175
164 209
164 269
164 271
164 292
165 200
165 238
165 278
165 287
166 194
166 203
166 215
166 290
166 297
167 198
167 244
167 252
167 288
168 181
168 188
168 199
168 227
168 236
168 271
169 225
169 249
169 275
169 281
170 213
171 175
171 199
171 220
171 280
171 291
172 257
172 265
172 278
172 279
173 192
173 197
173 204
173 217
173 262
174 178
174 239
174 250
174 285
174 288
175 186
175 215
175 220
175 222
175 225
176 188
176 204
176 210
176 222
176 240
176 262
177 221
177 228
178 179
178 187
178 192
178 216
178 219
178 235
178 261
178 284
179 185
179 244
179 249
179 260
179 262
179 277
179 284
179 288
180 190
180 194
180 243
180 246
180 258
180 266
181 193
181 199
181 213
181 232
181 248
181 259
181 266
181 273
182 196
182 218
182 237
182 280
182 285
182 287
183 222
184 266
184 289
185 211
185 225
185 238
185 299
186 208
186 211
186 216
187 245
187 294
188 202
188 227
188 276
189 198
189 205
189 291
190 193
190 200
190 208
190 240
190 243
190 245
191 196
191 249
191 259
191 272
191 276
191 279
192 211
192 221
192 229
192 290
192 298
193 200
193 211
193 221
193 249
193 251
193 254
193 264
194 211
194 268
194 291
194 296
195 196
195 210
195 222
195 226
195 238
195 241
195 255
195 256
195 262
196 224
196 246
196 267
196 272
196 277
196 284
197 198
197 200
197 217
197 226
197 240
197 255
197 262
197 273
197 282
197 294
198 238
198 242
198 252
198 260
198 269
198 295
199 205
199 222
199 234
199 293
199 298
200 235
200 241
200 243
200 253
201 220
202 203
202 207
202 217
202 242
202 255
202 288
202 291
202 296
203 207
203 209
203 210
203 254
203 286
203 288
204 284
205 224
205 236
205 255
205 267
205 282
205 289
206 220
206 238
206 282
206 285
206 290
207 242
207 250
208 211
208 218
208 252
208 261
208 265
209 240
210 228
210 248
210 257
210 258
210 269
211 212
212 214
212 257
212 294
213 214
213 217
213 233
213 253
214 218
214 223
214 224
214 241
214 266
214 277
214 290
214 293
215 222
216 275
216 296
217 224
217 228
217 230
217 236
217 265
217 280
218 228
218 268
219 229
219 274
219 298
220 225
221 239
221 247
221 257
221 265
221 295
221 297
222 247
222 249
222 255
222 284
223 239
223 289
224 247
224 265
224 266
224 281
224 283
225 257
225 260
225 265
225 277
226 230
226 233
226 246
226 263
226 270
226 276
227 236
227 256
228 240
228 298
229 240
229 242
229 251
229 296
230 239
230 259
230 276
232 237
232 266
232 278
232 287
232 288
233 261
233 263
233 273
233 279
234 248
234 256
235 252
235 265
236 247
236 249
236 285
237 280
237 292
237 298
238 243
238 259
238 296
239 260
240 248
240 298
241 253
242 279
242 285
243 258
244 262
244 295
246 283
247 249
247 279
247 285
247 287
249 254
249 257
249 265
249 271
249 289
249 292
251 255
251 272
252 266
252 276
253 268
253 282
255 269
255 271
255 272
255 280
255 281
257 262
257 295
259 263
259 278
259 290
259 292
260 273
263 264
265 299
269 295
271 284
271 290
273 274
273 283
273 287
275 292
276 288
277 291
284 294