0 0
1 1
2 1
3 1
4 0
5 0
6 0
7 1
8 0
9 0
10 0
11 0
12 0
13 0
14 0
15 0
16 0
17 0
18 1
19 1
20 1
21 0
22 1
23 0
24 1
25 1
26 0
27 0
28 0
29 0
30 1
31 1
32 0
33 1
34 1
35 0
36 1
37 1
38 1
39 1
40 0
41 1
42 1
43 1
44 1
45 1
46 1
47 1
48 0
49 1
50 1
51 0
52 0
53 1
54 0
55 1
56 1
57 0
58 0
59 1
60 1
61 1
62 0
63 0
64 1
65 1
66 0
67 1
68 1
69 1
70 1
71 1
72 0
73 0
74 0
75 1
76 0
77 0
78 0
79 1
80 1
81 1
82 1
83 0
84 1
85 1
86 0
87 0
88 0
89 0
90 0
91 0
92 1
93 1
94 0
95 0
96 1
97 0
98 0
99 0
100 1
101 0
102 0
103 0
104 0
105 1
106 1
107 0
108 0
109 0
110 0
111 0
112 0
113 0
114 0
115 0
116 0
117 0
118 1
119 0
120 0
121 0
122 1
123 0
124 1
125 1
126 1
127 1
128 1
129 0
130 0
131 1
132 0
133 0
134 0
135 0
136 0
137 0
138 1
139 0
140 1
141 0
142 1
143 1
144 0
145 1
146 0
147 1
148 0
149 0
150 0
151 0
152 1
153 0
154 1
155 0
156 1
157 1
158 0
159 1
160 0
161 0
162 0
163 1
164 1
165 1
166 0
167 1
168 0
169 1
170 1
171 0
172 1
173 1
174 1
175 1
176 0
177 1
178 0
179 1
180 0
181 0
182 0
183 0
184 0
185 0
186 0
187 0
188 1
189 0
190 1
191 1
192 0
193 0
194 1
195 0
196 0
197 1
198 0
199 1
200 1
201 0
202 1
203 1
204 0
205 1
206 0
207 0
208 1
209 1
210 1
211 0
212 1
213 0
214 1
215 0
216 1
217 0
218 0
219 1
220 0
221 1
222 0
223 0
224 1
225 0
226 0
227 1
228 1
229 0
230 1
231 1
232 0
233 1
234 1
235 0
236 0
237 0
238 0
239 1
240 1
241 1
242 0
243 1
244 0
245 1
246 1
247 0
248 0
249 1
250 1
251 1
252 0
253 1
254 1
255 0
256 1
257 1
258 1
259 1
260 1
261 0
262 1
263 1
264 0
265 0
266 1
267 1
268 0
269 1
270 1
271 1
272 0
273 0
274 1
275 1
276 0
277 1
278 1
279 1
280 0
281 1
282 1
283 1
284 0
285 0
286 1
287 0
288 1
289 1
290 0
291 1
292 0
293 0
294 1
295 0
296 1
297 0
298 0
299 1
300 0
301 1
302 1
303 1
304 0
305 1
306 1
307 1
308 1
309 0
310 0
311 1
312 1
313 1
314 1
315 0
316 0
317 1
318 0
319 0
320 0
321 0
322 1
323 0
324 0
325 1
326 0
327 0
328 1
329 0
330 1
331 1
332 1
333 0
334 1
335 0
336 1
337 0
338 0
339 0
340 0
341 0
342 1
343 0
344 1
345 1
346 0
347 0
348 0
349 1
350 1
351 0
352 1
353 0
354 0
355 0
356 0
357 1
358 0
359 1
360 1
361 1
362 1
363 1
364 0
365 1
366 0
367 0
368 0
369 1
370 1
371 0
372 0
373 1
374 1
375 0
376 0
377 0
378 1
379 1
380 0
381 0
382 0
383 0
384 1
385 1
386 1
387 0
388 1
389 0
390 1
391 1
392 0
393 0
394 0
395 0
396 1
397 0
398 1
399 1
400 0
401 1
402 0
403 1
404 1
405 1
406 1
407 0
408 0
409 1
410 1
411 0
412 0
413 0
414 0
415 0
416 1
417 0
418 0
419 0
420 1
421 0
422 0
423 1
424 0
425 1
426 0
427 0
428 0
429 1
430 1
431 0
432 1
433 1
434 1
435 0
436 0
437 1
438 0
439 1
440 0
441 0
442 0
443 0
444 1
445 1
446 1
447 1
448 1
449 0
450 0
451 0
452 0
453 0
454 0
455 1
456 0
457 1
458 0
459 0
460 1
461 0
462 0
463 0
464 1
465 1
466 1
467 1
468 0
469 1
470 0
471 1
472 1
473 1
474 1
475 0
476 0
477 1
478 0
479 0
480 1
481 1
482 0
483 0
484 0
485 1
486 1
487 1
488 0
489 0
490 1
491 1
492 1
493 1
494 0
495 1
496 0
497 1
498 1
499 1
500 0
501 1
502 1
503 1
504 0
505 0
506 0
507 1
508 0
509 0
510 1
511 1
512 0
513 0
514 1
515 0
516 0
517 0
518 0
519 0
520 0
521 1
522 0
523 1
524 0
525 1
526 0
527 0
528 0
529 0
530 1
531 1
532 0
533 1
534 0
535 0
536 1
537 1
538 0
539 1
540 0
541 0
542 1
543 1
544 0
545 0
546 1
547 1
548 0
549 0
550 0
551 0
552 0
553 1
554 1
555 1
556 1
557 1
558 0
559 0
560 1
561 1
562 1
563 1
564 1
565 1
566 0
567 1
568 0
569 0
570 0
571 0
572 1
573 1
574 1
575 1
576 1
577 1
578 0
579 1
580 1
581 1
582 0
583 0
584 0
585 0
586 1
587 0
588 0
589 1
590 1
591 0
592 0
593 1
594 1
595 1
596 0
597 0
598 1
599 1
600 0
601 0
602 1
603 0
604 0
605 1
606 1
607 0
608 0
609 1
610 1
611 1
612 0
613 1
614 1
615 0
616 1
617 0
618 1
619 1
620 1
621 0
622 0
623 0
624 1
625 0
626 1
627 1
628 1
629 0
630 0
631 1
632 0
633 0
634 1
635 1
636 1
637 0
638 0
639 1
640 0
641 1
642 1
643 1
644 1
645 1
646 1
647 1
648 0
649 0
650 1
651 1
652 1
653 0
654 1
655 1
656 0
657 1
658 0
659 1
660 1
661 1
662 0
663 1
664 0
665 1
666 0
667 1
668 1
669 0
670 1
671 0
672 0
673 0
674 1
675 1
676 0
677 0
678 1
679 1
680 1
681 1
682 1
683 0
684 1
685 0
686 0
687 0
688 1
689 1
690 0
691 0
692 0
693 1
694 0
695 1
696 0
697 0
698 1
699 1
700 0
701 0
702 0
703 0
704 1
705 0
706 1
707 0
708 1
709 0
710 0
711 0
712 1
713 0
714 0
715 0
716 1
717 1
718 1
719 1
720 1
721 1
722 0
723 1
724 0
725 1
726 1
727 0
728 1
729 1
730 0
731 1
732 1
733 0
734 0
735 0
736 0
737 0
738 1
739 0
740 0
741 0
742 0
743 0
744 0
745 0
746 0
747 0
748 1
749 1
750 0
751 1
752 1
753 0
754 0
755 0
756 0
757 1
758 1
759 0
760 0
761 0
762 0
763 0
764 0
765 0
766 1
767 1
768 1
769 0
770 0
771 0
772 0
773 1
774 1
775 1
776 1
777 0
778 1
779 1
780 0
781 0
782 0
783 1
784 1
785 1
786 1
787 1
788 1
789 0
790 0
791 1
792 0
793 0
794 0
795 1
796 1
797 1
798 1
799 0
800 0
801 0
802 1
803 0
804 0
805 1
806 1
807 1
808 0
809 0
810 1
811 1
812 1
813 1
814 0
815 1
816 0
817 1
818 1
819 1
820 0
821 0
822 0
823 0
824 1
825 1
826 0
827 1
828 0
829 1
830 0
831 1
832 1
833 0
834 0
835 0
836 1
837 1
838 1
839 1
840 0
841 1
842 1
843 1
844 1
845 1
846 0
847 1
848 1
849 1
850 1
851 0
852 1
853 1
854 1
855 1
856 1
857 0
858 0
859 0
860 0
861 1
862 0
863 1
864 0
865 1
866 0
867 0
868 1
869 1
870 1
871 1
872 1
873 0
874 0
875 0
876 1
877 0
878 1
879 0
880 1
881 0
882 1
883 1
884 1
885 1
886 0
887 0
888 0
889 1
890 0
891 0
892 0
893 0
894 1
895 0
896 1
897 1
898 0
899 0
900 1
901 0
902 0
903 1
904 1
905 0
906 1
907 0
908 1
909 1
910 0
911 1
912 0
913 1
914 0
915 1
916 0
917 1
918 1
919 1
920 1
921 1
922 0
923 0
924 0
925 0
926 0
927 0
928 0
929 0
930 1
931 0
932 1
933 0
934 0
935 0
936 0
937 1
938 0
939 1
940 0
941 1
942 1
943 0
944 0
945 0
946 0
947 0
948 0
949 0
950 0
951 0
952 1
953 1
954 1
955 1
956 0
957 0
958 1
959 0
960 1
961 0
962 0
963 0
964 1
965 1
966 1
967 1
968 0
969 1
970 0
971 1
972 1
973 1
974 1
975 0
976 1
977 0
978 0
979 0
980 1
981 1
982 1
983 0
984 1
985 0
986 0
987 0
988 1
989 0
990 0
991 1
992 1
993 1
994 1
995 0
996 1
997 1
998 1
999 1
1000 1
1001 0
1002 0
1003 1
1004 0
1005 0
1006 0
1007 0
1008 0
1009 0
1010 0
1011 0
1012 1
1013 1
1014 1
1015 0
1016 0
1017 1
1018 1
1019 0
1020 0
1021 1
1022 1
1023 1
1024 0
1025 0
1026 1
1027 1
1028 0
1029 0
1030 1
1031 1
1032 0
1033 0
1034 1
1035 0
1036 0
1037 0
1038 1
1039 0
1040 1
1041 1
1042 0
1043 1
1044 1
1045 0
1046 0
1047 0
1048 1
1049 0
1050 1
1051 1
1052 0
1053 1
1054 0
1055 1
1056 0
1057 0
1058 0
1059 0
1060 1
1061 0
1062 0
1063 0
1064 1
1065 0
1066 1
1067 1
1068 0
1069 0
1070 1
1071 0
1072 0
1073 1
1074 0
1075 1
1076 1
1077 1
1078 0
1079 1
1080 1
1081 1
1082 0
1083 1
1084 0
1085 1
1086 0
1087 0
1088 0
1089 1
1090 1
1091 0
1092 0
1093 1
1094 0
1095 0
1096 1
1097 0
1098 1
1099 1
1100 1
1101 1
1102 0
1103 0
1104 0
1105 1
1106 1
1107 0
1108 0
1109 1
1110 0
1111 0
1112 0
1113 1
1114 0
1115 0
1116 0
1117 0
1118 1
1119 1
1120 1
1121 0
1122 1
1123 1
1124 1
1125 0
1126 0
1127 0
1128 0
1129 1
1130 1
1131 0
1132 0
1133 1
1134 1
1135 0
1136 0
1137 1
1138 0
1139 0
1140 1
1141 1
1142 0
1143 1
1144 0
1145 1
1146 1
1147 1
1148 1
1149 1
1150 0
1151 0
1152 0
1153 0
1154 0
1155 0
1156 1
1157 0
1158 1
1159 1
1160 0
1161 1
1162 1
1163 1
1164 0
1165 1
1166 1
1167 1
1168 1
1169 1
1170 1
1171 0
1172 0
1173 0
1174 0
1175 0
1176 0
1177 0
1178 0
1179 0
1180 1
1181 0
1182 1
1183 0
1184 1
1185 0
1186 1
1187 1
1188 1
1189 1
1190 1
1191 0
1192 1
1193 0
1194 1
1195 1
1196 1
1197 0
1198 1
1199 0
1200 0
1201 1
1202 0
1203 0
1204 0
1205 0
1206 0
1207 0
1208 0
1209 1
1210 1
1211 0
1212 0
1213 0
1214 1
1215 1
1216 0
1217 0
1218 0
1219 0
1220 1
1221 1
1222 0
1223 1
1224 1
1225 1
1226 1
1227 0
1228 1
1229 0
1230 1
1231 1
1232 0
1233 0
1234 0
1235 1
1236 0
1237 0
1238 1
1239 0
1240 0
1241 1
1242 0
1243 0
1244 0
1245 0
1246 0
1247 1
1248 1
1249 1
1250 1
1251 0
1252 1
1253 1
1254 1
1255 0
1256 1
1257 0
1258 1
1259 0
1260 0
1261 0
1262 1
1263 0
1264 0
1265 1
1266 1
1267 1
1268 1
1269 1
1270 0
1271 1
1272 0
1273 0
1274 1
1275 0
1276 1
1277 1
1278 0
1279 1
1280 1
1281 1
1282 0
1283 0
1284 1
1285 0
1286 1
1287 0
1288 1
1289 1
1290 1
1291 0
1292 0
1293 1
1294 1
1295 0
1296 1
1297 1
1298 1
1299 1
1300 1
1301 0
1302 1
1303 1
1304 0
1305 0
1306 0
1307 0
1308 0
1309 0
1310 1
1311 0
1312 1
1313 1
1314 0
1315 1
1316 0
1317 1
1318 1
1319 0
1320 0
1321 1
1322 1
1323 1
1324 0
1325 1
1326 1
1327 0
1328 0
1329 0
1330 0
1331 0
1332 0
1333 1
1334 1
1335 1
1336 0
1337 1
1338 0
1339 0
1340 0
1341 1
1342 0
1343 0
1344 0
1345 1
1346 0
1347 0
1348 1
1349 1
1350 0
1351 0
1352 0
1353 0
1354 0
1355 1
1356 1
1357 1
1358 0
1359 1
1360 1
1361 0
1362 1
1363 1
1364 1
1365 1
1366 1
1367 0
1368 1
1369 1
1370 0
1371 0
1372 1
1373 1
1374 1
1375 0
1376 1
1377 1
1378 1
1379 0
1380 1
1381 1
1382 0
1383 1
1384 0
1385 0
1386 0
1387 0
1388 0
1389 1
1390 0
1391 1
1392 1
1393 1
1394 1
1395 1
1396 1
1397 1
1398 0
1399 1
1400 1
1401 1
1402 1
1403 1
1404 1
1405 0
1406 1
1407 1
1408 0
1409 1
1410 0
1411 0
1412 0
1413 1
1414 0
1415 1
1416 0
1417 0
1418 1
1419 1
1420 0
1421 1
1422 0
1423 0
1424 0
1425 0
1426 0
1427 1
1428 0
1429 0
1430 1
1431 1
1432 0
1433 0
1434 1
1435 1
1436 0
1437 0
1438 0
1439 0
1440 0
1441 1
1442 1
1443 0
1444 1
1445 0
1446 1
1447 1
1448 0
1449 0
1450 0
1451 1
1452 1
1453 0
1454 1
1455 0
1456 1
1457 0
1458 0
1459 1
1460 1
1461 0
1462 1
1463 1
1464 1
1465 1
1466 0
1467 1
1468 0
1469 0
1470 1
1471 1
1472 1
1473 0
1474 1
1475 0
1476 1
1477 1
1478 1
1479 0
1480 0
1481 0
1482 0
1483 1
1484 1
1485 0
1486 1
1487 0
1488 0
1489 1
1490 0
1491 1
1492 0
1493 1
1494 0
1495 1
1496 0
1497 0
1498 1
1499 1
1500 0
1501 0
1502 0
1503 0
1504 0
1505 0
1506 0
1507 0
1508 0
1509 0
1510 0
1511 1
1512 1
1513 1
1514 0
1515 1
1516 1
1517 1
1518 1
1519 0
1520 1
1521 1
1522 1
1523 0
1524 0
1525 1
1526 0
1527 1
1528 1
1529 0
1530 0
1531 1
1532 0
1533 1
1534 1
1535 1
1536 0
1537 1
1538 1
1539 1
1540 0
1541 1
1542 1
1543 1
1544 0
1545 0
1546 1
1547 1
1548 1
1549 0
1550 0
1551 0
1552 1
1553 1
1554 0
1555 0
1556 0
1557 1
1558 0
1559 1
1560 1
1561 0
1562 0
1563 0
1564 0
1565 1
1566 1
1567 1
1568 1
1569 0
1570 1
1571 0
1572 0
1573 0
1574 0
1575 0
1576 0
1577 1
1578 1
1579 0
1580 1
1581 0
1582 0
1583 1
1584 0
1585 0
1586 0
1587 1
1588 1
1589 1
1590 1
1591 1
1592 0
1593 1
1594 0
1595 0
1596 0
1597 1
1598 0
1599 1
1600 1
1601 1
1602 0
1603 1
1604 0
1605 1
1606 1
1607 0
1608 1
1609 0
1610 1
1611 0
1612 1
1613 1
1614 1
1615 0
1616 0
1617 1
1618 1
1619 1
1620 1
1621 0
1622 1
1623 1
1624 1
1625 0
1626 0
1627 0
1628 0
1629 0
1630 1
1631 1
1632 0
1633 1
1634 0
1635 1
1636 1
1637 1
1638 0
1639 1
1640 0
1641 0
1642 0
1643 1
1644 1
1645 1
1646 0
1647 1
1648 0
1649 1
1650 0
1651 1
1652 0
1653 0
1654 1
1655 1
1656 0
1657 1
1658 0
1659 0
1660 1
1661 0
1662 0
1663 0
1664 1
1665 1
1666 1
1667 0
1668 1
1669 0
1670 1
1671 0
1672 1
1673 1
1674 1
1675 1
1676 0
1677 0
1678 1
1679 0
1680 1
1681 1
1682 1
1683 0
1684 1
1685 0
1686 0
1687 1
1688 0
1689 0
1690 1
1691 1
1692 1
1693 0
1694 0
1695 1
1696 1
1697 0
1698 1
1699 0
1700 1
1701 1
1702 1
1703 0
1704 1
1705 0
1706 1
1707 1
1708 1
1709 0
1710 0
1711 1
1712 1
1713 1
1714 1
1715 1
1716 1
1717 0
1718 1
1719 1
1720 1
1721 0
1722 0
1723 0
1724 1
1725 1
1726 1
1727 1
1728 1
1729 1
1730 1
1731 0
1732 0
1733 0
1734 1
1735 1
1736 1
1737 0
1738 1
1739 1
1740 0
1741 1
1742 1
1743 1
1744 0
1745 0
1746 1
1747 1
1748 0
1749 1
1750 0
1751 0
1752 0
1753 0
1754 0
1755 1
1756 1
1757 1
1758 1
1759 1
1760 1
1761 1
1762 0
1763 0
1764 0
1765 0
1766 1
1767 0
1768 1
1769 1
1770 0
1771 0
1772 1
1773 1
1774 0
1775 1
1776 1
1777 0
1778 1
1779 0
1780 0
1781 1
1782 1
1783 1
1784 0
1785 1
1786 1
1787 0
1788 1
1789 1
1790 1
1791 1
1792 1
1793 0
1794 0
1795 0
1796 1
1797 1
1798 0
1799 0
1800 1
1801 0
1802 1
1803 0
1804 0
1805 1
1806 1
1807 1
1808 0
1809 1
1810 1
1811 1
1812 0
1813 0
1814 1
1815 1
1816 1
1817 0
1818 0
1819 1
1820 0
1821 0
1822 1
1823 1
1824 1
1825 0
1826 0
1827 1
1828 0
1829 0
1830 1
1831 1
1832 0
1833 0
1834 0
1835 0
1836 1
1837 1
1838 0
1839 1
1840 1
1841 1
1842 0
1843 0
1844 0
1845 0
1846 0
1847 1
1848 0
1849 1
1850 0
1851 0
1852 1
1853 0
1854 1
1855 1
1856 1
1857 1
1858 0
1859 1
1860 1
1861 0
1862 0
1863 0
1864 1
1865 0
1866 1
1867 0
1868 0
1869 1
1870 0
1871 0
1872 1
1873 1
1874 0
1875 1
1876 1
1877 0
1878 1
1879 0
1880 1
1881 1
1882 0
1883 1
1884 1
1885 1
1886 1
1887 1
1888 0
1889 0
1890 1
1891 0
1892 0
1893 0
1894 1
1895 1
1896 0
1897 1
1898 1
1899 0
1900 0
1901 0
1902 0
1903 0
1904 0
1905 1
1906 1
1907 0
1908 0
1909 1
1910 1
1911 0
1912 1
1913 0
1914 1
1915 1
1916 0
1917 0
1918 0
1919 1
1920 1
1921 1
1922 1
1923 0
1924 0
1925 1
1926 0
1927 1
1928 1
1929 1
1930 1
1931 0
1932 1
1933 1
1934 0
1935 1
1936 0
1937 1
1938 0
1939 1
1940 1
1941 1
1942 1
1943 1
1944 0
1945 1
1946 1
1947 0
1948 1
1949 1
1950 1
1951 0
1952 1
1953 0
1954 1
1955 0
1956 1
1957 1
1958 0
1959 1
1960 0
1961 0
1962 0
1963 0
1964 0
1965 1
1966 1
1967 1
1968 1
1969 0
1970 0
1971 0
1972 1
1973 1
1974 0
1975 1
1976 1
1977 0
1978 1
1979 0
1980 0
1981 0
1982 0
1983 1
1984 0
1985 1
1986 0
1987 0
1988 1
1989 1
1990 1
1991 1
1992 0
1993 1
1994 0
1995 0
1996 1
1997 1
1998 0
1999 1
2000 1
2001 0
2002 1
2003 1
2004 1
2005 1
2006 0
2007 1
2008 1
2009 0
2010 0
2011 1
2012 0
2013 0
2014 1
2015 0
2016 0
2017 1
2018 0
2019 1
2020 1
2021 0
2022 1
2023 1
2024 0
2025 0
2026 1
2027 1
2028 0
2029 1
2030 0
2031 0
2032 1
2033 0
2034 0
2035 0
2036 0
2037 1
2038 1
2039 0
2040 0
2041 1
2042 0
2043 0
2044 0
2045 1
2046 0
2047 1
2048 0
2049 1
2050 1
2051 0
2052 1
2053 1
2054 0
2055 1
2056 0
2057 1
2058 1
2059 0
2060 1
2061 0
2062 0
2063 1
2064 1
2065 0
2066 0
2067 1
2068 0
2069 0
2070 0
2071 0
2072 0
2073 1
2074 0
2075 0
2076 0
2077 1
2078 1
2079 0
2080 0
2081 0
2082 0
2083 0
2084 0
2085 1
2086 0
2087 0
2088 0
2089 1
2090 1
2091 0
2092 0
2093 0
2094 0
2095 0
2096 1
2097 0
2098 1
2099 0
2100 0
2101 1
2102 0
2103 0
2104 1
2105 1
2106 1
2107 0
2108 1
2109 1
2110 0
2111 0
2112 0
2113 0
2114 0
2115 0
2116 1
2117 1
2118 1
2119 1
2120 1
2121 1
2122 0
2123 1
2124 1
2125 0
2126 1
2127 1
2128 1
2129 0
2130 1
2131 0
2132 0
2133 1
2134 0
2135 1
2136 1
2137 0
2138 0
2139 1
2140 1
2141 0
2142 1
2143 0
2144 0
2145 1
2146 0
2147 0
2148 1
2149 1
2150 1
2151 0
2152 0
2153 1
2154 0
2155 0
2156 0
2157 0
2158 1
2159 0
2160 0
2161 0
2162 0
2163 0
2164 0
2165 0
2166 1
2167 1
2168 0
2169 1
2170 0
2171 0
2172 0
2173 0
2174 1
2175 0
2176 1
2177 1
2178 0
2179 0
2180 1
2181 1
2182 1
2183 0
2184 0
2185 1
2186 0
2187 0
2188 0
2189 1
2190 1
2191 0
2192 1
2193 1
2194 1
2195 1
2196 0
2197 1
2198 0
2199 1
2200 1
2201 1
2202 0
2203 0
2204 1
2205 0
2206 1
2207 1
2208 0
2209 0
2210 0
2211 1
2212 1
2213 0
2214 0
2215 0
2216 1
2217 0
2218 1
2219 0
2220 0
2221 1
2222 1
2223 1
2224 1
2225 0
2226 1
2227 0
2228 1
2229 1
2230 0
2231 0
2232 0
2233 0
2234 0
2235 1
2236 0
2237 0
2238 0
2239 1
2240 0
2241 0
2242 0
2243 1
2244 1
2245 0
2246 1
2247 0
2248 0
2249 1
2250 0
2251 0
2252 1
2253 0
2254 0
2255 1
2256 0
2257 0
2258 0
2259 1
2260 1
2261 0
2262 0
2263 1
2264 0
2265 1
2266 1
2267 0
2268 1
2269 1
2270 0
2271 1
2272 0
2273 0
2274 0
2275 1
2276 1
2277 1
2278 0
2279 0
2280 1
2281 0
2282 0
2283 1
2284 1
2285 1
2286 1
2287 1
2288 0
2289 1
2290 0
2291 0
2292 0
2293 0
2294 0
2295 0
2296 1
2297 0
2298 1
2299 1
2300 1
2301 0
2302 0
2303 0
2304 1
2305 0
2306 1
2307 1
2308 0
2309 0
2310 0
2311 1
2312 1
2313 0
2314 0
2315 1
2316 1
2317 0
2318 1
2319 1
2320 0
2321 1
2322 1
2323 0
2324 0
2325 0
2326 1
2327 1
2328 0
2329 1
2330 0
2331 1
2332 0
2333 0
2334 0
2335 1
2336 0
2337 1
2338 0
2339 1
2340 1
2341 0
2342 0
2343 0
2344 1
2345 1
2346 1
2347 0
2348 0
2349 1
2350 0
2351 1
2352 0
2353 0
2354 1
2355 1
2356 0
2357 1
2358 0
2359 1
2360 1
2361 0
2362 0
2363 0
2364 1
2365 0
2366 1
2367 1
2368 1
2369 0
2370 1
2371 1
2372 0
2373 0
2374 1
2375 1
2376 0
2377 0
2378 0
2379 0
2380 1
2381 0
2382 0
2383 1
2384 0
2385 1
2386 0
2387 1
2388 0
2389 1
2390 0
2391 1
2392 1
2393 1
2394 1
2395 0
2396 0
2397 1
2398 0
2399 1
2400 1
2401 1
2402 0
2403 1
2404 1
2405 1
2406 0
2407 1
2408 1
2409 0
2410 1
2411 0
2412 0
2413 0
2414 1
2415 1
2416 0
2417 1
2418 0
2419 0
2420 1
2421 1
2422 0
2423 1
2424 0
2425 1
2426 0
2427 0
2428 0
2429 1
2430 1
2431 1
2432 0
2433 1
2434 1
2435 1
2436 1
2437 1
2438 1
2439 1
2440 1
2441 0
2442 0
2443 0
2444 0
2445 0
2446 0
2447 0
2448 0
2449 0
2450 1
2451 0
2452 1
2453 0
2454 1
2455 1
2456 1
2457 0
2458 0
2459 0
2460 1
2461 1
2462 0
2463 0
2464 0
2465 0
2466 1
2467 1
2468 0
2469 0
2470 0
2471 1
2472 0
2473 0
2474 0
2475 1
2476 0
2477 1
2478 1
2479 1
2480 1
2481 1
2482 1
2483 0
2484 1
2485 1
2486 0
2487 0
2488 0
2489 1
2490 1
2491 1
2492 1
2493 1
2494 0
2495 1
2496 0
2497 0
2498 0
2499 0
2500 0
2501 0
2502 0
2503 0
2504 1
2505 0
2506 0
2507 1
2508 1
2509 0
2510 1
2511 1
2512 1
2513 0
2514 1
2515 0
2516 0
2517 1
2518 1
2519 1
2520 0
2521 1
2522 1
2523 0
2524 1
2525 0
2526 1
2527 0
2528 0
2529 0
2530 1
2531 0
2532 0
2533 1
2534 0
2535 0
2536 1
2537 0
2538 1
2539 1
2540 0
2541 0
2542 0
2543 1
2544 0
2545 1
2546 1
2547 0
2548 1
2549 0
2550 1
2551 0
2552 1
2553 1
2554 0
2555 0
2556 0
2557 1
2558 0
2559 0
2560 0
2561 1
2562 1
2563 0
2564 1
2565 0
2566 0
2567 1
2568 0
2569 0
2570 0
2571 1
2572 0
2573 0
2574 0
2575 0
2576 0
2577 1
2578 0
2579 0
2580 1
2581 0
2582 0
2583 0
2584 0
2585 0
2586 0
2587 0
2588 1
2589 0
2590 0
2591 1
2592 0
2593 1
2594 1
2595 0
2596 0
2597 0
2598 1
2599 0
2600 0
2601 1
2602 1
2603 0
2604 0
2605 0
2606 1
2607 0
2608 0
2609 0
2610 1
2611 1
2612 1
2613 0
2614 1
2615 0
2616 1
2617 1
2618 0
2619 1
2620 1
2621 1
2622 0
2623 1
2624 1
2625 0
2626 0
2627 0
2628 0
2629 0
2630 1
2631 1
2632 1
2633 0
2634 0
2635 1
2636 1
2637 0
2638 1
2639 0
2640 0
2641 1
2642 0
2643 0
2644 1
2645 0
2646 0
2647 1
2648 0
2649 1
2650 1
2651 0
2652 1
2653 0
2654 0
2655 0
2656 1
2657 1
2658 1
2659 0
2660 1
2661 1
2662 0
2663 0
2664 1
2665 0
2666 1
2667 0
2668 0
2669 0
2670 1
2671 1
2672 0
2673 0
2674 1
2675 0
2676 1
2677 1
2678 0
2679 0
2680 1
2681 0
2682 1
2683 1
2684 0
2685 0
2686 0
2687 0
2688 0
2689 0
2690 0
2691 0
2692 1
2693 0
2694 1
2695 0
2696 1
2697 1
2698 0
2699 1
2700 0
2701 1
2702 0
2703 0
2704 0
2705 0
2706 1
2707 1
2708 1
2709 1
2710 1
2711 1
2712 0
2713 1
2714 0
2715 1
2716 1
2717 0
2718 0
2719 0
2720 0
2721 1
2722 0
2723 1
2724 0
2725 1
2726 0
2727 1
2728 0
2729 0
2730 0
2731 1
2732 0
2733 1
2734 1
2735 0
2736 1
2737 0
2738 0
2739 0
2740 0
2741 1
2742 1
2743 0
2744 0
2745 1
2746 1
2747 1
2748 0
2749 1
2750 0
2751 1
2752 1
2753 0
2754 1
2755 0
2756 0
2757 0
2758 1
2759 1
2760 1
2761 1
2762 0
2763 0
2764 1
2765 0
2766 0
2767 0
2768 0
2769 0
2770 1
2771 1
2772 1
2773 0
2774 1
2775 0
2776 0
2777 0
2778 0
2779 1
2780 1
2781 0
2782 1
2783 0
2784 0
2785 1
2786 0
2787 0
2788 1
2789 1
2790 1
2791 0
2792 1
2793 0
2794 0
2795 0
2796 0
2797 0
2798 0
2799 1
2800 0
2801 1
2802 0
2803 0
2804 1
2805 0
2806 1
2807 1
2808 0
2809 0
2810 0
2811 1
2812 0
2813 1
2814 0
2815 0
2816 0
2817 1
2818 0
2819 0
2820 1
2821 1
2822 0
2823 1
2824 0
2825 0
2826 0
2827 1
2828 1
2829 1
2830 0
2831 0
2832 1
2833 1
2834 0
2835 1
2836 1
2837 0
2838 1
2839 1
2840 1
2841 1
2842 0
2843 0
2844 1
2845 1
2846 0
2847 0
2848 1
2849 1
2850 1
2851 0
2852 1
2853 0
2854 1
2855 0
2856 1
2857 1
2858 0
2859 0
2860 0
2861 0
2862 0
2863 1
2864 0
2865 1
2866 1
2867 0
2868 0
2869 1
2870 1
2871 0
2872 1
2873 1
2874 1
2875 1
2876 0
2877 0
2878 0
2879 1
2880 0
2881 0
2882 0
2883 0
2884 1
2885 0
2886 1
2887 0
2888 1
2889 0
2890 0
2891 1
2892 0
2893 1
2894 0
2895 0
2896 0
2897 0
2898 1
2899 1
2900 0
2901 1
2902 1
2903 1
2904 0
2905 0
2906 0
2907 1
2908 0
2909 0
2910 0
2911 1
2912 1
2913 0
2914 0
2915 1
2916 0
2917 1
2918 1
2919 1
2920 0
2921 1
2922 0
2923 1
2924 0
2925 1
2926 0
2927 1
2928 0
2929 1
2930 1
2931 1
2932 1
2933 1
2934 0
2935 0
2936 0
2937 0
2938 0
2939 0
2940 0
2941 0
2942 0
2943 1
2944 1
2945 0
2946 0
2947 0
2948 0
2949 0
2950 0
2951 0
2952 0
2953 1
2954 0
2955 0
2956 0
2957 1
2958 0
2959 1
2960 1
2961 1
2962 0
2963 0
2964 1
2965 0
2966 0
2967 1
2968 1
2969 0
2970 0
2971 0
2972 1
2973 1
2974 0
2975 1
2976 1
2977 1
2978 0
2979 1
2980 0
2981 1
2982 0
2983 1
2984 1
2985 1
2986 1
2987 1
2988 0
2989 1
2990 1
2991 0
2992 1
2993 1
2994 1
2995 0
2996 0
2997 0
2998 1
2999 1
3000 0
3001 0
3002 1
3003 0
3004 1
3005 1
3006 1
3007 1
3008 1
3009 1
3010 0
3011 0
3012 0
3013 1
3014 1
3015 1
3016 1
3017 0
3018 1
3019 0
3020 1
3021 0
3022 1
3023 1
3024 1
3025 0
3026 0
3027 1
3028 0
3029 1
3030 0
3031 0
3032 0
3033 1
3034 0
3035 1
3036 1
3037 0
3038 1
3039 0
3040 1
3041 1
3042 1
3043 0
3044 0
3045 1
3046 0
3047 0
3048 0
3049 0
3050 0
3051 1
3052 0
3053 0
3054 1
3055 0
3056 0
3057 0
3058 1
3059 0
3060 1
3061 0
3062 0
3063 1
3064 0
3065 1
3066 0
3067 0
3068 1
3069 0
3070 0
3071 1
3072 0
3073 0
3074 0
3075 0
3076 1
3077 1
3078 0
3079 0
3080 1
3081 0
3082 1
3083 0
3084 1
3085 0
3086 0
3087 1
3088 1
3089 1
3090 1
3091 1
3092 0
3093 1
3094 1
3095 0
3096 1
3097 0
3098 0
3099 0
3100 0
3101 1
3102 1
3103 0
3104 0
3105 0
3106 1
3107 1
3108 1
3109 0
3110 0
3111 0
3112 0
3113 0
3114 1
3115 0
3116 1
3117 0
3118 1
3119 0
3120 0
3121 1
3122 1
3123 1
3124 1
3125 1
3126 0
3127 0
3128 0
3129 0
3130 1
3131 1
3132 1
3133 0
3134 0
3135 1
3136 1
3137 0
3138 0
3139 1
3140 1
3141 0
3142 1
3143 0
3144 0
3145 0
3146 1
3147 0
3148 1
3149 0
3150 0
3151 0
3152 1
3153 0
3154 0
3155 1
3156 0
3157 1
3158 1
3159 0
3160 0
3161 1
3162 0
3163 1
3164 1
3165 0
3166 1
3167 0
3168 1
3169 0
3170 0
3171 1
3172 0
3173 1
3174 0
3175 1
3176 1
3177 0
3178 0
3179 1
3180 0
3181 1
3182 0
3183 1
3184 1
3185 0
3186 1
3187 1
3188 1
3189 0
3190 1
3191 1
3192 0
3193 1
3194 0
3195 1
3196 0
3197 0
3198 0
3199 1
3200 1
3201 1
3202 0
3203 0
3204 0
3205 1
3206 1
3207 0
3208 0
3209 1
3210 1
3211 1
3212 1
3213 1
3214 0
3215 1
3216 0
3217 1
3218 1
3219 1
3220 0
3221 0
3222 0
3223 1
3224 0
3225 0
3226 1
3227 0
3228 0
3229 0
3230 0
3231 0
3232 0
3233 0
3234 0
3235 1
3236 0
3237 1
3238 0
3239 1
3240 1
3241 0
3242 0
3243 1
3244 0
3245 1
3246 1
3247 1
3248 1
3249 0