0 0.203125
1 0.078125
10 0.078125
100 0.0625
101 0.140625
102 0.09375
103 0.015625
104 0.109375
105 0.078125
106 0.0625
107 0.078125
108 0.109375
109 0.078125
11 0.328125
110 0.078125
111 0.078125
112 0.03125
113 0.09375
114 0.140625
115 0.09375
116 0.109375
117 0.046875
118 0.125
119 0.0625
12 0.4375
120 0.109375
121 0.015625
122 0.09375
123 0.109375
124 0.09375
125 0.046875
126 0.0625
127 0.140625
128 0.0625
129 0.015625
13 0.671875
130 0.140625
131 0.0625
132 0.09375
133 0.03125
134 0.109375
135 0.046875
136 0.0625
137 0.0625
138 0.046875
139 0.0625
14 0.15625
140 0.109375
141 0.109375
142 0.09375
143 0.125
144 0.078125
145 0.078125
146 0.09375
147 0.125
148 0.125
149 0.0625
15 0.0
150 0.125
151 0.171875
152 0.09375
153 0.125
154 0.03125
155 0.09375
156 0.078125
157 0.015625
158 0.09375
159 0.125
16 0.671875
160 0.0625
161 0.0625
162 0.09375
163 0.0625
164 0.078125
165 0.078125
166 0.03125
167 0.109375
168 0.09375
169 0.09375
17 0.1875
170 0.0625
171 0.078125
172 0.046875
173 0.0625
174 0.046875
175 0.109375
176 0.046875
177 0.125
178 0.03125
179 0.0625
18 0.0625
180 0.109375
181 0.125
182 0.09375
183 0.109375
184 0.046875
185 0.078125
186 0.078125
187 0.015625
188 0.140625
189 0.078125
19 0.03125
190 0.0625
191 0.0625
192 0.046875
193 0.078125
194 0.125
195 0.078125
196 0.015625
197 0.125
198 0.078125
199 0.140625
2 0.0625
20 0.109375
200 0.046875
201 0.0625
202 0.125
203 0.109375
204 0.078125
205 0.046875
206 0.0625
207 0.09375
208 0.046875
209 0.046875
21 0.359375
210 0.0625
211 0.078125
212 0.09375
213 0.109375
214 0.046875
215 0.09375
216 0.046875
217 0.046875
218 0.078125
219 0.140625
22 0.25
220 0.0625
221 0.015625
222 0.09375
223 0.109375
224 0.03125
225 0.09375
226 0.078125
227 0.046875
228 0.046875
229 0.078125
23 0.140625
230 0.0625
231 0.0625
232 0.0625
233 0.0625
234 0.0625
235 0.078125
236 0.125
237 0.0625
238 0.0625
239 0.078125
24 0.421875
240 0.078125
241 0.078125
242 0.03125
243 0.0625
244 0.0625
245 0.078125
246 0.09375
247 0.03125
248 0.0625
249 0.078125
25 0.125
250 0.078125
251 0.109375
252 0.0625
253 0.09375
254 0.078125
255 0.0625
256 0.078125
257 0.046875
258 0.0625
259 0.046875
26 0.09375
260 0.0625
261 0.078125
262 0.046875
263 0.078125
264 0.0625
265 0.0625
266 0.09375
267 0.09375
268 0.0625
269 0.0625
27 0.125
270 0.0625
271 0.078125
272 0.078125
273 0.0625
274 0.09375
275 0.078125
276 0.046875
277 0.078125
278 0.046875
279 0.0625
28 0.140625
280 0.078125
281 0.046875
282 0.0625
283 0.046875
284 0.0625
285 0.046875
286 0.046875
287 0.0625
288 0.0625
289 0.09375
29 0.125
290 0.046875
291 0.046875
292 0.0625
293 0.0625
294 0.046875
295 0.046875
296 0.0625
297 0.03125
298 0.0625
299 0.046875
3 0.140625
30 0.296875
31 0.015625
32 0.109375
33 0.296875
34 0.203125
35 0.15625
36 0.25
37 0.171875
38 0.09375
39 0.296875
4 0.265625
40 0.046875
41 0.109375
42 0.046875
43 0.03125
44 0.421875
45 0.09375
46 0.0625
47 0.125
48 0.171875
49 0.0625
5 0.046875
50 0.09375
51 0.09375
52 0.140625
53 0.140625
54 0.171875
55 0.046875
56 0.40625
57 0.125
58 0.25
59 0.15625
6 0.109375
60 0.28125
61 0.078125
62 0.140625
63 0.09375
64 0.09375
65 0.03125
66 0.078125
67 0.015625
68 0.078125
69 0.109375
7 1.0
70 0.125
71 0.140625
72 0.1875
73 0.0625
74 0.046875
75 0.140625
76 0.015625
77 0.09375
78 0.03125
79 0.171875
8 0.53125
80 0.125
81 0.09375
82 0.078125
83 0.09375
84 0.0625
85 0.125
86 0.203125
87 0.078125
88 0.09375
89 0.09375
9 0.09375
90 0.09375
91 0.125
92 0.046875
93 0.109375
94 0.171875
95 0.046875
96 0.015625
97 0.140625
98 0.125
99 0.09375