0 896
1 419
2 605
3 728
4 998
5 953
6 79
7 402
8 705
9 668
10 976
11 50
12 750
13 715
14 356
15 680
16 380
17 827
18 937
19 360
20 243
21 331
22 883
23 513
24 956
25 148
26 429
27 951
28 135
29 490
30 543
31 563
32 455
33 70
34 168
35 13
36 532
37 542
38 119
39 104
40 456
41 898
42 563
43 610
44 527
45 722
46 968
47 408
48 894
49 484
50 133
51 738
52 754
53 521
54 180
55 33
56 253
57 747
58 828
59 601
60 301
61 321
62 285
63 697
64 837
65 997
66 523
67 861
68 467
69 991
70 203
71 340
72 225
73 935
74 346
75 156
76 705
77 193
78 6
79 586
80 506
81 823
82 407
83 718
84 374
85 169
86 952
87 74
88 300
89 766
90 769
91 249
92 101
93 618
94 691
95 321
96 909
97 567
98 90
99 748
100 725
101 972
102 964
103 63
104 510
105 696
106 891
107 598
108 370
109 974
110 850
111 768
112 700
113 353
114 37
115 151
116 543
117 398
118 698
119 875
120 9
121 34
122 756
123 712
124 786
125 989
126 510
127 688
128 68
129 327
130 480
131 982
132 90
133 477
134 298
135 663
136 160
137 992
138 547
139 232
140 991
141 531
142 934
143 290
144 151
145 794
146 459
147 606
148 856
149 806
150 982
151 864
152 403
153 144
154 478
155 871
156 977
157 431
158 843
159 9
160 784
161 548
162 110
163 250
164 528
165 377
166 267
167 588
168 428
169 952
170 286
171 646
172 57
173 305
174 960
175 566
176 859
177 735
178 39
179 615
180 745
181 261
182 500
183 387
184 991
185 830
186 901
187 304
188 525
189 970
190 897
191 388
192 627
193 968
194 235
195 568
196 237
197 823
198 49
199 163
200 446
201 752
202 346
203 305
204 468
205 301
206 283
207 760
208 477
209 208
210 168
211 779
212 77
213 387
214 0
215 65
216 851
217 342
218 478
219 813
220 553
221 602
222 229
223 693
224 167
225 290
226 737
227 393
228 879
229 826
230 38
231 205
232 957
233 482
234 979
235 546
236 384
237 834
238 458
239 900
240 827
241 126
242 967
243 264
244 208
245 470
246 300
247 466
248 62
249 907
250 689
251 693
252 93
253 179
254 645
255 594
256 367
257 355
258 406
259 239
260 747
261 841
262 366
263 627
264 928
265 986
266 999
267 408
268 927
269 650
270 470
271 651
272 401
273 629
274 345
275 313
276 294
277 911
278 882
279 465
280 496
281 956
282 741
283 780
284 304
285 18
286 967
287 658
288 398
289 56
290 86
291 437
292 171
293 237
294 824
295 417
296 617
297 941
298 362
299 475
300 312
301 195
302 900
303 741
304 73
305 382
306 564
307 754
308 821
309 681
310 148
311 550
312 782
313 199
314 813
315 834
316 290
317 500
318 977
319 197
320 59
321 316
322 871
323 616
324 287
325 660
326 933
327 170
328 267
329 881
330 459
331 436
332 817
333 235
334 81
335 708
336 569
337 500
338 97
339 467
340 801
341 550
342 855
343 126
344 753
345 355
346 919
347 43
348 571
349 150
350 236
351 234
352 16
353 667
354 47
355 766
356 42
357 324
358 556
359 501
360 637
361 609
362 39
363 541
364 41
365 651
366 150
367 873
368 380
369 518
370 825
371 306
372 755
373 59
374 610
375 174
376 667
377 693
378 122
379 723
380 360
381 398
382 182
383 754
384 467
385 817
386 537
387 116
388 980
389 472
390 483
391 477
392 709
393 371
394 243
395 602
396 51
397 735
398 500
399 418
400 90
401 443
402 870
403 352
404 801
405 283
406 852
407 312
408 857
409 152
410 486
411 845
412 217
413 564
414 552
415 434
416 46
417 974
418 214
419 863
420 548
421 32
422 549
423 688
424 531
425 127
426 538
427 777
428 391
429 847
430 389
431 714
432 839
433 337
434 260
435 849
436 83
437 159
438 691
439 881
440 404
441 950
442 647
443 990
444 575
445 57
446 978
447 278
448 22
449 942
450 839
451 704
452 752
453 698
454 946
455 552
456 723
457 475
458 256
459 242
460 731
461 687
462 608
463 187
464 245
465 702
466 194
467 82
468 947
469 425
470 260
471 221
472 638
473 923
474 431
475 629
476 757
477 481
478 883
479 171
480 879
481 503
482 476
483 855
484 813
485 675
486 522
487 955
488 53
489 292
490 699
491 310
492 789
493 53
494 505
495 289
496 410
497 83
498 510
499 932
500 402
501 837
502 826
503 741
504 650
505 483
506 768
507 267
508 760
509 494
510 146
511 396
512 333
513 589
514 644
515 162
516 963
517 10
518 464
519 257
520 192
521 213
522 477
523 214
524 723
525 666
526 337
527 915
528 151
529 230
530 582
531 446
532 274
533 883
534 958
535 885
536 519
537 520
538 119
539 230
540 599
541 493
542 885
543 698
544 930
545 240
546 511
547 689
548 176
549 817
550 109
551 657
552 105
553 983
554 680
555 823
556 780
557 715
558 123
559 516
560 56
561 90
562 672
563 902
564 507
565 965
566 857
567 383
568 148
569 197
570 372
571 705
572 880
573 367
574 79
575 612
576 863
577 199
578 539
579 950
580 369
581 947
582 676
583 613
584 203
585 192
586 122
587 229
588 217
589 412
590 807
591 402
592 41
593 314
594 802
595 104
596 303
597 613
598 690
599 517
600 34
601 775
602 402
603 731
604 241
605 76
606 463
607 925
608 190
609 367
610 562
611 693
612 167
613 431
614 710
615 120
616 595
617 422
618 158
619 502
620 663
621 798
622 816
623 290
624 24
625 805
626 896
627 954
628 575
629 249
630 802
631 446
632 967
633 103
634 930
635 376
636 197
637 262
638 25
639 184
640 804
641 306
642 889
643 452
644 977
645 906
646 383
647 310
648 658
649 21