0 1
0 2
0 3
0 4
0 5
0 6
0 7
0 8
0 9
0 10
0 11
0 12
0 13
0 14
0 15
0 16
0 17
0 18
0 21
0 22
0 23
0 24
0 25
0 26
0 27
0 28
0 29
0 30
0 31
0 32
0 38
0 39
0 42
0 43
0 44
0 45
0 46
0 49
0 50
0 51
0 52
0 53
0 55
0 59
0 66
0 70
0 79
0 83
0 87
0 93
0 94
0 97
0 99
0 102
0 111
0 113
0 114
0 115
0 127
0 130
0 132
0 142
0 158
0 162
0 163
0 165
0 170
0 172
0 177
0 178
0 186
0 188
0 191
0 194
0 199
0 204
0 205
0 206
0 212
0 230
0 234
0 237
0 239
0 243
0 248
0 255
0 258
0 261
0 272
0 276
0 288
0 293
0 296
0 303
0 312
0 317
0 321
0 325
0 336
0 352
0 359
0 364
0 367
0 371
0 377
0 400
0 411
0 417
0 427
0 431
0 434
0 440
0 475
0 477
0 479
0 485
0 492
0 500
0 509
0 515
0 523
0 525
0 526
0 529
0 531
0 535
0 542
0 545
0 547
0 555
0 561
0 571
0 580
0 620
0 642
0 644
0 647
0 656
0 665
0 672
0 676
0 703
0 732
0 735
0 744
0 749
0 769
0 785
0 787
0 791
0 797
0 817
0 839
0 852
0 855
0 871
0 873
0 875
0 894
0 910
0 914
0 927
0 939
0 970
0 973
0 990
0 992
0 1002
0 1005
0 1011
0 1029
0 1063
0 1102
0 1103
0 1126
0 1132
0 1138
0 1204
0 1212
0 1242
0 1252
0 1273
0 1276
0 1289
0 1297
0 1300
0 1316
0 1328
0 1351
0 1387
0 1405
0 1406
0 1409
0 1410
0 1427
0 1431
0 1476
0 1506
0 1517
0 1543
0 1574
0 1647
0 1648
1 8
1 9
1 10
1 11
1 12
1 14
1 17
1 19
1 20
1 23
1 25
1 28
1 31
1 33
1 40
1 43
1 48
1 49
1 50
1 57
1 60
1 63
1 71
1 76
1 77
1 79
1 84
1 87
1 99
1 112
1 116
1 119
1 150
1 157
1 160
1 178
1 182
1 185
1 195
1 204
1 210
1 228
1 238
1 265
1 275
1 291
1 301
1 304
1 348
1 357
1 362
1 369
1 371
1 383
1 393
1 413
1 414
1 434
1 437
1 444
1 447
1 450
1 452
1 457
1 465
1 473
1 480
1 485
1 490
1 496
1 499
1 501
1 514
1 522
1 555
1 564
1 569
1 581
1 586
1 594
1 597
1 600
1 614
1 677
1 690
1 732
1 767
1 772
1 795
1 810
1 851
1 896
1 914
1 942
1 950
1 957
1 977
1 1025
1 1037
1 1041
1 1061
1 1076
1 1127
1 1191
1 1245
1 1370
1 1425
1 1437
1 1543
1 1546
1 1559
1 1570
1 1614
2 8
2 9
2 10
2 11
2 12
2 13
2 21
2 33
2 34
2 35
2 37
2 41
2 45
2 55
2 69
2 75
2 76
2 81
2 83
2 85
2 89
2 96
2 106
2 109
2 112
2 118
2 120
2 124
2 132
2 133
2 139
2 140
2 145
2 153
2 203
2 231
2 232
2 264
2 276
2 280
2 299
2 302
2 314
2 339
2 356
2 366
2 371
2 392
2 420
2 434
2 493
2 514
2 537
2 549
2 561
2 574
2 581
2 611
2 617
2 627
2 636
2 659
2 670
2 672
2 711
2 715
2 784
2 811
2 832
2 834
2 897
2 930
2 940
2 952
2 960
2 1078
2 1101
2 1107
2 1132
2 1154
2 1171
2 1190
2 1194
2 1246
2 1269
2 1275
2 1288
2 1328
2 1333
2 1409
2 1561
2 1612
2 1619
3 8
3 9
3 11
3 12
3 18
3 30
3 33
3 35
3 36
3 40
3 44
3 48
3 58
3 62
3 63
3 77
3 82
3 86
3 93
3 99
3 108
3 118
3 123
3 126
3 131
3 149
3 157
3 178
3 193
3 211
3 217
3 222
3 228
3 231
3 238
3 245
3 260
3 267
3 271
3 287
3 337
3 503
3 527
3 537
3 553
3 606
3 619
3 687
3 700
3 711
3 742
3 789
3 864
3 897
3 915
3 938
3 991
3 1001
3 1004
3 1018
3 1060
3 1079
3 1114
3 1153
3 1194
3 1207
3 1288
3 1289
3 1313
3 1349
3 1393
3 1497
4 14
4 32
4 36
4 41
4 42
4 63
4 75
4 80
4 83
4 84
4 107
4 131
4 226
4 342
4 428
4 455
4 481
4 516
4 523
4 616
4 717
4 719
4 728
4 826
4 919
4 932
4 1288
4 1613
5 8
5 9
5 13
5 16
5 18
5 20
5 29
5 34
5 38
5 39
5 50
5 68
5 70
5 84
5 100
5 113
5 130
5 137
5 144
5 157
5 163
5 174
5 202
5 203
5 237
5 244
5 246
5 247
5 256
5 260
5 262
5 271
5 289
5 331
5 333
5 341
5 343
5 344
5 380
5 389
5 394
5 401
5 425
5 449
5 472
5 486
5 488
5 505
5 526
5 530
5 536
5 554
5 598
5 602
5 642
5 695
5 748
5 781
5 912
5 1000
5 1069
5 1093
5 1100
5 1108
5 1119
5 1170
5 1264
5 1304
5 1359
5 1380
5 1482
5 1640
6 8
6 9
6 10
6 11
6 17
6 20
6 25
6 33
6 37
6 42
6 47
6 59
6 70
6 80
6 100
6 102
6 104
6 112
6 127
6 154
6 165
6 177
6 202
6 209
6 212
6 240
6 249
6 274
6 352
6 356
6 383
6 425
6 551
6 563
6 565
6 579
6 591
6 654
6 666
6 696
6 711
6 778
6 815
6 858
6 1023
6 1128
6 1212
6 1319
6 1492
6 1541
6 1598
6 1602
7 8
7 10
7 15
7 23
7 57
7 110
7 111
7 182
7 226
7 310
7 313
7 349
7 419
7 478
7 501
7 522
7 565
7 599
7 600
7 654
7 765
7 802
7 832
7 842
7 940
7 943
7 970
7 1040
7 1065
7 1066
7 1124
7 1140
7 1309
7 1332
8 9
8 10
8 11
8 12
8 13
8 14
8 15
8 16
8 17
8 18
8 21
8 22
8 27
8 34
8 35
8 36
8 44
8 46
8 54
8 58
8 63
8 64
8 67
8 72
8 75
8 79
8 89
8 98
8 106
8 115
8 125
8 128
8 133
8 153
8 160
8 173
8 182
8 186
8 215
8 229
8 251
8 258
8 269
8 277
8 281
8 289
8 291
8 293
8 305
8 318
8 330
8 334
8 336
8 342
8 343
8 380
8 385
8 389
8 396
8 397
8 402
8 417
8 418
8 422
8 427
8 429
8 434
8 435
8 448
8 449
8 458
8 468
8 469
8 497
8 504
8 521
8 560
8 575
8 578
8 589
8 605
8 633
8 637
8 638
8 690
8 697
8 715
8 718
8 722
8 744
8 745
8 808
8 845
8 897
8 929
8 931
8 946
8 968
8 969
8 1001
8 1023
8 1059
8 1067
8 1125
8 1150
8 1152
8 1172
8 1205
8 1207
8 1262
8 1295
8 1321
8 1331
8 1332
8 1355
8 1373
8 1410
8 1427
8 1435
8 1501
8 1524
8 1538
8 1568
8 1573
8 1579
8 1619
8 1620
8 1639
9 10
9 12
9 13
9 14
9 18
9 23
9 24
9 27
9 29
9 32
9 35
9 42
9 43
9 51
9 53
9 90
9 95
9 114
9 152
9 191
9 197
9 204
9 211
9 225
9 234
9 266
9 293
9 308
9 336
9 397
9 399
9 459
9 461
9 462
9 469
9 471
9 502
9 514
9 556
9 621
9 675
9 704
9 708
9 737
9 740
9 743
9 812
9 818
9 827
9 878
9 958
9 998
9 1044
9 1062
9 1142
9 1214
9 1245
9 1283
9 1342
9 1351
9 1421
9 1578
9 1597
10 11
10 12
10 13
10 15
10 16
10 17
10 19
10 20
10 25
10 32
10 37
10 43
10 52
10 53
10 54
10 57
10 64
10 68
10 100
10 108
10 112
10 116
10 129
10 132
10 144
10 150
10 153
10 155
10 163
10 180
10 195
10 196
10 201
10 202
10 203
10 207
10 221
10 225
10 226
10 232
10 236
10 250
10 265
10 278
10 279
10 283
10 285
10 290
10 305
10 313
10 323
10 326
10 327
10 332
10 364
10 369
10 371
10 381
10 419
10 436
10 440
10 441
10 444
10 528
10 529
10 573
10 589
10 630
10 635
10 643
10 662
10 671
10 673
10 711
10 727
10 736
10 783
10 793
10 808
10 810
10 831
10 869
10 892
10 926
10 948
10 956
10 1007
10 1009
10 1047
10 1076
10 1103
10 1121
10 1157
10 1204
10 1223
10 1227
10 1230
10 1236
10 1243
10 1271
10 1279
10 1328
10 1362
10 1365
10 1434
10 1457
10 1465
10 1499
10 1530
10 1537
10 1568
10 1603
10 1631
10 1635
10 1642
10 1643
11 14
11 16
11 21
11 22
11 26
11 32
11 34
11 37
11 59
11 62
11 103
11 133
11 162
11 168
11 176
11 178
11 240
11 252
11 254
11 276
11 281
11 286
11 314
11 315
11 343
11 360
11 374
11 390
11 394
11 398
11 473
11 484
11 488
11 519
11 548
11 554
11 612
11 665
11 680
11 725
11 729
11 744
11 755
11 773
11 802
11 830
11 842
11 857
11 913
11 971
11 973
11 993
11 995
11 1019
11 1034
11 1108
11 1119
11 1176
11 1200
11 1205
11 1221
11 1230
11 1255
11 1259
11 1269
11 1322
11 1357
11 1383
11 1402
11 1412
11 1428
11 1514
11 1628
11 1638
12 13
12 14
12 15
12 17
12 18
12 19
12 26
12 27
12 32
12 37
12 46
12 52
12 58
12 64
12 69
12 75
12 77
12 81
12 93
12 97
12 101
12 106
12 109
12 112
12 121
12 131
12 143
12 151
12 152
12 154
12 159
12 172
12 195
12 214
12 215
12 219
12 233
12 236
12 290
12 322
12 323
12 326
12 347
12 367
12 375
12 381
12 383
12 410
12 418
12 419
12 423
12 434
12 492
12 505
12 507
12 511
12 535
12 562
12 566
12 578
12 582
12 595
12 638
12 662
12 704
12 708
12 723
12 725
12 747
12 757
12 786
12 811
12 821
12 872
12 881
12 891
12 914
12 941
12 943
12 1020
12 1031
12 1036
12 1037
12 1043
12 1082
12 1145
12 1156
12 1158
12 1164
12 1192
12 1194
12 1200
12 1220
12 1237
12 1292
12 1417
12 1464
12 1534
12 1611
12 1635
12 1638
12 1641
13 15
13 17
13 20
13 22
13 23
13 24
13 28
13 43
13 57
13 63
13 76
13 88
13 109
13 114
13 123
13 124
13 129
13 134
13 139
13 142
13 145
13 147
13 162
13 175
13 177
13 189
13 205
13 290
13 292
13 311
13 335
13 350
13 365
13 367
13 405
13 406
13 413
13 416
13 440
13 462
13 470
13 489
13 498
13 543
13 560
13 568
13 569
13 615
13 626
13 645
13 653
13 682
13 684
13 716
13 758
13 782
13 813
13 848
13 869
13 879
13 998
13 1050
13 1058
13 1073
13 1085
13 1108
13 1122
13 1131
13 1146
13 1160
13 1162
13 1174
13 1253
13 1265
13 1303
13 1324
13 1385
13 1410
13 1420
13 1442
13 1538
13 1554
13 1563
13 1571
14 15
14 16
14 21
14 22
14 24
14 29
14 30
14 34
14 38
14 54
14 66
14 81
14 95
14 97
14 98
14 108
14 120
14 131
14 136
14 145
14 147
14 158
14 170
14 205
14 216
14 228
14 246
14 255
14 264
14 266
14 283
14 293
14 303
14 310
14 322
14 334
14 340
14 355
14 405
14 441
14 446
14 451
14 481
14 623
14 663
14 756
14 773
14 796
14 807
14 836
14 926
14 931
14 965
14 969
14 1061
14 1081
14 1096
14 1098
14 1132
14 1152
14 1171
14 1245
14 1277
14 1323
14 1385
14 1412
14 1454
14 1461
14 1502
14 1551
14 1633
14 1648
15 16
15 19
15 20
15 22
15 27
15 28
15 39
15 50
15 55
15 58
15 59
15 65
15 69
15 71
15 73
15 117
15 137
15 139
15 144
15 151
15 152
15 156
15 191
15 195
15 207
15 215
15 221
15 225
15 229
15 232
15 265
15 268
15 274
15 290
15 294
15 295
15 319
15 334
15 357
15 378
15 387
15 393
15 422
15 435
15 463
15 477
15 478
15 484
15 507
15 518
15 521
15 528
15 564
15 576
15 591
15 608
15 610
15 618
15 644
15 659
15 660
15 697
15 742
15 776
15 809
15 820
15 829
15 834
15 847
15 853
15 859
15 861
15 882
15 918
15 986
15 1067
15 1107
15 1295
15 1314
15 1380
15 1381
15 1428
15 1475
15 1573
15 1574
15 1575
16 19
16 20
16 22
16 23
16 26
16 27
16 28
16 30
16 32
16 34
16 38
16 40
16 41
16 48
16 54
16 56
16 61
16 69
16 70
16 72
16 77
16 78
16 83
16 88
16 95
16 102
16 105
16 119
16 123
16 138
16 139
16 141
16 148
16 150
16 151
16 161
16 190
16 192
16 206
16 217
16 238
16 239
16 244
16 263
16 268
16 281
16 305
16 308
16 322
16 329
16 339
16 353
16 360
16 384
16 386
16 391
16 396
16 398
16 424
16 428
16 432
16 435
16 445
16 446
16 453
16 460
16 477
16 510
16 518
16 523
16 529
16 539
16 549
16 557
16 559
16 574
16 596
16 601
16 605
16 607
16 611
16 622
16 658
16 681
16 701
16 723
16 731
16 778
16 799
16 802
16 825
16 828
16 841
16 858
16 873
16 907
16 922
16 968
16 1013
16 1084
16 1104
16 1112
16 1116
16 1132
16 1195
16 1209
16 1227
16 1285
16 1303
16 1310
16 1323
16 1372
16 1381
16 1430
16 1440
16 1481
16 1496
16 1512
16 1522
16 1547
16 1568
16 1596
17 18
17 19
17 21
17 24
17 29
17 30
17 31
17 33
17 38
17 41
17 43
17 44
17 46
17 50
17 52
17 57
17 62
17 63
17 69
17 74
17 77
17 81
17 82
17 85
17 91
17 103
17 110
17 115
17 124
17 128
17 130
17 141
17 150
17 151
17 156
17 163
17 198
17 201
17 235
17 272
17 273
17 275
17 279
17 295
17 300
17 303
17 304
17 317
17 319
17 325
17 328
17 341
17 344
17 377
17 382
17 394
17 403
17 407
17 408
17 419
17 420
17 429
17 479
17 503
17 519
17 520
17 533
17 538
17 545
17 549
17 556
17 564
17 579
17 597
17 622
17 633
17 661
17 674
17 701
17 740
17 754
17 759
17 767
17 785
17 800
17 846
17 854
17 876
17 877
17 887
17 893
17 899
17 920
17 990
17 1022
17 1035
17 1050
17 1065
17 1069
17 1070
17 1072
17 1073
17 1104
17 1115
17 1125
17 1143
17 1156
17 1189
17 1209
17 1229
17 1235
17 1286
17 1317
17 1345
17 1353
17 1382
17 1403
17 1419
17 1425
17 1450
17 1451
17 1462
17 1470
17 1515
17 1536
17 1583
17 1600
17 1605
17 1610
18 19
18 37
18 48
18 58
18 60
18 61
18 67
18 68
18 77
18 80
18 90
18 97
18 98
18 103
18 104
18 107
18 114
18 129
18 143
18 179
18 214
18 240
18 246
18 271
18 280
18 283
18 286
18 294
18 303
18 311
18 316
18 335
18 338
18 347
18 366
18 399
18 413
18 415
18 442
18 450
18 456
18 510
18 550
18 556
18 562
18 597
18 628
18 707
18 717
18 833
18 854
18 872
18 874
18 892
18 994
18 1006
18 1014
18 1019
18 1062
18 1119
18 1130
18 1161
18 1170
18 1177
18 1184
18 1266
18 1400
18 1425
18 1427
18 1431
18 1476
18 1490
18 1593
18 1629
19 21
19 25
19 26
19 28
19 36
19 42
19 53
19 61
19 67
19 75
19 87
19 113
19 115
19 134
19 155
19 164
19 192
19 204
19 227
19 259
19 278
19 279
19 314
19 315
19 330
19 340
19 370
19 424
19 425
19 536
19 626
19 637
19 640
19 696
19 745
19 767
19 776
19 906
19 910
19 917
19 974
19 993
19 1036
19 1155
19 1197
19 1249
19 1253
19 1293
19 1322
19 1326
19 1338
19 1380
19 1396
19 1454
19 1513
19 1534
19 1553
19 1636
20 24
20 25
20 39
20 47
20 59
20 62
20 75
20 81
20 99
20 135
20 158
20 163
20 176
20 180
20 192
20 209
20 216
20 221
20 222
20 257
20 273
20 284
20 298
20 301
20 322
20 326
20 356
20 397
20 424
20 429
20 491
20 494
20 544
20 579
20 608
20 693
20 698
20 710
20 720
20 738
20 779
20 909
20 927
20 1004
20 1045
20 1047
20 1139
20 1143
20 1154
20 1183
20 1225
20 1231
20 1265
20 1281
20 1291
20 1344
20 1364
20 1538
20 1545
20 1615
20 1622
20 1634
21 23
21 26
21 27
21 28
21 31
21 37
21 39
21 41
21 44
21 51
21 53
21 54
21 56
21 61
21 62
21 65
21 71
21 74
21 87
21 89
21 93
21 96
21 104
21 122
21 125
21 126
21 131
21 132
21 149
21 161
21 180
21 184
21 197
21 205
21 228
21 230
21 232
21 233
21 245
21 252
21 256
21 291
21 300
21 316
21 336
21 342
21 373
21 403
21 411
21 432
21 439
21 453
21 467
21 480
21 490
21 518
21 526
21 539
21 549
21 560
21 567
21 578
21 602
21 603
21 613
21 634
21 635
21 643
21 644
21 658
21 661
21 663
21 675
21 684
21 713
21 748
21 781
21 815
21 832
21 838
21 849
21 850
21 867
21 901
21 917
21 922
21 974
21 979
21 1034
21 1049
21 1056
21 1069
21 1115
21 1177
21 1187
21 1188
21 1189
21 1257
21 1278
21 1285
21 1295
21 1326
21 1358
21 1369
21 1389
21 1396
21 1411
21 1462
21 1484
21 1512
21 1525
21 1527
21 1585
21 1611
21 1636
22 24
22 25
22 26
22 35
22 40
22 45
22 46
22 48
22 50
22 55
22 59
22 65
22 70
22 82
22 88
22 99
22 113
22 136
22 137
22 141
22 155
22 166
22 177
22 189
22 193
22 194
22 223
22 227
22 230
22 238
22 261
22 287
22 295
22 302
22 340
22 346
22 375
22 437
22 444
22 452
22 471
22 485
22 486
22 489
22 501
22 544
22 586
22 590
22 644
22 683
22 696
22 785
22 787
22 802
22 832
22 924
22 959
22 991
22 1033
22 1040
22 1076
22 1094
22 1117
22 1186
22 1188
22 1249
22 1336
22 1353
22 1398
22 1503
22 1505
22 1520
22 1551
22 1609
22 1615
22 1626
22 1631
22 1639
23 29
23 30
23 36
23 47
23 51
23 53
23 54
23 56
23 60
23 65
23 66
23 73
23 87
23 89
23 93
23 107
23 132
23 136
23 140
23 143
23 157
23 167
23 169
23 172
23 174
23 193
23 197
23 203
23 208
23 268
23 279
23 315
23 317
23 321
23 323
23 338
23 349
23 372
23 376
23 379
23 381
23 389
23 392
23 418
23 423
23 436
23 472
23 485
23 548
23 553
23 603
23 618
23 625
23 687
23 703
23 708
23 716
23 764
23 810
23 833
23 874
23 878
23 965
23 1004
23 1028
23 1087
23 1128
23 1133
23 1155
23 1174
23 1259
23 1261
23 1276
23 1295
23 1308
23 1320
23 1325
23 1368
23 1402
23 1419
23 1501
23 1529
23 1573
23 1611
23 1618
24 29
24 31
24 36
24 38
24 40
24 51
24 57
24 61
24 71
24 78
24 86
24 95
24 96
24 98
24 99
24 108
24 127
24 133
24 147
24 154
24 196
24 211
24 252
24 258
24 269
24 278
24 327
24 499
24 546
24 589
24 704
24 746
24 761
24 768
24 840
24 866
24 900
24 932
24 955
24 970
24 1009
24 1017
24 1044
24 1086
24 1129
24 1141
24 1162
24 1230
24 1238
24 1247
24 1349
24 1385
24 1389
24 1468
24 1548
24 1579
25 31
25 33
25 35
25 47
25 66
25 70
25 83
25 94
25 104
25 155
25 189
25 221
25 236
25 331
25 338
25 343
25 372
25 378
25 543
25 572
25 731
25 758
25 899
25 936
25 949
25 1005
25 1020
25 1070
25 1169
25 1181
25 1334
25 1395
25 1457
25 1491
25 1569
25 1620
26 30
26 31
26 45
26 49
26 62
26 86
26 142
26 157
26 175
26 179
26 184
26 185
26 200
26 204
26 212
26 216
26 232
26 244
26 361
26 368
26 440
26 453
26 455
26 460
26 469
26 470
26 487
26 494
26 504
26 509
26 563
26 577
26 621
26 623
26 624
26 637
26 643
26 655
26 668
26 689
26 698
26 710
26 717
26 719
26 728
26 769
26 792
26 829
26 971
26 979
26 980
26 995
26 1031
26 1071
26 1089
26 1092
26 1109
26 1110
26 1143
26 1148
26 1234
26 1238
26 1299
26 1361
26 1386
26 1397
26 1399
26 1404
26 1438
26 1514
26 1558
26 1582
26 1595
27 33
27 38
27 42
27 43
27 49
27 53
27 58
27 61
27 64
27 67
27 88
27 118
27 123
27 137
27 158
27 199
27 209
27 222
27 229
27 232
27 235
27 263
27 275
27 287
27 307
27 318
27 337
27 358
27 380
27 383
27 401
27 417
27 439
27 455
27 483
27 552
27 559
27 647
27 648
27 653
27 660
27 667
27 670
27 695
27 753
27 775
27 777
27 781
27 814
27 828
27 840
27 856
27 869
27 892
27 908
27 913
27 945
27 1010
27 1032
27 1035
27 1056
27 1086
27 1092
27 1134
27 1160
27 1187
27 1193
27 1266
27 1360
27 1375
27 1377
27 1429
27 1500
27 1509
27 1555
27 1569
27 1576
28 49
28 55
28 71
28 85
28 90
28 129
28 141
28 161
28 199
28 236
28 280
28 283
28 299
28 331
28 336
28 363
28 367
28 404
28 408
28 491
28 497
28 563
28 579
28 613
28 639
28 670
28 691
28 711
28 835
28 846
28 980
28 991
28 1036
28 1123
28 1157
28 1272
28 1375
28 1528
29 56
29 60
29 92
29 109
29 114
29 117
29 162
29 186
29 212
29 267
29 273
29 302
29 374
29 388
29 443
29 507
29 532
29 537
29 612
29 721
29 770
29 831
29 855
29 908
29 1055
29 1239
29 1386
29 1472
29 1543
30 41
30 47
30 64
30 73
30 80
30 85
30 94
30 106
30 108
30 129
30 130
30 134
30 165
30 197
30 212
30 229
30 232
30 247
30 257
30 302
30 399
30 408
30 419
30 438
30 458
30 546
30 547
30 551
30 557
30 563
30 585
30 655
30 669
30 690
30 705
30 749
30 765
30 799
30 809
30 838
30 897
30 902
30 921
30 928
30 934
30 957
30 1016
30 1025
30 1062
30 1120
30 1144
30 1223
30 1341
30 1362
30 1505
30 1541
30 1561
31 35
31 39
31 60
31 62
31 68
31 70
31 74
31 94
31 102
31 127
31 134
31 141
31 161
31 187
31 194
31 213
31 214
31 222
31 245
31 247
31 248
31 259
31 265
31 279
31 284
31 315
31 363
31 369
31 385
31 394
31 466
31 469
31 489
31 525
31 567
31 602
31 607
31 616
31 632
31 647
31 658
31 734
31 741
31 751
31 752
31 799
31 816
31 868
31 917
31 923
31 951
31 988
31 1038
31 1047
31 1052
31 1068
31 1083
31 1091
31 1157
31 1261
31 1291
31 1302
31 1343
31 1417
31 1422
31 1430
31 1431
31 1517
31 1548
31 1585
32 34
32 71
32 72
32 74
32 90
32 101
32 120
32 123
32 138
32 148
32 220
32 280
32 313
32 317
32 320
32 325
32 333
32 337
32 379
32 384
32 394
32 420
32 471
32 504
32 572
32 578
32 580
32 653
32 693
32 702
32 758
32 770
32 794
32 984
32 1060
32 1178
32 1185
32 1224
32 1262
32 1321
32 1338
32 1351
32 1472
32 1483
32 1510
33 45
33 52
33 96
33 135
33 148
33 152
33 159
33 269
33 317
33 676
33 715
33 780
33 816
33 923
33 1012
33 1072
33 1145
33 1150
33 1175
33 1381
33 1531
33 1599
33 1618
34 39
34 47
34 49
34 51
34 59
34 82
34 84
34 133
34 139
34 145
34 161
34 164
34 171
34 185
34 211
34 231
34 250
34 267
34 333
34 345
34 443
34 472
34 473
34 477
34 594
34 595
34 671
34 778
34 807
34 815
34 865
34 868
34 880
34 887
34 993
34 1268
34 1297
34 1404
34 1458
34 1489
34 1542
34 1551
35 36
35 44
35 45
35 52
35 78
35 80
35 110
35 121
35 128
35 167
35 179
35 195
35 267
35 274
35 282
35 309
35 326
35 336
35 345
35 346
35 349
35 355
35 370
35 376
35 457
35 480
35 533
35 604
35 618
35 632
35 642
35 699
35 738
35 756
35 767
35 781
35 798
35 832
35 845
35 890
35 963
35 982
35 1097
35 1123
35 1162
35 1175
35 1217
35 1223
35 1287
35 1288
35 1334
35 1335
35 1339
35 1347
35 1393
35 1416
35 1420
35 1446
35 1459
35 1496
35 1579
35 1643
36 40
36 48
36 60
36 66
36 83
36 101
36 128
36 163
36 220
36 297
36 348
36 457
36 463
36 480
36 776
36 838
36 974
36 1094
36 1154
36 1192
36 1303
36 1342
36 1354
36 1448
36 1568
36 1609
37 44
37 94
37 127
37 154
37 194
37 421
37 424
37 638
37 647
37 713
37 749
37 790
37 863
37 994
37 995
37 1041
37 1387
37 1397
37 1469
38 41
38 42
38 56
38 69
38 74
38 80
38 90
38 107
38 126
38 147
38 159
38 189
38 201
38 210
38 213
38 298
38 306
38 311
38 463
38 484
38 525
38 542
38 589
38 595
38 702
38 831
38 848
38 919
38 1087
38 1296
38 1326
38 1407
38 1616
38 1640
39 40
39 45
39 48
39 60
39 119
39 160
39 175
39 184
39 222
39 233
39 269
39 347
39 541
39 677
39 694
39 719
39 797
39 921
39 943
39 945
39 1016
39 1079
39 1138
39 1179
39 1229
39 1351
39 1544
40 47
40 54
40 63
40 69
40 86
40 90
40 100
40 125
40 143
40 146
40 181
40 204
40 206
40 223
40 266
40 284
40 290
40 294
40 327
40 388
40 401
40 426
40 448
40 470
40 476
40 537
40 593
40 612
40 628
40 720
40 741
40 754
40 831
40 991
40 1017
40 1026
40 1030
40 1037
40 1119
40 1146
40 1284
40 1297
40 1342
40 1381
40 1432
40 1493
41 46
41 61
41 86
41 105
41 110
41 138
41 160
41 165
41 187
41 188
41 209
41 213
41 218
41 229
41 252
41 328
41 359
41 361
41 396
41 400
41 407
41 408
41 450
41 613
41 618
41 705
41 741
41 909
41 936
41 983
41 1027
41 1113
41 1189
41 1190
41 1241
41 1247
41 1290
41 1299
41 1351
41 1426
41 1460
41 1588
42 55
42 71
42 72
42 79
42 92
42 98
42 103
42 120
42 124
42 130
42 146
42 162
42 175
42 176
42 182
42 207
42 223
42 255
42 311
42 331
42 366
42 385
42 387
42 409
42 411
42 432
42 452
42 459
42 466
42 467
42 479
42 534
42 583
42 712
42 766
42 800
42 809
42 885
42 1038
42 1049
42 1065
42 1072
42 1117
42 1300
42 1460
42 1488
42 1499
43 56
43 68
43 78
43 103
43 108
43 119
43 121
43 153
43 161
43 171
43 278
43 289
43 291
43 294
43 334
43 395
43 424
43 458
43 486
43 514
43 515
43 541
43 548
43 550
43 576
43 611
43 646
43 697
43 815
43 837
43 858
43 910
43 930
43 1019
43 1031
43 1070
43 1149
43 1196
43 1201
43 1261
43 1280
43 1324
43 1340
43 1480
43 1570
43 1579
43 1599
44 46
44 50
44 76
44 109
44 126
44 198
44 215
44 242
44 281
44 330
44 341
44 425
44 427
44 523
44 560
44 704
44 708
44 713
44 716
44 733
44 770
44 863
44 879
44 893
44 989
44 1111
44 1165
44 1203
44 1293
44 1365
44 1386
44 1443
44 1546
44 1634
45 52
45 55
45 66
45 73
45 79
45 144
45 166
45 170
45 177
45 233
45 245
45 246
45 264
45 265
45 321
45 395
45 406
45 422
45 428
45 430
45 433
45 510
45 519
45 523
45 526
45 533
45 534
45 572
45 580
45 609
45 620
45 625
45 630
45 637
45 641
45 680
45 681
45 762
45 765
45 791
45 812
45 834
45 841
45 877
45 880
45 973
45 1018
45 1033
45 1069
45 1077
45 1081
45 1092
45 1152
45 1168
45 1207
45 1231
45 1290
45 1291
45 1354
45 1437
45 1507
45 1539
46 65
46 83
46 91
46 116
46 141
46 206
46 251
46 285
46 302
46 351
46 380
46 383
46 394
46 502
46 662
46 895
46 974
46 994
46 1105
46 1132
46 1201
46 1245
46 1255
46 1303
46 1363
46 1466
47 74
47 76
47 79
47 89
47 102
47 126
47 182
47 211
47 234
47 245
47 335
47 378
47 382
47 535
47 622
47 667
47 686
47 703
47 712
47 730
47 736
47 737
47 739
47 800
47 813
47 941
47 967
47 976
47 1097
47 1100
47 1251
47 1314
47 1401
47 1415
47 1546
47 1636
48 49
48 51
48 72
48 92
48 95
48 116
48 134
48 176
48 192
48 194
48 217
48 227
48 231
48 272
48 295
48 310
48 318
48 326
48 337
48 367
48 401
48 404
48 445
48 489
48 507
48 513
48 530
48 567
48 579
48 633
48 660
48 664
48 669
48 679
48 686
48 724
48 730
48 740
48 759
48 760
48 917
48 1008
48 1036
48 1064
48 1133
48 1185
48 1275
48 1294
48 1420
49 56
49 87
49 98
49 109
49 140
49 198
49 216
49 231
49 236
49 284
49 287
49 330
49 391
49 393
49 398
49 411
49 414
49 463
49 501
49 506
49 516
49 528
49 559
49 581
49 583
49 590
49 707
49 752
49 774
49 845
49 926
49 992
49 1055
49 1066
49 1143
49 1166
49 1257
49 1286
49 1401
49 1608
49 1613
49 1618
49 1621
49 1630
49 1646
50 65
50 97
50 105
50 129
50 131
50 148
50 184
50 189
50 190
50 207
50 212
50 218
50 224
50 234
50 237
50 242
50 270
50 286
50 304
50 343
50 376
50 419
50 585
50 596
50 613
50 620
50 624
50 648
50 650
50 726
50 809
50 872
50 900
50 968
50 981
50 1024
50 1029
50 1086
50 1124
50 1134
50 1300
50 1378
50 1415
50 1420
50 1562
50 1592
51 58
51 72
51 88
51 101
51 103
51 105
51 106
51 149
51 171
51 226
51 233
51 242
51 256
51 276
51 308
51 452
51 464
51 470
51 476
51 479
51 503
51 540
51 574
51 575
51 588
51 619
51 634
51 640
51 651
51 710
51 735
51 779
51 894
51 896
51 928
51 947
51 978
51 986
51 1241
51 1263
51 1298
51 1390
51 1593
51 1636
52 67
52 76
52 78
52 91
52 107
52 113
52 121
52 160
52 162
52 184
52 210
52 258
52 262
52 297
52 340
52 353
52 402
52 462
52 690
52 860
52 881
52 891
52 917
52 929
52 988
52 995
52 1133
52 1175
52 1202
52 1400
52 1530
52 1540
52 1635
52 1639
53 64
53 73
53 86
53 136
53 194
53 201
53 213
53 241
53 263
53 272
53 288
53 328
53 382
53 431
53 458
53 608
53 749
53 847
53 869
53 1102
53 1146
53 1524
53 1558
53 1643
54 115
54 120
54 147
54 199
54 204
54 224
54 248
54 299
54 527
54 555
54 602
54 634
54 655
54 808
54 866
54 962
54 1009
54 1016
54 1037
54 1108
54 1199
54 1507
55 57
55 95
55 98
55 118
55 172
55 198
55 211
55 270
55 273
55 350
55 373
55 497
55 541
55 550
55 570
55 629
55 796
55 968
55 1207
55 1289
55 1460
55 1476
56 73
56 84
56 92
56 116
56 122
56 130
56 174
56 183
56 200
56 252
56 298
56 309
56 322
56 346
56 359
56 361
56 364
56 367
56 370
56 379
56 381
56 397
56 406
56 445
56 462
56 466
56 564
56 572
56 609
56 734
56 780
56 844
56 903
56 1043
56 1164
56 1258
56 1272
56 1274
56 1311
56 1320
56 1334
56 1344
56 1397
56 1429
56 1439
56 1482
56 1504
56 1533
56 1582
57 66
57 97
57 113
57 124
57 169
57 208
57 226
57 266
57 296
57 303
57 331
57 332
57 568
57 588
57 591
57 619
57 621
57 660
57 666
57 770
57 1032
57 1070
57 1109
57 1270
57 1355
57 1439
57 1621
58 74
58 92
58 119
58 122
58 143
58 208
58 209
58 230
58 238
58 267
58 290
58 433
58 450
58 489
58 539
58 557
58 598
58 613
58 668
58 673
58 698
58 737
58 740
58 827
58 940
58 949
58 1011
58 1044
58 1103
58 1178
58 1226
58 1282
58 1377
58 1447
58 1509
59 64
59 68
59 75
59 81
59 88
59 99
59 100
59 110
59 112
59 116
59 168
59 200
59 226
59 299
59 384
59 421
59 490
59 522
59 610
59 870
59 1010
59 1286
59 1297
59 1357
59 1416
59 1419
59 1519
59 1543
59 1545
59 1628
60 91
60 122
60 176
60 200
60 220
60 273
60 298
60 317
60 366
60 494
60 557
60 834
60 1327
60 1513
60 1516
60 1520
60 1631
61 65
61 78
61 82
61 107
61 120
61 134
61 151
61 243
61 271
61 293
61 418
61 477
61 565
61 610
61 619
61 631
61 653
61 659
61 761
61 764
61 805
61 840
61 857
61 1013
61 1097
61 1217
61 1270
61 1335
61 1340
61 1363
61 1602
62 79
62 106
62 110
62 121
62 505
62 534
62 539
62 574
62 605
62 658
62 745
62 820
62 865
62 1115
62 1123
62 1151
62 1299
62 1326
62 1439
62 1463
62 1546
63 88
63 121
63 123
63 215
63 243
63 251
63 254
63 263
63 268
63 270
63 286
63 300
63 306
63 370
63 431
63 442
63 449
63 473
63 558
63 593
63 608
63 670
63 683
63 706
63 758
63 850
63 879
63 896
63 960
63 1013
63 1075
63 1208
63 1365
63 1432
63 1479
63 1559
63 1569
63 1573
63 1627
64 67
64 84
64 85
64 96
64 142
64 144
64 158
64 166
64 167
64 187
64 239
64 256
64 309
64 343
64 346
64 401
64 406
64 437
64 440
64 443
64 444
64 467
64 493
64 572
64 726
64 783
64 800
64 817
64 909
64 934
64 988
64 1006
64 1087
64 1104
64 1135
64 1153
64 1182
64 1201
64 1204
64 1205
64 1261
64 1374
64 1592
65 67
65 72
65 85
65 91
65 93
65 119
65 126
65 138
65 142
65 143
65 175
65 197
65 200
65 221
65 222
65 261
65 296
65 308
65 321
65 342
65 362
65 390
65 412
65 438
65 496
65 511
65 555
65 609
65 641
65 845
65 846
65 847
65 853
65 868
65 888
65 1045
65 1051
65 1058
65 1073
65 1245
65 1253
65 1264
65 1338
65 1480
65 1530
66 90
66 131
66 135
66 154
66 182
66 195
66 205
66 354
66 403
66 451
66 486
66 491
66 510
66 524
66 552
66 630
66 673
66 681
66 773
66 780
66 809
66 869
66 885
66 928
66 978
66 1213
66 1215
66 1219
66 1345
66 1361
66 1426
66 1571
67 68
67 114
67 213
67 218
67 277
67 296
67 324
67 398
67 476
67 553
67 605
67 608
67 652
67 731
67 737
67 812
67 816
67 826
67 867
67 888
67 1015
67 1035
67 1039
67 1168
67 1270
67 1305
67 1389
67 1453
67 1499
67 1563
68 77
68 94
68 105
68 117
68 136
68 145
68 159
68 166
68 205
68 209
68 249
68 252
68 275
68 276
68 285
68 310
68 350
68 362
68 396
68 434
68 494
68 532
68 558
68 561
68 580
68 696
68 714
68 817
68 880
68 981
68 985
68 1006
68 1033
68 1042
68 1092
68 1112
68 1116
68 1133
68 1139
68 1140
68 1169
68 1281
68 1398
68 1476
69 73
69 111
69 193
69 199
69 201
69 218
69 249
69 294
69 341
69 364
69 490
69 607
69 634
69 720
69 819
69 825
69 894
69 975
69 1041
69 1052
69 1100
69 1126
69 1141
69 1296
69 1375
69 1445
69 1467
69 1513
69 1584
70 78
70 80
70 81
70 111
70 115
70 117
70 132
70 165
70 180
70 186
70 188
70 259
70 307
70 345
70 355
70 399
70 403
70 426
70 427
70 463
70 483
70 486
70 492
70 508
70 535
70 538
70 560
70 624
70 740
70 771
70 772
70 790
70 885
70 924
70 970
70 1018
70 1139
70 1147
70 1186
70 1271
70 1293
70 1308
70 1317
70 1375
70 1377
70 1508
71 76
71 82
71 102
71 150
71 219
71 234
71 299
71 302
71 406
71 565
71 568
71 582
71 614
71 625
71 632
71 646
71 725
71 867
71 901
71 1090
71 1120
71 1231
71 1486
71 1490
71 1498
71 1503
71 1644
72 82
72 85
72 86
72 119
72 135
72 164
72 189
72 223
72 240
72 243
72 248
72 249
72 254
72 261
72 271
72 318
72 326
72 356
72 374
72 405
72 414
72 433
72 437
72 438
72 445
72 449
72 454
72 551
72 622
72 711
72 741
72 752
72 755
72 811
72 821
72 839
72 863
72 874
72 906
72 998
72 1028
72 1109
72 1162
72 1176
72 1180
72 1218
72 1233
72 1261
72 1273
72 1299
72 1320
72 1339
72 1378
72 1388
72 1406
72 1506
72 1534
72 1565
72 1618
73 105
73 153
73 185
73 190
73 281
73 332
73 333
73 358
73 363
73 390
73 399
73 411
73 477
73 575
73 623
73 638
73 742
73 752
73 774
73 857
73 993
73 1105
73 1127
73 1196
73 1256
73 1273
73 1284
73 1286
73 1352
73 1372
73 1409
73 1421
73 1450
73 1532
73 1583
73 1601
73 1625
74 145
74 212
74 245
74 255
74 259
74 274
74 319
74 340
74 389
74 515
74 518
74 541
74 542
74 576
74 733
74 737
74 787
74 890
74 986
74 1042
74 1112
74 1155
74 1236
74 1465
74 1516
74 1563
74 1623
75 91
75 187
75 250
75 677
75 799
75 801
75 929
75 1017
75 1027
75 1180
75 1223
75 1312
76 91
76 123
76 183
76 188
76 190
76 274
76 303
76 305
76 323
76 334
76 379
76 392
76 414
76 447
76 450
76 472
76 502
76 556
76 573
76 586
76 689
76 699
76 713
76 793
76 814
76 846
76 906
76 934
76 961
76 972
76 982
76 1090
76 1138
76 1163
76 1166
76 1179
76 1204
76 1414
76 1466
76 1482
76 1562
76 1605
77 89
77 108
77 111
77 114
77 128
77 172
77 237
77 307
77 374
77 375
77 421
77 482
77 603
77 657
77 817
77 821
77 833
77 908
77 938
77 983
77 1011
77 1072
77 1111
77 1149
77 1198
77 1224
77 1239
77 1259
77 1293
77 1299
77 1306
77 1370
77 1506
77 1565
78 109
78 173
78 199
78 275
78 301
78 337
78 357
78 437
78 446
78 527
78 545
78 551
78 655
78 860
78 946
78 1009
78 1033
78 1172
78 1306
78 1338
78 1386
78 1395
78 1491
78 1493
78 1504
78 1523
78 1548
78 1562
79 127
79 296
79 315
79 468
79 514
79 528
79 1078
79 1227
79 1313
79 1398
79 1410
79 1442
79 1608
80 104
80 107
80 118
80 121
80 125
80 150
80 312
80 511
80 596
80 605
80 625
80 755
80 803
80 822
80 912
80 1040
80 1053
80 1118
80 1126
80 1183
80 1341
80 1369
80 1410
80 1453
80 1580
80 1648
81 84
81 92
81 97
81 111
81 137
81 178
81 238
81 253
81 268
81 313
81 328
81 331
81 333
81 386
81 438
81 444
81 513
81 543
81 559
81 573
81 624
81 627
81 676
81 713
81 814
81 881
81 919
81 995
81 1190
81 1231
81 1254
81 1283
81 1287
81 1290
81 1319
81 1336
81 1574
82 89
82 92
82 117
82 179
82 188
82 270
82 467
82 499
82 661
82 804
82 928
82 934
82 940
82 1096
82 1102
82 1109
82 1203
82 1261
82 1322
82 1402
82 1445
82 1475
82 1622
83 87
83 122
83 135
83 233
83 271
83 292
83 311
83 350
83 417
83 418
83 506
83 532
83 1039
83 1090
83 1169
83 1181
83 1243
83 1348
83 1452
83 1526
83 1567
84 186
84 236
84 276
84 320
84 568
84 614
84 679
84 687
84 721
84 759
84 884
84 987
84 1220
84 1228
84 1397
84 1508
84 1527
84 1539
85 96
85 117
85 219
85 280
85 373
85 454
85 517
85 546
85 703
85 792
85 1099
85 1147
85 1174
85 1194
85 1257
85 1285
85 1423
85 1464
86 101
86 124
86 133
86 136
86 164
86 168
86 178
86 183
86 184
86 190
86 203
86 210
86 278
86 283
86 306
86 325
86 336
86 347
86 354
86 360
86 373
86 380
86 412
86 441
86 466
86 507
86 564
86 604
86 636
86 647
86 691
86 718
86 726
86 794
86 801
86 805
86 883
86 891
86 1012
86 1024
86 1080
86 1088
86 1118
86 1119
86 1133
86 1210
86 1212
86 1238
86 1324
86 1438
86 1467
86 1526
86 1594
86 1603
86 1624
86 1631
87 96
87 100
87 102
87 106
87 152
87 170
87 201
87 254
87 358
87 396
87 451
87 474
87 494
87 631
87 739
87 776
87 851
87 865
87 1041
87 1068
87 1121
87 1246
87 1341
87 1349
87 1550
87 1568
88 297
88 345
88 385
88 403
88 409
88 429
88 495
88 609
88 895
88 1005
88 1182
89 95
89 112
89 124
89 154
89 193
89 217
89 229
89 256
89 329
89 337
89 455
89 475
89 519
89 520
89 535
89 564
89 592
89 663
89 697
89 783
89 823
89 908
89 941
89 967
89 1023
89 1035
89 1102
89 1142
89 1229
89 1243
89 1250
89 1272
89 1276
89 1555
89 1564
90 94
90 173
90 200
90 236
90 260
90 261
90 409
90 643
90 789
90 867
90 908
90 948
90 980
90 1090
90 1163
90 1192
90 1427
91 93
91 173
91 192
91 202
91 220
91 251
91 284
91 294
91 324
91 400
91 457
91 525
91 587
91 751
91 764
91 808
91 851
91 916
91 1040
91 1099
91 1150
91 1191
91 1364
91 1605
91 1609
92 100
92 101
92 104
92 128
92 143
92 149
92 151
92 160
92 175
92 209
92 210
92 219
92 240
92 243
92 264
92 275
92 283
92 311
92 320
92 325
92 356
92 435
92 524
92 531
92 555
92 675
92 676
92 706
92 709
92 721
92 732
92 784
92 798
92 802
92 813
92 906
92 972
92 1143
92 1151
92 1174
92 1211
92 1220
92 1225
92 1301
92 1350
92 1361
92 1381
92 1446
92 1499
92 1600
92 1641
93 101
93 142
93 146
93 270
93 344
93 403
93 475
93 611
93 659
93 733
93 749
93 767
93 783
93 787
93 846
93 906
93 1055
93 1095
93 1110
93 1128
93 1242
93 1258
93 1388
93 1427
93 1445
93 1527
93 1610
93 1619
93 1633
94 110
94 115
94 146
94 150
94 155
94 159
94 165
94 167
94 218
94 235
94 253
94 295
94 322
94 351
94 360
94 380
94 413
94 433
94 486
94 544
94 636
94 668
94 751
94 764
94 811
94 873
94 874
94 998
94 1207
94 1232
94 1259
94 1270
94 1323
94 1354
94 1451
94 1485
94 1514
95 105
95 135
95 146
95 155
95 172
95 208
95 216
95 277
95 291
95 319
95 368
95 388
95 439
95 455
95 470
95 490
95 503
95 528
95 619
95 632
95 641
95 806
95 863
95 896
95 949
95 1066
95 1151
95 1197
95 1405
96 305
96 313
96 604
96 648
96 879
96 1395
97 104
97 113
97 136
97 166
97 176
97 214
97 217
97 221
97 249
97 416
97 517
97 529
97 540
97 583
97 585
97 688
97 719
97 731
97 785
97 962
97 1085
97 1093
97 1213
97 1358
97 1445
97 1449
97 1594
98 103
98 111
98 144
98 152
98 166
98 203
98 267
98 286
98 330
98 347
98 363
98 458
98 622
98 668
98 673
98 692
98 729
98 778
98 792
98 800
98 822
98 873
98 899
98 923
98 1296
98 1316
98 1523
98 1587
98 1592
98 1618
98 1632
99 166
99 207
99 215
99 217
99 241
99 285
99 296
99 384
99 419
99 515
99 540
99 547
99 584
99 603
99 636
99 877
99 969
99 1008
99 1200
99 1344
99 1444
99 1567
99 1573
99 1578
100 129
100 137
100 142
100 146
100 185
100 189
100 268
100 339
100 404
100 649
100 699
100 715
100 750
100 789
100 884
100 904
100 972
100 1095
100 1096
100 1144
100 1161
100 1356
100 1392
100 1459
100 1633
101 183
101 202
101 266
101 319
101 378
101 418
101 499
101 539
101 797
101 828
101 854
101 1051
101 1076
101 1368
101 1408
101 1509
101 1542
101 1642
102 118
102 138
102 174
102 177
102 185
102 196
102 259
102 277
102 283
102 288
102 312
102 346
102 366
102 390
102 392
102 393
102 498
102 524
102 590
102 747
102 811
102 838
102 890
102 915
102 954
102 984
102 1014
102 1131
102 1248
103 238
103 262
103 277
103 365
103 400
103 476
103 502
103 521
103 530
103 600
103 657
103 671
103 680
103 705
103 771
103 825
103 1001
103 1032
103 1055
103 1058
103 1209
103 1249
103 1310
103 1387
103 1394
103 1481
103 1591
103 1607
104 128
104 144
104 157
104 169
104 170
104 186
104 190
104 304
104 309
104 318
104 360
104 476
104 483
104 488
104 646
104 650
104 665
104 693
104 745
104 864
104 898
104 1003
104 1030
104 1161
104 1176
104 1192
104 1208
104 1218
104 1234
104 1277
104 1311
104 1323
104 1384
104 1399
104 1534
105 116
105 122
105 127
105 133
105 139
105 155
105 156
105 164
105 167
105 169
105 170
105 193
105 198
105 214
105 222
105 224
105 237
105 282
105 297
105 312
105 316
105 321
105 355
105 361
105 385
105 417
105 426
105 428
105 454
105 457
105 466
105 515
105 517
105 518
105 523
105 600
105 647
105 682
105 739
105 751
105 804
105 820
105 848
105 866
105 885
105 894
105 895
105 983
105 992
105 1000
105 1028
105 1049
105 1073
105 1078
105 1119
105 1159
105 1221
105 1252
105 1254
105 1289
105 1374
105 1381
105 1393
105 1401
105 1413
105 1417
105 1426
105 1459
105 1519
105 1533
105 1549
105 1558
105 1625
105 1646
106 118
106 134
106 139
106 146
106 149
106 168
106 196
106 223
106 224
106 256
106 359
106 454
106 543
106 610
106 626
106 629
106 638
106 642
106 650
106 913
106 1022
106 1075
106 1158
106 1305
106 1426
106 1493
106 1515
106 1644
107 153
107 161
107 214
107 224
107 295
107 338
107 363
107 410
107 415
107 453
107 457
107 465
107 485
107 495
107 584
107 700
107 705
107 780
107 823
107 841
107 844
107 932
107 1025
107 1129
107 1173
107 1429
107 1639
108 169
108 216
108 258
108 351
108 369
108 413
108 462
108 472
108 473
108 591
108 642
108 675
108 682
108 729
108 816
108 871
108 962
108 1062
108 1133
108 1185
108 1346
108 1441
108 1527
108 1589
108 1633
109 156
109 244
109 282
109 285
109 334
109 373
109 499
109 539
109 544
109 547
109 552
109 597
109 643
109 679
109 722
109 774
109 839
109 922
109 931
109 941
109 997
109 1027
109 1054
109 1116
109 1219
109 1231
109 1257
109 1316
109 1355
109 1439
109 1521
110 444
110 652
110 780
110 1191
110 1253
110 1329
111 120
111 187
111 320
111 326
111 368
111 373
111 451
111 474
111 506
111 584
111 628
111 692
111 844
111 849
111 868
111 903
111 942
111 1009
111 1110
111 1149
111 1173
111 1214
111 1254
111 1258
111 1396
111 1461
111 1478
111 1479
111 1541
112 122
112 125
112 126
112 137
112 141
112 159
112 181
112 198
112 217
112 235
112 239
112 250
112 263
112 307
112 349
112 368
112 371
112 391
112 509
112 528
112 542
112 597
112 656
112 681
112 683
112 741
112 849
112 873
112 891
112 944
112 951
112 997
112 1105
112 1139
112 1149
112 1225
112 1251
112 1341
112 1420
112 1437
112 1572
113 117
113 149
113 247
113 262
113 302
113 362
113 516
113 541
113 548
113 571
113 615
113 694
113 724
113 1185
113 1206
113 1273
113 1348
114 125
114 138
114 230
114 239
114 299
114 377
114 379
114 436
114 496
114 512
114 516
114 587
114 594
114 595
114 735
114 806
114 855
114 878
114 989
114 1102
114 1152
114 1482
114 1506
115 180
115 248
115 314
115 327
115 614
115 615
115 795
115 1026
115 1088
115 1438
115 1478
115 1530
116 145
116 482
116 483
116 569
116 618
116 653
116 734
116 803
116 875
116 1029
116 1483
116 1545
117 140
117 169
117 235
117 250
117 339
117 341
117 350
117 372
117 375
117 395
117 430
117 456
117 483
117 487
117 488
117 543
117 552
117 630
117 688
117 808
117 830
117 1100
117 1275
117 1287
117 1301
117 1404
117 1410
118 808
118 1255
118 1298
118 1433
118 1511
119 125
119 132
119 148
119 153
119 167
119 192
119 206
119 250
119 256
119 282
119 307
119 353
119 358
119 361
119 400
119 442
119 461
119 467
119 491
119 495
119 521
119 708
119 727
119 743
119 826
119 1033
119 1147
119 1169
119 1183
119 1185
119 1195
119 1206
119 1258
119 1291
119 1455
119 1485
119 1537
119 1645
120 147
120 251
120 280
120 449
120 545
120 788
120 914
120 1001
120 1264
120 1617
121 148
121 181
121 215
121 323
121 360
121 367
121 388
121 402
121 433
121 524
121 620
121 695
121 822
121 871
121 1101
121 1130
121 1510
121 1537
122 147
122 210
122 221
122 312
122 415
122 448
122 493
122 680
122 871
122 891
122 1033
122 1127
122 1407
122 1531
122 1625
123 138
123 168
123 171
123 179
123 264
123 345
123 453
123 602
123 757
123 786
123 810
123 871
123 887
123 1071
123 1154
123 1212
123 1271
123 1362
123 1445
123 1498
124 164
124 171
124 184
124 191
124 196
124 205
124 353
124 475
124 481
124 508
124 530
124 538
124 571
124 623
124 757
124 769
124 780
124 942
124 1030
124 1086
124 1109
124 1335
124 1384
124 1480
124 1481
124 1491
124 1585
124 1630
125 130
125 140
125 152
125 257
125 269
125 328
125 370
125 403
125 405
125 407
125 427
125 471
125 503
125 534
125 538
125 543
125 591
125 629
125 671
125 684
125 866
125 878
125 962
125 991
125 1018
125 1032
125 1157
125 1228
125 1283
125 1408
125 1422
125 1507
125 1546
125 1562
125 1583
125 1631
126 338
126 347
126 442
126 645
126 652
126 779
126 857
126 1082
126 1153
126 1165
126 1338
126 1399
126 1488
126 1587
127 235
127 339
127 431
127 520
127 616
127 1015
127 1212
127 1301
127 1333
127 1394
127 1542
128 169
128 183
128 211
128 329
128 368
128 372
128 400
128 415
128 459
128 491
128 494
128 617
128 663
128 718
128 929
128 983
128 1014
128 1233
128 1477
128 1550
129 168
129 187
129 220
129 559
129 669
129 798
129 904
129 945
130 213
130 300
130 398
130 767
130 868
130 887
130 936
130 1064
130 1181
130 1202
130 1253
130 1517
130 1613
131 164
131 172
131 183
131 309
131 322
131 378
131 392
131 393
131 430
131 435
131 600
131 704
131 712
131 766
131 1015
131 1101
131 1154
131 1160
131 1191
131 1235
131 1293
131 1341
131 1371
131 1435
131 1466
131 1492
132 140
132 151
132 156
132 158
132 175
132 196
132 206
132 248
132 309
132 332
132 362
132 366
132 373
132 382
132 404
132 420
132 509
132 543
132 659
132 686
132 698
132 853
132 912
132 1096
132 1144
132 1298
132 1449
133 149
133 173
133 179
133 230
133 267
133 314
133 348
133 370
133 391
133 422
133 441
133 448
133 593
133 602
133 655
133 716
133 745
133 747
133 756
133 760
133 802
133 820
133 830
133 840
133 860
133 934
133 947
133 1005
133 1038
133 1056
133 1076
133 1091
133 1093
133 1136
133 1251
133 1368
133 1406
133 1443
133 1549
133 1574
133 1580
134 135
134 140
134 160
134 182
134 420
134 576
134 609
134 661
134 919
134 1180
134 1278
134 1569
135 216
135 239
135 252
135 355
135 375
135 390
135 442
135 501
135 540
135 575
135 633
135 666
135 799
135 884
135 968
135 990
135 1022
135 1198
135 1489
135 1539
135 1577
135 1583
135 1630
136 165
136 167
136 207
136 246
136 384
136 409
136 432
136 508
136 604
136 678
136 698
136 731
136 795
136 952
136 1006
136 1021
136 1095
136 1098
136 1232
136 1493
136 1520
136 1521
137 156
137 181
137 264
137 329
137 412
137 431
137 537
137 690
137 769
137 815
137 827
137 851
137 976
137 987
137 988
137 1116
137 1269
137 1421
137 1462
137 1482
137 1590
138 344
138 426
138 495
138 896
138 977
138 1311
138 1555
138 1649
139 156
139 206
139 284
139 315
139 348
139 355
139 390
139 429
139 466
139 626
139 632
139 699
139 1142
139 1226
139 1373
139 1451
139 1474
139 1495
139 1604
140 148
140 340
140 828
140 1011
140 1643
141 174
141 190
141 438
141 448
141 682
141 781
141 981
141 1139
142 157
142 158
142 180
142 197
142 227
142 298
142 308
142 330
142 461
142 574
142 657
142 660
142 759
142 796
142 935
142 1013
142 1019
142 1066
142 1067
142 1156
142 1184
142 1280
142 1324
142 1403
142 1442
143 214
143 229
143 261
143 311
143 323
143 350
143 360
143 484
143 546
143 561
143 587
143 889
143 1136
143 1183
143 1396
143 1403
143 1436
144 154
144 220
144 287
144 288
144 427
144 509
144 536
144 955
144 1058
144 1135
144 1206
144 1323
144 1366
145 177
145 199
145 248
145 257
145 409
145 453
145 519
145 540
145 570
145 730
145 734
145 957
145 1002
145 1064
145 1068
145 1238
145 1317
145 1363
145 1430
145 1469
145 1531
145 1609
146 170
146 181
146 208
146 226
146 260
146 347
146 359
146 389
146 404
146 424
146 476
146 494
146 514
146 557
146 618
146 649
146 860
146 942
146 977
146 979
146 980
146 1025
146 1254
146 1446
146 1469
146 1491
146 1494
146 1547
146 1549
146 1647
147 159
147 351
147 354
147 426
147 793
147 837
147 1010
147 1196
147 1239
147 1251
147 1393
147 1509
147 1530
148 162
148 178
148 191
148 278
148 292
148 453
148 460
148 499
148 637
148 717
148 738
148 751
148 884
148 952
148 975
149 163
149 168
149 237
149 260
149 273
149 312
149 313
149 357
149 458
149 499
149 675
149 960
149 992
149 1497
149 1504
149 1538
149 1544
150 183
150 200
150 234
150 324
150 392
150 473
150 947
150 1603
151 198
151 678
151 709
151 881
151 1189
151 1308
151 1374
151 1391
151 1408
151 1496
152 298
152 963
152 1136
152 1160
152 1197
152 1445
152 1629
153 196
153 219
153 253
153 346
153 525
153 562
153 860
153 1159
153 1451
154 171
154 181
154 275
154 290
154 569
154 814
154 909
154 1040
154 1080
155 174
155 191
155 219
155 249
155 254
155 327
155 361
155 393
155 410
155 420
155 471
155 485
155 504
155 549
155 598
155 601
155 626
155 779
155 818
155 959
155 985
155 996
155 1079
155 1113
155 1114
155 1151
155 1164
155 1315
155 1339
155 1423
156 180
156 240
156 314
156 619
156 662
156 743
156 825
156 893
156 1202
156 1297
156 1377
156 1466
156 1537
156 1636
157 173
157 188
157 319
157 650
157 898
157 1120
157 1293
157 1585
158 202
158 244
158 268
158 301
158 320
158 386
158 393
158 418
158 490
158 532
158 544
158 561
158 583
158 596
158 597
158 699
158 725
158 818
158 905
158 911
158 913
158 951
158 1016
158 1067
158 1076
158 1263
158 1291
158 1301
158 1391
158 1452
158 1492
158 1525
158 1549
158 1628
159 176
159 223
159 233
159 274
159 609
159 660
159 740
159 837
159 1037
159 1137
159 1290
159 1638
160 186
160 218
160 241
160 300
160 306
160 379
160 383
160 388
160 391
160 394
160 467
160 505
160 714
160 743
160 765
160 776
160 836
160 950
160 1037
160 1182
160 1370
160 1401
160 1406
160 1629
161 193
161 241
161 263
161 264
161 287
161 292
161 293
161 365
161 382
161 387
161 680
161 748
161 771
161 844
161 847
161 872
161 883
161 1000
161 1218
161 1309
161 1518
161 1563
162 225
162 420
162 571
162 675
162 901
162 1133
162 1146
162 1294
162 1312
162 1371
162 1416
162 1498
162 1612
163 291
163 449
163 509
163 593
163 613
163 674
163 766
163 859
163 876
164 210
164 274
164 397
164 445
164 446
164 461
164 482
164 492
164 639
164 770
164 1067
164 1167
164 1169
164 1258
164 1355
165 218
165 241
165 254
165 289
165 516
165 575
165 649
165 831
166 173
166 174
166 285
166 298
166 339
166 451
166 545
166 569
166 635
166 673
166 841
166 1066
167 179
167 242
167 247
167 288
167 353
167 365
167 482
167 1086
167 1414
167 1648
168 171
168 208
168 237
168 423
168 622
168 623
168 646
168 809
168 902
168 1049
168 1053
168 1075
168 1227
168 1268
168 1475
169 187
169 247
169 269
169 321
169 422
169 432
169 456
169 478
169 585
169 600
169 618
169 651
169 714
169 899
169 1097
169 1184
169 1498
169 1506
169 1621
170 197
170 242
170 259
170 292
170 301
170 452
170 471
170 559
170 794
170 798
170 836
170 911
170 915
170 1330
170 1515
170 1557
171 329
171 486
171 556
171 944
171 1188
171 1447
172 228
172 501
172 648
172 733
172 882
172 1159
172 1201
172 1322
172 1329
172 1392
172 1569
173 213
173 281
173 348
173 349
173 398
173 465
173 531
173 704
173 736
173 760
173 943
173 948
173 949
173 1174
173 1200
173 1285
173 1440
173 1488
173 1540
174 243
174 440
174 511
174 1034
174 1214
174 1281
174 1315
174 1452
175 203
175 381
175 815
175 854
175 876
175 1048
175 1103
175 1168
176 253
176 265
176 321
176 502
176 688
176 736
176 771
176 1276
176 1366
176 1582
176 1587
177 324
177 606
177 985
177 1281
177 1458
178 185
178 195
178 240
178 345
178 356
178 372
178 412
178 490
178 554
178 561
178 581
178 640
178 945
178 946
178 996
178 1075
178 1209
178 1243
178 1284
178 1457
178 1484
179 227
179 460
179 508
179 706
179 707
179 761
179 853
179 871
179 888
179 900
179 1113
179 1588
180 181
180 188
180 192
180 259
180 286
180 294
180 319
180 351
180 366
180 430
180 444
180 461
180 578
180 621
180 648
180 684
180 693
180 700
180 703
180 835
180 845
180 852
180 911
180 953
180 959
180 1035
180 1388
180 1633
181 202
181 219
181 234
181 243
181 282
181 312
181 316
181 325
181 387
181 546
181 723
181 735
181 833
181 842
181 940
181 971
181 1025
181 1061
181 1170
181 1203
181 1240
181 1331
181 1406
181 1487
181 1632
182 405
182 439
182 463
182 500
182 518
182 536
182 558
182 566
182 864
182 873
182 946
182 980
182 1019
182 1106
182 1172
182 1226
182 1257
182 1305
182 1312
182 1474
182 1492
182 1632
183 250
183 335
183 461
183 582
183 593
183 672
183 900
183 1063
183 1092
183 1357
183 1418
183 1468
183 1636
184 301
184 647
184 702
184 727
184 754
184 775
184 959
184 1024
185 191
185 318
185 375
185 498
185 615
185 690
185 707
185 1186
185 1224
185 1230
185 1347
185 1375
185 1406
185 1422
185 1461
185 1627
186 247
186 358
186 375
186 447
186 541
186 551
186 603
186 704
186 801
186 1193
186 1423
186 1424
186 1616
187 220
187 258
187 406
187 469
187 533
187 583
187 663
187 804
187 807
187 946
187 987
187 1072
187 1110
187 1136
187 1178
187 1210
187 1211
187 1252
187 1263
187 1299
187 1438
188 201
188 208
188 272
188 390
188 569
188 573
188 686
188 709
188 980
188 1048
188 1063
188 1142
188 1219
188 1325
188 1457
188 1526
188 1578
189 194
189 224
189 225
189 257
189 261
189 263
189 279
189 328
189 500
189 719
189 790
189 897
189 955
189 1017
189 1052
189 1067
189 1074
189 1125
189 1198
189 1293
189 1343
189 1487
189 1493
189 1604
190 535
190 697
190 748
190 1253
190 1524
191 315
191 316
191 339
191 371
191 661
191 671
191 708
191 754
191 917
191 958
191 1050
191 1094
191 1398
191 1473
191 1478
192 207
192 310
192 362
192 383
192 387
192 436
192 464
192 562
192 566
192 745
192 766
192 775
192 830
192 880
192 985
192 998
192 1015
192 1102
192 1123
192 1158
192 1226
192 1241
192 1388
192 1425
192 1471
192 1553
192 1593
192 1626
193 228
193 245
193 269
193 320
193 396
193 488
193 495
193 567
193 689
193 738
193 841
193 846
193 1312
193 1548
193 1566
194 260
194 276
194 448
194 524
194 646
194 755
194 819
194 1016
194 1203
194 1272
195 231
195 244
195 346
195 358
195 431
195 437
195 478
195 517
195 533
195 620
195 736
195 753
195 764
195 797
195 806
195 821
195 849
195 950
195 1107
195 1123
195 1328
195 1560
195 1629
196 246
196 335
196 513
196 532
196 536
196 548
196 566
196 612
196 797
196 932
196 1208
196 1239
196 1260
197 692
197 948
197 984
197 1164
197 1432
197 1563
198 253
198 299
198 384
198 421
198 475
198 493
198 512
198 524
198 546
198 614
198 672
198 919
198 1053
198 1077
198 1215
198 1229
198 1284
198 1580
199 224
199 225
199 333
199 468
199 474
199 506
199 547
199 667
199 738
199 831
199 855
199 869
199 1068
199 1090
199 1193
199 1196
199 1218
199 1220
199 1316
199 1359
199 1407
199 1529
200 235
200 266
200 277
200 402
200 454
200 479
200 590
200 615
200 617
200 630
200 763
200 1057
200 1412
201 242
201 251
201 262
201 278
201 300
201 304
201 313
201 410
201 442
201 489
201 513
201 591
201 638
201 763
201 811
201 843
201 862
201 960
201 1022
201 1027
201 1038
201 1062
201 1107
201 1157
201 1382
201 1418
201 1432
201 1601
201 1636
202 281
202 344
202 395
202 550
202 633
202 751
202 931
202 1058
202 1145
202 1162
202 1196
202 1369
202 1494
202 1500
202 1583
202 1628
203 280
203 297
203 407
203 465
203 484
203 492
203 570
203 587
203 718
203 743
203 782
203 898
203 909
203 937
203 938
203 1101
203 1111
203 1187
203 1210
203 1228
203 1465
203 1533
204 231
204 351
204 634
204 1145
204 1192
204 1586
205 291
205 511
205 939
205 965
205 1162
205 1250
205 1391
206 271
206 1167
206 1400
206 1588
207 227
207 288
207 343
207 374
207 425
207 511
207 668
207 780
207 796
207 833
207 920
207 1004
207 1036
207 1057
207 1144
207 1241
207 1273
207 1274
207 1275
207 1313
207 1344
207 1373
207 1471
207 1555
207 1557
207 1564
207 1595
208 255
208 365
208 371
208 376
208 599
208 620
208 763
208 816
208 882
208 961
208 965
208 1005
208 1190
208 1213
208 1228
208 1362
208 1379
209 284
209 496
210 227
210 241
210 242
210 328
210 354
210 384
210 422
210 443
210 666
210 726
210 730
210 798
210 1149
210 1211
210 1266
210 1544
211 342
211 447
211 484
211 593
211 625
211 760
211 848
211 930
211 971
211 1015
211 1366
212 628
212 672
212 712
212 951
212 996
212 997
212 1176
212 1216
212 1413
212 1471
212 1481
212 1497
212 1502
212 1581
213 239
213 541
213 592
213 662
213 696
213 700
213 710
213 891
213 990
213 1051
213 1069
213 1314
213 1360
213 1418
213 1450
214 368
214 688
214 977
214 1127
214 1487
215 223
215 258
215 272
215 356
215 409
215 429
215 464
215 570
215 577
215 584
215 637
215 677
215 699
215 714
215 816
215 830
215 854
215 978
215 1236
215 1576
216 292
216 358
216 470
216 564
216 635
216 731
216 882
216 1083
216 1417
217 230
217 254
217 257
217 260
217 364
217 522
217 993
217 1021
217 1182
217 1186
217 1279
217 1558
218 225
218 253
218 364
218 568
218 664
218 710
218 720
218 801
218 857
218 878
218 919
218 1146
218 1358
218 1441
218 1467
218 1509
218 1617
219 282
219 300
219 304
219 342
219 446
219 458
219 465
219 507
219 550
219 617
219 644
219 650
219 821
219 852
219 877
219 1146
219 1302
219 1414
219 1427
219 1536
219 1586
220 246
220 378
220 537
220 614
220 795
220 829
220 878
220 1278
220 1390
220 1434
220 1483
220 1484
221 287
221 305
221 382
221 405
221 534
221 560
221 631
221 635
221 747
221 1170
221 1425
221 1587
221 1612
222 309
222 342
222 391
222 407
222 460
222 527
222 706
222 732
222 791
222 823
222 849
222 925
222 1026
222 1094
222 1118
222 1432
222 1448
222 1491
222 1512
222 1579
223 253
223 332
223 381
223 430
223 433
223 456
223 629
223 659
223 679
223 786
223 1149
223 1219
223 1372
223 1383
223 1538
223 1551
224 279
224 303
224 852
224 875
224 1071
224 1232
225 357
225 427
225 557
225 574
225 606
225 654
225 839
225 964
225 1014
225 1061
225 1257
225 1638
226 228
226 337
226 483
226 506
226 560
226 580
226 789
226 969
226 1007
226 1092
226 1097
226 1249
226 1254
226 1265
226 1624
227 244
227 273
227 1617
228 474
228 520
228 744
228 1428
228 1508
229 289
229 295
229 357
229 428
229 556
229 573
229 584
229 600
229 619
229 636
229 762
229 782
229 803
229 841
229 918
229 968
229 1056
229 1083
229 1494
229 1594
230 318
230 341
230 425
230 487
230 634
230 648
230 716
230 824
230 999
230 1181
230 1593
231 423
231 587
231 671
231 828
231 1323
231 1343
231 1414
231 1452
231 1487
231 1495
231 1496
231 1597
232 353
232 768
232 795
232 1178
232 1259
232 1287
232 1304
232 1434
232 1544
232 1607
232 1620
233 251
233 266
233 352
233 430
233 493
233 565
233 679
233 827
233 898
233 981
233 999
233 1021
233 1177
233 1344
233 1367
233 1490
233 1546
234 257
234 338
234 441
234 617
234 884
234 892
234 962
234 1017
234 1401
234 1607
235 314
235 713
235 1030
235 1256
235 1614
235 1615
235 1630
236 363
236 385
236 722
236 797
236 966
236 1079
236 1463
236 1479
236 1511
237 241
237 350
237 426
237 631
237 723
237 757
237 771
237 983
237 1454
238 249
238 270
238 387
238 452
238 510
238 604
238 739
238 774
238 1012
238 1116
239 377
239 435
239 608
239 938
239 1003
239 1011
239 1021
239 1105
239 1417
239 1540
239 1645
240 272
240 304
240 307
240 369
240 516
240 734
240 824
240 923
240 1028
240 1064
240 1122
240 1128
240 1161
240 1197
240 1215
240 1262
240 1393
240 1413
240 1500
240 1613
241 262
241 277
241 316
241 327
241 416
241 496
241 521
241 641
241 747
241 772
241 950
241 986
241 1490
242 255
242 349
242 498
242 544
242 895
242 911
242 1023
242 1059
242 1252
243 441
243 627
243 817
243 856
243 1091
243 1222
243 1362
243 1446
243 1490
243 1551
244 389
244 570
244 632
244 682
244 1135
245 450
245 531
245 805
245 955
245 1626
246 297
246 807
246 876
246 952
246 961
246 973
246 1053
246 1346
246 1388
246 1575
246 1582
247 635
247 1200
247 1328
247 1417
247 1440
248 288
248 324
248 478
248 495
248 675
248 744
248 1148
248 1171
248 1490
248 1505
248 1587
248 1598
249 289
249 665
249 884
249 1527
250 387
250 497
250 587
250 591
250 705
250 1260
250 1382
251 255
251 362
251 372
251 637
251 670
251 680
251 1114
251 1140
251 1393
251 1541
251 1624
252 438
252 603
252 1023
252 1562
253 305
253 348
253 491
253 575
253 596
253 1019
253 1045
253 1319
253 1437
253 1441
253 1623
254 289
254 385
254 706
254 716
254 882
254 966
254 1433
255 285
255 445
255 577
255 826
255 932
255 998
255 1286
255 1301
255 1360
255 1519
255 1539
255 1597
255 1603
255 1634
256 270
256 292
256 316
256 392
256 472
256 492
256 875
256 918
256 953
256 1056
256 1266
256 1369
257 262
257 332
257 378
257 566
257 698
257 976
257 1227
258 308
258 324
258 365
258 386
258 428
258 473
258 475
258 554
258 587
258 687
258 706
258 786
258 812
258 1029
258 1072
258 1106
258 1213
258 1308
259 307
259 395
259 461
259 462
259 474
259 479
259 558
259 611
259 652
259 672
259 689
259 789
259 818
259 958
259 1071
259 1129
259 1153
259 1225
259 1334
259 1464
259 1524
259 1568
260 415
260 488
260 683
260 935
260 1310
260 1400
260 1448
260 1449
260 1627
261 317
261 325
261 399
261 404
261 526
261 1042
261 1619
262 340
262 370
262 386
262 404
262 436
262 609
262 700
262 750
262 773
262 803
262 948
262 1039
262 1108
262 1237
262 1316
262 1325
262 1429
263 265
263 348
263 412
263 588
263 677
263 785
263 865
263 881
263 916
263 989
263 1382
263 1536
263 1630
264 329
264 414
264 421
264 739
264 1453
265 344
265 525
265 552
265 678
265 1110
265 1281
265 1392
265 1538
266 456
266 672
266 775
266 865
266 1151
266 1184
266 1601
267 352
267 410
267 839
267 867
267 883
267 923
267 1400
267 1457
268 416
268 599
268 606
268 724
268 800
268 1098
269 352
269 657
269 855
269 880
269 1472
269 1569
270 439
270 488
270 508
270 709
270 1080
270 1401
270 1461
270 1495
270 1504
271 354
271 441
271 478
271 581
271 610
271 717
271 749
271 944
271 958
271 1389
272 310
272 379
272 446
272 459
272 531
272 553
272 664
272 736
272 876
272 899
272 1116
272 1144
272 1218
272 1235
273 422
273 628
273 678
273 963
273 971
273 1040
273 1102
273 1160
273 1383
274 364
274 382
274 594
274 1279
274 1479
275 354
275 489
275 592
275 602
275 629
275 757
275 907
275 949
275 1200
275 1307
275 1533
275 1545
276 761
276 767
276 833
276 1156
277 372
277 402
277 416
277 455
277 534
277 574
277 714
277 750
277 779
277 1051
277 1105
277 1262
277 1273
277 1317
277 1340
277 1378
277 1470
277 1611
277 1640
278 395
278 434
278 435
278 475
278 710
278 960
278 1186
278 1241
278 1295
278 1579
278 1644
279 415
279 442
279 500
279 754
279 896
279 1194
279 1380
279 1442
279 1467
279 1477
280 282
280 296
280 306
280 308
280 332
280 352
280 401
280 582
280 771
280 1051
280 1230
280 1277
280 1319
280 1496
280 1570
281 1384
281 1495
282 327
282 1026
282 1088
282 1137
282 1260
283 293
283 352
283 376
283 508
283 577
283 594
283 616
283 652
283 760
283 904
283 1141
283 1162
283 1233
283 1402
283 1423
284 506
284 688
284 1593
285 286
285 306
285 331
285 351
285 368
285 408
285 718
285 745
285 755
285 935
285 1015
285 1035
285 1126
285 1190
285 1210
285 1296
285 1349
285 1383
285 1450
285 1454
285 1649
286 465
286 610
286 861
287 301
287 552
287 956
287 989
287 1041
287 1222
287 1318
287 1418
288 464
288 678
288 845
288 974
288 1318
288 1628
289 481
289 550
289 613
289 641
289 768
289 1079
289 1333
290 306
290 416
290 469
290 476
290 640
290 654
290 805
290 972
290 1022
290 1166
290 1280
290 1288
290 1396
291 344
291 354
291 694
291 746
291 783
291 1279
292 310
292 402
292 569
292 664
292 1281
292 1496
292 1593
293 297
293 377
293 429
293 654
293 784
293 863
293 1106
293 1263
293 1502
294 414
294 464
294 796
294 1000
294 1447
295 320
295 528
295 577
295 806
296 330
296 365
296 388
296 561
296 595
296 693
296 743
296 1187
296 1197
297 408
297 513
297 755
297 982
297 1179
297 1332
297 1337
298 376
298 397
298 563
298 626
298 645
298 872
298 1167
298 1350
299 956
299 1050
299 1206
299 1275
299 1314
300 333
300 702
300 1009
300 1097
300 1581
301 412
301 803
301 1209
301 1470
302 505
302 814
302 1497
303 329
303 355
303 357
303 381
303 406
303 481
303 571
303 607
303 754
303 758
303 903
303 1124
303 1235
303 1598
304 433
304 451
304 698
304 997
304 1085
304 1246
304 1255
305 676
305 753
305 819
306 454
306 725
306 922
306 963
306 993
306 1205
306 1556
306 1566
306 1592
306 1607
307 323
307 374
307 627
307 730
307 776
307 907
307 1104
307 1144
307 1182
307 1441
308 980
308 1379
309 421
309 530
309 578
309 679
309 969
309 1053
309 1183
309 1239
309 1297
309 1375
309 1403
309 1432
309 1566
310 590
310 624
310 645
310 667
310 724
310 756
310 759
310 788
310 822
310 840
310 947
310 952
310 1038
310 1277
311 432
311 447
311 612
311 634
311 649
311 752
311 805
311 954
311 1127
311 1238
311 1240
311 1352
311 1510
311 1535
312 412
312 481
312 522
312 792
312 842
312 918
312 1180
312 1198
312 1310
312 1340
312 1553
313 517
313 567
313 725
313 807
313 1202
313 1511
314 580
314 762
314 930
314 961
314 1062
314 1219
314 1510
315 694
315 905
315 1082
315 1146
315 1178
315 1438
315 1535
315 1558
316 386
316 399
316 548
316 621
316 651
316 855
316 1497
317 341
317 987
318 335
318 400
318 712
318 838
318 1025
318 1163
318 1193
318 1263
318 1374
319 1110
319 1515
320 376
320 415
320 487
320 521
320 525
320 558
320 641
320 756
320 769
320 829
320 970
320 997
320 1181
320 1188
320 1222
321 468
321 529
321 599
321 768
321 984
321 1008
321 1172
321 1188
321 1376
322 324
322 363
322 401
322 465
322 513
322 517
322 535
322 562
322 566
322 664
322 681
322 830
322 877
322 1006
322 1141
322 1176
322 1237
322 1304
322 1385
322 1587
322 1606
323 584
323 1001
323 1083
323 1084
323 1115
323 1348
323 1520
323 1585
324 338
324 598
324 800
324 1407
325 1009
326 334
326 440
326 468
326 804
326 832
326 861
326 968
326 1106
326 1114
326 1134
326 1168
326 1241
326 1407
326 1476
327 402
327 527
327 645
328 407
328 548
328 793
328 893
328 937
328 1086
328 1185
328 1196
328 1518
329 531
329 615
329 668
329 925
329 996
329 1321
329 1356
329 1505
330 349
330 423
330 480
330 721
330 971
330 1114
330 1459
330 1581
331 492
331 570
331 593
331 651
331 691
331 697
331 738
331 895
331 955
331 1057
331 1185
331 1214
331 1353
331 1606
332 487
332 601
332 607
332 778
332 796
333 449
333 719
333 889
333 902
333 1018
333 1529
334 335
334 377
334 389
334 436
334 478
334 500
334 505
334 572
334 691
334 804
334 819
334 931
334 1099
334 1115
334 1373
334 1389
334 1438
334 1565
335 504
335 627
336 1021
336 1111
337 413
337 676
337 686
337 695
337 1163
337 1623
337 1645
338 345
338 493
338 857
338 1043
338 1132
338 1139
339 443
339 568
339 653
339 1229
339 1256
340 657
340 685
340 813
340 978
340 1064
341 353
341 510
341 531
341 733
341 879
341 1148
341 1281
341 1493
342 361
342 416
342 481
342 512
342 576
342 696
342 934
342 1316
342 1352
343 498
343 513
343 691
343 878
343 1112
343 1594
343 1610
344 542
344 606
344 640
344 686
344 746
344 778
344 886
344 984
344 1028
344 1363
344 1452
344 1473
344 1531
344 1564
344 1591
345 408
345 459
345 506
345 565
345 581
345 610
345 617
345 623
345 666
345 692
345 908
345 946
345 957
345 1039
345 1063
345 1087
345 1106
345 1122
345 1151
345 1168
345 1189
345 1208
345 1217
345 1221
345 1238
345 1240
345 1289
345 1334
345 1356
345 1426
345 1596
345 1604
346 944
346 1064
346 1450
346 1526
346 1557
346 1584
347 380
347 395
347 599
347 1204
347 1571
347 1643
348 396
348 431
348 432
348 450
348 607
348 624
348 658
348 736
348 737
348 818
348 862
348 870
348 890
348 900
348 967
348 1013
348 1042
348 1059
348 1147
348 1278
348 1369
348 1494
348 1561
349 448
349 452
349 468
349 500
349 592
349 689
349 1129
349 1337
349 1394
349 1435
350 1285
351 359
351 421
351 491
351 768
351 1032
351 1282
351 1381
352 611
352 1165
352 1173
352 1292
352 1455
353 447
353 456
353 514
353 585
353 694
353 701
353 792
353 928
353 936
353 942
354 443
354 451
354 454
354 493
354 891
354 1026
354 1592
355 428
355 462
355 495
355 509
355 599
355 821
355 840
355 879
355 953
355 963
355 969
355 1016
355 1130
355 1313
355 1531
356 369
356 377
356 439
356 470
356 508
356 663
356 667
356 721
356 816
356 975
356 1039
356 1177
356 1446
357 369
357 423
357 674
357 728
357 852
358 359
358 374
358 407
358 417
358 497
358 519
358 717
358 849
358 883
358 886
358 906
358 965
358 1134
358 1586
358 1644
359 520
359 571
359 722
359 732
359 795
359 812
359 828
359 843
359 885
359 927
359 938
359 1042
359 1478
359 1486
359 1534
359 1634
360 606
360 715
360 742
360 852
360 1080
360 1160
360 1265
360 1477
361 386
361 410
361 558
361 1098
361 1511
361 1570
362 631
362 959
362 1142
362 1267
362 1444
362 1501
362 1582
363 516
363 754
363 834
363 1078
363 1459
363 1552
364 443
364 651
364 938
364 951
364 976
364 1051
364 1221
364 1326
365 540
365 665
365 1184
365 1481
366 782
366 1339
367 526
367 766
367 888
367 1352
367 1649
368 563
368 676
368 695
368 810
368 1166
368 1309
368 1409
368 1473
368 1535
368 1600
369 397
369 414
369 662
369 716
369 912
369 914
369 935
369 1031
369 1052
369 1159
369 1170
369 1187
369 1292
369 1411
369 1460
369 1532
369 1537
370 500
370 673
370 724
370 747
370 759
370 933
370 1060
370 1069
370 1306
371 586
371 670
371 1025
371 1255
371 1415
371 1431
371 1448
372 639
372 931
372 989
372 1093
372 1256
372 1321
373 398
373 553
373 577
373 633
373 702
373 733
373 748
373 1046
373 1378
373 1431
374 466
374 758
374 787
374 843
374 889
374 910
374 988
374 1217
374 1346
376 438
376 455
376 556
376 673
376 720
376 859
376 875
376 982
376 983
376 1124
376 1179
376 1333
376 1385
376 1649
377 498
377 527
377 540
377 735
377 981
377 1020
377 1021
377 1046
377 1307
377 1337
378 925
378 930
379 439
379 537
379 714
379 774
379 843
379 844
379 933
379 1156
379 1481
379 1538
380 768
380 842
380 1433
380 1494
381 530
381 579
381 696
381 741
381 861
381 972
381 1037
381 1284
382 391
382 425
382 446
382 507
382 824
382 1076
382 1135
382 1193
383 411
383 749
383 772
383 942
383 1069
383 1165
383 1173
383 1465
383 1576
384 463
385 594
385 1087
385 1441
386 388
386 536
386 640
386 739
386 837
386 872
386 996
386 1320
386 1366
386 1586
387 577
387 742
388 552
388 665
388 722
388 838
388 979
388 1228
388 1306
388 1327
388 1584
389 413
389 1580
390 457
390 586
390 952
390 1088
390 1124
390 1276
390 1512
390 1533
390 1554
390 1635
391 522
391 532
391 753
391 811
391 822
391 853
391 962
391 978
391 1093
391 1188
391 1238
391 1376
391 1511
391 1516
392 460
392 498
392 545
392 551
392 627
392 635
392 730
392 1211
392 1273
392 1585
393 437
393 480
393 482
393 573
393 739
393 820
393 835
393 911
393 930
393 973
393 1331
394 617
394 651
394 687
394 821
394 1075
394 1252
394 1456
394 1604
395 517
395 570
395 592
395 656
395 954
395 1245
395 1552
396 534
396 555
396 582
396 595
396 963
396 1209
396 1260
396 1404
397 411
397 667
397 669
397 682
397 790
397 791
397 823
397 851
397 913
397 1113
397 1216
397 1223
397 1284
397 1340
397 1547
397 1646
398 460
398 477
398 503
398 505
398 728
398 868
398 1251
398 1339
398 1348
398 1462
399 715
399 1060
399 1095
399 1105
400 409
400 625
400 707
400 812
400 1108
400 1235
401 472
401 527
401 585
401 605
401 694
401 794
401 1084
401 1104
401 1234
401 1267
401 1320
401 1617
402 405
402 430
402 598
402 728
402 824
402 855
402 873
402 979
402 1026
402 1445
402 1500
402 1591
402 1605
403 501
403 562
403 568
403 590
403 718
403 973
403 1099
403 1126
403 1150
403 1451
404 542
404 693
404 695
404 924
404 937
404 1560
405 410
405 497
405 755
405 892
405 897
405 1463
405 1579
406 459
406 806
406 1117
406 1314
407 539
407 631
407 856
407 935
407 1247
407 1285
407 1337
408 445
408 615
408 692
408 876
408 991
408 1057
408 1145
408 1294
408 1359
409 588
409 660
409 818
409 847
409 853
409 874
409 922
410 504
410 545
410 589
410 715
410 835
410 905
410 922
410 1004
410 1061
410 1100
410 1152
410 1287
410 1407
410 1436
410 1519
410 1614
411 417
411 468
411 711
411 929
411 1082
411 1291
411 1362
412 630
413 793
413 813
413 909
413 1500
413 1550
414 426
414 503
414 523
414 652
414 656
414 713
414 1081
414 1313
414 1363
414 1379
414 1382
414 1430
414 1565
414 1644
415 447
415 487
415 604
415 608
415 903
415 1172
415 1247
415 1288
416 480
416 555
416 583
416 666
416 682
416 691
416 985
416 1024
416 1282
416 1491
416 1545
417 670
417 825
417 889
417 1091
417 1324
417 1575
418 533
418 551
418 796
418 1212
418 1248
418 1530
419 918
419 1336
419 1494
419 1601
420 840
420 1234
420 1251
421 423
421 474
421 1349
421 1365
421 1449
421 1510
422 424
422 632
422 642
422 667
422 785
422 902
422 940
422 1049
422 1114
422 1125
422 1376
422 1543
422 1615
422 1622
423 512
423 601
423 726
423 788
423 874
423 924
423 1223
423 1244
424 464
424 510
424 580
424 588
424 683
424 823
424 966
424 967
424 1070
424 1073
424 1117
424 1129
424 1152
424 1207
424 1391
425 751
425 797
425 863
425 1325
425 1340
426 467
426 689
426 740
426 750
426 814
426 975
426 1487
426 1595
426 1621
427 436
427 562
427 576
427 1384
428 557
428 671
428 765
428 1041
428 1294
428 1471
429 951
429 1246
429 1581
430 456
430 1641
431 866
431 1070
431 1110
431 1318
432 887
432 1034
432 1072
432 1331
433 502
433 576
433 627
433 933
433 934
433 1315
433 1550
433 1559
434 474
434 685
434 966
434 1201
434 1222
434 1380
435 616
435 620
435 709
435 765
435 766
435 837
435 908
435 945
435 999
435 1071
435 1479
435 1509
435 1554
436 1059
436 1268
436 1331
437 520
437 524
437 566
437 835
437 859
437 931
437 970
437 1077
437 1206
437 1443
437 1597
438 575
438 1176
439 496
439 782
439 923
439 1045
439 1085
439 1350
439 1479
440 497
440 515
440 712
440 787
440 985
440 1032
441 512
441 641
441 814
441 850
441 1203
441 1209
442 483
442 664
442 799
442 805
442 854
442 901
442 1089
442 1111
442 1249
442 1528
443 590
443 688
443 727
443 809
443 826
443 1062
443 1137
443 1256
443 1302
444 753
444 1264
444 1361
445 783
445 866
445 1096
445 1456
445 1627
446 1087
447 717
447 823
447 1007
447 1248
447 1388
448 469
448 544
448 710
448 746
448 783
448 954
448 1040
448 1233
448 1248
448 1417
448 1557
448 1615
449 583
449 786
449 803
449 834
449 916
449 1052
449 1056
449 1327
450 684
450 1012
450 1103
450 1351
450 1631
451 532
451 764
451 945
451 953
451 1059
452 459
452 521
452 653
452 762
452 829
452 924
452 972
452 1090
452 1436
452 1503
453 487
453 650
453 1113
453 1597
454 518
454 656
454 886
454 1409
454 1478
454 1512
454 1634
455 485
455 522
455 554
455 646
455 975
456 549
456 603
456 701
456 839
456 856
456 912
456 1002
456 1068
457 549
457 626
457 1319
458 554
458 686
458 875
458 969
458 1043
458 1277
458 1316
459 661
459 707
459 760
459 862
459 876
459 945
459 1095
459 1384
459 1432
459 1576
460 482
460 502
460 542
460 883
460 947
460 1085
460 1250
460 1262
460 1324
460 1468
460 1469
460 1501
460 1525
460 1563
461 464
461 703
461 731
461 1211
461 1363
461 1469
461 1584
461 1622
462 512
462 1397
462 1421
462 1602
463 471
463 529
463 588
463 1369
463 1463
463 1560
463 1637
464 484
464 638
464 844
464 984
464 1415
465 538
465 550
465 592
465 612
465 857
465 1195
466 837
466 870
466 1367
466 1444
467 482
467 847
467 1122
468 526
468 599
468 643
468 860
468 1144
468 1312
470 512
470 571
470 578
470 870
470 1269
470 1306
470 1473
470 1519
470 1550
471 589
471 665
471 933
471 1012
472 479
472 496
472 678
472 827
472 959
472 1008
472 1270
472 1439
472 1597
472 1631
473 757
473 770
473 1043
473 1089
473 1337
473 1559
474 530
474 636
474 790
474 1003
474 1344
474 1508
474 1610
475 1150
475 1167
475 1456
475 1628
476 1103
476 1151
476 1163
477 520
477 765
477 1232
477 1423
477 1644
478 511
478 652
478 862
478 977
478 1029
478 1118
478 1451
479 529
479 648
479 847
479 1326
479 1354
479 1509
479 1565
479 1630
480 928
480 1082
481 1101
481 1175
482 567
482 604
482 607
482 701
482 819
482 828
482 1117
482 1215
483 554
483 582
483 1051
483 1343
483 1452
484 589
484 677
484 721
484 752
484 851
484 902
484 1067
484 1353
484 1409
485 777
485 1519
486 515
486 581
486 720
486 792
486 819
486 866
486 918
486 926
486 982
486 1083
486 1490
486 1516
487 756
487 1426
488 742
488 763
488 771
488 1200
488 1632
489 519
489 536
489 573
489 726
489 835
489 1031
489 1327
489 1337
490 655
490 810
490 895
490 932
490 990
490 998
490 1475
490 1524
492 616
492 674
492 843
492 872
492 912
492 939
492 1232
492 1458
492 1464
493 779
493 820
493 994
493 997
493 1236
493 1615
493 1627
494 546
494 699
494 867
494 1015
494 1451
495 703
495 864
495 1174
495 1623
496 692
496 921
496 1034
496 1254
496 1529
496 1645
497 597
497 1050
498 839
498 1498
499 640
499 915
499 1021
500 744
500 915
500 1001
500 1010
500 1518
501 504
501 689
501 724
501 910
501 943
501 1007
501 1126
501 1159
501 1326
501 1331
501 1345
501 1346
501 1399
501 1465
502 629
502 1395
502 1577
503 1023
503 1052
503 1054
504 563
504 902
504 1296
504 1492
505 1175
505 1203
505 1436
505 1511
506 538
506 553
506 1372
507 601
507 625
507 761
507 1242
508 685
508 1059
508 1138
508 1388
508 1582
508 1599
509 559
509 658
509 774
509 817
509 915
509 985
510 624
510 680
510 712
510 774
510 916
510 986
510 996
510 1027
510 1030
510 1045
510 1121
510 1167
510 1433
510 1474
511 547
511 596
511 817
511 829
511 1002
511 1022
511 1129
511 1484
511 1626
512 612
512 655
512 801
512 1012
512 1148
512 1330
512 1613
512 1632
513 585
513 916
513 1134
513 1166
513 1599
514 553
514 601
514 644
514 727
514 763
514 793
514 889
514 1288
514 1477
514 1541
515 614
515 723
515 842
515 889
515 903
515 932
515 1026
515 1269
515 1325
515 1610
516 669
516 742
516 748
516 995
516 1107
516 1275
517 701
517 768
517 793
517 993
517 1251
517 1415
518 988
518 992
518 1156
518 1180
518 1207
518 1253
519 728
519 1374
519 1383
519 1424
519 1434
520 558
520 629
520 678
520 798
520 973
520 1137
520 1163
520 1513
520 1584
520 1638
520 1641
521 643
521 656
521 939
521 1055
521 1236
521 1352
521 1587
522 889
522 988
522 1168
522 1243
523 533
523 786
523 1422
524 918
524 1492
524 1641
525 565
525 592
525 664
525 687
525 788
525 813
525 823
525 933
525 992
525 1010
525 1304
526 683
526 801
526 822
526 1206
526 1268
526 1270
526 1474
526 1483
526 1614
527 586
527 645
527 1007
527 1047
527 1607
527 1614
527 1615
528 538
528 588
528 982
528 1046
528 1223
528 1227
528 1283
528 1291
528 1319
528 1500
528 1582
529 547
529 639
529 1098
530 956
530 1266
530 1442
530 1507
530 1616
531 836
531 892
531 907
531 960
531 1054
531 1391
531 1400
532 639
532 791
532 884
532 897
532 1359
532 1497
533 596
533 903
534 1448
534 1551
535 601
535 759
535 762
535 1248
535 1350
535 1404
535 1454
535 1498
536 586
536 650
536 693
536 705
536 974
536 1046
537 722
537 773
537 901
537 1225
537 1244
537 1442
538 870
538 977
538 1244
538 1367
538 1441
538 1443
538 1635
539 606
539 842
539 938
539 1191
539 1302
539 1334
539 1368
539 1528
539 1596
539 1600
539 1605
540 623
540 1003
540 1013
540 1194
540 1276
541 732
541 1094
541 1128
541 1191
541 1354
541 1364
541 1564
542 669
542 722
542 791
542 824
542 939
542 978
542 1104
542 1305
542 1371
542 1387
542 1402
542 1544
543 786
543 990
543 1078
543 1101
543 1415
543 1416
543 1603
544 572
544 582
544 900
544 1065
545 654
545 685
545 695
545 758
545 965
545 1008
545 1010
545 1192
545 1394
545 1635
546 735
546 949
546 1136
546 1244
546 1411
547 594
547 654
547 1266
548 669
548 822
548 953
548 966
548 1169
548 1224
548 1226
548 1415
548 1523
548 1543
548 1623
549 990
549 1347
549 1491
550 1213
550 1221
552 904
552 1038
552 1220
552 1392
552 1637
552 1638
553 621
553 898
553 1284
553 1446
554 727
554 836
554 1000
554 1147
555 657
555 679
555 1416
556 639
556 1084
556 1131
556 1175
556 1347
556 1610
557 894
557 924
557 1159
557 1325
559 663
559 775
559 794
559 860
559 943
559 1246
559 1262
559 1353
559 1557
559 1648
560 567
560 598
560 685
560 737
560 1005
560 1194
560 1213
560 1279
560 1292
560 1619
561 1057
562 642
562 747
562 777
562 981
562 1163
562 1296
564 772
564 1458
565 730
565 961
565 1262
565 1342
565 1489
565 1545
565 1563
566 584
566 720
566 738
566 1024
566 1547
566 1601
567 631
567 752
567 971
567 1095
568 579
568 827
568 886
568 920
568 952
568 1106
568 1205
568 1322
568 1513
568 1549
569 687
569 790
569 806
569 1048
569 1236
570 1639
571 621
571 1456
572 649
572 668
572 802
572 815
572 848
572 977
572 1237
572 1329
572 1335
572 1469
572 1645
573 666
573 772
573 784
573 858
574 651
574 1506
575 657
575 865
575 1336
575 1375
575 1552
576 935
576 1071
576 1301
577 694
577 709
577 834
577 1002
578 611
578 871
579 967
579 1172
579 1193
580 633
580 685
580 700
580 769
580 880
580 1257
580 1483
580 1529
580 1645
581 757
581 937
581 1044
581 1328
581 1554
581 1639
582 735
582 864
582 1002
582 1177
582 1249
582 1261
582 1525
582 1626
583 779
583 1114
583 1301
583 1318
584 893
584 916
584 1074
584 1166
584 1308
585 881
585 1178
585 1232
585 1361
585 1480
586 598
586 656
586 789
586 907
586 925
586 1168
586 1287
586 1314
586 1590
587 674
587 1080
587 1217
588 646
588 766
588 778
588 1050
588 1055
588 1119
588 1184
588 1307
588 1407
588 1556
589 628
589 630
589 746
589 794
589 987
589 1081
589 1332
589 1507
590 595
590 1093
590 1184
590 1353
590 1420
590 1443
591 685
591 701
591 930
591 1017
593 636
593 649
593 824
593 978
593 1031
593 1131
593 1421
593 1536
594 864
594 944
595 690
595 960
595 1106
595 1216
595 1236
595 1320
596 950
596 1376
596 1523
597 605
597 684
597 1130
597 1143
597 1464
598 674
598 843
598 907
599 683
599 1598
600 1057
600 1250
600 1311
601 1182
601 1215
601 1357
601 1519
601 1576
601 1629
602 723
602 734
602 760
602 804
602 836
602 885
602 898
602 928
602 1048
602 1240
602 1411
602 1440
604 750
604 772
604 1537
605 729
605 1054
605 1140
605 1225
606 659
606 709
606 1278
607 661
607 941
607 1195
607 1324
607 1466
608 616
608 794
608 1204
609 773
609 861
609 994
609 1060
609 1318
609 1325
609 1378
610 639
610 726
610 729
610 838
610 1073
610 1147
611 1590
612 1047
612 1093
612 1329
612 1364
613 1208
613 1505
614 788
614 792
614 895
614 1214
614 1317
614 1333
614 1456
614 1525
614 1584
614 1589
615 905
616 622
616 1260
616 1395
616 1532
616 1588
617 628
617 1004
617 1420
617 1572
618 1020
618 1508
619 869
619 975
619 1239
619 1540
619 1626
620 943
620 1007
620 1572
621 777
621 820
621 881
621 913
621 999
621 1309
622 946
622 1120
622 1286
622 1425
623 662
623 684
623 753
623 1077
623 1311
623 1570
625 762
625 1112
625 1190
625 1467
625 1472
625 1503
626 748
626 1006
626 1073
626 1082
626 1321
626 1398
626 1591
627 775
627 879
627 1588
628 1036
628 1242
628 1454
629 692
629 732
629 798
629 1246
629 1641
630 723
630 898
630 903
630 1142
630 1400
630 1485
630 1531
631 707
631 724
631 870
631 941
631 1127
631 1488
632 1414
632 1523
632 1526
633 741
633 1216
633 1274
633 1599
634 645
634 681
634 718
634 888
634 1063
634 1138
634 1187
634 1374
635 882
635 1370
636 773
636 848
636 955
636 1063
636 1321
636 1386
636 1560
637 1035
637 1542
638 1268
638 1501
639 782
639 812
639 909
639 1315
639 1521
639 1560
640 674
640 987
640 1260
640 1342
640 1350
640 1605
641 649
641 746
642 644
642 700
642 729
642 874
642 954
642 1082
642 1171
642 1305
642 1317
642 1421
642 1472
642 1545
642 1564
643 984
643 1197
644 681
644 691
644 777
644 1180
644 1632
645 785
645 1216
645 1280
645 1429
645 1468
645 1487
645 1566
645 1598
646 856
646 900
646 1049
646 1300
646 1440
646 1489
647 1075
647 1158
647 1275
648 708
648 922
649 762
649 1271
649 1310
649 1311
650 954
650 957
650 1413
651 677
651 849
651 1020
651 1351
651 1422
651 1423
651 1562
652 658
652 776
652 850
652 906
652 920
652 1173
652 1290
652 1642
653 826
653 947
653 1061
653 1392
653 1466
654 769
654 1131
654 1254
654 1411
655 705
655 1049
655 1085
655 1413
656 920
656 1135
657 799
657 999
657 1233
657 1428
658 877
658 1176
658 1274
658 1450
660 706
660 805
660 1016
661 761
661 763
661 801
661 905
661 963
662 858
662 1361
663 1367
664 956
665 887
665 948
666 907
666 1149
666 1295
667 702
667 719
667 1020
667 1088
667 1107
667 1113
667 1258
667 1430
667 1499
668 848
670 756
670 761
670 763
670 835
670 1198
670 1256
670 1506
670 1516
671 1404
672 936
672 940
672 1005
672 1124
673 859
673 870
673 883
673 911
673 1154
674 937
674 1356
674 1444
675 1212
676 1018
677 1135
677 1245
678 777
678 1389
678 1436
678 1469
679 688
679 791
679 862
679 892
679 939
679 954
679 1315
680 702
680 953
681 697
681 1179
681 1221
681 1358
681 1448
681 1580
682 926
682 1637
683 999
683 1089
683 1274
683 1360
683 1571
684 1229
684 1367
685 899
686 1112
686 1165
687 1222
687 1369
688 829
688 888
688 890
688 1148
688 1544
688 1592
689 929
689 958
689 1046
689 1357
690 788
690 1170
690 1252
691 770
691 880
691 886
691 1282
692 729
692 1179
692 1215
692 1595
693 1189
693 1437
694 861
694 914
694 1330
694 1450
694 1480
694 1618
695 725
695 764
695 789
695 1065
695 1066
695 1078
695 1120
696 1041
696 1607
696 1626
697 964
697 1109
698 885
698 1181
699 810
699 819
699 1179
699 1226
699 1309
699 1529
700 825
700 1300
701 1247
701 1330
701 1571
703 727
703 784
703 1202
703 1265
703 1267
703 1364
703 1373
703 1412
704 961
704 1547
704 1606
705 864
705 919
705 1373
705 1596
706 750
706 1091
706 1120
706 1294
706 1422
706 1623
707 714
707 733
707 832
707 1218
707 1602
708 1054
708 1063
708 1280
708 1356
708 1460
709 734
709 1138
709 1456
710 790
710 807
710 962
710 1504
711 721
711 781
711 862
711 1338
711 1414
712 824
712 825
712 859
712 1034
712 1309
712 1412
713 867
713 1048
713 1145
713 1535
713 1557
715 743
715 1024
715 1228
716 899
716 1017
716 1272
716 1289
716 1396
716 1521
716 1522
717 728
717 1237
718 744
718 949
718 1402
718 1517
719 937
719 942
719 1367
720 1131
720 1468
721 964
721 1311
721 1585
722 893
723 846
723 957
723 996
723 1121
723 1408
724 750
724 845
724 850
724 904
724 1135
725 746
725 850
725 893
725 1278
725 1308
726 890
726 924
726 1258
727 782
727 1171
728 844
728 1252
728 1283
728 1429
728 1507
728 1584
729 916
730 850
730 1002
730 1028
730 1050
730 1208
730 1335
730 1449
731 1045
731 1357
731 1522
731 1547
731 1646
733 843
733 901
733 921
733 1108
733 1199
733 1310
733 1496
733 1537
734 955
734 1148
734 1164
734 1385
734 1418
735 1004
738 947
738 1084
738 1094
738 1312
739 777
739 1089
740 1077
740 1098
740 1141
740 1233
741 905
741 925
741 994
741 1294
741 1486
741 1604
742 788
742 858
742 1405
742 1427
742 1444
743 753
743 781
743 1023
743 1047
743 1048
744 905
744 1011
744 1346
745 1032
745 1488
747 1000
747 1010
747 1217
747 1418
748 806
748 856
748 1437
750 813
750 888
750 1459
751 804
751 983
751 1033
751 1043
751 1170
751 1330
752 784
752 854
752 886
752 976
752 1042
752 1404
752 1553
755 1343
755 1424
756 1164
756 1307
756 1543
757 775
757 784
757 803
757 851
757 1079
757 1158
758 883
758 920
758 937
758 1206
758 1264
758 1269
761 1104
761 1130
762 818
762 1210
762 1232
762 1240
763 1061
763 1443
764 958
764 1022
764 1336
764 1379
764 1609
765 862
765 1077
765 1080
765 1147
765 1368
765 1549
765 1565
766 1327
766 1364
768 795
768 1575
769 911
769 964
769 1574
770 1285
771 1230
772 1282
773 894
773 964
773 1197
774 807
774 1560
775 1154
775 1540
775 1642
776 1520
776 1640
777 1013
777 1136
777 1424
778 1018
778 1341
778 1595
779 856
779 936
779 1304
779 1572
780 858
780 1156
780 1555
780 1589
781 994
781 999
781 1199
781 1214
781 1435
781 1640
782 787
782 861
782 910
782 979
782 1215
782 1244
783 827
783 1150
785 1594
786 1211
786 1610
787 927
787 957
787 976
787 1556
787 1603
788 925
788 933
788 1058
788 1198
788 1306
789 972
790 1329
790 1383
791 808
791 1201
791 1371
791 1406
792 956
792 1159
792 1648
793 1044
793 1074
793 1189
794 1486
795 1054
795 1077
796 831
796 896
796 910
796 1024
796 1036
797 859
797 958
797 1180
797 1595
798 904
799 1007
799 1084
799 1089
799 1141
799 1520
800 1153
800 1195
800 1377
801 926
801 1053
801 1241
801 1280
802 837
802 890
802 927
802 1060
802 1175
802 1274
802 1277
802 1374
803 1434
804 1134
805 986
805 1199
806 1008
807 841
807 1360
807 1583
809 830
809 1064
809 1122
809 1137
809 1141
810 944
810 1464
811 1349
812 1140
812 1366
812 1536
813 852
814 1435
815 929
815 1332
815 1647
817 833
817 1003
817 1234
818 1218
819 1264
820 1330
820 1390
821 826
821 1048
821 1283
821 1382
821 1619
822 1211
823 1321
823 1350
823 1355
823 1500
823 1502
824 927
824 1342
824 1398
825 936
825 1046
825 1120
826 1083
826 1345
826 1376
827 913
827 1111
827 1122
827 1243
827 1455
827 1591
827 1601
827 1612
828 836
828 927
828 941
828 1199
828 1317
828 1492
829 997
830 1100
830 1577
830 1591
831 1047
831 1165
831 1295
832 964
832 1030
832 1298
832 1440
832 1581
833 1031
833 1039
833 1065
833 1091
833 1448
835 921
835 1279
835 1621
836 1234
836 1503
836 1544
836 1546
837 1045
837 1297
837 1476
837 1539
837 1606
838 853
839 1625
840 1264
840 1332
840 1365
840 1476
841 1132
841 1397
841 1458
841 1567
842 1210
842 1514
843 902
843 1034
843 1111
843 1403
843 1473
844 1607
846 1140
846 1289
846 1394
847 1419
847 1438
847 1495
847 1532
848 868
848 875
848 920
848 970
848 1118
848 1202
848 1320
848 1433
848 1573
848 1634
849 877
849 1346
849 1471
849 1637
850 882
850 915
850 995
850 1255
850 1572
852 1109
852 1244
852 1532
854 948
854 1042
854 1542
854 1608
855 923
855 1006
855 1095
855 1169
855 1186
855 1347
855 1513
857 863
857 1157
858 925
858 976
858 1368
859 1183
859 1300
859 1313
860 1192
861 865
861 1224
861 1485
862 1121
862 1446
863 1028
863 1399
865 1267
866 1345
867 1014
867 1084
867 1408
868 904
869 1019
869 1155
869 1315
870 1436
870 1518
870 1527
871 1074
871 1244
871 1249
871 1398
871 1485
872 1475
873 959
873 1439
873 1473
873 1502
874 1171
874 1174
874 1365
874 1495
874 1564
874 1611
876 886
879 921
879 1044
879 1116
879 1128
879 1287
880 1333
881 917
881 967
881 1196
882 1536
883 1099
883 1461
883 1462
884 912
884 992
884 1161
884 1578
885 894
885 956
885 1115
885 1411
885 1477
886 887
886 1307
887 1130
888 926
888 1096
888 1125
888 1380
888 1470
888 1532
889 1549
890 981
890 1292
890 1567
890 1612
891 1370
892 901
892 939
892 966
893 935
893 1027
893 1029
893 1083
895 964
895 1378
895 1489
896 1060
896 1266
896 1296
896 1551
897 1525
898 944
898 1272
898 1625
899 950
899 1216
899 1548
899 1597
900 1008
901 1153
902 979
902 1074
902 1416
902 1596
903 914
903 1003
903 1283
903 1304
903 1562
904 1046
904 1074
904 1330
905 1392
906 1621
908 1001
908 1117
908 1515
908 1586
909 1575
910 1340
911 1053
911 1100
911 1355
912 921
912 933
912 1029
913 961
913 1397
913 1527
913 1536
914 974
914 1012
915 1097
915 1137
916 951
916 1177
916 1467
916 1468
917 1086
917 1583
918 982
919 1043
920 953
920 975
920 1079
921 989
921 1571
922 1226
922 1548
923 1118
923 1542
923 1578
924 1298
925 1199
925 1348
925 1552
926 966
926 1201
927 1038
927 1365
928 1193
929 1054
930 989
930 1268
930 1306
930 1405
930 1624
931 1080
931 1103
931 1367
932 1113
932 1125
932 1126
932 1172
933 950
933 991
933 1231
935 1454
936 1198
938 1387
939 1471
939 1482
939 1566
940 1000
942 1419
943 1148
943 1589
944 965
944 967
945 1248
946 1155
946 1322
947 1020
947 1089
947 1177
947 1376
947 1561
948 1390
948 1617
949 1379
950 1027
950 1334
951 1059
952 1011
955 1003
955 1078
955 1127
955 1356
955 1392
955 1580
956 1142
956 1205
956 1250
956 1263
956 1603
957 1044
957 1094
957 1534
958 1071
958 1242
958 1267
958 1371
958 1483
959 986
959 1070
959 1339
959 1472
959 1516
960 1107
960 1353
961 1101
961 1502
962 1014
963 987
963 1239
963 1242
963 1405
964 1327
964 1425
964 1440
964 1457
964 1639
966 1637
969 1129
969 1428
971 1058
972 1068
972 1081
972 1088
972 1529
973 1510
973 1567
974 1091
974 1475
975 1030
975 1338
976 1522
977 1014
977 1383
978 1528
978 1533
979 1115
980 1137
980 1523
981 1523
983 1231
983 1267
983 1299
986 1098
986 1484
988 1322
989 1455
990 1501
991 1039
991 1160
991 1333
991 1521
992 1377
994 1173
996 1081
996 1155
996 1313
997 1121
997 1384
998 1075
998 1235
998 1279
998 1426
998 1453
998 1467
999 1343
999 1606
1000 1234
1000 1270
1000 1393
1000 1486
1000 1593
1001 1394
1002 1117
1002 1171
1002 1303
1003 1056
1004 1065
1005 1599
1006 1216
1006 1368
1006 1642
1008 1092
1008 1280
1008 1370
1008 1455
1009 1195
1009 1366
1009 1424
1009 1437
1010 1498
1010 1649
1011 1260
1011 1611
1012 1121
1012 1250
1012 1458
1013 1085
1014 1087
1014 1128
1014 1518
1015 1112
1015 1143
1015 1278
1016 1057
1017 1066
1017 1096
1017 1165
1017 1335
1017 1539
1018 1074
1018 1550
1020 1055
1020 1090
1020 1157
1020 1346
1020 1577
1021 1303
1022 1173
1022 1399
1023 1228
1024 1140
1024 1474
1025 1118
1025 1208
1026 1517
1027 1125
1027 1263
1028 1347
1029 1547
1030 1152
1030 1435
1032 1205
1032 1522
1033 1237
1033 1390
1033 1411
1035 1139
1035 1158
1035 1470
1036 1613
1037 1203
1038 1484
1039 1138
1041 1052
1041 1359
1042 1268
1043 1182
1043 1187
1043 1345
1043 1384
1043 1561
1043 1600
1043 1605
1044 1493
1044 1554
1045 1105
1045 1191
1045 1359
1045 1567
1046 1256
1046 1302
1046 1512
1046 1649
1047 1246
1047 1386
1047 1423
1048 1526
1049 1088
1050 1463
1051 1453
1052 1401
1053 1122
1053 1188
1053 1237
1053 1461
1054 1167
1055 1390
1055 1455
1055 1564
1056 1431
1058 1308
1059 1342
1059 1512
1062 1355
1062 1548
1063 1358
1064 1294
1064 1521
1065 1081
1065 1286
1065 1505
1065 1520
1066 1068
1066 1352
1069 1336
1070 1331
1070 1567
1071 1305
1071 1403
1071 1487
1071 1612
1076 1150
1076 1224
1076 1511
1077 1243
1077 1472
1077 1526
1079 1099
1079 1123
1079 1145
1079 1292
1079 1298
1080 1153
1080 1366
1081 1217
1082 1221
1083 1229
1083 1380
1083 1480
1083 1561
1085 1178
1085 1455
1086 1247
1087 1428
1088 1302
1088 1503
1088 1620
1089 1099
1089 1235
1089 1436
1090 1345
1091 1624
1092 1344
1092 1604
1092 1648
1093 1462
1095 1130
1095 1556
1097 1276
1098 1250
1099 1161
1099 1540
1099 1589
1099 1646
1100 1225
1100 1348
1101 1131
1104 1395
1105 1352
1106 1240
1106 1591
1107 1259
1108 1158
1109 1373
1110 1518
1111 1274
1112 1123
1112 1136
1112 1305
1112 1343
1113 1559
1114 1348
1114 1418
1115 1210
1117 1124
1117 1359
1118 1532
1119 1377
1119 1522
1120 1608
1121 1167
1121 1386
1122 1220
1122 1300
1123 1183
1123 1195
1124 1534
1125 1581
1126 1504
1127 1372
1127 1461
1129 1277
1130 1362
1130 1430
1130 1457
1131 1134
1132 1222
1132 1412
1133 1155
1133 1475
1134 1220
1136 1508
1137 1199
1139 1356
1139 1478
1142 1219
1142 1399
1143 1255
1143 1465
1144 1465
1144 1513
1144 1622
1144 1644
1145 1161
1145 1307
1146 1181
1146 1502
1146 1647
1147 1633
1148 1271
1148 1433
1148 1524
1148 1552
1148 1629
1149 1267
1149 1312
1151 1213
1151 1350
1151 1557
1153 1315
1154 1477
1158 1186
1159 1419
1159 1596
1160 1164
1161 1535
1162 1309
1162 1489
1163 1224
1163 1259
1164 1248
1165 1166
1165 1541
1167 1290
1169 1507
1169 1616
1169 1620
1170 1382
1171 1227
1172 1271
1173 1449
1173 1474
1174 1570
1175 1282
1175 1328
1175 1433
1176 1602
1178 1214
1179 1360
1179 1576
1180 1424
1180 1575
1181 1290
1181 1361
1183 1190
1184 1202
1184 1470
1186 1376
1187 1339
1188 1247
1189 1624
1191 1327
1191 1473
1191 1589
1192 1219
1193 1424
1193 1571
1194 1307
1194 1559
1195 1497
1196 1391
1197 1240
1197 1429
1197 1486
1197 1525
1198 1323
1198 1481
1201 1222
1201 1561
1202 1204
1204 1233
1204 1329
1204 1539
1204 1555
1204 1633
1205 1413
1206 1470
1206 1574
1208 1556
1209 1517
1209 1632
1210 1379
1210 1647
1211 1318
1211 1396
1211 1649
1212 1558
1212 1601
1213 1501
1214 1441
1214 1462
1214 1609
1216 1471
1216 1554
1217 1499
1218 1555
1218 1576
1220 1272
1221 1347
1221 1464
1222 1242
1222 1269
1223 1620
1224 1230
1224 1410
1225 1405
1225 1578
1226 1553
1227 1354
1227 1533
1228 1505
1228 1602
1230 1304
1230 1364
1230 1371
1230 1453
1232 1387
1234 1370
1235 1617
1237 1598
1238 1302
1238 1566
1239 1282
1240 1292
1241 1611
1242 1265
1242 1412
1242 1459
1242 1503
1242 1556
1243 1588
1244 1616
1244 1640
1245 1385
1245 1554
1246 1298
1247 1379
1247 1390
1249 1439
1250 1265
1251 1271
1254 1349
1254 1391
1254 1565
1255 1303
1257 1341
1259 1336
1259 1447
1261 1463
1262 1608
1264 1559
1266 1363
1266 1590
1267 1434
1268 1319
1268 1422
1268 1625
1269 1642
1270 1414
1273 1535
1274 1514
1275 1402
1277 1452
1278 1408
1279 1430
1279 1542
1280 1645
1281 1570
1281 1575
1281 1627
1283 1314
1283 1581
1285 1572
1286 1577
1287 1335
1290 1310
1290 1318
1291 1332
1291 1482
1292 1357
1292 1372
1293 1624
1294 1354
1298 1371
1303 1408
1303 1528
1304 1463
1305 1358
1305 1574
1308 1428
1310 1378
1310 1405
1311 1372
1312 1447
1312 1516
1312 1619
1314 1616
1318 1358
1318 1394
1318 1595
1319 1329
1320 1550
1320 1614
1320 1646
1322 1488
1327 1468
1328 1387
1332 1453
1333 1409
1334 1552
1335 1337
1335 1431
1336 1360
1340 1522
1341 1435
1341 1489
1344 1616
1346 1460
1346 1508
1347 1395
1347 1541
1358 1480
1359 1419
1361 1510
1363 1528
1366 1444
1366 1477
1369 1456
1369 1577
1372 1647
1373 1403
1376 1449
1378 1389
1378 1642
1379 1474
1379 1485
1382 1444
1384 1586
1384 1602
1385 1637
1386 1413
1386 1514
1387 1434
1387 1442
1387 1643
1388 1552
1389 1590
1391 1604
1391 1620
1393 1518
1397 1566
1398 1540
1400 1528
1401 1443
1401 1515
1401 1531
1403 1460
1403 1484
1403 1637
1404 1421
1405 1416
1407 1569
1408 1458
1408 1630
1409 1600
1412 1447
1412 1608
1413 1485
1413 1558
1416 1479
1416 1608
1417 1553
1417 1613
1419 1494
1419 1643
1422 1483
1423 1622
1425 1514
1426 1568
1426 1590
1429 1578
1431 1594
1432 1614
1436 1486
1440 1488
1440 1499
1442 1466
1443 1447
1443 1515
1444 1478
1445 1629
1446 1594
1447 1606
1448 1634
1450 1580
1451 1588
1454 1635
1456 1560
1456 1647
1465 1638
1470 1572
1472 1495
1475 1530
1477 1596
1479 1504
1480 1590
1481 1573
1482 1589
1486 1622
1492 1628
1496 1535
1497 1599
1497 1606
1499 1517
1500 1617
1503 1640
1505 1612
1512 1556
1515 1577
1515 1618
1518 1524
1520 1521
1521 1598
1534 1609
1536 1625
1538 1623
1546 1627
1550 1553
1555 1641
1567 1586
1576 1592
1578 1600
1588 1621
1619 1646