0 446
1 99
2 994
3 805
4 755
5 995
6 182
7 943
8 715
9 593
10 788
11 208
12 124
13 551
14 451
15 558
16 838
17 253
18 339
19 288
20 624
21 378
22 196
23 491
24 250
25 384
26 115
27 859
28 494
29 304
30 489
31 484
32 669
33 578
34 203
35 582
36 520
37 766
38 63
39 829
40 161
41 124
42 924
43 650
44 353
45 741
46 470
47 250
48 750
49 560
50 210
51 831
52 139
53 118
54 973
55 620
56 330
57 160
58 674
59 399
60 270
61 187
62 677
63 211
64 266
65 282
66 406
67 187
68 59
69 641
70 919
71 476
72 188
73 344
74 628
75 148
76 911
77 394
78 647
79 297
80 366
81 438
82 393
83 292
84 559
85 475
86 122
87 635
88 737
89 187
90 722
91 587
92 684
93 393
94 594
95 989
96 884
97 804
98 168
99 473
100 390
101 244
102 983
103 995
104 946
105 280
106 76
107 835
108 569
109 654
110 550
111 990
112 804
113 149
114 375
115 975
116 801
117 215
118 169
119 451
120 695
121 575
122 809
123 900
124 172
125 934
126 670
127 830
128 20
129 679
130 791
131 918
132 639
133 873
134 496
135 619
136 740
137 958
138 457
139 407
140 200
141 28
142 398
143 411
144 469
145 16
146 193
147 132
148 897
149 441
150 126
151 900
152 720
153 350
154 23
155 296
156 40
157 410
158 805
159 812
160 662
161 872
162 257
163 338
164 528
165 521
166 839
167 484
168 455
169 978
170 685
171 361
172 102
173 432
174 692
175 313
176 235
177 924
178 1
179 683
180 573
181 622
182 252
183 628
184 333
185 445
186 763
187 701
188 810
189 266
190 887
191 723
192 937
193 926
194 899
195 653
196 611
197 688
198 479
199 209
200 675
201 236
202 460
203 217
204 634
205 52
206 823
207 956
208 16
209 231
210 202
211 725
212 990
213 178
214 627
215 49
216 460
217 621
218 346
219 380
220 571
221 569
222 970
223 359
224 820
225 937
226 884
227 346
228 305
229 265
230 247
231 206
232 565
233 570
234 888
235 611
236 826
237 829
238 776
239 300
240 117
241 420
242 471
243 660
244 289
245 270
246 848
247 68
248 590
249 261
250 353
251 748
252 451
253 192
254 62
255 390
256 251
257 564
258 162
259 800
260 791
261 210
262 217
263 491
264 335
265 199
266 166
267 639
268 535
269 525
270 317
271 284
272 495
273 550
274 161
275 571
276 125
277 908
278 249
279 27
280 967
281 74
282 206
283 703
284 303
285 698
286 6
287 856
288 98
289 791
290 61
291 405
292 282
293 626
294 875
295 518
296 216
297 829
298 676
299 413
300 143
301 30
302 365
303 856
304 14
305 46
306 158
307 573
308 286
309 460
310 162
311 120
312 274
313 629
314 434
315 452
316 432
317 920
318 581
319 135
320 800
321 779
322 174
323 730
324 159
325 269
326 791
327 823
328 654
329 499
330 807
331 130
332 679
333 411
334 697
335 101
336 113
337 554
338 321
339 894
340 710
341 321
342 944
343 338
344 220
345 931
346 438
347 168
348 98
349 872
350 880
351 926
352 516
353 308
354 221
355 502
356 325
357 32
358 902
359 967
360 461
361 953
362 159
363 422
364 510
365 600
366 900
367 219
368 128
369 640
370 227
371 870
372 531
373 652
374 770
375 936
376 883
377 384
378 323
379 623
380 785
381 10
382 658
383 648
384 483
385 746
386 503
387 793
388 262
389 804
390 458
391 557
392 915
393 101
394 101
395 761
396 868
397 959
398 280
399 31
400 682
401 567
402 267
403 116
404 700
405 328
406 596
407 659
408 609
409 660
410 624
411 779
412 289
413 642
414 295
415 222
416 955
417 568
418 48
419 660
420 409
421 94
422 873
423 582
424 716
425 453
426 998
427 94
428 101
429 251
430 425
431 368
432 605
433 82
434 342
435 95
436 709
437 602
438 264
439 417
440 779
441 450
442 287
443 485
444 946
445 220
446 851
447 130
448 996
449 833
450 554
451 154
452 49
453 913
454 45
455 640
456 399
457 558
458 757
459 55
460 292
461 654
462 88
463 446
464 622
465 91
466 811
467 319
468 892
469 12
470 91
471 269
472 938
473 960
474 101
475 697
476 736
477 985
478 528
479 26
480 871
481 313
482 424
483 280
484 263
485 712
486 534
487 358
488 769
489 694
490 32
491 151
492 109
493 789
494 853
495 933
496 283
497 992
498 471
499 679
500 931
501 220
502 535
503 508
504 555
505 151
506 720
507 807
508 913
509 215
510 479
511 311
512 344
513 238
514 684
515 260
516 372
517 267
518 491
519 628
520 872
521 944
522 313
523 463
524 936
525 716
526 193
527 343
528 415
529 489
530 755
531 209
532 281
533 513
534 670
535 114
536 960
537 842
538 212
539 98
540 783
541 422
542 396
543 961
544 400
545 8
546 261
547 216
548 659
549 43
550 207
551 402
552 77
553 730
554 359
555 472
556 813
557 859
558 388
559 114
560 244
561 519
562 36
563 853
564 267
565 134
566 211
567 241
568 353
569 17
570 35
571 625
572 702
573 253
574 959
575 600
576 122
577 724
578 294
579 227
580 249
581 86
582 246
583 239
584 482
585 840
586 792
587 539
588 228
589 118
590 897
591 534
592 882
593 707
594 972
595 782
596 120
597 284
598 275
599 352
600 947
601 551
602 785
603 536
604 932
605 102
606 370
607 520
608 597
609 47
610 476
611 583
612 782
613 117
614 164
615 30
616 525
617 510
618 186
619 789
620 711
621 26
622 441
623 186
624 758
625 823
626 655
627 344
628 274
629 720
630 101
631 414
632 483
633 505
634 813
635 891
636 932
637 767
638 844
639 888
640 74
641 188
642 702
643 952
644 787
645 136
646 746
647 214
648 432
649 284
650 147
651 62
652 711
653 946
654 717
655 237
656 665
657 455
658 458
659 127
660 33
661 341
662 273
663 632
664 568
665 821
666 860
667 384
668 195
669 630
670 559
671 390
672 821
673 757
674 377
675 982
676 758
677 757
678 540
679 784
680 222
681 533
682 508
683 18
684 190
685 378
686 518
687 937
688 234
689 15
690 847
691 970
692 941
693 424
694 399
695 838
696 932
697 558
698 539
699 823
700 662
701 191
702 588
703 734
704 961
705 937
706 516
707 879
708 879
709 277
710 44
711 626
712 831
713 112
714 394
715 222
716 14
717 605
718 84
719 777
720 265
721 631
722 977
723 191
724 542
725 423
726 519
727 999
728 559
729 278
730 779
731 150
732 435
733 768
734 226
735 842
736 449
737 521
738 594
739 969
740 220
741 408
742 594
743 316
744 552
745 448
746 103
747 458
748 587
749 694
750 384
751 46
752 559
753 819
754 760
755 332
756 196
757 388
758 856
759 904
760 579
761 572
762 64
763 651
764 807
765 784
766 970
767 408
768 544
769 201
770 463
771 158
772 745
773 494
774 368
775 440
776 360
777 808
778 69
779 504
780 776
781 554
782 165
783 884
784 828
785 379
786 458
787 425
788 36
789 343
790 49
791 196
792 410
793 687
794 591
795 443
796 844
797 404
798 345
799 361
800 100
801 839
802 354
803 331
804 359
805 205
806 395
807 832
808 510
809 59
810 675
811 751
812 216
813 389
814 763
815 483
816 660
817 464
818 249
819 674
820 513
821 845
822 422
823 229
824 256
825 590
826 545
827 99
828 177
829 676
830 921
831 61
832 355
833 634
834 775
835 73
836 363
837 363
838 365
839 30
840 295
841 598
842 795
843 336
844 737
845 185
846 244
847 409
848 773
849 422
850 555
851 204
852 530
853 141
854 670
855 267
856 465
857 23
858 694
859 134
860 755
861 413
862 737
863 437
864 563
865 120
866 913
867 389
868 384
869 569
870 825
871 608
872 585
873 245
874 18
875 387
876 376
877 808
878 33
879 651
880 815
881 928
882 845
883 363
884 58
885 882
886 914
887 942
888 703
889 503
890 468
891 725
892 529
893 908
894 334
895 983
896 208
897 575
898 728
899 180
900 926
901 698
902 513
903 508
904 784
905 115
906 30
907 693
908 94
909 133
910 241
911 137
912 179
913 660
914 861
915 106
916 405
917 119
918 950
919 413
920 735
921 93
922 644
923 515
924 800
925 289
926 694
927 625
928 227
929 969
930 551
931 933
932 301
933 757
934 75
935 201
936 572
937 98
938 766
939 974
940 447
941 561
942 107
943 619
944 761
945 679
946 614
947 489
948 750
949 171
950 907
951 575
952 530
953 279
954 626
955 713
956 740
957 520
958 64
959 202
960 264
961 725
962 586
963 267
964 526
965 179
966 236
967 973
968 483
969 2
970 331
971 194
972 28
973 220
974 817
975 847
976 617
977 674
978 212
979 606
980 112
981 180
982 811
983 419
984 19
985 608
986 576
987 635
988 47
989 207
990 797
991 989
992 777
993 496
994 994
995 525
996 727
997 207
998 131
999 670
1000 424
1001 859
1002 172
1003 804
1004 494
1005 786
1006 165
1007 584
1008 723
1009 801
1010 239
1011 377
1012 845
1013 382
1014 338
1015 795
1016 617
1017 415
1018 389
1019 251
1020 397
1021 184
1022 171
1023 611
1024 335
1025 346
1026 749
1027 784
1028 338
1029 659
1030 189
1031 563
1032 155
1033 287
1034 903
1035 148
1036 999
1037 478
1038 693
1039 203
1040 337
1041 361
1042 550
1043 100
1044 607
1045 374
1046 688
1047 675
1048 534
1049 17
1050 107
1051 203
1052 207
1053 959
1054 261
1055 880
1056 694
1057 591
1058 203
1059 947
1060 508
1061 294
1062 823
1063 566
1064 476
1065 512
1066 228
1067 49
1068 669
1069 449
1070 159
1071 816
1072 526
1073 461
1074 119
1075 64
1076 582
1077 748
1078 39
1079 965
1080 18
1081 686
1082 447
1083 426
1084 600
1085 53
1086 634
1087 561
1088 171
1089 815
1090 953
1091 716
1092 543
1093 751
1094 110
1095 285
1096 80
1097 485
1098 143
1099 143
1100 367
1101 806
1102 842
1103 967
1104 525
1105 577
1106 416
1107 743
1108 401
1109 221
1110 25
1111 458
1112 25
1113 201
1114 462
1115 710
1116 34
1117 699
1118 906
1119 96
1120 622
1121 845
1122 28
1123 278
1124 251
1125 760
1126 503
1127 868
1128 370
1129 908
1130 97
1131 277
1132 929
1133 661
1134 601
1135 525
1136 239
1137 21
1138 951
1139 672
1140 543
1141 809
1142 85
1143 764
1144 990
1145 8
1146 23
1147 48
1148 375
1149 190
1150 629
1151 389
1152 323
1153 880
1154 793
1155 482
1156 582
1157 672
1158 713
1159 71
1160 711
1161 100
1162 275
1163 32
1164 103
1165 382
1166 849
1167 164
1168 287
1169 385
1170 704
1171 843
1172 898
1173 680
1174 751
1175 381
1176 86
1177 749
1178 271
1179 504
1180 123
1181 170
1182 120
1183 905
1184 398
1185 837
1186 105
1187 28
1188 820
1189 767
1190 561
1191 122
1192 863
1193 672
1194 757
1195 54
1196 867
1197 633
1198 795
1199 296
1200 736
1201 942
1202 322
1203 306
1204 171
1205 542
1206 253
1207 901
1208 160
1209 434
1210 993
1211 13
1212 920
1213 649
1214 461
1215 778
1216 747
1217 171
1218 661
1219 572
1220 421
1221 528
1222 556
1223 783
1224 503
1225 546
1226 518
1227 83
1228 214
1229 691
1230 594
1231 140
1232 770
1233 780
1234 648
1235 634
1236 732
1237 260
1238 980
1239 616
1240 521
1241 976
1242 302
1243 758
1244 53
1245 540
1246 184
1247 885
1248 398
1249 830
1250 94
1251 636
1252 137
1253 487
1254 733
1255 137
1256 108
1257 724
1258 225
1259 211
1260 375
1261 896
1262 539
1263 346
1264 366
1265 630
1266 152
1267 945
1268 819
1269 947
1270 114
1271 271
1272 945
1273 391
1274 952
1275 754
1276 648
1277 669
1278 164
1279 747
1280 663
1281 414
1282 732
1283 630
1284 686
1285 275
1286 450
1287 128
1288 221
1289 717
1290 612
1291 471
1292 637
1293 772
1294 101
1295 790
1296 630
1297 776
1298 155
1299 112
1300 863
1301 586
1302 438
1303 435
1304 639
1305 786
1306 51
1307 305
1308 624
1309 827
1310 24
1311 356
1312 465
1313 393
1314 82
1315 405
1316 526
1317 153
1318 755
1319 579
1320 339
1321 305
1322 107
1323 750
1324 423
1325 31
1326 752
1327 339
1328 445
1329 805
1330 711
1331 761
1332 765
1333 472
1334 662
1335 996
1336 218
1337 511
1338 894
1339 980
1340 271
1341 187
1342 211
1343 173
1344 985
1345 227
1346 31
1347 639
1348 882
1349 323
1350 73
1351 449
1352 190
1353 831
1354 673
1355 12
1356 430
1357 819
1358 908
1359 21
1360 638
1361 532
1362 988
1363 857
1364 768
1365 762
1366 620
1367 642
1368 510
1369 272
1370 409
1371 949
1372 367
1373 754
1374 390
1375 377
1376 438
1377 900
1378 662
1379 377
1380 181
1381 0
1382 595
1383 201
1384 162
1385 535
1386 517
1387 993
1388 791
1389 481
1390 345
1391 970
1392 551
1393 942
1394 522
1395 870
1396 374
1397 717
1398 227
1399 336
1400 924
1401 975
1402 263
1403 532
1404 282
1405 451
1406 468
1407 702
1408 149
1409 403
1410 459
1411 641
1412 722
1413 825
1414 65
1415 323
1416 512
1417 135
1418 345
1419 821
1420 938
1421 339
1422 66
1423 523
1424 478
1425 118
1426 759
1427 893
1428 160
1429 653
1430 469
1431 442
1432 529
1433 226
1434 909
1435 347
1436 746
1437 4
1438 943
1439 577
1440 528
1441 889
1442 759
1443 149
1444 232
1445 692
1446 351
1447 648
1448 534
1449 438
1450 86
1451 208
1452 793
1453 56
1454 687
1455 848
1456 618
1457 597
1458 882
1459 759
1460 501
1461 18
1462 786
1463 665
1464 666
1465 12
1466 405
1467 211
1468 8
1469 237
1470 267
1471 401
1472 904
1473 600
1474 129
1475 664
1476 138
1477 254
1478 219
1479 814
1480 303
1481 645
1482 312
1483 889
1484 524
1485 729
1486 987
1487 370
1488 620
1489 901
1490 907
1491 327
1492 662
1493 548
1494 879
1495 684
1496 40
1497 107
1498 507
1499 296
1500 365
1501 349
1502 786
1503 595
1504 55
1505 18
1506 909
1507 849
1508 457
1509 272
1510 819
1511 376
1512 210
1513 551
1514 851
1515 329
1516 875
1517 158
1518 985
1519 371
1520 914
1521 959
1522 337
1523 541
1524 628
1525 899
1526 159
1527 285
1528 292
1529 668
1530 462
1531 562
1532 374
1533 699
1534 740
1535 698
1536 607
1537 721
1538 14
1539 795
1540 416
1541 220
1542 604
1543 710
1544 726
1545 408
1546 644
1547 31
1548 789
1549 425
1550 188
1551 235
1552 198
1553 80
1554 187
1555 373
1556 166
1557 276
1558 971
1559 90
1560 221
1561 750
1562 765
1563 64
1564 13
1565 211
1566 16
1567 862
1568 286
1569 620
1570 371
1571 482
1572 320
1573 528
1574 521
1575 690
1576 665
1577 712
1578 649
1579 392
1580 344
1581 835
1582 331
1583 89
1584 188
1585 985
1586 33
1587 413
1588 650
1589 392
1590 475
1591 48
1592 319
1593 189
1594 212
1595 493
1596 975
1597 257
1598 300
1599 606
1600 686
1601 917
1602 998
1603 489
1604 296
1605 865
1606 272
1607 170
1608 750
1609 307
1610 672
1611 718
1612 48
1613 653
1614 312
1615 406
1616 297
1617 309
1618 998
1619 25
1620 252
1621 773
1622 242
1623 270
1624 389
1625 188
1626 643
1627 121
1628 960
1629 994
1630 193
1631 60
1632 569
1633 142
1634 73
1635 526
1636 820
1637 946
1638 805
1639 657
1640 737
1641 410
1642 609
1643 112
1644 404
1645 407
1646 627
1647 570
1648 906
1649 390
1650 195
1651 564
1652 482
1653 373
1654 728
1655 38
1656 720
1657 810
1658 623
1659 697
1660 170
1661 594
1662 304
1663 74
1664 443
1665 867
1666 973
1667 843
1668 357
1669 198
1670 378
1671 99
1672 586
1673 272
1674 686
1675 202
1676 762
1677 98
1678 863
1679 689
1680 962
1681 569
1682 640
1683 663
1684 385
1685 248
1686 617
1687 461
1688 953
1689 227
1690 27
1691 950
1692 6
1693 107
1694 72
1695 723
1696 130
1697 96
1698 588
1699 186
1700 200
1701 25
1702 734
1703 6
1704 375
1705 792
1706 607
1707 668
1708 953
1709 221
1710 17
1711 887
1712 399
1713 824
1714 798
1715 543
1716 308
1717 993
1718 314
1719 795
1720 250
1721 855
1722 953
1723 780
1724 923
1725 363
1726 690
1727 228
1728 800
1729 679
1730 69
1731 322
1732 993
1733 709
1734 941
1735 828
1736 830
1737 783
1738 679
1739 514
1740 316
1741 177
1742 744
1743 262
1744 818
1745 873
1746 20
1747 35
1748 790
1749 578
1750 501
1751 550
1752 364
1753 520
1754 206
1755 173
1756 698
1757 344
1758 198
1759 279
1760 543
1761 41
1762 476
1763 228
1764 937
1765 368
1766 94
1767 885
1768 731
1769 501
1770 776
1771 468
1772 289
1773 698
1774 106
1775 542
1776 134
1777 403
1778 546
1779 220
1780 373
1781 32
1782 258
1783 136
1784 49
1785 286
1786 50
1787 693
1788 416
1789 348
1790 494
1791 661
1792 883
1793 936
1794 288
1795 251
1796 953
1797 165
1798 613
1799 448
1800 782
1801 256
1802 519
1803 105
1804 425
1805 30
1806 75
1807 647
1808 489
1809 147
1810 213
1811 648
1812 107
1813 399
1814 748
1815 58
1816 706
1817 479
1818 583
1819 433
1820 214
1821 448
1822 801
1823 924
1824 400
1825 413
1826 820
1827 241
1828 337
1829 861
1830 103
1831 987
1832 980
1833 926
1834 416
1835 53
1836 57
1837 316
1838 708
1839 596
1840 669
1841 193
1842 89
1843 535
1844 614
1845 845
1846 340
1847 953
1848 482
1849 830
1850 918
1851 509
1852 521
1853 406
1854 314
1855 771
1856 105
1857 802
1858 637
1859 714
1860 791
1861 400
1862 891
1863 731
1864 895
1865 322
1866 588
1867 316
1868 704
1869 637
1870 294
1871 829
1872 192
1873 460
1874 994
1875 304
1876 802
1877 402
1878 790
1879 354
1880 140
1881 711
1882 302
1883 394
1884 722
1885 129
1886 683
1887 147
1888 202
1889 776
1890 340
1891 687
1892 515
1893 531
1894 79
1895 231
1896 314
1897 843
1898 236
1899 418
1900 735
1901 550
1902 290
1903 634
1904 440
1905 114
1906 548
1907 367
1908 765
1909 797
1910 524
1911 945
1912 55
1913 887
1914 814
1915 331
1916 660
1917 701
1918 51
1919 866
1920 437
1921 467
1922 387
1923 664
1924 719
1925 111
1926 418
1927 216
1928 825
1929 384
1930 384
1931 578
1932 807
1933 37
1934 110
1935 90
1936 193
1937 675
1938 381
1939 979
1940 952
1941 370
1942 274
1943 533
1944 964
1945 114
1946 358
1947 72
1948 981
1949 339
1950 254
1951 653
1952 105
1953 807
1954 726
1955 409
1956 504
1957 72
1958 400
1959 144
1960 331
1961 828
1962 20
1963 877
1964 354
1965 490
1966 595
1967 172
1968 912
1969 532
1970 937
1971 198
1972 368
1973 72
1974 480
1975 880
1976 720
1977 345
1978 603
1979 617
1980 881
1981 881
1982 960
1983 934
1984 6
1985 487
1986 117
1987 659
1988 18
1989 563
1990 175
1991 792
1992 483
1993 215
1994 116
1995 717
1996 481
1997 351
1998 54
1999 471
2000 182
2001 413
2002 467
2003 854
2004 21
2005 143
2006 273
2007 942
2008 582
2009 47
2010 960
2011 24
2012 58
2013 696
2014 801
2015 346
2016 883
2017 986
2018 709
2019 91
2020 32
2021 491
2022 811
2023 939
2024 480
2025 939
2026 611
2027 965
2028 499
2029 887
2030 414
2031 481
2032 994
2033 190
2034 915
2035 931
2036 454
2037 521
2038 851
2039 937
2040 204
2041 316
2042 600
2043 438
2044 802
2045 842
2046 291
2047 124
2048 908
2049 574
2050 870
2051 523
2052 722
2053 249
2054 684
2055 724
2056 787
2057 725
2058 502
2059 860
2060 789
2061 391
2062 916
2063 640
2064 308
2065 859
2066 258
2067 572
2068 737
2069 404
2070 203
2071 975
2072 367
2073 509
2074 925
2075 42
2076 945
2077 618
2078 732
2079 205
2080 989
2081 756
2082 446
2083 469
2084 954
2085 763
2086 582
2087 220
2088 842
2089 275
2090 868
2091 688
2092 33
2093 607
2094 260
2095 221
2096 979
2097 518
2098 310
2099 82
2100 477
2101 390
2102 432
2103 957
2104 298
2105 217
2106 866
2107 292
2108 432
2109 974
2110 798
2111 747
2112 253
2113 983
2114 888
2115 164
2116 426
2117 453
2118 882
2119 249
2120 475
2121 944
2122 407
2123 325
2124 516
2125 530
2126 72
2127 297
2128 335
2129 8
2130 318
2131 388
2132 177
2133 240
2134 398
2135 340
2136 594
2137 463
2138 587
2139 365
2140 597
2141 717
2142 222
2143 693
2144 796
2145 133
2146 837
2147 85
2148 740
2149 84
2150 685
2151 593
2152 633
2153 666
2154 970
2155 389
2156 256
2157 132
2158 291
2159 491
2160 845
2161 838
2162 818
2163 485
2164 869
2165 93
2166 11
2167 744
2168 762
2169 202
2170 438
2171 795
2172 904
2173 742
2174 126
2175 70
2176 969
2177 943
2178 256
2179 430
2180 464
2181 65
2182 338
2183 741
2184 274
2185 798
2186 367
2187 792
2188 405
2189 686
2190 339
2191 298
2192 894
2193 612
2194 603
2195 732
2196 587
2197 160
2198 93
2199 686
2200 243
2201 926
2202 601
2203 279
2204 145
2205 743
2206 515
2207 530
2208 262
2209 432
2210 756
2211 419
2212 830
2213 498
2214 110
2215 170
2216 899
2217 714
2218 194
2219 413
2220 276
2221 147
2222 861
2223 830
2224 505
2225 169
2226 756
2227 697
2228 961
2229 846
2230 851
2231 375
2232 220
2233 480
2234 269
2235 117
2236 489
2237 213
2238 795
2239 881
2240 791
2241 710
2242 542
2243 62
2244 861
2245 86
2246 670
2247 486
2248 540
2249 220
2250 113
2251 427
2252 25
2253 681
2254 694
2255 466
2256 852
2257 147
2258 915
2259 438
2260 763
2261 705
2262 486
2263 788
2264 736
2265 918
2266 466
2267 682
2268 814
2269 62
2270 792
2271 565
2272 649
2273 46
2274 915
2275 638
2276 411
2277 814
2278 546
2279 696
2280 511
2281 626
2282 449
2283 238
2284 141
2285 887
2286 974
2287 341
2288 674
2289 39
2290 915
2291 986
2292 274
2293 604
2294 496
2295 429
2296 459
2297 135
2298 746
2299 182
2300 588
2301 552
2302 600
2303 487
2304 131
2305 32
2306 150
2307 619
2308 874
2309 269
2310 269
2311 59
2312 416
2313 893
2314 139
2315 172
2316 279
2317 791
2318 47
2319 105
2320 12
2321 456
2322 646
2323 471
2324 110
2325 81
2326 612
2327 384
2328 498
2329 150
2330 680
2331 392
2332 588
2333 762
2334 726
2335 905
2336 666
2337 233
2338 537
2339 104
2340 110
2341 491
2342 200
2343 748
2344 883
2345 854
2346 265
2347 24
2348 957
2349 226
2350 338
2351 959
2352 266
2353 666
2354 214
2355 488
2356 451
2357 190
2358 388
2359 140
2360 187
2361 290
2362 782
2363 670
2364 32
2365 619
2366 344
2367 301
2368 279
2369 806
2370 659
2371 850
2372 951
2373 948
2374 47
2375 463
2376 876
2377 582
2378 128
2379 761
2380 5
2381 534
2382 69
2383 322
2384 408
2385 239
2386 449
2387 876
2388 50
2389 89
2390 807
2391 518
2392 693
2393 389
2394 740
2395 88
2396 711
2397 155
2398 208
2399 185
2400 127
2401 263
2402 469
2403 595
2404 289
2405 183
2406 849
2407 496
2408 396
2409 527
2410 989
2411 518
2412 107
2413 459
2414 614
2415 886
2416 38
2417 8
2418 158
2419 75
2420 905
2421 369
2422 755
2423 84
2424 764
2425 888
2426 656
2427 58
2428 700
2429 504
2430 472
2431 684
2432 59
2433 175
2434 924
2435 827
2436 79
2437 335
2438 809
2439 829
2440 760
2441 544
2442 892
2443 796
2444 882
2445 134
2446 33
2447 272
2448 332
2449 789
2450 387
2451 46
2452 92
2453 744
2454 248
2455 866
2456 828
2457 486
2458 125
2459 185
2460 390
2461 806
2462 994
2463 401
2464 448
2465 869
2466 714
2467 846
2468 977
2469 735
2470 862
2471 197
2472 261
2473 420
2474 200
2475 739
2476 19
2477 631
2478 620
2479 200
2480 879
2481 793
2482 427
2483 277
2484 899
2485 394
2486 224
2487 351
2488 31
2489 42
2490 706
2491 416
2492 609
2493 674
2494 468
2495 851
2496 182
2497 495
2498 750
2499 618
2500 98
2501 197
2502 676
2503 224
2504 59
2505 178
2506 489
2507 876
2508 699
2509 581
2510 780
2511 12
2512 747
2513 371
2514 38
2515 309
2516 5
2517 496
2518 202
2519 671
2520 604
2521 65
2522 931
2523 196
2524 188
2525 414
2526 670
2527 175
2528 516
2529 468
2530 728
2531 789
2532 675
2533 332
2534 444
2535 918
2536 183
2537 929
2538 356
2539 192
2540 629
2541 402
2542 610
2543 975
2544 646
2545 11
2546 526
2547 890
2548 659
2549 636
2550 521
2551 900
2552 834
2553 816
2554 417
2555 673
2556 363
2557 118
2558 692
2559 251
2560 90
2561 391
2562 561
2563 834
2564 734
2565 543
2566 54
2567 877
2568 372
2569 93
2570 947
2571 63
2572 76
2573 509
2574 606
2575 974
2576 765
2577 892
2578 95
2579 263
2580 289
2581 129
2582 149
2583 354
2584 530
2585 492
2586 550
2587 109
2588 604
2589 314
2590 622
2591 411
2592 630
2593 870
2594 205
2595 127
2596 350
2597 694
2598 233
2599 608
2600 572
2601 854
2602 524
2603 80
2604 335
2605 231
2606 574
2607 325
2608 310
2609 320
2610 31
2611 355
2612 241
2613 571
2614 929
2615 0
2616 735
2617 644
2618 318
2619 590
2620 37
2621 250
2622 842
2623 596
2624 624
2625 269
2626 890
2627 318
2628 234
2629 612
2630 930
2631 929
2632 750
2633 509
2634 992
2635 87
2636 851
2637 80
2638 498
2639 186
2640 550
2641 654
2642 947
2643 81
2644 544
2645 397
2646 400
2647 945
2648 898
2649 19
2650 237
2651 938
2652 995
2653 931
2654 293
2655 857
2656 447
2657 334
2658 824
2659 575
2660 211
2661 584
2662 97
2663 171
2664 55
2665 516
2666 880
2667 856
2668 39
2669 690
2670 50
2671 725
2672 391
2673 501
2674 817
2675 985
2676 174
2677 151
2678 748
2679 971
2680 530
2681 323
2682 75
2683 899
2684 831
2685 530
2686 193
2687 115
2688 445
2689 0
2690 677
2691 754
2692 4
2693 795
2694 512
2695 112
2696 134
2697 605
2698 543
2699 734
2700 1
2701 808
2702 360
2703 863
2704 253
2705 46
2706 305
2707 599
2708 823
2709 357
2710 76
2711 415
2712 818
2713 928
2714 329
2715 120
2716 352
2717 997
2718 490
2719 561
2720 869
2721 341
2722 799
2723 945
2724 602
2725 279
2726 935
2727 242
2728 867
2729 199
2730 902
2731 476
2732 562
2733 106
2734 678
2735 394
2736 868
2737 987
2738 881
2739 396
2740 479
2741 579
2742 885
2743 774
2744 698
2745 34
2746 881
2747 888
2748 854
2749 730
2750 227
2751 669
2752 274
2753 503
2754 788
2755 677
2756 802
2757 956
2758 573
2759 687
2760 196
2761 917
2762 103
2763 337
2764 601
2765 162
2766 192
2767 985
2768 170
2769 202
2770 352
2771 900
2772 375
2773 650
2774 130
2775 222
2776 761
2777 259
2778 160
2779 612
2780 513
2781 547
2782 577
2783 953
2784 458
2785 212
2786 718
2787 311
2788 397
2789 535
2790 868
2791 923
2792 714
2793 908
2794 527
2795 775
2796 921
2797 379
2798 697
2799 87
2800 138
2801 487
2802 961
2803 980
2804 506
2805 272
2806 981
2807 145
2808 382
2809 890
2810 930
2811 660
2812 420
2813 518
2814 583
2815 499
2816 871
2817 218
2818 822
2819 215
2820 879
2821 506
2822 499
2823 456
2824 419
2825 331
2826 589
2827 45
2828 836
2829 177
2830 751
2831 154
2832 601
2833 178
2834 77
2835 342
2836 408
2837 871
2838 317
2839 514
2840 898
2841 63
2842 814
2843 974
2844 356
2845 789
2846 338
2847 801
2848 448
2849 7
2850 340
2851 276
2852 675
2853 177
2854 22
2855 278
2856 467
2857 608
2858 918
2859 91
2860 74
2861 93
2862 454
2863 67
2864 390
2865 142
2866 120
2867 240
2868 85
2869 319
2870 734
2871 209
2872 120
2873 414
2874 232
2875 538
2876 789
2877 310
2878 682
2879 188
2880 8
2881 756
2882 590
2883 642
2884 915
2885 95
2886 651
2887 201
2888 386
2889 658
2890 133
2891 605
2892 634
2893 407
2894 15
2895 231
2896 952
2897 899
2898 308
2899 652
2900 60
2901 539
2902 585
2903 490
2904 739
2905 997
2906 714
2907 843
2908 763
2909 765
2910 966
2911 386
2912 105
2913 790
2914 220
2915 17
2916 885
2917 608
2918 985
2919 541
2920 318
2921 567
2922 388
2923 929
2924 736
2925 915
2926 464
2927 532
2928 215
2929 804
2930 687
2931 346
2932 503
2933 55
2934 861
2935 181
2936 459
2937 291
2938 159
2939 699
2940 399
2941 169
2942 636
2943 539
2944 581
2945 249
2946 733
2947 747
2948 141
2949 129
2950 460
2951 375
2952 675
2953 45
2954 577
2955 301
2956 884
2957 785
2958 742
2959 773
2960 897
2961 695
2962 189
2963 720
2964 801
2965 523
2966 842
2967 754
2968 910
2969 864
2970 835
2971 730
2972 644
2973 276
2974 470
2975 27
2976 5
2977 843
2978 968
2979 678
2980 443
2981 320
2982 237
2983 823
2984 728
2985 1
2986 105
2987 107
2988 81
2989 678
2990 490
2991 300
2992 843
2993 398
2994 407
2995 987
2996 840
2997 4
2998 245
2999 808
3000 871
3001 604
3002 865
3003 391
3004 717
3005 307
3006 577
3007 294
3008 241
3009 881
3010 349
3011 628
3012 600
3013 337
3014 652
3015 413
3016 92
3017 629
3018 924
3019 936
3020 813
3021 262
3022 672
3023 75
3024 836
3025 548
3026 540
3027 197
3028 365
3029 626
3030 915
3031 399
3032 987
3033 876
3034 896
3035 500
3036 507
3037 336
3038 669
3039 284
3040 487
3041 986
3042 910
3043 172
3044 460
3045 811
3046 691
3047 998
3048 124
3049 633
3050 346
3051 996
3052 590
3053 936
3054 418
3055 560
3056 958
3057 994
3058 137
3059 964
3060 167
3061 580
3062 602
3063 189
3064 78
3065 557
3066 335
3067 29
3068 189
3069 863
3070 650
3071 796
3072 417
3073 518
3074 860
3075 495
3076 200
3077 282
3078 698
3079 438
3080 474
3081 427
3082 224
3083 880
3084 602
3085 332
3086 381
3087 706
3088 261
3089 528
3090 45
3091 369
3092 633
3093 132
3094 28
3095 478
3096 593
3097 968
3098 32
3099 995
3100 780
3101 697
3102 590
3103 584
3104 880
3105 415
3106 925
3107 632
3108 683
3109 832
3110 826
3111 288
3112 498
3113 420
3114 423
3115 968
3116 397
3117 573
3118 928
3119 3
3120 150
3121 13
3122 987
3123 201
3124 555
3125 605
3126 733
3127 848
3128 585
3129 678
3130 58
3131 801
3132 16
3133 319
3134 611
3135 728
3136 525
3137 391
3138 711
3139 533
3140 922
3141 173
3142 591
3143 995
3144 617
3145 669
3146 120
3147 719
3148 553
3149 228
3150 757
3151 311
3152 91
3153 58
3154 246
3155 946
3156 648
3157 349
3158 584
3159 810
3160 124
3161 397
3162 697
3163 415
3164 823
3165 65
3166 673
3167 132
3168 384
3169 856
3170 833
3171 839
3172 552
3173 628
3174 543
3175 615
3176 273
3177 647
3178 657
3179 371
3180 827
3181 321
3182 364
3183 517
3184 430
3185 244
3186 395
3187 961
3188 105
3189 746
3190 470
3191 440
3192 384
3193 944
3194 63
3195 766
3196 113
3197 140
3198 869
3199 42
3200 54
3201 131
3202 433
3203 500
3204 370
3205 948
3206 494
3207 678
3208 435
3209 647
3210 609
3211 326
3212 83
3213 573
3214 446
3215 271
3216 843
3217 309
3218 326
3219 190
3220 488
3221 963
3222 660
3223 44
3224 854
3225 93
3226 1
3227 803
3228 194
3229 419
3230 478
3231 979
3232 284
3233 309
3234 944
3235 843
3236 226
3237 390
3238 228
3239 119
3240 784
3241 914
3242 887
3243 960
3244 165
3245 299
3246 387
3247 175
3248 491
3249 230
3250 790
3251 768
3252 888
3253 929
3254 116
3255 713
3256 39
3257 984
3258 870
3259 644
3260 524
3261 610
3262 359
3263 655
3264 785
3265 284
3266 827
3267 722
3268 235
3269 573
3270 12
3271 66
3272 823
3273 724
3274 372
3275 164
3276 42
3277 36
3278 601
3279 199
3280 549
3281 850
3282 80
3283 491
3284 813
3285 13
3286 7
3287 397
3288 393
3289 60
3290 494
3291 910
3292 44
3293 39
3294 409
3295 339
3296 691
3297 952
3298 470
3299 668
3300 910
3301 864
3302 439
3303 832
3304 685
3305 298
3306 642
3307 860
3308 564
3309 509
3310 463
3311 283
3312 921
3313 218
3314 613
3315 666
3316 397
3317 191
3318 280
3319 86
3320 240
3321 300
3322 394
3323 646
3324 966
3325 773
3326 637
3327 277
3328 88
3329 353
3330 976
3331 34
3332 805
3333 860
3334 91
3335 262
3336 358
3337 574
3338 324
3339 337
3340 269
3341 125
3342 89
3343 99
3344 79
3345 938
3346 192
3347 108
3348 677
3349 984
3350 947
3351 170
3352 556
3353 501
3354 463
3355 576
3356 870
3357 280
3358 569
3359 49
3360 37
3361 306
3362 693
3363 748
3364 406
3365 535
3366 584
3367 917
3368 514
3369 18
3370 623
3371 751
3372 677
3373 162
3374 157
3375 967
3376 619
3377 330
3378 709
3379 855
3380 447
3381 860
3382 195
3383 186
3384 815
3385 893
3386 202
3387 727
3388 911
3389 133
3390 588
3391 238
3392 482
3393 331
3394 926
3395 165
3396 804
3397 86
3398 125
3399 237
3400 548
3401 276
3402 226
3403 323
3404 568
3405 99
3406 953
3407 526
3408 721
3409 216
3410 674
3411 326
3412 179
3413 866
3414 970
3415 658
3416 498
3417 714
3418 777
3419 775
3420 841
3421 393
3422 367
3423 278
3424 454
3425 340
3426 529
3427 181
3428 262
3429 209
3430 986
3431 405
3432 56
3433 975
3434 57
3435 452
3436 678
3437 637
3438 674
3439 427
3440 789
3441 137
3442 876
3443 904
3444 832
3445 543
3446 970
3447 989
3448 212
3449 649
3450 491
3451 19
3452 8
3453 427
3454 553
3455 709
3456 39
3457 609
3458 826
3459 549
3460 891
3461 234
3462 534
3463 376
3464 544
3465 570
3466 320
3467 300
3468 168
3469 295
3470 931
3471 42
3472 668
3473 416
3474 60
3475 929
3476 785
3477 831
3478 867
3479 143
3480 417
3481 747
3482 126
3483 148
3484 835
3485 863
3486 932
3487 266
3488 605
3489 733
3490 7
3491 502
3492 529
3493 217
3494 232
3495 773
3496 44
3497 816
3498 225
3499 956
3500 505
3501 80
3502 39
3503 395
3504 338
3505 169
3506 265
3507 847
3508 785
3509 704
3510 781
3511 979
3512 932
3513 197
3514 303
3515 455
3516 215
3517 897
3518 924
3519 92
3520 754
3521 116
3522 26
3523 628
3524 155
3525 321
3526 869
3527 470
3528 860
3529 738
3530 138
3531 969
3532 250
3533 686
3534 353
3535 182
3536 315
3537 705
3538 839
3539 925
3540 865
3541 533
3542 422
3543 473
3544 748
3545 973
3546 354
3547 933
3548 110
3549 598
3550 265
3551 672
3552 86
3553 551
3554 604
3555 910
3556 759
3557 128
3558 414
3559 118
3560 607
3561 971
3562 569
3563 726
3564 804
3565 92
3566 102
3567 814
3568 141
3569 614
3570 639
3571 239
3572 579
3573 78
3574 590
3575 469
3576 830
3577 573
3578 162
3579 965
3580 661
3581 505
3582 188
3583 171
3584 803
3585 196
3586 219
3587 984
3588 541
3589 290
3590 389
3591 196
3592 255
3593 121
3594 919
3595 305
3596 647
3597 16
3598 502
3599 730
3600 899
3601 958
3602 252
3603 509
3604 611
3605 693
3606 668
3607 484
3608 354
3609 299
3610 306
3611 801
3612 862
3613 145
3614 905
3615 421
3616 562
3617 981
3618 612
3619 674
3620 920
3621 196
3622 844
3623 832
3624 745
3625 756
3626 924
3627 741
3628 475
3629 628
3630 790
3631 146
3632 220
3633 325
3634 957
3635 419
3636 702
3637 869
3638 229
3639 106
3640 840
3641 91
3642 934
3643 127
3644 526
3645 520
3646 289
3647 301
3648 828
3649 207
3650 591
3651 460
3652 591
3653 558
3654 934
3655 343
3656 988
3657 721
3658 366
3659 459
3660 761
3661 530
3662 985
3663 494
3664 260
3665 639
3666 770
3667 987
3668 816
3669 662
3670 210
3671 471
3672 761
3673 198
3674 151
3675 649
3676 277
3677 676
3678 859
3679 633
3680 537
3681 24
3682 710
3683 315
3684 762
3685 418
3686 46
3687 899
3688 785
3689 536
3690 766
3691 46
3692 348
3693 181
3694 544
3695 768
3696 977
3697 518
3698 153
3699 306
3700 463
3701 114
3702 83
3703 945
3704 576
3705 323
3706 933
3707 656
3708 653
3709 952
3710 514
3711 295
3712 757
3713 681
3714 493
3715 211
3716 304
3717 520
3718 513
3719 266
3720 310
3721 128
3722 556
3723 92
3724 429
3725 462
3726 657
3727 43
3728 820
3729 165
3730 460
3731 570
3732 63
3733 876
3734 314
3735 898
3736 903
3737 242
3738 852
3739 278
3740 451
3741 532
3742 690
3743 447
3744 180
3745 792
3746 704
3747 228
3748 920
3749 414
3750 716
3751 565
3752 828
3753 731
3754 777
3755 264
3756 746
3757 170
3758 663
3759 847
3760 828
3761 23
3762 35
3763 442
3764 419
3765 672
3766 376
3767 769
3768 479
3769 491
3770 688
3771 849
3772 519
3773 352
3774 14
3775 921
3776 969
3777 499
3778 888
3779 298
3780 919
3781 878
3782 693
3783 419
3784 493
3785 74
3786 498
3787 284
3788 359
3789 825
3790 256
3791 896
3792 965
3793 765
3794 823
3795 917
3796 451
3797 45
3798 201
3799 24
3800 376
3801 109
3802 690
3803 739
3804 681
3805 764
3806 397
3807 614
3808 536
3809 403
3810 977
3811 438
3812 453
3813 149
3814 749
3815 65
3816 850
3817 131
3818 17
3819 308
3820 354
3821 819
3822 444
3823 792
3824 650
3825 499
3826 997
3827 855
3828 775
3829 652
3830 379
3831 590
3832 741
3833 781
3834 819
3835 585
3836 506
3837 892
3838 503
3839 243
3840 337
3841 846
3842 894
3843 17
3844 836
3845 906
3846 364
3847 985
3848 877
3849 550