0 72
1 570
2 895
3 344
4 932
5 129
6 199
7 260
8 374
9 778
10 905
11 489
12 363
13 957
14 463
15 259
16 126
17 421
18 171
19 340
20 149
21 878
22 735
23 277
24 956
25 139
26 237
27 993
28 379
29 243
30 227
31 49
32 59
33 622
34 986
35 662
36 597
37 636
38 392
39 744
40 803
41 562
42 154
43 189
44 822
45 621
46 776
47 944
48 771
49 624
50 974
51 329
52 240
53 246
54 408
55 556
56 151
57 203
58 898
59 754
60 514
61 441
62 924
63 426
64 806
65 917
66 833
67 997
68 759
69 831
70 277
71 607
72 777
73 835
74 955
75 602
76 784
77 505
78 628
79 126
80 18
81 395
82 464
83 934
84 51
85 543
86 966
87 712
88 996
89 100
90 184
91 90
92 347
93 791
94 908
95 75
96 440
97 678
98 914
99 290
100 712
101 360
102 662
103 791
104 422
105 107
106 7
107 640
108 425
109 669
110 211
111 833
112 218
113 780
114 960
115 574
116 951
117 346
118 838
119 756
120 634
121 951
122 760
123 929
124 175
125 200
126 318
127 272
128 651
129 969
130 4
131 579
132 642
133 962
134 925
135 659
136 701
137 244
138 423
139 24
140 984
141 460
142 356
143 248
144 19
145 639
146 688
147 799
148 69
149 731
150 742
151 522
152 481
153 417
154 161
155 206
156 722
157 178
158 273
159 555
160 201
161 544
162 498
163 740
164 353
165 230
166 420
167 321
168 325
169 930
170 536
171 370
172 431
173 421
174 256
175 557
176 937
177 395
178 118
179 71
180 682
181 761
182 87
183 660
184 614
185 371
186 384
187 520
188 895
189 893
190 401
191 124
192 467
193 866
194 501
195 594
196 470
197 557
198 461
199 333
200 340
201 453
202 160
203 467
204 200
205 325
206 716
207 212
208 21
209 357
210 380
211 146
212 753
213 876
214 590
215 267
216 468
217 115
218 150
219 715
220 927
221 254
222 226
223 509
224 87
225 126
226 139
227 964
228 1
229 499
230 805
231 214
232 546
233 775
234 150
235 421
236 639
237 829
238 682
239 488
240 347
241 758
242 240
243 713
244 593
245 801
246 409
247 529
248 299
249 862
250 325
251 969
252 45
253 582
254 190
255 986
256 509
257 416
258 95
259 59
260 203
261 936
262 162
263 545
264 427
265 321
266 735
267 50
268 957
269 282
270 709
271 691
272 174
273 839
274 504
275 81
276 814
277 101
278 345
279 135
280 456
281 344
282 569
283 851
284 316
285 300
286 970
287 235
288 898
289 63
290 667
291 688
292 274
293 254
294 568
295 360
296 693
297 272
298 573
299 521
300 886
301 550
302 479
303 133
304 667
305 423
306 480
307 272
308 762
309 85
310 647
311 907
312 271
313 615
314 547
315 734
316 537
317 160
318 56
319 790
320 250
321 955
322 627
323 946
324 3
325 878
326 747
327 892
328 279
329 459
330 595
331 19
332 984
333 399
334 394
335 712
336 699
337 878
338 629
339 745
340 422
341 219
342 789
343 144
344 758
345 305
346 835
347 838
348 819
349 529
350 481
351 874
352 672
353 352
354 541
355 623
356 511
357 206
358 183
359 569
360 196
361 329
362 532
363 528
364 768
365 49
366 191
367 43
368 465
369 577
370 433
371 394
372 252
373 509
374 541
375 764
376 498
377 683
378 620
379 996
380 810
381 328
382 939
383 776
384 882
385 786
386 441
387 554
388 219
389 974
390 339
391 361
392 965
393 935
394 164
395 630
396 777
397 223
398 796
399 437
400 132
401 629
402 490
403 833
404 90
405 75
406 859
407 738
408 881
409 392
410 759
411 357
412 798
413 165
414 809
415 628
416 433
417 321
418 156
419 10
420 554
421 328
422 633
423 533
424 194
425 963
426 766
427 455
428 200
429 113
430 271
431 403
432 589
433 617
434 77
435 31
436 788
437 533
438 354
439 192
440 255
441 856
442 726
443 304
444 682
445 97
446 159
447 882
448 394
449 498
450 48
451 555
452 214
453 469
454 44
455 91
456 871
457 516
458 598
459 165
460 808
461 872
462 319
463 509
464 890
465 749
466 789
467 505
468 828
469 472
470 324
471 463
472 850
473 721
474 600
475 275
476 397
477 216
478 29
479 534
480 486
481 728
482 402
483 252
484 683
485 660
486 358
487 539
488 65
489 297
490 447
491 316
492 94
493 576
494 394
495 929
496 378
497 481
498 308
499 791
500 471
501 300
502 711
503 154
504 404
505 307
506 683
507 472
508 506
509 776
510 500
511 59
512 499
513 923
514 425
515 943
516 849
517 430
518 752
519 525
520 376
521 624
522 697
523 233
524 268
525 359
526 26
527 836
528 893
529 312
530 13
531 608
532 85
533 506
534 480
535 74
536 291
537 553
538 342
539 650
540 85
541 580
542 409
543 443
544 969
545 717
546 451
547 625
548 936
549 383
550 952
551 100
552 539
553 575
554 374
555 897
556 537
557 607
558 840
559 355
560 497
561 949
562 904
563 259
564 738
565 459
566 987
567 569
568 361
569 172
570 296
571 158
572 172
573 628
574 706
575 902
576 704
577 195
578 25
579 280
580 905
581 379
582 987
583 321
584 232
585 888
586 683
587 178
588 258
589 629
590 385
591 882
592 791
593 31
594 229
595 828
596 430
597 771
598 633
599 737
600 298
601 588
602 538
603 135
604 328
605 621
606 678
607 716
608 558
609 956
610 53
611 105
612 657
613 104
614 602
615 37
616 287
617 218
618 686
619 582
620 187
621 637
622 261
623 127
624 38
625 902
626 841
627 40
628 914
629 257
630 845
631 784
632 321
633 559
634 661
635 717
636 899
637 623
638 174
639 585
640 984
641 589
642 659
643 466
644 999
645 879
646 191
647 541
648 101
649 460
650 52
651 641
652 9
653 595
654 54
655 985
656 926
657 320
658 949
659 405
660 215
661 736
662 869
663 642
664 62
665 740
666 37
667 357
668 733
669 172
670 480
671 868
672 437
673 946
674 131
675 790
676 304
677 265
678 290
679 388
680 452
681 198
682 11
683 124
684 581
685 813
686 89
687 564
688 949
689 209
690 853
691 335
692 816
693 303
694 422
695 786
696 612
697 929
698 121
699 42
700 783
701 505
702 563
703 250
704 497
705 462
706 988
707 972
708 109
709 944
710 359
711 555
712 99
713 478
714 800
715 503
716 856
717 375
718 57
719 311
720 513
721 876
722 255
723 621
724 410
725 212
726 4
727 892
728 836
729 696
730 699
731 345
732 996
733 83
734 608
735 672
736 669
737 578
738 48
739 787
740 410
741 629
742 741
743 947
744 486
745 175
746 946
747 670
748 675
749 488
750 454
751 121
752 443
753 130
754 131
755 927
756 342
757 465
758 375
759 200
760 415
761 804
762 337
763 106
764 663
765 952
766 808
767 384
768 19
769 549
770 291
771 401
772 618
773 130
774 189
775 701
776 967
777 965
778 432
779 348
780 759
781 712
782 606
783 999
784 264
785 918
786 100
787 609
788 610
789 537
790 310
791 203
792 406
793 78
794 401
795 349
796 366
797 178
798 920
799 224
800 941
801 82
802 383
803 627
804 439
805 894
806 671
807 368
808 38
809 652
810 247
811 223
812 431
813 971
814 434
815 609
816 47
817 821
818 474
819 785
820 929
821 511
822 884
823 163
824 606
825 152
826 432
827 177
828 518
829 441
830 267
831 930
832 921
833 708
834 525
835 779
836 551
837 903
838 898
839 870
840 685
841 397
842 169
843 554
844 748
845 994
846 821
847 106
848 480
849 245
850 594
851 766
852 57
853 805
854 104
855 917
856 615
857 644
858 659
859 204
860 407
861 283
862 741
863 64
864 192
865 24
866 621
867 666
868 426
869 543
870 726
871 69
872 490
873 306
874 10
875 10
876 666
877 2
878 173
879 620
880 176
881 161
882 95
883 299
884 972
885 738
886 592
887 48
888 14
889 366
890 282
891 316
892 976
893 498
894 167
895 773
896 112
897 679
898 72
899 671
900 567
901 256
902 375
903 485
904 424
905 462
906 787
907 162
908 896
909 946
910 914
911 372
912 47
913 750
914 600
915 307
916 113
917 884
918 676
919 934
920 376
921 780
922 514
923 264
924 295
925 138
926 510
927 228
928 575
929 829
930 717
931 269
932 672
933 502
934 306
935 752
936 649
937 282
938 648
939 55
940 770
941 696
942 27
943 56
944 63
945 711
946 637
947 421
948 855
949 939
950 748
951 492
952 912
953 961
954 668
955 131
956 533
957 846
958 196
959 390
960 281
961 253
962 287
963 247
964 287
965 32
966 284
967 381
968 423
969 674
970 333
971 839
972 452
973 568
974 872
975 210
976 35
977 504
978 414
979 300
980 335
981 754
982 931
983 160
984 587
985 97
986 757
987 795
988 243
989 485
990 473
991 579
992 954
993 325
994 823
995 424
996 857
997 767
998 522
999 901
1000 633
1001 66
1002 686
1003 527
1004 929
1005 732
1006 440
1007 593
1008 39
1009 959
1010 1
1011 159
1012 735
1013 691
1014 111
1015 850
1016 991
1017 897
1018 292
1019 968
1020 961
1021 741
1022 730
1023 939
1024 747
1025 740
1026 442
1027 198
1028 129
1029 460
1030 619
1031 54
1032 331
1033 92
1034 149
1035 215
1036 122
1037 489
1038 930
1039 748
1040 187
1041 617
1042 102
1043 512
1044 52
1045 148
1046 804
1047 481
1048 763
1049 329
1050 612
1051 515
1052 196
1053 947
1054 893
1055 34
1056 691
1057 871
1058 857
1059 89
1060 503
1061 330
1062 532
1063 274
1064 150
1065 314
1066 144
1067 642
1068 177
1069 161
1070 824
1071 860
1072 302
1073 251
1074 602
1075 171
1076 131
1077 968
1078 404
1079 153
1080 890
1081 215
1082 239
1083 256
1084 834
1085 422
1086 201
1087 225
1088 854
1089 24
1090 789
1091 809
1092 280
1093 684
1094 639
1095 616
1096 24
1097 640
1098 241
1099 604
1100 434
1101 786
1102 822
1103 466
1104 245
1105 720
1106 401
1107 70
1108 520
1109 812
1110 892
1111 477
1112 42
1113 229
1114 672
1115 382
1116 402
1117 379
1118 132
1119 84
1120 236
1121 284
1122 225
1123 693
1124 249
1125 218
1126 195
1127 893
1128 835
1129 175
1130 424
1131 64
1132 826
1133 422
1134 49
1135 863
1136 691
1137 453
1138 461
1139 169
1140 7
1141 652
1142 474
1143 545
1144 716
1145 151
1146 529
1147 661
1148 814
1149 899
1150 171
1151 719
1152 769
1153 818
1154 7
1155 286
1156 615
1157 547
1158 590
1159 985
1160 198
1161 787
1162 339
1163 51
1164 938
1165 437
1166 345
1167 47
1168 982
1169 661
1170 838
1171 980
1172 149
1173 906
1174 107
1175 733
1176 481
1177 172
1178 491
1179 32
1180 100
1181 553
1182 373
1183 978
1184 67
1185 494
1186 369
1187 685
1188 397
1189 887
1190 382
1191 378
1192 674
1193 289
1194 608
1195 389
1196 425
1197 178
1198 537
1199 345
1200 17
1201 313
1202 399
1203 443
1204 885
1205 235
1206 149
1207 629
1208 503
1209 875
1210 818
1211 638
1212 947
1213 817
1214 934
1215 962
1216 449
1217 209
1218 345
1219 403
1220 981
1221 235
1222 297
1223 395
1224 66
1225 869
1226 379
1227 976
1228 778
1229 631
1230 711
1231 199
1232 693
1233 632
1234 988
1235 474
1236 25
1237 293
1238 391
1239 41
1240 262
1241 805
1242 675
1243 283
1244 769
1245 289
1246 554
1247 307
1248 726
1249 841
1250 99
1251 884
1252 467
1253 511
1254 206
1255 682
1256 996
1257 51
1258 819
1259 637
1260 651
1261 149
1262 742
1263 573
1264 424
1265 614
1266 621
1267 519
1268 139
1269 351
1270 693
1271 773
1272 596
1273 959
1274 38
1275 849
1276 12
1277 666
1278 435
1279 864
1280 977
1281 839
1282 867
1283 992
1284 44
1285 840
1286 473
1287 858
1288 234
1289 543
1290 910
1291 382
1292 748
1293 59
1294 503
1295 177
1296 37
1297 951
1298 778
1299 206
1300 712
1301 348
1302 44
1303 913
1304 594
1305 826
1306 822
1307 825
1308 652
1309 351
1310 921
1311 235
1312 42
1313 82
1314 299
1315 679
1316 101
1317 952
1318 315
1319 290
1320 464
1321 727
1322 820
1323 430
1324 245
1325 180
1326 744
1327 946
1328 876
1329 666
1330 19
1331 661
1332 168
1333 686
1334 215
1335 70
1336 354
1337 290
1338 184
1339 562
1340 857
1341 268
1342 309
1343 989
1344 399
1345 539
1346 852
1347 119
1348 687
1349 196
1350 187
1351 583
1352 993
1353 385
1354 940
1355 867
1356 313
1357 620
1358 616
1359 662
1360 99
1361 705
1362 624
1363 699
1364 345
1365 907
1366 78
1367 70
1368 141
1369 379
1370 756
1371 411
1372 420
1373 273
1374 138
1375 983
1376 475
1377 327
1378 639
1379 553
1380 733
1381 177
1382 615
1383 211
1384 512
1385 711
1386 611
1387 991
1388 942
1389 452
1390 743
1391 992
1392 801
1393 827
1394 671
1395 247
1396 760
1397 764
1398 128
1399 480
1400 646
1401 94
1402 325
1403 633
1404 796
1405 222
1406 86
1407 664
1408 937
1409 618
1410 201
1411 955
1412 661
1413 573
1414 623
1415 936
1416 89
1417 347
1418 521
1419 100
1420 734
1421 959
1422 107
1423 332
1424 221
1425 11
1426 741
1427 941
1428 821
1429 931
1430 977
1431 283
1432 883
1433 373
1434 267
1435 456
1436 105
1437 164
1438 937
1439 290
1440 66
1441 275
1442 524
1443 948
1444 242
1445 135
1446 728
1447 274
1448 471
1449 112
1450 33
1451 750
1452 150
1453 646
1454 333
1455 440
1456 586
1457 957
1458 171
1459 433
1460 404
1461 197
1462 240
1463 259
1464 848
1465 5
1466 312
1467 308
1468 546
1469 848
1470 410
1471 754
1472 594
1473 223
1474 851
1475 449
1476 376
1477 89
1478 106
1479 605
1480 847
1481 760
1482 264
1483 562
1484 244
1485 606
1486 752
1487 341
1488 303
1489 0
1490 35
1491 928
1492 478
1493 916
1494 729
1495 237
1496 524
1497 635
1498 518
1499 693
1500 997
1501 743
1502 319
1503 127
1504 793
1505 912
1506 696
1507 184
1508 553
1509 970
1510 722
1511 634
1512 888
1513 516
1514 949
1515 925
1516 266
1517 522
1518 256
1519 547
1520 179
1521 228
1522 417
1523 588
1524 336
1525 645
1526 183
1527 804
1528 176
1529 69
1530 636
1531 846
1532 923
1533 669
1534 509
1535 766
1536 475
1537 458
1538 42
1539 12
1540 570
1541 265
1542 41
1543 30
1544 570
1545 749
1546 748
1547 871
1548 781
1549 340
1550 223
1551 244
1552 602
1553 458
1554 668
1555 81
1556 712
1557 476
1558 996
1559 826
1560 487
1561 133
1562 201
1563 441
1564 731
1565 847
1566 82
1567 258
1568 909
1569 137
1570 3
1571 304
1572 69
1573 495
1574 525
1575 737
1576 871
1577 382
1578 984
1579 728
1580 552
1581 941
1582 66
1583 876
1584 143
1585 746
1586 723
1587 29
1588 873
1589 536
1590 166
1591 582
1592 572
1593 869
1594 178
1595 550
1596 755
1597 295
1598 238
1599 842
1600 639
1601 339
1602 506
1603 534
1604 349
1605 24
1606 591
1607 187
1608 898
1609 541
1610 12
1611 153
1612 921
1613 46
1614 62
1615 302
1616 379
1617 563
1618 822
1619 653
1620 668
1621 675
1622 922
1623 890
1624 538
1625 349
1626 972
1627 297
1628 695
1629 693
1630 185
1631 944
1632 109
1633 819
1634 702
1635 605
1636 258
1637 532
1638 218
1639 357
1640 936
1641 132
1642 639
1643 905
1644 287
1645 999
1646 697
1647 142
1648 726
1649 186
1650 750
1651 87
1652 467
1653 350
1654 637
1655 234
1656 776
1657 898
1658 564
1659 969
1660 204
1661 703
1662 395
1663 529
1664 379
1665 275
1666 448
1667 45
1668 592
1669 576
1670 443
1671 255
1672 217
1673 1
1674 301
1675 349
1676 675
1677 624
1678 436
1679 776
1680 461
1681 55
1682 512
1683 523
1684 486
1685 529
1686 339
1687 256
1688 109
1689 742
1690 105
1691 815
1692 415
1693 749
1694 592
1695 721
1696 708
1697 566
1698 691
1699 607
1700 796
1701 58
1702 84
1703 664
1704 261
1705 398
1706 88
1707 35
1708 823
1709 971
1710 611
1711 186
1712 924
1713 715
1714 985
1715 165
1716 591
1717 991
1718 47
1719 926
1720 416
1721 409
1722 101
1723 858
1724 196
1725 558
1726 482
1727 568
1728 964
1729 279
1730 558
1731 10
1732 912
1733 687
1734 303
1735 812
1736 983
1737 553
1738 217
1739 589
1740 931
1741 250
1742 262
1743 15
1744 67
1745 993
1746 937
1747 742
1748 418
1749 583
1750 169
1751 711
1752 648
1753 554
1754 149
1755 908
1756 674
1757 356
1758 443
1759 1
1760 145
1761 112
1762 14
1763 390
1764 658
1765 29
1766 778
1767 764
1768 8
1769 970
1770 755
1771 360
1772 637
1773 786
1774 965
1775 253
1776 789
1777 627
1778 920
1779 929
1780 70
1781 109
1782 981
1783 227
1784 917
1785 27
1786 844
1787 928
1788 580
1789 825
1790 800
1791 610
1792 418
1793 295
1794 780
1795 163
1796 101
1797 628
1798 247
1799 93
1800 119
1801 271
1802 908
1803 760
1804 876
1805 850
1806 553
1807 960
1808 89
1809 586
1810 481
1811 152
1812 457
1813 847
1814 276
1815 770
1816 48
1817 76
1818 481
1819 337
1820 658
1821 743
1822 702
1823 152
1824 250
1825 909
1826 743
1827 489
1828 934
1829 283
1830 480
1831 76
1832 558
1833 784
1834 874
1835 117
1836 756
1837 719
1838 586
1839 117
1840 496
1841 762
1842 610
1843 674
1844 381
1845 818
1846 78
1847 237
1848 733
1849 513
1850 421
1851 334
1852 640
1853 65
1854 40
1855 922
1856 695
1857 984
1858 914
1859 28
1860 132
1861 917
1862 493
1863 634
1864 918
1865 968
1866 797
1867 357
1868 826
1869 585
1870 961
1871 44
1872 906
1873 293
1874 998
1875 898
1876 309
1877 738
1878 345
1879 961
1880 579
1881 50
1882 645
1883 580
1884 497
1885 885
1886 582
1887 572
1888 342
1889 693
1890 927
1891 215
1892 737
1893 448
1894 697
1895 685
1896 613
1897 151
1898 913
1899 787
1900 319
1901 327
1902 167
1903 400
1904 702
1905 712
1906 788
1907 85
1908 341
1909 887
1910 2
1911 549
1912 344
1913 295
1914 384
1915 476
1916 125
1917 931
1918 872
1919 20
1920 538
1921 953
1922 640
1923 454
1924 413
1925 88
1926 91
1927 789
1928 471
1929 419
1930 936
1931 867
1932 0
1933 671
1934 376
1935 957
1936 165
1937 234
1938 343
1939 913
1940 663
1941 731
1942 558
1943 570
1944 195
1945 278
1946 129
1947 921
1948 207
1949 305
1950 508
1951 635
1952 830
1953 245
1954 155
1955 926
1956 331
1957 624
1958 681
1959 88
1960 226
1961 104
1962 625
1963 150
1964 640
1965 923
1966 691
1967 851
1968 416
1969 167
1970 660
1971 304
1972 593
1973 13
1974 594
1975 163
1976 194
1977 869
1978 710
1979 776
1980 516
1981 226
1982 244
1983 896
1984 55
1985 584
1986 980
1987 736
1988 124
1989 651
1990 285
1991 928
1992 534
1993 687
1994 38
1995 194
1996 27
1997 925
1998 831
1999 460
2000 908
2001 14
2002 810
2003 238
2004 163
2005 113
2006 587
2007 46
2008 933
2009 391
2010 297
2011 700
2012 269
2013 735
2014 770
2015 651
2016 785
2017 21
2018 833
2019 890
2020 191
2021 615
2022 517
2023 621
2024 83
2025 965
2026 199
2027 899
2028 263
2029 664
2030 270
2031 908
2032 509
2033 83
2034 120
2035 274
2036 329
2037 250
2038 111
2039 20
2040 718
2041 234
2042 988
2043 633
2044 346
2045 918
2046 788
2047 324
2048 755
2049 607
2050 96
2051 676
2052 702
2053 31
2054 778
2055 405
2056 476
2057 656
2058 932
2059 306
2060 966
2061 77
2062 523
2063 502
2064 980
2065 116
2066 868
2067 634
2068 38
2069 8
2070 871
2071 480
2072 608
2073 67
2074 349
2075 865
2076 659
2077 855
2078 496
2079 75
2080 879
2081 389
2082 712
2083 891
2084 502
2085 101
2086 383
2087 399
2088 922
2089 874
2090 402
2091 647
2092 628
2093 427
2094 280
2095 456
2096 725
2097 115
2098 569
2099 283
2100 399
2101 426
2102 468
2103 753
2104 221
2105 301
2106 599
2107 225
2108 242
2109 864
2110 812
2111 860
2112 81
2113 167
2114 221
2115 662
2116 89
2117 921
2118 913
2119 31
2120 387
2121 570
2122 175
2123 478
2124 69
2125 932
2126 885
2127 317
2128 613
2129 122
2130 643
2131 685
2132 119
2133 609
2134 600
2135 700
2136 192
2137 671
2138 700
2139 785
2140 278
2141 458
2142 916
2143 456
2144 102
2145 88
2146 680
2147 744
2148 981
2149 194
2150 998
2151 324
2152 234
2153 665
2154 508
2155 650
2156 551
2157 312
2158 971
2159 146
2160 450
2161 240
2162 547
2163 958
2164 224
2165 76
2166 377
2167 472
2168 157
2169 141
2170 223
2171 481
2172 792
2173 436
2174 444
2175 467
2176 414
2177 770
2178 934
2179 819
2180 197
2181 572
2182 992
2183 591
2184 88
2185 857
2186 294
2187 789
2188 928
2189 933
2190 241
2191 774
2192 742
2193 883
2194 473
2195 615
2196 375
2197 177
2198 661
2199 42
2200 485
2201 449
2202 634
2203 146
2204 698
2205 25
2206 42
2207 960
2208 775
2209 854
2210 266
2211 783
2212 218
2213 638
2214 13
2215 724
2216 310
2217 808
2218 658
2219 608
2220 172
2221 738
2222 589
2223 592
2224 163
2225 452
2226 926
2227 109
2228 770
2229 749
2230 436
2231 869
2232 207
2233 724
2234 178
2235 916
2236 876
2237 458
2238 427
2239 956
2240 85
2241 78
2242 558
2243 68
2244 256
2245 54
2246 580
2247 464
2248 801
2249 297
2250 842
2251 282
2252 301
2253 32
2254 405
2255 16
2256 399
2257 908
2258 925
2259 730
2260 812
2261 846
2262 345
2263 64
2264 691
2265 442
2266 476
2267 838
2268 368
2269 298
2270 326
2271 32
2272 741
2273 598
2274 341
2275 227
2276 679
2277 56
2278 16
2279 843
2280 685
2281 12
2282 504
2283 535
2284 53
2285 230
2286 46
2287 295
2288 536
2289 415
2290 88
2291 134
2292 872
2293 736
2294 406
2295 48
2296 78
2297 960
2298 510
2299 191
2300 225
2301 278
2302 314
2303 590
2304 668
2305 606
2306 183
2307 38
2308 162
2309 751
2310 372
2311 716
2312 75
2313 489
2314 946
2315 475
2316 275
2317 160
2318 792
2319 930
2320 302
2321 636
2322 325
2323 23
2324 342
2325 626
2326 135
2327 338
2328 828
2329 23
2330 352
2331 514
2332 588
2333 426
2334 152
2335 384
2336 566
2337 580
2338 31
2339 394
2340 839
2341 5
2342 196
2343 488
2344 211
2345 259
2346 884
2347 836
2348 482
2349 672
2350 213
2351 532
2352 680
2353 812
2354 889
2355 366
2356 783
2357 301
2358 672
2359 230
2360 552
2361 852
2362 207
2363 958
2364 882
2365 444
2366 968
2367 912
2368 744
2369 859
2370 802
2371 538
2372 926
2373 822
2374 877
2375 568
2376 596
2377 316
2378 205
2379 923
2380 321
2381 824
2382 679
2383 283
2384 598
2385 845
2386 657
2387 348
2388 461
2389 406
2390 326
2391 427
2392 751
2393 667
2394 366
2395 119
2396 439
2397 908
2398 142
2399 617
2400 247
2401 507
2402 667
2403 379
2404 38
2405 364
2406 771
2407 281
2408 975
2409 907
2410 411
2411 602
2412 790
2413 200
2414 583
2415 663
2416 578
2417 123
2418 149
2419 713
2420 322
2421 71
2422 389
2423 969
2424 451
2425 19
2426 525
2427 228
2428 551
2429 82
2430 809
2431 495
2432 172
2433 496
2434 139
2435 431
2436 79
2437 951
2438 584
2439 119
2440 800
2441 591
2442 580
2443 152
2444 103
2445 870
2446 449
2447 854
2448 191
2449 960
2450 52
2451 257
2452 122
2453 258
2454 298
2455 341
2456 799
2457 349
2458 838
2459 591
2460 842
2461 289
2462 444
2463 722
2464 768
2465 316
2466 223
2467 966
2468 238
2469 416
2470 827
2471 210
2472 479
2473 148
2474 285
2475 548
2476 319
2477 595
2478 354
2479 762
2480 688
2481 559
2482 77
2483 498
2484 624
2485 625
2486 762
2487 740
2488 786
2489 641
2490 144
2491 639
2492 551
2493 678
2494 173
2495 89
2496 741
2497 6
2498 989
2499 182
2500 457
2501 366
2502 259
2503 328
2504 428
2505 706
2506 813
2507 55
2508 747
2509 253
2510 329
2511 754
2512 304
2513 663
2514 235
2515 820
2516 696
2517 447
2518 960
2519 597
2520 868
2521 577
2522 204
2523 807
2524 289
2525 714
2526 652
2527 860
2528 249
2529 152
2530 420
2531 813
2532 18
2533 255
2534 721
2535 962
2536 271
2537 965
2538 57
2539 630
2540 381
2541 327
2542 484
2543 858
2544 242
2545 969
2546 640
2547 608
2548 919
2549 346
2550 963
2551 804
2552 626
2553 309
2554 690
2555 562
2556 881
2557 429
2558 756
2559 957
2560 769
2561 173
2562 563
2563 126
2564 350
2565 210
2566 464
2567 534
2568 673
2569 839
2570 340
2571 487
2572 82
2573 499
2574 7
2575 975
2576 733
2577 822
2578 610
2579 566
2580 723
2581 455
2582 125
2583 58
2584 409
2585 352
2586 855
2587 498
2588 885
2589 467
2590 661
2591 10
2592 131
2593 929
2594 470
2595 291
2596 761
2597 287
2598 101
2599 502
2600 852
2601 67
2602 900
2603 628
2604 935
2605 956
2606 224
2607 558
2608 385
2609 246
2610 158
2611 867
2612 668
2613 960
2614 389
2615 787
2616 207
2617 74
2618 102
2619 652
2620 717
2621 143
2622 56
2623 306
2624 586
2625 946
2626 508
2627 454
2628 622
2629 577
2630 304
2631 852
2632 907
2633 885
2634 783
2635 164
2636 219
2637 200
2638 702
2639 653
2640 590
2641 910
2642 375
2643 609
2644 411
2645 510
2646 891
2647 962
2648 198
2649 355
2650 799
2651 901
2652 215
2653 983
2654 404
2655 278
2656 237
2657 530
2658 531
2659 721
2660 959
2661 224
2662 192
2663 530
2664 967
2665 869
2666 145
2667 538
2668 182
2669 84
2670 894
2671 688
2672 786
2673 883
2674 875
2675 187
2676 279
2677 832
2678 712
2679 756
2680 478
2681 464
2682 601
2683 231
2684 878
2685 647
2686 797
2687 640
2688 39
2689 187
2690 510
2691 67
2692 360
2693 761
2694 167
2695 555
2696 466
2697 26
2698 631
2699 331
2700 667
2701 92
2702 714
2703 827
2704 0
2705 740
2706 293
2707 941
2708 498
2709 808
2710 107
2711 446
2712 344
2713 417
2714 429
2715 503
2716 202
2717 724
2718 233
2719 950
2720 619
2721 713
2722 953
2723 277
2724 368
2725 974
2726 876
2727 511
2728 54
2729 287
2730 871
2731 564
2732 810
2733 688
2734 905
2735 542
2736 490
2737 11
2738 187
2739 308
2740 116
2741 217
2742 8
2743 772
2744 734
2745 719
2746 86
2747 511
2748 295
2749 224
2750 697
2751 117
2752 797
2753 953
2754 607
2755 489
2756 978
2757 771
2758 100
2759 599
2760 986
2761 779
2762 973
2763 228
2764 813
2765 750
2766 291
2767 26
2768 268
2769 366
2770 353
2771 196
2772 412
2773 300
2774 852
2775 973
2776 351
2777 472
2778 196
2779 483
2780 292
2781 196
2782 92
2783 792
2784 82
2785 5
2786 689
2787 752
2788 628
2789 890
2790 182
2791 950
2792 755
2793 557
2794 22
2795 536
2796 948
2797 634
2798 637
2799 173
2800 802
2801 179
2802 473
2803 392
2804 434
2805 999
2806 404
2807 838
2808 983
2809 2
2810 316
2811 676
2812 34
2813 75
2814 944
2815 739
2816 623
2817 812
2818 548
2819 150
2820 657
2821 609
2822 58
2823 412
2824 536
2825 401
2826 657
2827 685
2828 613
2829 995
2830 952
2831 840
2832 902
2833 197
2834 648
2835 492
2836 318
2837 937
2838 93
2839 956
2840 398
2841 496
2842 247
2843 912
2844 780
2845 473
2846 452
2847 276
2848 387
2849 414
2850 538
2851 515
2852 552
2853 735
2854 685
2855 153
2856 622
2857 463
2858 253
2859 550
2860 774
2861 424
2862 963
2863 141
2864 199
2865 851
2866 232
2867 647
2868 130
2869 635
2870 530
2871 574
2872 839
2873 688
2874 634
2875 708
2876 607
2877 942
2878 310
2879 49
2880 702
2881 418
2882 23
2883 287
2884 659
2885 499
2886 196
2887 446
2888 8
2889 20
2890 345
2891 968
2892 229
2893 116
2894 148
2895 43
2896 594
2897 831
2898 27
2899 938
2900 280
2901 282
2902 148
2903 468
2904 139
2905 136
2906 841
2907 94
2908 703
2909 935
2910 291
2911 336
2912 910
2913 91
2914 808
2915 444
2916 90
2917 93
2918 715
2919 171
2920 70
2921 331
2922 940
2923 794
2924 428
2925 859
2926 590
2927 131
2928 579
2929 528
2930 530
2931 726
2932 634
2933 851
2934 428
2935 297
2936 513
2937 170
2938 61
2939 994
2940 85
2941 106
2942 988
2943 548
2944 1
2945 378
2946 927
2947 900
2948 606
2949 57
2950 459
2951 715
2952 634
2953 156
2954 884
2955 526
2956 330
2957 626
2958 961
2959 832
2960 812
2961 28
2962 504
2963 295
2964 657
2965 160
2966 798
2967 542
2968 984
2969 585
2970 21
2971 974
2972 604
2973 735
2974 534
2975 918
2976 948
2977 86
2978 3
2979 470
2980 495
2981 363
2982 399
2983 726
2984 477
2985 462
2986 196
2987 759
2988 921
2989 124
2990 671
2991 881
2992 914
2993 254
2994 167
2995 371
2996 670
2997 980
2998 882
2999 101
3000 873
3001 605
3002 393
3003 1
3004 95
3005 404
3006 424
3007 29
3008 250
3009 394
3010 84
3011 445
3012 698
3013 914
3014 404
3015 120
3016 3
3017 366
3018 593
3019 76
3020 792
3021 526
3022 465
3023 139
3024 638
3025 248
3026 402
3027 407
3028 258
3029 721
3030 283
3031 631
3032 238
3033 362
3034 997
3035 396
3036 991
3037 560
3038 9
3039 349
3040 33
3041 711
3042 635
3043 318
3044 547
3045 978
3046 954
3047 149
3048 202
3049 405
3050 903
3051 35
3052 716
3053 477
3054 464
3055 194
3056 565
3057 692
3058 353
3059 361
3060 623
3061 106
3062 890
3063 774
3064 381
3065 292
3066 292
3067 355
3068 915
3069 468
3070 916
3071 797
3072 208
3073 224
3074 585
3075 220
3076 682
3077 760
3078 832
3079 464
3080 677
3081 443
3082 228
3083 337
3084 414
3085 423
3086 548
3087 546
3088 999
3089 680
3090 692
3091 926
3092 73
3093 496
3094 533
3095 990
3096 137
3097 121
3098 565
3099 210
3100 912
3101 580
3102 532
3103 884
3104 569
3105 661
3106 708
3107 451
3108 169
3109 517
3110 242
3111 926
3112 738
3113 24
3114 508
3115 995
3116 963
3117 8
3118 717
3119 982
3120 160
3121 792
3122 98
3123 463
3124 441
3125 306
3126 728
3127 757
3128 453
3129 146
3130 967
3131 272
3132 768
3133 998
3134 970
3135 853
3136 947
3137 78
3138 68
3139 310
3140 165
3141 513
3142 94
3143 997
3144 40
3145 539
3146 751
3147 162
3148 891
3149 839
3150 47
3151 567
3152 96
3153 293
3154 60
3155 380
3156 638
3157 176
3158 536
3159 406
3160 986
3161 451
3162 668
3163 916
3164 398
3165 147
3166 431
3167 168
3168 26
3169 203
3170 397
3171 287
3172 642
3173 270
3174 786
3175 719
3176 138
3177 647
3178 891
3179 712
3180 705
3181 790
3182 482
3183 215
3184 423
3185 554
3186 30
3187 404
3188 226
3189 147
3190 476
3191 415
3192 832
3193 868
3194 472
3195 617
3196 887
3197 94
3198 906
3199 625