0 600.0 7632.0 25.44 0.04357690235258995 0.03672787979966611 0.0017505528373976586 0.4278571428571429 0.033614805138446224 0.001474973386460183
1 600.0 7632.0 25.44 0.04357690235258995 0.045075125208681135 0.0023398242773478373 0.4446919079435783 0.041627191195519525 0.0017588250560769624
10 600.0 7632.0 25.44 0.04357690235258995 0.045075125208681135 0.002319502657373763 0.44141488577745025 0.042584471662103766 0.0017579373859178868
100 600.0 7632.0 25.44 0.04357690235258995 0.04006677796327212 0.001749389135905674 0.438506588579795 0.038937200785475044 0.0015762728472990292
101 600.0 7632.0 25.44 0.04357690235258995 0.04006677796327212 0.0019720021025196118 0.4346879535558781 0.036018444131147465 0.0015893121367850844
102 600.0 7632.0 25.44 0.04357690235258995 0.04340567612687813 0.002114774057205772 0.4410898379970545 0.04099073861635684 0.0016963073582640345
103 600.0 7632.0 25.44 0.04357690235258995 0.048414023372287146 0.0029101027825935016 0.4496996996996997 0.043623269610837116 0.001884244419657268
104 600.0 7632.0 25.44 0.04357690235258995 0.041736227045075125 0.0020354369620913036 0.4340579710144927 0.037192077174730984 0.0016469196931812426
105 600.0 7632.0 25.44 0.04357690235258995 0.05175292153589316 0.0030951201684644783 0.4520754716981132 0.048809327612252526 0.001999664128439947
106 600.0 7632.0 25.44 0.04357690235258995 0.041736227045075125 0.00201096787328846 0.4362709395484341 0.039150767441104184 0.001639310235593331
107 600.0 7632.0 25.44 0.04357690235258995 0.041736227045075125 0.002106239942481364 0.4328034682080925 0.03789066225897347 0.0016533596756156984
108 600.0 7632.0 25.44 0.04357690235258995 0.05175292153589316 0.0033316566546599765 0.452416918429003 0.04583528804500252 0.0020061481586178707
109 600.0 7632.0 25.44 0.04357690235258995 0.0333889816360601 0.0012150859787632931 0.42183098591549295 0.032101416492946386 0.001345539267821049
11 600.0 7632.0 25.44 0.04357690235258995 0.05843071786310518 0.003946930242265137 0.4683346364347146 0.055180087233001454 0.0022293948064144083
110 600.0 7632.0 25.44 0.04357690235258995 0.035058430717863104 0.0013193302658502958 0.422425952045134 0.03290873925966064 0.0014057473595330532
111 600.0 7632.0 25.44 0.04357690235258995 0.04340567612687813 0.0021053104775866634 0.4397944199706314 0.040725073822753886 0.0016979662361381181
112 600.0 7632.0 25.44 0.04357690235258995 0.048414023372287146 0.0025561372205467397 0.4527588813303099 0.04716979525143141 0.0018676559212939068
113 600.0 7632.0 25.44 0.04357690235258995 0.03171953255425709 0.0011364210194985008 0.4171309192200557 0.02927368716355795 0.0012885438523938817
114 600.0 7632.0 25.44 0.04357690235258995 0.04006677796327212 0.0017700447308798104 0.43914956011730205 0.03928461682591603 0.0015745972657292499
115 600.0 7632.0 25.44 0.04357690235258995 0.05008347245409015 0.0028212528517704834 0.4544764795144158 0.04870223015481633 0.001928625696102367
116 600.0 7632.0 25.44 0.04357690235258995 0.041736227045075125 0.002033410941796571 0.4372262773722628 0.03767201770883136 0.0016463818479958057
117 600.0 7632.0 25.44 0.04357690235258995 0.041736227045075125 0.0018629964947974012 0.4372262773722628 0.04037087448439732 0.0016342955351097781
118 600.0 7632.0 25.44 0.04357690235258995 0.04340567612687813 0.002249073478500155 0.4423929098966027 0.04043850467904399 0.0017045970913753053
119 600.0 7632.0 25.44 0.04357690235258995 0.04006677796327212 0.0019500658289749668 0.43500363108206247 0.036315941107484054 0.0015876482272731496
12 600.0 7632.0 25.44 0.04357690235258995 0.045075125208681135 0.0022702000935304455 0.4517345399698341 0.04453556995641117 0.0017494824058695972
120 600.0 7632.0 25.44 0.04357690235258995 0.05676126878130217 0.003731530456704319 0.4618350038550501 0.05379229106590341 0.0021743063973972254
121 600.0 7632.0 25.44 0.04357690235258995 0.03171953255425709 0.001137066412206152 0.41684064022268613 0.029750126636438046 0.0012880800194881616
122 600.0 7632.0 25.44 0.04357690235258995 0.028380634390651086 0.0009319102654757293 0.4108367626886145 0.025743230882190472 0.0011725154114280395
123 600.0 7632.0 25.44 0.04357690235258995 0.035058430717863104 0.0014264600874698012 0.4269422665716322 0.031589183098043976 0.0014085242879922698
124 600.0 7632.0 25.44 0.04357690235258995 0.038397328881469114 0.001590706643427222 0.4381858083394294 0.03876819821233738 0.0015123421317439806
125 600.0 7632.0 25.44 0.04357690235258995 0.041736227045075125 0.0018402219241747668 0.43342981186685964 0.03987702637396122 0.001636357407862094
126 600.0 7632.0 25.44 0.04357690235258995 0.041736227045075125 0.0020581951479795983 0.4388278388278388 0.037891886822355364 0.0016434034666176099
127 600.0 7632.0 25.44 0.04357690235258995 0.038397328881469114 0.0017036677871876524 0.4337436640115858 0.035787305070249735 0.0015220665180748516
128 600.0 7632.0 25.44 0.04357690235258995 0.04340567612687813 0.0020348706684608477 0.4443620178041543 0.04267781031082968 0.0016926817309588613
129 600.0 7632.0 25.44 0.04357690235258995 0.018363939899833055 0.000424450440264457 0.3938198553583169 0.01742153945418893 0.0008163493522044502
13 600.0 7632.0 25.44 0.04357690235258995 0.048414023372287146 0.0027698790814482026 0.452416918429003 0.0449687706353996 0.0018770759214869
130 600.0 7632.0 25.44 0.04357690235258995 0.0333889816360601 0.0012096596259642618 0.4281629735525375 0.03277200227456953 0.0013387752798768322
131 600.0 7632.0 25.44 0.04357690235258995 0.05843071786310518 0.003829729319419212 0.46434108527131784 0.05563097385523535 0.0022277768801276243
132 600.0 7632.0 25.44 0.04357690235258995 0.03672787979966611 0.0015568375034975214 0.430316091954023 0.0355076660100549 0.0014604122328553595
133 600.0 7632.0 25.44 0.04357690235258995 0.045075125208681135 0.002451976981485104 0.4423929098966027 0.04112882307115241 0.0017670486109357475
134 600.0 7632.0 25.44 0.04357690235258995 0.05175292153589316 0.0030968448042244297 0.4590038314176245 0.04912933399856571 0.0019922682802769247
135 600.0 7632.0 25.44 0.04357690235258995 0.041736227045075125 0.0020411796502095834 0.4407652685798381 0.03887688886562526 0.001644046241479164
136 600.0 7632.0 25.44 0.04357690235258995 0.048414023372287146 0.0026375536971989188 0.4517345399698341 0.046660364317622494 0.001873095039463253
137 600.0 7632.0 25.44 0.04357690235258995 0.04674457429048414 0.0025002645902450897 0.4460163812360387 0.0438595078181516 0.0018207177938841111
138 600.0 7632.0 25.44 0.04357690235258995 0.035058430717863104 0.0014072662769697422 0.43000717875089733 0.03371087838442601 0.0014017260031833796
139 600.0 7632.0 25.44 0.04357690235258995 0.038397328881469114 0.001712879833158667 0.42755174875089225 0.03398600571468558 0.001527835903887228
14 600.0 7632.0 25.44 0.04357690235258995 0.05676126878130217 0.003523006310175214 0.4593558282208589 0.055671245999816196 0.002163213124229233
140 600.0 7632.0 25.44 0.04357690235258995 0.048414023372287146 0.0028589604570879745 0.4470149253731343 0.04298203911506556 0.0018874709359140178
141 600.0 7632.0 25.44 0.04357690235258995 0.04674457429048414 0.0025249671520635886 0.4520754716981132 0.04522281993562551 0.001813490757966614
142 600.0 7632.0 25.44 0.04357690235258995 0.038397328881469114 0.0015836695792618366 0.4290830945558739 0.03612858770104769 0.0015189059394667167
143 600.0 7632.0 25.44 0.04357690235258995 0.03171953255425709 0.0011831764894594068 0.4188811188811189 0.029327925364075757 0.0012883171972488303
144 600.0 7632.0 25.44 0.04357690235258995 0.025041736227045076 0.000751085614619853 0.39590218109715797 0.021438557767035227 0.001062130626425083
145 600.0 7632.0 25.44 0.04357690235258995 0.041736227045075125 0.002044198666400173 0.43658892128279886 0.03908505413040249 0.001641945620138214
146 600.0 7632.0 25.44 0.04357690235258995 0.048414023372287146 0.002561660920053596 0.453444360333081 0.04800994364166565 0.001869000041212153
147 600.0 7632.0 25.44 0.04357690235258995 0.038397328881469114 0.0016869227098887532 0.42422096317280455 0.03388094396987142 0.0015330522772892888
148 600.0 7632.0 25.44 0.04357690235258995 0.05008347245409015 0.0028282771119255722 0.4562071591774562 0.046734795057783864 0.0019330960831500568
149 600.0 7632.0 25.44 0.04357690235258995 0.06343906510851419 0.004653220932139617 0.47277032359905286 0.06023751216169893 0.0024077145090157953
15 600.0 7632.0 25.44 0.04357690235258995 0.02003338898163606 0.00042386345421499213 0.3925294888597641 0.019613123824224102 0.0008711904230944101
150 600.0 7632.0 25.44 0.04357690235258995 0.0333889816360601 0.0013794264361120048 0.423321554770318 0.03085817497903124 0.0013509777681157266
151 600.0 7632.0 25.44 0.04357690235258995 0.028380634390651086 0.0008823825796906533 0.41168384879725084 0.02690571114108122 0.0011678309127980953
152 600.0 7632.0 25.44 0.04357690235258995 0.04006677796327212 0.0019054623363800721 0.438506588579795 0.03766029434725713 0.00158178879380626
153 600.0 7632.0 25.44 0.04357690235258995 0.035058430717863104 0.001444365635665782 0.423321554770318 0.031344031711356954 0.0014118999736973856
154 600.0 7632.0 25.44 0.04357690235258995 0.03672787979966611 0.0015821764239244709 0.4309352517985611 0.03423109143384964 0.0014641641111161692
155 600.0 7632.0 25.44 0.04357690235258995 0.04340567612687813 0.002074450856911805 0.4450222882615156 0.04176789730231099 0.0016971051520989619
156 600.0 7632.0 25.44 0.04357690235258995 0.05676126878130217 0.00363899449139219 0.46076923076923076 0.05321282610313641 0.002172329489069033
157 600.0 7632.0 25.44 0.04357690235258995 0.04340567612687813 0.0020816157326868827 0.4388278388278388 0.04184305459574381 0.0016956152786496682
158 600.0 7632.0 25.44 0.04357690235258995 0.041736227045075125 0.001986895996918289 0.43563636363636365 0.039104324730048594 0.0016422446152251254
159 600.0 7632.0 25.44 0.04357690235258995 0.05008347245409015 0.002641658339609031 0.452416918429003 0.048896272530755215 0.0019270026963456813
16 600.0 7632.0 25.44 0.04357690235258995 0.04674457429048414 0.0026028925484100846 0.4443620178041543 0.04119361843834529 0.001828984262817765
160 600.0 7632.0 25.44 0.04357690235258995 0.03672787979966611 0.0015814611126308085 0.4287759484609878 0.03394795452718553 0.001465621370600558
161 600.0 7632.0 25.44 0.04357690235258995 0.05175292153589316 0.003186723825204384 0.4510542168674699 0.04807936924883557 0.0019983703160409714
162 600.0 7632.0 25.44 0.04357690235258995 0.028380634390651086 0.0009716187316099058 0.4088737201365188 0.02525950725883898 0.0011769935615179722
163 600.0 7632.0 25.44 0.04357690235258995 0.03005008347245409 0.0010702462120577459 0.4131034482758621 0.027589253569486598 0.001231961429537889
164 600.0 7632.0 25.44 0.04357690235258995 0.045075125208681135 0.002227563676738523 0.4450222882615156 0.04265808983102068 0.0017539256188629751
165 600.0 7632.0 25.44 0.04357690235258995 0.025041736227045076 0.0007123664903211105 0.40309555854643336 0.022813632845307765 0.001053960366525147
166 600.0 7632.0 25.44 0.04357690235258995 0.04340567612687813 0.002081023668402858 0.44206642066420665 0.0425835294723534 0.0016931121865963292
167 600.0 7632.0 25.44 0.04357690235258995 0.025041736227045076 0.0007455923592613399 0.40201342281879193 0.02223157926400702 0.0010564227531195364
168 600.0 7632.0 25.44 0.04357690235258995 0.04006677796327212 0.0017541644788193456 0.43947175348495965 0.039598714538798374 0.00157430720454362
169 600.0 7632.0 25.44 0.04357690235258995 0.04006677796327212 0.0018675796075885132 0.43249097472924186 0.03742420823630351 0.0015884085326128327
17 600.0 7632.0 25.44 0.04357690235258995 0.04006677796327212 0.0019368581699503147 0.43249097472924186 0.03545997297045226 0.0015886619742699892
170 600.0 7632.0 25.44 0.04357690235258995 0.04674457429048414 0.002508866122650304 0.44337527757216877 0.042833272174580724 0.0018220391516229938
171 600.0 7632.0 25.44 0.04357690235258995 0.03672787979966611 0.0014588176700334268 0.4260312944523471 0.035008338949478926 0.0014596878764402375
172 600.0 7632.0 25.44 0.04357690235258995 0.03672787979966611 0.001511978916881763 0.424822695035461 0.03429943879778997 0.0014652476605997232
173 600.0 7632.0 25.44 0.04357690235258995 0.03672787979966611 0.001671510974372939 0.4315561959654179 0.03338286543089657 0.00146843737606627
174 600.0 7632.0 25.44 0.04357690235258995 0.03672787979966611 0.0016032557465725805 0.4287759484609878 0.03442475657416662 0.001464737412075875
175 600.0 7632.0 25.44 0.04357690235258995 0.04006677796327212 0.0018897716627391207 0.43437273386511965 0.03674589330179702 0.0015835960645634072
176 600.0 7632.0 25.44 0.04357690235258995 0.04340567612687813 0.0021446417189933038 0.43914956011730205 0.04159602783718995 0.0017013527967116148
177 600.0 7632.0 25.44 0.04357690235258995 0.03672787979966611 0.0015384378443876333 0.4340579710144927 0.035884656190703815 0.001459705623299445
178 600.0 7632.0 25.44 0.04357690235258995 0.0333889816360601 0.0013464890495644504 0.4212376933895921 0.03070573816811585 0.0013507453318758948
179 600.0 7632.0 25.44 0.04357690235258995 0.04674457429048414 0.002607519997939696 0.442719881744272 0.04073116933668571 0.0018269203925459997
18 600.0 7632.0 25.44 0.04357690235258995 0.041736227045075125 0.0020302303982311686 0.4388278388278388 0.03877285319201074 0.0016435209826774172
180 600.0 7632.0 25.44 0.04357690235258995 0.041736227045075125 0.001772928957330931 0.44535315985130114 0.041939500200767 0.0016278381441181544
181 600.0 7632.0 25.44 0.04357690235258995 0.041736227045075125 0.0018752295969248483 0.4430473372781065 0.04187152060158205 0.0016287891211419795
182 600.0 7632.0 25.44 0.04357690235258995 0.041736227045075125 0.0021107131693121656 0.43249097472924186 0.035957709142872225 0.0016542819234849075
183 600.0 7632.0 25.44 0.04357690235258995 0.05676126878130217 0.003676161214910777 0.46506211180124224 0.05422429808860928 0.0021660478436115443
184 600.0 7632.0 25.44 0.04357690235258995 0.04006677796327212 0.00186781244913334 0.43531976744186046 0.03710856722108372 0.0015836987775570306
185 600.0 7632.0 25.44 0.04357690235258995 0.05342237061769616 0.0032321378282190597 0.45830145371078806 0.051708493980149275 0.00204756832247872
186 600.0 7632.0 25.44 0.04357690235258995 0.05342237061769616 0.0035006229580996895 0.4611239414934565 0.049265217110195846 0.0020590731663339273
187 600.0 7632.0 25.44 0.04357690235258995 0.045075125208681135 0.002273815617557705 0.4446919079435783 0.043649150772002425 0.0017563061882135606
188 600.0 7632.0 25.44 0.04357690235258995 0.04340567612687813 0.0021994906046774306 0.4446919079435783 0.0410363045501205 0.0016977879495121812
189 600.0 7632.0 25.44 0.04357690235258995 0.03672787979966611 0.0016538001375196306 0.4315561959654179 0.03315399341872549 0.0014676552300668536
19 600.0 7632.0 25.44 0.04357690235258995 0.038397328881469114 0.0016689791573815842 0.4269422665716322 0.034634535332226504 0.001526943839996507
190 600.0 7632.0 25.44 0.04357690235258995 0.04006677796327212 0.0018642641109879673 0.43500363108206247 0.037407181793277226 0.0015797845936638844
191 600.0 7632.0 25.44 0.04357690235258995 0.03171953255425709 0.001107021042102461 0.41655076495132126 0.029256116967502525 0.0012885286594412635
192 600.0 7632.0 25.44 0.04357690235258995 0.04340567612687813 0.002172882941070654 0.4423929098966027 0.04113521129781776 0.001696227731719055
193 600.0 7632.0 25.44 0.04357690235258995 0.05342237061769616 0.0033738305233607367 0.4569031273836766 0.049835511024130766 0.002053999984816762
194 600.0 7632.0 25.44 0.04357690235258995 0.05676126878130217 0.0037420702503013765 0.4593558282208589 0.05270794513419157 0.002173432140815528
195 600.0 7632.0 25.44 0.04357690235258995 0.048414023372287146 0.002859303288885144 0.448689138576779 0.043697495245506174 0.001883255283624242
196 600.0 7632.0 25.44 0.04357690235258995 0.038397328881469114 0.001677153111124991 0.4328034682080925 0.0363634342314672 0.001523198928701625
197 600.0 7632.0 25.44 0.04357690235258995 0.038397328881469114 0.0016752855820701966 0.4309352517985611 0.03578681516723126 0.0015240478697017877
198 600.0 7632.0 25.44 0.04357690235258995 0.05008347245409015 0.0027586222737252426 0.4569031273836766 0.04917903579041728 0.0019273713359607993
199 600.0 7632.0 25.44 0.04357690235258995 0.045075125208681135 0.0023340171894660265 0.4476831091180867 0.0431632239222026 0.0017597805273860566
2 600.0 7632.0 25.44 0.04357690235258995 0.04340567612687813 0.0022743986827346847 0.43914956011730205 0.038990140693980595 0.0017049687462972187
20 600.0 7632.0 25.44 0.04357690235258995 0.041736227045075125 0.002158962773498615 0.44141488577745025 0.038329505444650094 0.0016467151028438667
200 600.0 7632.0 25.44 0.04357690235258995 0.038397328881469114 0.0016880392074840192 0.4315561959654179 0.03568001173002743 0.0015241125048403767
201 600.0 7632.0 25.44 0.04357690235258995 0.045075125208681135 0.0022920305021647998 0.4437037037037037 0.04299537914051266 0.0017586862256780819
202 600.0 7632.0 25.44 0.04357690235258995 0.03672787979966611 0.0014951109912285166 0.4287759484609878 0.03511992411935924 0.0014600487933090433
203 600.0 7632.0 25.44 0.04357690235258995 0.041736227045075125 0.0019807480010961796 0.4410898379970545 0.03954722991074632 0.0016373401842459914
204 600.0 7632.0 25.44 0.04357690235258995 0.03171953255425709 0.0011811384081333483 0.41655076495132126 0.028943098711034655 0.001289512946238777
205 600.0 7632.0 25.44 0.04357690235258995 0.045075125208681135 0.0023484109313015753 0.438506588579795 0.04107926608313486 0.0017640788774871134
206 600.0 7632.0 25.44 0.04357690235258995 0.03672787979966611 0.0014625807346625667 0.4306254493170381 0.03635269936310479 0.0014594250947364863
207 600.0 7632.0 25.44 0.04357690235258995 0.028380634390651086 0.0009270252126352471 0.4108367626886145 0.02670054508503215 0.0011696353670699157
208 600.0 7632.0 25.44 0.04357690235258995 0.03672787979966611 0.0014669144709777194 0.4312455003599712 0.0355265475893943 0.0014584274684960436
209 600.0 7632.0 25.44 0.04357690235258995 0.041736227045075125 0.0020324842973941403 0.4388278388278388 0.03820741635053593 0.0016423092767970113
21 600.0 7632.0 25.44 0.04357690235258995 0.035058430717863104 0.0012673331777627046 0.42633451957295376 0.0348571864351146 0.001397058651554628
210 600.0 7632.0 25.44 0.04357690235258995 0.04674457429048414 0.002551244066373537 0.4565548780487805 0.045312869203243886 0.0018105418024273873
211 600.0 7632.0 25.44 0.04357690235258995 0.06176961602671119 0.004407133066180255 0.4746434231378764 0.05875323679922032 0.0023471025882236887
212 600.0 7632.0 25.44 0.04357690235258995 0.028380634390651086 0.0008949988402260099 0.41481994459833793 0.027189530315404987 0.0011669183905057695
213 600.0 7632.0 25.44 0.04357690235258995 0.04006677796327212 0.0017413062971395974 0.42939068100358424 0.03772409460584389 0.0015804654403809848
214 600.0 7632.0 25.44 0.04357690235258995 0.045075125208681135 0.0023978665423881698 0.442719881744272 0.041223647468428395 0.0017627790343800773
215 600.0 7632.0 25.44 0.04357690235258995 0.05676126878130217 0.003966027743202396 0.46006144393241166 0.05037823888326537 0.0021872840298554543
216 600.0 7632.0 25.44 0.04357690235258995 0.05676126878130217 0.003751125800588265 0.46076923076923076 0.05311943788239738 0.0021733009830917126
217 600.0 7632.0 25.44 0.04357690235258995 0.05676126878130217 0.0037129200495842436 0.46254826254826253 0.054062286550160654 0.0021704353585194525
218 600.0 7632.0 25.44 0.04357690235258995 0.05175292153589316 0.003247267313499721 0.44668158090976884 0.044371081775102864 0.0020100890320736034
219 600.0 7632.0 25.44 0.04357690235258995 0.04674457429048414 0.0027018750405955957 0.4460163812360387 0.04177525701337011 0.0018271770591332765
22 600.0 7632.0 25.44 0.04357690235258995 0.025041736227045076 0.0007496426841349738 0.40527740189445194 0.023332070254268714 0.0010537010239552286
220 600.0 7632.0 25.44 0.04357690235258995 0.04006677796327212 0.0019249501568189497 0.42939068100358424 0.03629932314418207 0.0015882616239324475
221 600.0 7632.0 25.44 0.04357690235258995 0.04674457429048414 0.002334377593208649 0.4440326167531505 0.04540463411475407 0.0018108810867504478
222 600.0 7632.0 25.44 0.04357690235258995 0.0333889816360601 0.001284255576236008 0.4251242015613911 0.032148807862986094 0.0013431073475660567
223 600.0 7632.0 25.44 0.04357690235258995 0.05008347245409015 0.0027607099611097422 0.4541319181197877 0.04922173694618493 0.0019279843883043485
224 600.0 7632.0 25.44 0.04357690235258995 0.05342237061769616 0.0032689943275322994 0.4569031273836766 0.05100339805628215 0.002049504865233527
225 600.0 7632.0 25.44 0.04357690235258995 0.04674457429048414 0.0024365662494899025 0.4520754716981132 0.04517188108757096 0.0018123617984286047
226 600.0 7632.0 25.44 0.04357690235258995 0.04340567612687813 0.002098162641242138 0.4388278388278388 0.04029330669006346 0.001700613221195702
227 600.0 7632.0 25.44 0.04357690235258995 0.05676126878130217 0.00372409684682368 0.47017268445839877 0.054672013049442136 0.0021650339199569585
228 600.0 7632.0 25.44 0.04357690235258995 0.038397328881469114 0.001747117348377057 0.43658892128279886 0.036452096628815225 0.0015210655566256243
229 600.0 7632.0 25.44 0.04357690235258995 0.04340567612687813 0.0021237458614031123 0.442719881744272 0.04121257875185881 0.001696938446826942
23 600.0 7632.0 25.44 0.04357690235258995 0.04340567612687813 0.0021487019609104834 0.448689138576779 0.04230823478107171 0.0016928552949803414
230 600.0 7632.0 25.44 0.04357690235258995 0.04340567612687813 0.0024359293928955758 0.4423929098966027 0.03768535810866839 0.00171273532991632
231 600.0 7632.0 25.44 0.04357690235258995 0.045075125208681135 0.0022511325072473772 0.448689138576779 0.043865768535478446 0.0017543899644578485
232 600.0 7632.0 25.44 0.04357690235258995 0.03672787979966611 0.0016703441606193965 0.42392073602264685 0.030813694278541963 0.0014787916038124255
233 600.0 7632.0 25.44 0.04357690235258995 0.03171953255425709 0.001235983726636673 0.41338854382332646 0.02817156123075393 0.0012962638156710084
234 600.0 7632.0 25.44 0.04357690235258995 0.045075125208681135 0.002569607959091678 0.4404411764705882 0.04065443735039194 0.0017710735886568847
235 600.0 7632.0 25.44 0.04357690235258995 0.05509181969949917 0.0034989574553043233 0.4562071591774562 0.050904462975188275 0.0021161157970852164
236 600.0 7632.0 25.44 0.04357690235258995 0.04340567612687813 0.0019019687158984447 0.4410898379970545 0.043135847868853626 0.001691743573734211
237 600.0 7632.0 25.44 0.04357690235258995 0.048414023372287146 0.0025803648583566656 0.4510542168674699 0.046341662461069286 0.001872681595730761
238 600.0 7632.0 25.44 0.04357690235258995 0.045075125208681135 0.002348801987849578 0.44734876773711724 0.042640344880979786 0.0017574710135608604
239 600.0 7632.0 25.44 0.04357690235258995 0.04340567612687813 0.002087397655798348 0.43690736688548504 0.04076078511402896 0.001699669428480283
24 600.0 7632.0 25.44 0.04357690235258995 0.045075125208681135 0.0022901575953566847 0.44801795063575167 0.04527528725137052 0.0017498309962371296
240 600.0 7632.0 25.44 0.04357690235258995 0.041736227045075125 0.0020007278200493387 0.43690736688548504 0.03868215871990183 0.0016400989456332618
241 600.0 7632.0 25.44 0.04357690235258995 0.05342237061769616 0.00326501212252158 0.4569031273836766 0.05041960825670908 0.002052220071765949
242 600.0 7632.0 25.44 0.04357690235258995 0.04006677796327212 0.0017608889766593779 0.43500363108206247 0.03816758050920753 0.0015797837030330436
243 600.0 7632.0 25.44 0.04357690235258995 0.03005008347245409 0.0011597291475270324 0.40999315537303216 0.025501843639243772 0.00123981538744184
244 600.0 7632.0 25.44 0.04357690235258995 0.045075125208681135 0.0022654988805347587 0.4507148231753198 0.04373760722141572 0.0017525427733210996
245 600.0 7632.0 25.44 0.04357690235258995 0.03171953255425709 0.001197728039728265 0.41684064022268613 0.02871260537113965 0.0012911792597770128
246 600.0 7632.0 25.44 0.04357690235258995 0.041736227045075125 0.0020565419996968174 0.441740412979351 0.03889163713647992 0.0016419475717798651
247 600.0 7632.0 25.44 0.04357690235258995 0.041736227045075125 0.001946867437444579 0.44011756061719326 0.04033447668823889 0.0016364884838638433
248 600.0 7632.0 25.44 0.04357690235258995 0.05676126878130217 0.0037021177656927956 0.46006144393241166 0.05420966901287525 0.0021680807207177855
249 600.0 7632.0 25.44 0.04357690235258995 0.05175292153589316 0.0031607692004929433 0.45725190839694657 0.048375687948056335 0.001995404531419445
25 600.0 7632.0 25.44 0.04357690235258995 0.05175292153589316 0.0029952584261194997 0.453444360333081 0.04815486573406448 0.001992804169258472
250 600.0 7632.0 25.44 0.04357690235258995 0.048414023372287146 0.0026376694202713434 0.4470149253731343 0.045376848761123356 0.0018735915833067514
251 600.0 7632.0 25.44 0.04357690235258995 0.041736227045075125 0.001967263366764013 0.44011756061719326 0.039510507422389714 0.0016380047306536138
252 600.0 7632.0 25.44 0.04357690235258995 0.06343906510851419 0.004752876776562882 0.46943573667711597 0.05833731642202989 0.0024149849970939753
253 600.0 7632.0 25.44 0.04357690235258995 0.038397328881469114 0.0017815646668984692 0.43249097472924186 0.034161468867750566 0.001529339974929456
254 600.0 7632.0 25.44 0.04357690235258995 0.048414023372287146 0.002800924108045731 0.4437037037037037 0.04290513274305363 0.0018872421897841813
255 600.0 7632.0 25.44 0.04357690235258995 0.045075125208681135 0.002499765625580098 0.4460163812360387 0.04116394042929471 0.0017647452487216564
256 600.0 7632.0 25.44 0.04357690235258995 0.03005008347245409 0.0009962173921312279 0.41655076495132126 0.029520986915413026 0.0012242298688598333
257 600.0 7632.0 25.44 0.04357690235258995 0.0333889816360601 0.0012476612645088226 0.422425952045134 0.03114199986534151 0.0013454107759781372
258 600.0 7632.0 25.44 0.04357690235258995 0.05843071786310518 0.003876631737916693 0.47054202670856243 0.05583598854533564 0.002224817576363391
259 600.0 7632.0 25.44 0.04357690235258995 0.04674457429048414 0.0024618792321866533 0.45139412207987945 0.04543884216145913 0.0018114381142966826
26 600.0 7632.0 25.44 0.04357690235258995 0.07679465776293823 0.006681243462217333 0.49341021416803954 0.07563360560205816 0.0028713585593769025
260 600.0 7632.0 25.44 0.04357690235258995 0.041736227045075125 0.0019184989317579419 0.4407652685798381 0.04143950611986698 0.0016355599377584447
261 600.0 7632.0 25.44 0.04357690235258995 0.0333889816360601 0.0012499224192129453 0.4260312944523471 0.03235071650788274 0.001343166834861383
262 600.0 7632.0 25.44 0.04357690235258995 0.05676126878130217 0.0038940014388634723 0.45830145371078806 0.05256915336903691 0.0021755614118359424
263 600.0 7632.0 25.44 0.04357690235258995 0.05008347245409015 0.002992509371019316 0.45003756574004505 0.04588371404848982 0.001941003846969006
264 600.0 7632.0 25.44 0.04357690235258995 0.041736227045075125 0.00184965703163612 0.4446919079435783 0.04221877534835826 0.0016279084657293405
265 600.0 7632.0 25.44 0.04357690235258995 0.038397328881469114 0.0015923830493255158 0.43342981186685964 0.03834711863171503 0.001516793282337984
266 600.0 7632.0 25.44 0.04357690235258995 0.05676126878130217 0.0034631843851561975 0.46290571870170016 0.056458021330514876 0.0021587164754075148
267 600.0 7632.0 25.44 0.04357690235258995 0.03005008347245409 0.001001016807516378 0.4131034482758621 0.02791935630254476 0.00122821797743885
268 600.0 7632.0 25.44 0.04357690235258995 0.04006677796327212 0.0018090604698190928 0.442719881744272 0.039130417395986106 0.001575438411012848
269 600.0 7632.0 25.44 0.04357690235258995 0.03005008347245409 0.001120909927992079 0.4191742477256823 0.02780895354122642 0.0012321243411546616
27 600.0 7632.0 25.44 0.04357690235258995 0.035058430717863104 0.0015334978317601638 0.4269422665716322 0.032436924237261695 0.0014105652282672466
270 600.0 7632.0 25.44 0.04357690235258995 0.021702838063439065 0.0004458139832841252 0.39747843397478433 0.021678276008508614 0.0009291982994684801
271 600.0 7632.0 25.44 0.04357690235258995 0.045075125208681135 0.002287111044952888 0.4490254872563718 0.04329920035371179 0.0017550675131757115
272 600.0 7632.0 25.44 0.04357690235258995 0.04674457429048414 0.0024558807914901414 0.4507148231753198 0.044673874396418636 0.0018128411695125571
273 600.0 7632.0 25.44 0.04357690235258995 0.035058430717863104 0.0013530411974925856 0.43000717875089733 0.03434896399822747 0.0013998657050447207
274 600.0 7632.0 25.44 0.04357690235258995 0.04006677796327212 0.001926562442214487 0.4337436640115858 0.0366029154972784 0.0015868650599526598
275 600.0 7632.0 25.44 0.04357690235258995 0.038397328881469114 0.0016811186587742221 0.4312455003599712 0.03635194464135583 0.0015216079846432275
276 600.0 7632.0 25.44 0.04357690235258995 0.04674457429048414 0.0025513468684609966 0.44141488577745025 0.04162428242814084 0.0018244660145858736
277 600.0 7632.0 25.44 0.04357690235258995 0.05175292153589316 0.0027857582961631055 0.46006144393241166 0.051195665622346405 0.001979765299212561
278 600.0 7632.0 25.44 0.04357690235258995 0.03672787979966611 0.0016670744190230133 0.42939068100358424 0.033345793075420446 0.0014681566636187329
279 600.0 7632.0 25.44 0.04357690235258995 0.04674457429048414 0.0024632409183355086 0.44011756061719326 0.04365859683446044 0.0018220269906541959
28 600.0 7632.0 25.44 0.04357690235258995 0.048414023372287146 0.002804126005449528 0.4520754716981132 0.04613247399997452 0.0018753310204616398
280 600.0 7632.0 25.44 0.04357690235258995 0.05008347245409015 0.0028853479793676594 0.4548215641609719 0.047818690767770435 0.0019357585672166648
281 600.0 7632.0 25.44 0.04357690235258995 0.0333889816360601 0.001422818009780866 0.42362093352192365 0.030782759568108806 0.0013530517334073662
282 600.0 7632.0 25.44 0.04357690235258995 0.045075125208681135 0.002343714557266487 0.4450222882615156 0.04210912873860925 0.0017577984684518555
283 600.0 7632.0 25.44 0.04357690235258995 0.048414023372287146 0.0026722370295127707 0.45003756574004505 0.04682092692839192 0.0018714400625066624
284 600.0 7632.0 25.44 0.04357690235258995 0.03672787979966611 0.001568075181684723 0.425728500355366 0.03293159373013212 0.001468545430292211
285 600.0 7632.0 25.44 0.04357690235258995 0.038397328881469114 0.0015787594884450384 0.43217893217893216 0.03701370647216186 0.0015159783418790822
286 600.0 7632.0 25.44 0.04357690235258995 0.035058430717863104 0.001428954272751631 0.4284692417739628 0.0319283329757596 0.001406396531616931
287 600.0 7632.0 25.44 0.04357690235258995 0.035058430717863104 0.0013101452038236693 0.4209416725228391 0.03303003165528215 0.0014049169590283636
288 600.0 7632.0 25.44 0.04357690235258995 0.04006677796327212 0.0018059117741201529 0.4296987087517934 0.03645847886810776 0.0015848851194786287
289 600.0 7632.0 25.44 0.04357690235258995 0.04340567612687813 0.0021343282818896527 0.441740412979351 0.04096816051338549 0.00169859878107767
29 600.0 7632.0 25.44 0.04357690235258995 0.0333889816360601 0.0013179655230973176 0.425728500355366 0.03188767874229631 0.0013444905790590284
290 600.0 7632.0 25.44 0.04357690235258995 0.05509181969949917 0.00336416281959751 0.46398140975987606 0.05302468191692904 0.0021053078403414616
291 600.0 7632.0 25.44 0.04357690235258995 0.04006677796327212 0.001709738647233622 0.43217893217893216 0.03784703233156937 0.0015794685616118066
292 600.0 7632.0 25.44 0.04357690235258995 0.04006677796327212 0.0018442382784733978 0.4362709395484341 0.03803011786226811 0.0015798777597059166
293 600.0 7632.0 25.44 0.04357690235258995 0.021702838063439065 0.0005057489828582264 0.39433838051349573 0.020564330504909464 0.0009348772696282341
294 600.0 7632.0 25.44 0.04357690235258995 0.05342237061769616 0.00349538527753614 0.46006144393241166 0.04841211140907365 0.0020589649635864788
295 600.0 7632.0 25.44 0.04357690235258995 0.03005008347245409 0.0009854658472646459 0.4136740331491713 0.02842733675679303 0.0012286818536873987
296 600.0 7632.0 25.44 0.04357690235258995 0.045075125208681135 0.002399732545878782 0.44568452380952384 0.04278279999209767 0.0017577134083362638
297 600.0 7632.0 25.44 0.04357690235258995 0.05509181969949917 0.0035414831525007696 0.45725190839694657 0.051633362973995324 0.002114140657850697
298 600.0 7632.0 25.44 0.04357690235258995 0.041736227045075125 0.0021126581094704456 0.43690736688548504 0.03717226171438785 0.0016471290386667688
299 600.0 7632.0 25.44 0.04357690235258995 0.041736227045075125 0.001975011936667347 0.4359534206695779 0.03856115262353475 0.0016421250204116979
3 600.0 7632.0 25.44 0.04357690235258995 0.04674457429048414 0.0024534991973283278 0.448689138576779 0.04550902080679576 0.0018124788824672388
30 600.0 7632.0 25.44 0.04357690235258995 0.028380634390651086 0.0008118173206959525 0.4171309192200557 0.02984163319454348 0.0011595498231615747
300 600.0 7632.0 25.44 0.04357690235258995 0.048414023372287146 0.002646985296935921 0.44801795063575167 0.045644050355523554 0.001876119786211871
301 600.0 7632.0 25.44 0.04357690235258995 0.048414023372287146 0.0025697286481492906 0.45139412207987945 0.046879550361036644 0.0018719851071045835
302 600.0 7632.0 25.44 0.04357690235258995 0.05509181969949917 0.0034503772071285037 0.4618350038550501 0.05405621398812863 0.0021061387847271466
303 600.0 7632.0 25.44 0.04357690235258995 0.05509181969949917 0.003410129764345282 0.46147919876733434 0.05297634336331933 0.002107383011324891
304 600.0 7632.0 25.44 0.04357690235258995 0.04006677796327212 0.0017910437655534255 0.43658892128279886 0.03850157963162449 0.0015798339714269702
305 600.0 7632.0 25.44 0.04357690235258995 0.048414023372287146 0.0026254367330984267 0.46006144393241166 0.04815802198242916 0.0018662435780880146
306 600.0 7632.0 25.44 0.04357690235258995 0.04340567612687813 0.0022091471970125246 0.4388278388278388 0.039242123954958845 0.001704856320570366
307 600.0 7632.0 25.44 0.04357690235258995 0.05342237061769616 0.0033059694134078216 0.46041506533435816 0.05146710761012771 0.002049352364690959
308 600.0 7632.0 25.44 0.04357690235258995 0.03171953255425709 0.0011333873253292015 0.4151074151074151 0.029059030760090396 0.001292371227176457
309 600.0 7632.0 25.44 0.04357690235258995 0.038397328881469114 0.0017080345013485527 0.4287759484609878 0.03456276533563149 0.0015282010439673704
31 600.0 7632.0 25.44 0.04357690235258995 0.0333889816360601 0.001213233718978426 0.41946778711484595 0.031151142243904185 0.0013448249712261378
310 600.0 7632.0 25.44 0.04357690235258995 0.028380634390651086 0.0008847039259767866 0.40831629175187456 0.026287521430130103 0.001169214368500024
311 600.0 7632.0 25.44 0.04357690235258995 0.04340567612687813 0.002158175339365472 0.438506588579795 0.03997104722078373 0.0017021855975171301
312 600.0 7632.0 25.44 0.04357690235258995 0.04674457429048414 0.002325367373007001 0.4507148231753198 0.04669129201117568 0.0018055116558967563
313 600.0 7632.0 25.44 0.04357690235258995 0.05843071786310518 0.004061452764309817 0.4590038314176245 0.053080005470046605 0.00223889006168372
314 600.0 7632.0 25.44 0.04357690235258995 0.04674457429048414 0.002492593012709701 0.4437037037037037 0.04335090254659833 0.0018174102510077291
315 600.0 7632.0 25.44 0.04357690235258995 0.05008347245409015 0.002740915358345946 0.4551671732522796 0.04895203414352719 0.0019290835626118497
316 600.0 7632.0 25.44 0.04357690235258995 0.05008347245409015 0.0028209744535095866 0.4517345399698341 0.047360582247485086 0.0019346766628888486
317 600.0 7632.0 25.44 0.04357690235258995 0.035058430717863104 0.0014853191017182145 0.42183098591549295 0.03171501485797989 0.0014119782090509995
318 600.0 7632.0 25.44 0.04357690235258995 0.04674457429048414 0.002493701563862943 0.44734876773711724 0.04348982768653358 0.0018186812831693312
319 600.0 7632.0 25.44 0.04357690235258995 0.048414023372287146 0.0026497537166555066 0.4537878787878788 0.047278180658390866 0.0018698827607718784
32 600.0 7632.0 25.44 0.04357690235258995 0.05008347245409015 0.002815642950409373 0.4520754716981132 0.04863109159391683 0.0019315129101615319
320 600.0 7632.0 25.44 0.04357690235258995 0.03672787979966611 0.0016129619236570551 0.4278571428571429 0.03400440452903564 0.001467327791432967
321 600.0 7632.0 25.44 0.04357690235258995 0.041736227045075125 0.001829628934749626 0.4388278388278388 0.04046116352387818 0.0016343414605591482
322 600.0 7632.0 25.44 0.04357690235258995 0.05342237061769616 0.003241054606356882 0.4590038314176245 0.05031311505939278 0.002052940216560413
323 600.0 7632.0 25.44 0.04357690235258995 0.05509181969949917 0.003599455323587722 0.4551671732522796 0.04903830789801446 0.002124333379412705
324 600.0 7632.0 25.44 0.04357690235258995 0.045075125208681135 0.0022627312656963486 0.44668158090976884 0.04376703343474721 0.0017543266084272305
325 600.0 7632.0 25.44 0.04357690235258995 0.04674457429048414 0.0025173437268445637 0.4517345399698341 0.045705268668419036 0.0018118115961409473
326 600.0 7632.0 25.44 0.04357690235258995 0.038397328881469114 0.0016906425980234875 0.42362093352192365 0.033860508171745275 0.0015322921033236437
327 600.0 7632.0 25.44 0.04357690235258995 0.04340567612687813 0.002225622726861953 0.43914956011730205 0.0411656891010472 0.001702174735951338
328 600.0 7632.0 25.44 0.04357690235258995 0.04340567612687813 0.0018992449481344612 0.4450222882615156 0.04432123977644086 0.0016863683177451368
329 600.0 7632.0 25.44 0.04357690235258995 0.048414023372287146 0.0028279165213435423 0.44568452380952384 0.044336687334976276 0.001881294085379476
33 600.0 7632.0 25.44 0.04357690235258995 0.0333889816360601 0.0012512090553450307 0.41684064022268613 0.03018869325986405 0.0013502848028558749
330 600.0 7632.0 25.44 0.04357690235258995 0.05676126878130217 0.0037287017856460817 0.46326372776488783 0.054710947370265085 0.002168677608180605
331 600.0 7632.0 25.44 0.04357690235258995 0.05175292153589316 0.003017405705942705 0.45830145371078806 0.049267429921104305 0.001990938927525909
332 600.0 7632.0 25.44 0.04357690235258995 0.045075125208681135 0.0023011688132570005 0.43914956011730205 0.04145714558587364 0.0017624273335580345
333 600.0 7632.0 25.44 0.04357690235258995 0.05008347245409015 0.0028744538453410176 0.448689138576779 0.04695703878796421 0.001936127230539984
334 600.0 7632.0 25.44 0.04357690235258995 0.03171953255425709 0.0010908740554833984 0.4151074151074151 0.02945344732052159 0.0012884303055902902
335 600.0 7632.0 25.44 0.04357690235258995 0.038397328881469114 0.0017490652944823744 0.43531976744186046 0.03682207216254741 0.0015221905535575584
336 600.0 7632.0 25.44 0.04357690235258995 0.03672787979966611 0.0015971703229763592 0.43249097472924186 0.03434324763628851 0.001462231130914576
337 600.0 7632.0 25.44 0.04357690235258995 0.03171953255425709 0.0010965442366585266 0.4251242015613911 0.031856577369076954 0.0012794427072938528
338 600.0 7632.0 25.44 0.04357690235258995 0.04006677796327212 0.00173843258594679 0.44011756061719326 0.039359477471222336 0.001575415790800634
339 600.0 7632.0 25.44 0.04357690235258995 0.05175292153589316 0.003175247925494759 0.45003756574004505 0.04776892251284987 0.00200076990193864
34 600.0 7632.0 25.44 0.04357690235258995 0.041736227045075125 0.0021862110116919213 0.4362709395484341 0.0373465674906478 0.0016487981687528688
340 600.0 7632.0 25.44 0.04357690235258995 0.0333889816360601 0.0011424613093959292 0.425728500355366 0.03460700751222471 0.0013336216806376284
341 600.0 7632.0 25.44 0.04357690235258995 0.038397328881469114 0.0016732905980546358 0.4312455003599712 0.036384090297747126 0.0015212554113518723
342 600.0 7632.0 25.44 0.04357690235258995 0.025041736227045076 0.0007143959094554306 0.4017437961099933 0.02246728341400127 0.0010563642929293298
343 600.0 7632.0 25.44 0.04357690235258995 0.04674457429048414 0.00255632045447783 0.442719881744272 0.04112585508008229 0.0018274647588089328
344 600.0 7632.0 25.44 0.04357690235258995 0.05676126878130217 0.003555052157878948 0.4665109034267913 0.055951019640681485 0.002164848289406866
345 600.0 7632.0 25.44 0.04357690235258995 0.025041736227045076 0.0007106667620188157 0.40040106951871657 0.022890353233981437 0.0010532761151132411
346 600.0 7632.0 25.44 0.04357690235258995 0.048414023372287146 0.002712228564161724 0.44734876773711724 0.04409340142396489 0.001880182312638731
347 600.0 7632.0 25.44 0.04357690235258995 0.04674457429048414 0.002667474281978313 0.4437037037037037 0.04161558302176503 0.0018294758075220372
348 600.0 7632.0 25.44 0.04357690235258995 0.045075125208681135 0.002381319284872304 0.4476831091180867 0.04329069751194423 0.0017555747555445442
349 600.0 7632.0 25.44 0.04357690235258995 0.03005008347245409 0.0010942588127382143 0.41742160278745644 0.02784442836657756 0.001230141394676
35 600.0 7632.0 25.44 0.04357690235258995 0.038397328881469114 0.001599174173826238 0.43342981186685964 0.03640584392898109 0.001519004771690675
350 600.0 7632.0 25.44 0.04357690235258995 0.03672787979966611 0.0016041805443631292 0.43249097472924186 0.03422474108348559 0.001463224984697433
351 600.0 7632.0 25.44 0.04357690235258995 0.05676126878130217 0.0038475022930569433 0.4618350038550501 0.05218901213093823 0.0021773685126672084
352 600.0 7632.0 25.44 0.04357690235258995 0.0333889816360601 0.0013046567566755843 0.42422096317280455 0.031667441732576615 0.001345732650996512
353 600.0 7632.0 25.44 0.04357690235258995 0.05008347245409015 0.0029635124402518074 0.4562071591774562 0.04751921847139707 0.0019344695555087192
354 600.0 7632.0 25.44 0.04357690235258995 0.045075125208681135 0.002188652616311193 0.4397944199706314 0.04288051283782716 0.0017550995863381872
355 600.0 7632.0 25.44 0.04357690235258995 0.05008347245409015 0.002639702034068687 0.45310136157337366 0.049050557442996516 0.0019256965798010637
356 600.0 7632.0 25.44 0.04357690235258995 0.035058430717863104 0.0012918305321624778 0.4230225988700565 0.0329005571916331 0.0014028149273977789
357 600.0 7632.0 25.44 0.04357690235258995 0.041736227045075125 0.0020471005987359758 0.4340579710144927 0.037941543450459275 0.001644667255255056
358 600.0 7632.0 25.44 0.04357690235258995 0.048414023372287146 0.0025613295495684574 0.4541319181197877 0.048383958787268734 0.0018672401935314908
359 600.0 7632.0 25.44 0.04357690235258995 0.038397328881469114 0.0017979606051669189 0.4381858083394294 0.03702705224789422 0.0015248008989219085
36 600.0 7632.0 25.44 0.04357690235258995 0.048414023372287146 0.002498807694810051 0.4476831091180867 0.047027245210714136 0.0018691909380966001
360 600.0 7632.0 25.44 0.04357690235258995 0.045075125208681135 0.0020584391050351126 0.4423929098966027 0.04395343547523264 0.0017505457903557874
361 600.0 7632.0 25.44 0.04357690235258995 0.05342237061769616 0.0032478446296751364 0.45760122230710465 0.050957766981017276 0.0020495999750826254
362 600.0 7632.0 25.44 0.04357690235258995 0.045075125208681135 0.0021033649344636327 0.44734876773711724 0.0466699804935329 0.001742956460678311
363 600.0 7632.0 25.44 0.04357690235258995 0.035058430717863104 0.0012988040492770427 0.42633451957295376 0.03458165578165493 0.0013995429787203684
364 600.0 7632.0 25.44 0.04357690235258995 0.05342237061769616 0.003403717067108342 0.4569031273836766 0.04944316548295845 0.0020587884493968142
365 600.0 7632.0 25.44 0.04357690235258995 0.0333889816360601 0.0011926408475909501 0.42005610098176716 0.03151681940292867 0.001344612599162682
366 600.0 7632.0 25.44 0.04357690235258995 0.0333889816360601 0.0013095548925634683 0.41976173791170285 0.030014098174510038 0.001349393719967902
367 600.0 7632.0 25.44 0.04357690235258995 0.04006677796327212 0.0019745683273426104 0.433116413593637 0.035761028819466384 0.001592580495928986
368 600.0 7632.0 25.44 0.04357690235258995 0.041736227045075125 0.0020590791237963826 0.43754565376187 0.03894567835930998 0.001645368597749186
369 600.0 7632.0 25.44 0.04357690235258995 0.03171953255425709 0.0012154551817948095 0.4131034482758621 0.028306253764852893 0.0012948961901076378
37 600.0 7632.0 25.44 0.04357690235258995 0.0333889816360601 0.0013999277328376589 0.42212825933756165 0.029935211391331613 0.001354008626833996
370 600.0 7632.0 25.44 0.04357690235258995 0.04340567612687813 0.002331403835495944 0.4450222882615156 0.0397533970431039 0.0017063282307748762
371 600.0 7632.0 25.44 0.04357690235258995 0.038397328881469114 0.0015733517098930393 0.4362709395484341 0.03838170130842362 0.0015147760320459998
372 600.0 7632.0 25.44 0.04357690235258995 0.04674457429048414 0.0025865615915926614 0.4496996996996997 0.043893265114113456 0.0018184221565537063
373 600.0 7632.0 25.44 0.04357690235258995 0.04340567612687813 0.0020820455025333034 0.4381858083394294 0.04151891824518318 0.0016952621837856728
374 600.0 7632.0 25.44 0.04357690235258995 0.041736227045075125 0.0018161111483361286 0.4372262773722628 0.041403635297581946 0.0016343619524922075
375 600.0 7632.0 25.44 0.04357690235258995 0.04340567612687813 0.002174389872434411 0.43914956011730205 0.04018047009465018 0.001701715562331567
376 600.0 7632.0 25.44 0.04357690235258995 0.05008347245409015 0.0026928407868802647 0.4541319181197877 0.04923523967870342 0.0019253915740924288
377 600.0 7632.0 25.44 0.04357690235258995 0.05676126878130217 0.003580113251200724 0.46687451286048326 0.056250137240253226 0.002164979417535812
378 600.0 7632.0 25.44 0.04357690235258995 0.028380634390651086 0.0008493233069569977 0.4097127222982216 0.026977668785838137 0.0011654861556576516
379 600.0 7632.0 25.44 0.04357690235258995 0.05509181969949917 0.003468970972263157 0.46006144393241166 0.0513181614053922 0.0021125074602799296
38 600.0 7632.0 25.44 0.04357690235258995 0.06176961602671119 0.004286299096701046 0.472397476340694 0.06112212901974638 0.0023405693524029486
380 600.0 7632.0 25.44 0.04357690235258995 0.041736227045075125 0.0020414036971360115 0.43947175348495965 0.03859525821076546 0.0016409649737224152
381 600.0 7632.0 25.44 0.04357690235258995 0.04674457429048414 0.0026907315747632127 0.4430473372781065 0.04192487153029633 0.0018264149597695483
382 600.0 7632.0 25.44 0.04357690235258995 0.04674457429048414 0.002754141292345221 0.4430473372781065 0.04137072725656326 0.0018317967128473052
383 600.0 7632.0 25.44 0.04357690235258995 0.048414023372287146 0.0029410172165509852 0.44206642066420665 0.04251932797003292 0.0018919276606771396
384 600.0 7632.0 25.44 0.04357690235258995 0.038397328881469114 0.0018786802978594795 0.433116413593637 0.03451793859894082 0.0015314828033360902
385 600.0 7632.0 25.44 0.04357690235258995 0.04674457429048414 0.0024594586819063568 0.4593558282208589 0.046503589411886405 0.0018065247417614607
386 600.0 7632.0 25.44 0.04357690235258995 0.04674457429048414 0.0024118464599992427 0.4463487332339791 0.04472579646418021 0.0018135383992975121
387 600.0 7632.0 25.44 0.04357690235258995 0.03171953255425709 0.0009999286687921044 0.41976173791170285 0.0315873898935615 0.0012801886197250137
388 600.0 7632.0 25.44 0.04357690235258995 0.03672787979966611 0.0014104887373933466 0.43186733958183127 0.03699000953396488 0.0014549746264541563
389 600.0 7632.0 25.44 0.04357690235258995 0.048414023372287146 0.002649368490236348 0.4493623405851463 0.04546077969747685 0.0018769449152764486
39 600.0 7632.0 25.44 0.04357690235258995 0.03005008347245409 0.0010324031771864553 0.4227240649258998 0.029839185272366897 0.001225210604559121
390 600.0 7632.0 25.44 0.04357690235258995 0.0333889816360601 0.0011861024349013134 0.42362093352192365 0.03258206270983883 0.0013407510830263439
391 600.0 7632.0 25.44 0.04357690235258995 0.048414023372287146 0.002614157219084297 0.4517345399698341 0.04691807389561198 0.001870034263339938
392 600.0 7632.0 25.44 0.04357690235258995 0.04340567612687813 0.0021009703210410117 0.4470149253731343 0.04334525794624456 0.0016911867045890264
393 600.0 7632.0 25.44 0.04357690235258995 0.05175292153589316 0.0031064157214593102 0.4527588813303099 0.04826496901458101 0.001996369895855369
394 600.0 7632.0 25.44 0.04357690235258995 0.03672787979966611 0.0014927060499184152 0.43000717875089733 0.03580431503503911 0.001458994057562666
395 600.0 7632.0 25.44 0.04357690235258995 0.04674457429048414 0.002493402879157364 0.453444360333081 0.04537549172324227 0.001811529896398626
396 600.0 7632.0 25.44 0.04357690235258995 0.0667779632721202 0.005470041358238011 0.47577442414614773 0.06206947711755061 0.0025336254808999885
397 600.0 7632.0 25.44 0.04357690235258995 0.045075125208681135 0.0023246486458504555 0.4490254872563718 0.044408578932609556 0.0017519496462554836
398 600.0 7632.0 25.44 0.04357690235258995 0.03672787979966611 0.0016248034772080703 0.43437273386511965 0.03342345009909132 0.0014659920682254944
399 600.0 7632.0 25.44 0.04357690235258995 0.045075125208681135 0.002475652808872957 0.44337527757216877 0.04037064013493582 0.0017668887921382377
4 600.0 7632.0 25.44 0.04357690235258995 0.041736227045075125 0.0021468470282897064 0.4404411764705882 0.03833160142011055 0.0016449017916088347
40 600.0 7632.0 25.44 0.04357690235258995 0.045075125208681135 0.0024500022397105177 0.44206642066420665 0.04079515133031422 0.0017671832717372012
400 600.0 7632.0 25.44 0.04357690235258995 0.041736227045075125 0.001916866757746225 0.438506588579795 0.03947855527556409 0.0016386480602569409
401 600.0 7632.0 25.44 0.04357690235258995 0.04674457429048414 0.0025342865471174388 0.44801795063575167 0.04365435768292314 0.0018176489126685677
402 600.0 7632.0 25.44 0.04357690235258995 0.041736227045075125 0.0018622915743673335 0.4430473372781065 0.04185544275826801 0.0016296729224454611
403 600.0 7632.0 25.44 0.04357690235258995 0.048414023372287146 0.002718259999183152 0.45795107033639143 0.04653766209983087 0.0018726728328487688
404 600.0 7632.0 25.44 0.04357690235258995 0.035058430717863104 0.001412082118582055 0.4281629735525375 0.03356660878787211 0.0014011623536440915
405 600.0 7632.0 25.44 0.04357690235258995 0.028380634390651086 0.0009419512552513124 0.4022834116856951 0.02453291835116023 0.0011790605327537326
406 600.0 7632.0 25.44 0.04357690235258995 0.038397328881469114 0.001658458990990801 0.43217893217893216 0.03585541646758295 0.0015219049628150561
407 600.0 7632.0 25.44 0.04357690235258995 0.045075125208681135 0.0024762289700200105 0.4410898379970545 0.040765903390025046 0.0017655255304549916
408 600.0 7632.0 25.44 0.04357690235258995 0.04674457429048414 0.002301887051274719 0.4496996996996997 0.04582694080341129 0.0018072720179447511
409 600.0 7632.0 25.44 0.04357690235258995 0.048414023372287146 0.0027167225687784067 0.44668158090976884 0.04530607119691092 0.0018793556939906502
41 600.0 7632.0 25.44 0.04357690235258995 0.04340567612687813 0.002169132503014587 0.43563636363636365 0.040563328786096885 0.0017017021184125266
410 600.0 7632.0 25.44 0.04357690235258995 0.04006677796327212 0.0019676499153022356 0.43658892128279886 0.0371032806620294 0.0015869845778125448
411 600.0 7632.0 25.44 0.04357690235258995 0.05175292153589316 0.0033028837107215952 0.4490254872563718 0.04578936143435942 0.0020053806242540683
412 600.0 7632.0 25.44 0.04357690235258995 0.03171953255425709 0.0010979026256115443 0.41453287197231836 0.029215755297746292 0.0012873399435146238
413 600.0 7632.0 25.44 0.04357690235258995 0.04674457429048414 0.002656511959728198 0.4490254872563718 0.042825922778914845 0.0018251864920278624
414 600.0 7632.0 25.44 0.04357690235258995 0.05175292153589316 0.0032778783759026637 0.4569031273836766 0.04645502365231559 0.0020006731395018837
415 600.0 7632.0 25.44 0.04357690235258995 0.04340567612687813 0.0021878492843752217 0.44668158090976884 0.04229798014073149 0.0016972957220657823
416 600.0 7632.0 25.44 0.04357690235258995 0.04006677796327212 0.0016638357017528633 0.4378654970760234 0.04099486325251726 0.0015702341288665574
417 600.0 7632.0 25.44 0.04357690235258995 0.048414023372287146 0.0025511186223098345 0.4548215641609719 0.048713694884342774 0.0018649268002409805
418 600.0 7632.0 25.44 0.04357690235258995 0.028380634390651086 0.000876500429298201 0.4122505161734343 0.027137235003429717 0.0011672820087858058
419 600.0 7632.0 25.44 0.04357690235258995 0.04674457429048414 0.002461427250210373 0.44668158090976884 0.04605315954639685 0.001813769360197939
42 600.0 7632.0 25.44 0.04357690235258995 0.0333889816360601 0.0012764594520395063 0.4230225988700565 0.03052956440266128 0.0013474669629489778
420 600.0 7632.0 25.44 0.04357690235258995 0.045075125208681135 0.0023534928686944597 0.4410898379970545 0.041676653488029056 0.0017595203685563097
421 600.0 7632.0 25.44 0.04357690235258995 0.04340567612687813 0.0020855319918137894 0.4388278388278388 0.04115095154642006 0.0016952978798896088
422 600.0 7632.0 25.44 0.04357690235258995 0.02337228714524207 0.000701012155343157 0.3985362608117099 0.02146387254112529 0.0009995722501817024
423 600.0 7632.0 25.44 0.04357690235258995 0.048414023372287146 0.0027237394730640625 0.45037593984962404 0.047247095313593404 0.0018713997964294143
424 600.0 7632.0 25.44 0.04357690235258995 0.05342237061769616 0.003212346119402533 0.4537878787878788 0.049777831398381975 0.0020544364163342403
425 600.0 7632.0 25.44 0.04357690235258995 0.04674457429048414 0.0023290068923903064 0.44734876773711724 0.04527646276029363 0.0018124487928972218
426 600.0 7632.0 25.44 0.04357690235258995 0.048414023372287146 0.0027792291929774715 0.4510542168674699 0.04550680974238893 0.0018784239621128258
427 600.0 7632.0 25.44 0.04357690235258995 0.03672787979966611 0.0014487091609009216 0.4287759484609878 0.03465422776014775 0.0014602411667197289
428 600.0 7632.0 25.44 0.04357690235258995 0.048414023372287146 0.0026770054243562074 0.4507148231753198 0.04562984467857434 0.0018756063318975148
429 600.0 7632.0 25.44 0.04357690235258995 0.04674457429048414 0.002576357521535991 0.441740412979351 0.04212589000766451 0.0018261469690119881
43 600.0 7632.0 25.44 0.04357690235258995 0.04006677796327212 0.0019162779596582785 0.43249097472924186 0.03508108518198904 0.0015892848819685284
430 600.0 7632.0 25.44 0.04357690235258995 0.03672787979966611 0.0015651003700314825 0.42939068100358424 0.033952846354076936 0.00146485273343644
431 600.0 7632.0 25.44 0.04357690235258995 0.038397328881469114 0.0017686604365661604 0.43754565376187 0.03666451965559152 0.0015241487885358463
432 600.0 7632.0 25.44 0.04357690235258995 0.04006677796327212 0.0017740480674188375 0.438506588579795 0.03824399463702643 0.0015786536369117605
433 600.0 7632.0 25.44 0.04357690235258995 0.0333889816360601 0.0012673489574937327 0.42212825933756165 0.03151458132708375 0.001346044315973034
434 600.0 7632.0 25.44 0.04357690235258995 0.05008347245409015 0.0027503230517225466 0.453444360333081 0.04845090751045313 0.0019288440379003255
435 600.0 7632.0 25.44 0.04357690235258995 0.03672787979966611 0.0016011629343573525 0.42392073602264685 0.032336895425258326 0.0014698060381935856
436 600.0 7632.0 25.44 0.04357690235258995 0.038397328881469114 0.0017180032483472437 0.43342981186685964 0.03622965741316585 0.0015230095574015222
437 600.0 7632.0 25.44 0.04357690235258995 0.0333889816360601 0.001273099752974669 0.42183098591549295 0.03166867002617957 0.0013470855324091337
438 600.0 7632.0 25.44 0.04357690235258995 0.045075125208681135 0.002260734892015111 0.4423929098966027 0.04400691328995359 0.0017556298290665813
439 600.0 7632.0 25.44 0.04357690235258995 0.04340567612687813 0.0022526679375700826 0.43947175348495965 0.03921409077461114 0.0017033220808355429
44 600.0 7632.0 25.44 0.04357690235258995 0.045075125208681135 0.0022373351526689114 0.4407652685798381 0.0417531844812576 0.0017583395940141229
440 600.0 7632.0 25.44 0.04357690235258995 0.03171953255425709 0.0011010246332129844 0.41742160278745644 0.030083414774680864 0.0012859799189840165
441 600.0 7632.0 25.44 0.04357690235258995 0.03672787979966611 0.0014854683195753824 0.4290830945558739 0.034877474650010974 0.0014611221926107442
442 600.0 7632.0 25.44 0.04357690235258995 0.048414023372287146 0.0025221524827953863 0.4507148231753198 0.047060498972425355 0.0018693110332080854
443 600.0 7632.0 25.44 0.04357690235258995 0.05175292153589316 0.0029326749240873857 0.4618350038550501 0.05228571359512686 0.0019868624959262465
444 600.0 7632.0 25.44 0.04357690235258995 0.05008347245409015 0.00282783826620997 0.4544764795144158 0.04792223819237791 0.0019314581119919362
445 600.0 7632.0 25.44 0.04357690235258995 0.038397328881469114 0.0015184969392654983 0.4315561959654179 0.03704771699626855 0.0015169442924895457
446 600.0 7632.0 25.44 0.04357690235258995 0.05008347245409015 0.0026971584554698782 0.453444360333081 0.049784523595401774 0.001922938062555109
447 600.0 7632.0 25.44 0.04357690235258995 0.028380634390651086 0.0009111681666290831 0.41395991706979957 0.027125445006963154 0.0011656763403730319
448 600.0 7632.0 25.44 0.04357690235258995 0.035058430717863104 0.0013176675082175657 0.41742160278745644 0.032210034093564 0.001405666205719588
449 600.0 7632.0 25.44 0.04357690235258995 0.041736227045075125 0.002085932753725391 0.43217893217893216 0.036590658504490184 0.0016523191135944812
45 600.0 7632.0 25.44 0.04357690235258995 0.05008347245409015 0.0029467247281769805 0.4558599695585997 0.046094265022104064 0.0019365938355495236
450 600.0 7632.0 25.44 0.04357690235258995 0.03005008347245409 0.0009948805410596002 0.41597222222222224 0.028592720398805054 0.0012284129803928055
451 600.0 7632.0 25.44 0.04357690235258995 0.028380634390651086 0.0009146002063099288 0.4114010989010989 0.02615439622276392 0.0011696206112921225
452 600.0 7632.0 25.44 0.04357690235258995 0.02671118530884808 0.000846332957050446 0.40309555854643336 0.02487346277713571 0.0011142930690307797
453 600.0 7632.0 25.44 0.04357690235258995 0.05008347245409015 0.0030169791361219405 0.44734876773711724 0.04744790873861857 0.0019397395905819117
454 600.0 7632.0 25.44 0.04357690235258995 0.05008347245409015 0.0027993491650760557 0.45830145371078806 0.04920398321191958 0.0019266711146150562
455 600.0 7632.0 25.44 0.04357690235258995 0.04006677796327212 0.0017960145579028351 0.438506588579795 0.03849832030032335 0.001579451574935489
456 600.0 7632.0 25.44 0.04357690235258995 0.048414023372287146 0.0029053196508645987 0.4410898379970545 0.04184689854706565 0.0018913691023724815
457 600.0 7632.0 25.44 0.04357690235258995 0.04340567612687813 0.002053937267701875 0.4359534206695779 0.04152541932344391 0.0016986807924613593
458 600.0 7632.0 25.44 0.04357690235258995 0.038397328881469114 0.001770207583769618 0.4346879535558781 0.035968989140283514 0.0015231137577801728
459 600.0 7632.0 25.44 0.04357690235258995 0.0333889816360601 0.001185139104401522 0.4212376933895921 0.03269034040453176 0.0013416924316273834
46 600.0 7632.0 25.44 0.04357690235258995 0.03672787979966611 0.0015594931556353567 0.43000717875089733 0.03421990585447577 0.0014647043239370328
460 600.0 7632.0 25.44 0.04357690235258995 0.04674457429048414 0.0024191212799686574 0.4446919079435783 0.04468572853562253 0.0018137540481137225
461 600.0 7632.0 25.44 0.04357690235258995 0.038397328881469114 0.0017146783592687702 0.4340579710144927 0.036225211666001844 0.0015222473143765972
462 600.0 7632.0 25.44 0.04357690235258995 0.03005008347245409 0.0009968764340542468 0.41626129256428074 0.02897746202508157 0.0012234502221345842
463 600.0 7632.0 25.44 0.04357690235258995 0.048414023372287146 0.0026571678992731423 0.45037593984962404 0.04649450696137367 0.0018724745744906042
464 600.0 7632.0 25.44 0.04357690235258995 0.04674457429048414 0.0024799496485557594 0.441740412979351 0.04347978389845367 0.0018190839663761484
465 600.0 7632.0 25.44 0.04357690235258995 0.045075125208681135 0.002382355135777713 0.44337527757216877 0.04161251809431861 0.0017609205280923355
466 600.0 7632.0 25.44 0.04357690235258995 0.041736227045075125 0.00183124503825253 0.44535315985130114 0.042220164108685426 0.001628093846023992
467 600.0 7632.0 25.44 0.04357690235258995 0.04340567612687813 0.002285500329883301 0.44337527757216877 0.04038552271016274 0.001704346031708322
468 600.0 7632.0 25.44 0.04357690235258995 0.04006677796327212 0.0017762704736954172 0.438506588579795 0.03858889332823651 0.001576019588565534
469 600.0 7632.0 25.44 0.04357690235258995 0.028380634390651086 0.0009228300180188054 0.41168384879725084 0.026437632624005152 0.001171039308082256
47 600.0 7632.0 25.44 0.04357690235258995 0.035058430717863104 0.0013437004530560358 0.4281629735525375 0.03420015375500206 0.0013990431756803882
470 600.0 7632.0 25.44 0.04357690235258995 0.0333889816360601 0.0012078035588757392 0.42452161587526577 0.03297059075579538 0.0013408731089608241
471 600.0 7632.0 25.44 0.04357690235258995 0.048414023372287146 0.0024562885262330845 0.4443620178041543 0.046678389516625625 0.0018697354425429229
472 600.0 7632.0 25.44 0.04357690235258995 0.035058430717863104 0.0013406747916214757 0.42633451957295376 0.0330522186075457 0.001401595545334609
473 600.0 7632.0 25.44 0.04357690235258995 0.04340567612687813 0.0022287479849881914 0.43754565376187 0.03931357631349227 0.0017076048382247207
474 600.0 7632.0 25.44 0.04357690235258995 0.03171953255425709 0.0011568045279631892 0.4180041870202373 0.029569533888269627 0.0012895243042607748
475 600.0 7632.0 25.44 0.04357690235258995 0.048414023372287146 0.0027361493703414405 0.4507148231753198 0.04478146963716887 0.0018778324538709472
476 600.0 7632.0 25.44 0.04357690235258995 0.03171953255425709 0.0011967255914370914 0.4151074151074151 0.028942285567523384 0.0012929397443583635
477 600.0 7632.0 25.44 0.04357690235258995 0.06176961602671119 0.00456724926368458 0.4676034348165496 0.05639268425510794 0.002358664915139825
478 600.0 7632.0 25.44 0.04357690235258995 0.04006677796327212 0.0017241459304348271 0.43947175348495965 0.039442511710890374 0.0015736489964044216
479 600.0 7632.0 25.44 0.04357690235258995 0.03672787979966611 0.0016573263899279044 0.424822695035461 0.03198966333232898 0.0014733103288102575
48 600.0 7632.0 25.44 0.04357690235258995 0.035058430717863104 0.0013446247820978693 0.42542613636363635 0.03386725540538594 0.001400972472577094
480 600.0 7632.0 25.44 0.04357690235258995 0.04006677796327212 0.0017838802630047452 0.43186733958183127 0.03668667985981867 0.0015823364741865678
481 600.0 7632.0 25.44 0.04357690235258995 0.048414023372287146 0.002569776606051838 0.4490254872563718 0.04683330751779225 0.0018729344686248153
482 600.0 7632.0 25.44 0.04357690235258995 0.04006677796327212 0.001905997182192038 0.43500363108206247 0.03687150268050369 0.0015860116290633245
483 600.0 7632.0 25.44 0.04357690235258995 0.03672787979966611 0.0016144535636715333 0.4281629735525375 0.03364742845606116 0.001466170716182553
484 600.0 7632.0 25.44 0.04357690235258995 0.04674457429048414 0.0024609687394631114 0.4496996996996997 0.04590979636229854 0.0018113197346098999
485 600.0 7632.0 25.44 0.04357690235258995 0.038397328881469114 0.001687713259534507 0.42422096317280455 0.03412600104403803 0.0015296564722160032
486 600.0 7632.0 25.44 0.04357690235258995 0.03005008347245409 0.0009340118511991933 0.4151074151074151 0.02903753667108597 0.001224052598358374
487 600.0 7632.0 25.44 0.04357690235258995 0.04006677796327212 0.002054797283471296 0.42755174875089225 0.033225767062300376 0.0015992734777055821
488 600.0 7632.0 25.44 0.04357690235258995 0.038397328881469114 0.0015033193654736476 0.4306254493170381 0.03786472991737738 0.0015158226556527786
489 600.0 7632.0 25.44 0.04357690235258995 0.038397328881469114 0.0016320747193118996 0.43000717875089733 0.036445075697514866 0.0015209412277113039
49 600.0 7632.0 25.44 0.04357690235258995 0.05342237061769616 0.0031139889041679625 0.46006144393241166 0.05202687179844912 0.0020457644249756266
490 600.0 7632.0 25.44 0.04357690235258995 0.035058430717863104 0.0013771140679345228 0.4284692417739628 0.03465666115849658 0.001399379823734366
491 600.0 7632.0 25.44 0.04357690235258995 0.04340567612687813 0.002247341853389805 0.4388278388278388 0.03945003314549834 0.0017035943474624574
492 600.0 7632.0 25.44 0.04357690235258995 0.041736227045075125 0.0019620551490150523 0.4443620178041543 0.04063034794838684 0.0016360204160527814
493 600.0 7632.0 25.44 0.04357690235258995 0.041736227045075125 0.0019941404847138803 0.4407652685798381 0.03917677949544677 0.0016393576723767143
494 600.0 7632.0 25.44 0.04357690235258995 0.04340567612687813 0.0022017884594833247 0.4446919079435783 0.040977462905470406 0.0017023993213470647
495 600.0 7632.0 25.44 0.04357690235258995 0.038397328881469114 0.001809811136480702 0.4306254493170381 0.03460479524922299 0.001528105575714105
496 600.0 7632.0 25.44 0.04357690235258995 0.048414023372287146 0.0025576848561876084 0.44801795063575167 0.04704839348197644 0.0018691771985768074
497 600.0 7632.0 25.44 0.04357690235258995 0.045075125208681135 0.0023683924182486614 0.4407652685798381 0.04168441780998638 0.0017618356770441185
498 600.0 7632.0 25.44 0.04357690235258995 0.028380634390651086 0.0009101742863490965 0.4108367626886145 0.02577692254984 0.001172187862039154
499 600.0 7632.0 25.44 0.04357690235258995 0.041736227045075125 0.0018405062998104304 0.43754565376187 0.04000401403098919 0.0016360058445030025
5 600.0 7632.0 25.44 0.04357690235258995 0.05342237061769616 0.003024508678747884 0.4611239414934565 0.05360472052399553 0.002040678128395262
50 600.0 7632.0 25.44 0.04357690235258995 0.035058430717863104 0.001444264355595065 0.4269422665716322 0.031900164426490414 0.0014071383727054802
500 600.0 7632.0 25.44 0.04357690235258995 0.03672787979966611 0.0015629454916336483 0.4278571428571429 0.03373899753337517 0.0014663679646739272
501 600.0 7632.0 25.44 0.04357690235258995 0.041736227045075125 0.0020759003971202914 0.43754565376187 0.03849764743240394 0.0016429186715189374
502 600.0 7632.0 25.44 0.04357690235258995 0.048414023372287146 0.002411055032421731 0.4551671732522796 0.04921390283177186 0.0018597133673530276
503 600.0 7632.0 25.44 0.04357690235258995 0.0333889816360601 0.0012429765912617438 0.4177126917712692 0.03102951743028665 0.0013494162194155742
504 600.0 7632.0 25.44 0.04357690235258995 0.04006677796327212 0.002032563829942437 0.4410898379970545 0.03728142182019848 0.0015884596467075304
505 600.0 7632.0 25.44 0.04357690235258995 0.03171953255425709 0.0011434270828590712 0.4142461964038728 0.02898337528641728 0.0012893540262730843
506 600.0 7632.0 25.44 0.04357690235258995 0.05175292153589316 0.002733195213906514 0.45310136157337366 0.05145728122795547 0.0019817041618391943
507 600.0 7632.0 25.44 0.04357690235258995 0.038397328881469114 0.0016333101648134435 0.4312455003599712 0.0366367616434977 0.0015200361367657509
508 600.0 7632.0 25.44 0.04357690235258995 0.03672787979966611 0.0014785841737161001 0.4378654970760234 0.03652821857891084 0.0014569547230350818
509 600.0 7632.0 25.44 0.04357690235258995 0.03672787979966611 0.0014651469217179668 0.4328034682080925 0.03680970715501064 0.0014579652910720951
51 600.0 7632.0 25.44 0.04357690235258995 0.04006677796327212 0.0018635141692043187 0.43217893217893216 0.036830492683865824 0.0015855025580104906
510 600.0 7632.0 25.44 0.04357690235258995 0.03005008347245409 0.0009969585953332307 0.4191742477256823 0.02958477484258064 0.0012224278565625651
511 600.0 7632.0 25.44 0.04357690235258995 0.03672787979966611 0.001516573604999686 0.4315561959654179 0.03516359784582458 0.0014603197613370983
512 600.0 7632.0 25.44 0.04357690235258995 0.04006677796327212 0.0017466406005171064 0.4296987087517934 0.036345959346696106 0.001583389230008041
513 600.0 7632.0 25.44 0.04357690235258995 0.05676126878130217 0.0035722590222444918 0.466147859922179 0.05424170053114548 0.0021660740613651756
514 600.0 7632.0 25.44 0.04357690235258995 0.03672787979966611 0.0014599383742463527 0.42422096317280455 0.03419446389684719 0.0014641671336612311
515 600.0 7632.0 25.44 0.04357690235258995 0.028380634390651086 0.0009486001789818713 0.4088737201365188 0.0257509192231856 0.0011730010955835956
516 600.0 7632.0 25.44 0.04357690235258995 0.03672787979966611 0.0015608166072693212 0.4306254493170381 0.03537950394630046 0.0014626294091571275
517 600.0 7632.0 25.44 0.04357690235258995 0.04006677796327212 0.0018454977197817234 0.4337436640115858 0.03705325341812703 0.0015833618401271663
518 600.0 7632.0 25.44 0.04357690235258995 0.04006677796327212 0.001975901184838434 0.42939068100358424 0.03424983482045051 0.0015942781612985788
519 600.0 7632.0 25.44 0.04357690235258995 0.045075125208681135 0.002283960569815404 0.442719881744272 0.04303711829890622 0.0017564679399389238
52 600.0 7632.0 25.44 0.04357690235258995 0.035058430717863104 0.0015283645156572516 0.427246790299572 0.03277445692156547 0.0014110717480555757
520 600.0 7632.0 25.44 0.04357690235258995 0.04006677796327212 0.001802183328800517 0.4388278388278388 0.03811484419000626 0.001579573286626394
521 600.0 7632.0 25.44 0.04357690235258995 0.05008347245409015 0.002754767656319039 0.4555133079847909 0.050238022137577935 0.0019257263849113103
522 600.0 7632.0 25.44 0.04357690235258995 0.048414023372287146 0.002575533957420401 0.45037593984962404 0.04750682280583317 0.0018683403457311677
523 600.0 7632.0 25.44 0.04357690235258995 0.045075125208681135 0.002407174783755146 0.4496996996996997 0.04284991297397431 0.0017584811586797253
524 600.0 7632.0 25.44 0.04357690235258995 0.04006677796327212 0.0017815585281846483 0.4397944199706314 0.03871208037836893 0.0015756052534036838
525 600.0 7632.0 25.44 0.04357690235258995 0.04340567612687813 0.002221172597569774 0.4450222882615156 0.04047950096485602 0.0017038031243802486
526 600.0 7632.0 25.44 0.04357690235258995 0.05175292153589316 0.0029571661084506883 0.45725190839694657 0.048967450403898986 0.001990186860811407
527 600.0 7632.0 25.44 0.04357690235258995 0.05342237061769616 0.003306050513103072 0.4541319181197877 0.049082552597115144 0.0020556215893935454
528 600.0 7632.0 25.44 0.04357690235258995 0.048414023372287146 0.002696794397046543 0.4527588813303099 0.04584463004595166 0.001873392029070023
529 600.0 7632.0 25.44 0.04357690235258995 0.035058430717863104 0.0012322386203288908 0.4284692417739628 0.03576264464285083 0.0013946741479895532
53 600.0 7632.0 25.44 0.04357690235258995 0.045075125208681135 0.0023399189701926097 0.4476831091180867 0.042266318265940205 0.0017572973719992974
530 600.0 7632.0 25.44 0.04357690235258995 0.04340567612687813 0.0022900535473246632 0.43914956011730205 0.03918709072819731 0.0017062196708071014
531 600.0 7632.0 25.44 0.04357690235258995 0.03672787979966611 0.0016168853035130747 0.42939068100358424 0.03392366541447232 0.0014644966972155058
532 600.0 7632.0 25.44 0.04357690235258995 0.05843071786310518 0.0035372774525354346 0.46362229102167185 0.05835400436042321 0.0022140710646850748
533 600.0 7632.0 25.44 0.04357690235258995 0.041736227045075125 0.0018156119743348534 0.4404411764705882 0.04097522287248067 0.0016310143777354502
534 600.0 7632.0 25.44 0.04357690235258995 0.05676126878130217 0.003911089496728401 0.466147859922179 0.052658069182376074 0.0021762742107158325
535 600.0 7632.0 25.44 0.04357690235258995 0.05175292153589316 0.0033218140142617296 0.4493623405851463 0.04586182794145398 0.002011087575922212
536 600.0 7632.0 25.44 0.04357690235258995 0.05676126878130217 0.0038054841313622328 0.4544764795144158 0.05108241408357658 0.0021802369220430156
537 600.0 7632.0 25.44 0.04357690235258995 0.0667779632721202 0.004860835999374165 0.47501982553528943 0.06424660295909618 0.0025195952727832273
538 600.0 7632.0 25.44 0.04357690235258995 0.06176961602671119 0.0045868103875651295 0.46796875 0.05858190206203862 0.0023567628611768586
539 600.0 7632.0 25.44 0.04357690235258995 0.05008347245409015 0.0026266201531919813 0.4541319181197877 0.049917550313468145 0.0019232495509314083
54 600.0 7632.0 25.44 0.04357690235258995 0.045075125208681135 0.002592609193999225 0.44668158090976884 0.04057294907560677 0.0017674981007159475
540 600.0 7632.0 25.44 0.04357690235258995 0.041736227045075125 0.0021325275702048343 0.4381858083394294 0.037613140016841164 0.0016462204402646922
541 600.0 7632.0 25.44 0.04357690235258995 0.048414023372287146 0.002739544431242369 0.44668158090976884 0.04392377140940583 0.0018801233540138847
542 600.0 7632.0 25.44 0.04357690235258995 0.06176961602671119 0.003739441075681619 0.4753968253968254 0.06527638734141457 0.002321511350160986
543 600.0 7632.0 25.44 0.04357690235258995 0.04006677796327212 0.001833259527784123 0.4423929098966027 0.039354247528026555 0.0015756475384671453
544 600.0 7632.0 25.44 0.04357690235258995 0.04006677796327212 0.001968886789968303 0.4337436640115858 0.03607041992008475 0.0015876640743149309
545 600.0 7632.0 25.44 0.04357690235258995 0.035058430717863104 0.001395436220610962 0.43342981186685964 0.03439227778630208 0.0014003672889165318
546 600.0 7632.0 25.44 0.04357690235258995 0.041736227045075125 0.002173175737062466 0.43690736688548504 0.037790322502463565 0.0016496126139262956
547 600.0 7632.0 25.44 0.04357690235258995 0.045075125208681135 0.0024641065205623816 0.44835329341317365 0.04111494517466227 0.001761263324107192
548 600.0 7632.0 25.44 0.04357690235258995 0.03005008347245409 0.0009237853293232176 0.41338854382332646 0.029982092989763794 0.0012215297730288847
549 600.0 7632.0 25.44 0.04357690235258995 0.04674457429048414 0.002600155434264593 0.4437037037037037 0.04313201741471828 0.0018264253388313562
55 600.0 7632.0 25.44 0.04357690235258995 0.035058430717863104 0.001680887899067677 0.41829608938547486 0.028606319832826833 0.0014309734635574909
550 600.0 7632.0 25.44 0.04357690235258995 0.045075125208681135 0.002449488192012976 0.44206642066420665 0.04167780976120451 0.0017647454718512272
551 600.0 7632.0 25.44 0.04357690235258995 0.035058430717863104 0.0012411146696817467 0.43217893217893216 0.035005914109209474 0.0013941862408310005
552 600.0 7632.0 25.44 0.04357690235258995 0.045075125208681135 0.0024631638645770553 0.4423929098966027 0.04203268875235338 0.0017647958174604817
553 600.0 7632.0 25.44 0.04357690235258995 0.038397328881469114 0.0016348692875727809 0.4296987087517934 0.03533923065536218 0.0015243360734640793
554 600.0 7632.0 25.44 0.04357690235258995 0.03171953255425709 0.0010821673378127981 0.41539528432732314 0.029092010147139705 0.0012875634992884737
555 600.0 7632.0 25.44 0.04357690235258995 0.035058430717863104 0.0014395462998838316 0.4212376933895921 0.030539220405374094 0.0014122117159916904
556 600.0 7632.0 25.44 0.04357690235258995 0.03672787979966611 0.0015702993047554408 0.42542613636363635 0.03348894906544133 0.0014691450392887878
557 600.0 7632.0 25.44 0.04357690235258995 0.04340567612687813 0.0019498615758701432 0.4378654970760234 0.04187239868415827 0.0016958080568405874
558 600.0 7632.0 25.44 0.04357690235258995 0.05008347245409015 0.0029222368305766014 0.45725190839694657 0.047354938161689474 0.001934339240342157
559 600.0 7632.0 25.44 0.04357690235258995 0.03171953255425709 0.0010609769471242026 0.4185883997204752 0.031369765989482434 0.0012817861415064169
56 600.0 7632.0 25.44 0.04357690235258995 0.04006677796327212 0.002011479284551006 0.4296987087517934 0.03452056755622981 0.0015972718128024056
560 600.0 7632.0 25.44 0.04357690235258995 0.04006677796327212 0.0016581420404941562 0.43563636363636365 0.039482302792431846 0.0015748681569195551
561 600.0 7632.0 25.44 0.04357690235258995 0.04006677796327212 0.0018345559909509798 0.4309352517985611 0.03602861364988809 0.0015858134067420807
562 600.0 7632.0 25.44 0.04357690235258995 0.05509181969949917 0.0034942309331654074 0.46326372776488783 0.05196903004844749 0.0021106371856840353
563 600.0 7632.0 25.44 0.04357690235258995 0.0333889816360601 0.0012361720155530625 0.4203508771929825 0.031145635466458408 0.0013458898886805236
564 600.0 7632.0 25.44 0.04357690235258995 0.045075125208681135 0.002367267005584756 0.44801795063575167 0.042697482413833414 0.0017596508321396048
565 600.0 7632.0 25.44 0.04357690235258995 0.038397328881469114 0.001679519195458303 0.430316091954023 0.036473238249641146 0.0015221956610998633
566 600.0 7632.0 25.44 0.04357690235258995 0.03672787979966611 0.001490721146000298 0.4312455003599712 0.035249407065662576 0.0014593050673566352
567 600.0 7632.0 25.44 0.04357690235258995 0.04674457429048414 0.002520565478825617 0.44206642066420665 0.04215681866077097 0.0018240690626082643
568 600.0 7632.0 25.44 0.04357690235258995 0.05509181969949917 0.003156655299812651 0.46076923076923076 0.05456788332397325 0.0020984330305561833
569 600.0 7632.0 25.44 0.04357690235258995 0.03005008347245409 0.0010002088924309781 0.41196698762035766 0.027279819842478552 0.0012296321946463273
57 600.0 7632.0 25.44 0.04357690235258995 0.041736227045075125 0.0021674334667171995 0.4346879535558781 0.03750928565984794 0.0016515546144025206
570 600.0 7632.0 25.44 0.04357690235258995 0.03672787979966611 0.0015640570096262351 0.4309352517985611 0.035821367692394246 0.0014635206550071308
571 600.0 7632.0 25.44 0.04357690235258995 0.04674457429048414 0.002558137844323456 0.4443620178041543 0.04259034319185993 0.0018283188129482996
572 600.0 7632.0 25.44 0.04357690235258995 0.04674457429048414 0.0023556240401347026 0.4460163812360387 0.04469657155603585 0.001809664502818374
573 600.0 7632.0 25.44 0.04357690235258995 0.04340567612687813 0.0023847578821240855 0.43914956011730205 0.0375102153232984 0.0017157251667499714
574 600.0 7632.0 25.44 0.04357690235258995 0.041736227045075125 0.0020402689517223294 0.43914956011730205 0.03884236886405592 0.0016436718597572344
575 600.0 7632.0 25.44 0.04357690235258995 0.04674457429048414 0.0023243411338561195 0.44801795063575167 0.045662698296794424 0.0018098360734957104
576 600.0 7632.0 25.44 0.04357690235258995 0.05342237061769616 0.0035057743137463034 0.4593558282208589 0.049423003566560535 0.0020601951946660688
577 600.0 7632.0 25.44 0.04357690235258995 0.035058430717863104 0.0015519163274060467 0.4230225988700565 0.03000431444478106 0.001415644943532861
578 600.0 7632.0 25.44 0.04357690235258995 0.04340567612687813 0.002161322389063527 0.4440326167531505 0.041008141814967855 0.0016970173458520513
579 600.0 7632.0 25.44 0.04357690235258995 0.05342237061769616 0.003325564114916071 0.46290571870170016 0.052790702975876805 0.0020494312936018997
58 600.0 7632.0 25.44 0.04357690235258995 0.048414023372287146 0.002598828721806859 0.4537878787878788 0.04641902508620985 0.0018705752985722526
580 600.0 7632.0 25.44 0.04357690235258995 0.04340567612687813 0.0025170533057645643 0.43914956011730205 0.03746891705306595 0.001716139616833175
581 600.0 7632.0 25.44 0.04357690235258995 0.0333889816360601 0.001352232920060687 0.41829608938547486 0.030677391869872093 0.0013492946348546688
582 600.0 7632.0 25.44 0.04357690235258995 0.06010016694490818 0.004266318468704852 0.4672386895475819 0.05681199910741806 0.002290494137543381
583 600.0 7632.0 25.44 0.04357690235258995 0.03005008347245409 0.0010280384827717124 0.4131034482758621 0.028184605361543987 0.001230376387183848
584 600.0 7632.0 25.44 0.04357690235258995 0.04340567612687813 0.002263023236865198 0.4430473372781065 0.04000958954741427 0.0017023368970639848
585 600.0 7632.0 25.44 0.04357690235258995 0.038397328881469114 0.0018576530430683554 0.4306254493170381 0.033775202720119045 0.001531607895012358
586 600.0 7632.0 25.44 0.04357690235258995 0.035058430717863104 0.0014069703447802014 0.422425952045134 0.032349641712713956 0.0014118428331201835
587 600.0 7632.0 25.44 0.04357690235258995 0.05008347245409015 0.003091913913966671 0.4527588813303099 0.04422211784989581 0.0019457095734847925
588 600.0 7632.0 25.44 0.04357690235258995 0.05008347245409015 0.0028091359055302536 0.4544764795144158 0.04884176523533312 0.0019300491763368575
589 600.0 7632.0 25.44 0.04357690235258995 0.0651085141903172 0.00477102358356302 0.4795836669335468 0.06542220513759697 0.0024563863490986233
59 600.0 7632.0 25.44 0.04357690235258995 0.03672787979966611 0.001577796391978651 0.43500363108206247 0.03569035570014124 0.0014616803756824512
590 600.0 7632.0 25.44 0.04357690235258995 0.04340567612687813 0.002029354944440831 0.44568452380952384 0.0426528845221345 0.001691666689540624
591 600.0 7632.0 25.44 0.04357690235258995 0.0333889816360601 0.0013654285230549127 0.41626129256428074 0.029415221277948177 0.0013557122467920358
592 600.0 7632.0 25.44 0.04357690235258995 0.041736227045075125 0.0018786927933422022 0.4359534206695779 0.039454512774559275 0.0016361533003574108
593 600.0 7632.0 25.44 0.04357690235258995 0.05843071786310518 0.004104360114801332 0.46470131885182314 0.05579749643788908 0.002234695689612965
594 600.0 7632.0 25.44 0.04357690235258995 0.038397328881469114 0.0018345360382352384 0.4269422665716322 0.03302866760481995 0.0015341747339627115
595 600.0 7632.0 25.44 0.04357690235258995 0.04006677796327212 0.0017382040988649047 0.4359534206695779 0.03957478617591462 0.0015758643682941913
596 600.0 7632.0 25.44 0.04357690235258995 0.03672787979966611 0.001452492023491547 0.4278571428571429 0.03506290955861345 0.001458160979085959
597 600.0 7632.0 25.44 0.04357690235258995 0.041736227045075125 0.001776857808168514 0.438506588579795 0.04215046869665122 0.0016292709858357485
598 600.0 7632.0 25.44 0.04357690235258995 0.03672787979966611 0.0015482831716333379 0.42755174875089225 0.03436037294886657 0.0014635394220410465
599 600.0 7632.0 25.44 0.04357690235258995 0.035058430717863104 0.0014763076408223158 0.425728500355366 0.03186769734983957 0.0014092025617897627
6 600.0 7632.0 25.44 0.04357690235258995 0.04340567612687813 0.002263712527926727 0.44206642066420665 0.040005249232828693 0.0017047299079269783
60 600.0 7632.0 25.44 0.04357690235258995 0.035058430717863104 0.0014941773078401607 0.4260312944523471 0.031893082620092536 0.0014109659966953523
61 600.0 7632.0 25.44 0.04357690235258995 0.045075125208681135 0.0023192386914110915 0.4463487332339791 0.042569008058081385 0.0017584479038061287
62 600.0 7632.0 25.44 0.04357690235258995 0.03005008347245409 0.0011676049036850155 0.41111873713109126 0.02554989767566378 0.0012396468102528675
63 600.0 7632.0 25.44 0.04357690235258995 0.04006677796327212 0.0018078202033435127 0.4397944199706314 0.03871242888549169 0.0015766548709608436
64 600.0 7632.0 25.44 0.04357690235258995 0.038397328881469114 0.0016232032405649342 0.43531976744186046 0.037103343045759365 0.001517762802668288
65 600.0 7632.0 25.44 0.04357690235258995 0.05509181969949917 0.0033746545354534927 0.46578538102643857 0.054160142179790254 0.002103671774756949
66 600.0 7632.0 25.44 0.04357690235258995 0.05008347245409015 0.0028587585098844214 0.4510542168674699 0.047589985080340375 0.0019332125526792775
67 600.0 7632.0 25.44 0.04357690235258995 0.05008347245409015 0.00290493608829993 0.45037593984962404 0.04703720734609812 0.0019353705598026067
68 600.0 7632.0 25.44 0.04357690235258995 0.05342237061769616 0.0034747896992766768 0.46076923076923076 0.04974696717903131 0.0020572702253054635
69 600.0 7632.0 25.44 0.04357690235258995 0.035058430717863104 0.001477814645961297 0.42005610098176716 0.03079639661125243 0.0014127368740003777
7 600.0 7632.0 25.44 0.04357690235258995 0.021702838063439065 0.0005351939884080539 0.3894668400520156 0.018225132811923686 0.0009423339301181183
70 600.0 7632.0 25.44 0.04357690235258995 0.05509181969949917 0.003513182943815963 0.46434108527131784 0.05310100846004304 0.0021099564301775087
71 600.0 7632.0 25.44 0.04357690235258995 0.0333889816360601 0.0013249964958976343 0.42183098591549295 0.030184280741694314 0.0013498602730222893
72 600.0 7632.0 25.44 0.04357690235258995 0.03672787979966611 0.001589539043066198 0.4312455003599712 0.034789268014551365 0.0014648839310905971
73 600.0 7632.0 25.44 0.04357690235258995 0.03672787979966611 0.001528639343902797 0.4306254493170381 0.03455876041188548 0.001462288989401804
74 600.0 7632.0 25.44 0.04357690235258995 0.03005008347245409 0.0011123584866025613 0.41481994459833793 0.02801292447443705 0.0012318209416372849
75 600.0 7632.0 25.44 0.04357690235258995 0.04340567612687813 0.002336959605698858 0.43914956011730205 0.03877903976684613 0.0017096206618187099
76 600.0 7632.0 25.44 0.04357690235258995 0.04674457429048414 0.002565003880917125 0.4520754716981132 0.04551280318178802 0.0018160484485103784
77 600.0 7632.0 25.44 0.04357690235258995 0.04674457429048414 0.0025223347565521857 0.45139412207987945 0.044533591229999316 0.0018145727437981467
78 600.0 7632.0 25.44 0.04357690235258995 0.05342237061769616 0.0032144088806274787 0.4558599695585997 0.04937928887918047 0.00205814342139203
79 600.0 7632.0 25.44 0.04357690235258995 0.035058430717863104 0.0013200380036486382 0.425728500355366 0.03336657007889348 0.0014024641662296771
8 600.0 7632.0 25.44 0.04357690235258995 0.041736227045075125 0.001964670005355828 0.43531976744186046 0.038654395651329554 0.0016411953761793037
80 600.0 7632.0 25.44 0.04357690235258995 0.04674457429048414 0.002446544594441863 0.4407652685798381 0.043476669127776396 0.001823968128216437
81 600.0 7632.0 25.44 0.04357690235258995 0.04006677796327212 0.001890387176900864 0.4372262773722628 0.03726417604655642 0.0015820457870786802
82 600.0 7632.0 25.44 0.04357690235258995 0.045075125208681135 0.0024532439887341197 0.4407652685798381 0.04125235645879586 0.001763676387670466
83 600.0 7632.0 25.44 0.04357690235258995 0.03171953255425709 0.0011683233630178363 0.41481994459833793 0.029217018044601157 0.0012916274331724372
84 600.0 7632.0 25.44 0.04357690235258995 0.038397328881469114 0.0017397546450539842 0.4337436640115858 0.03596745187964061 0.0015223646128706167
85 600.0 7632.0 25.44 0.04357690235258995 0.041736227045075125 0.0020187367079469785 0.44206642066420665 0.03972133334501701 0.0016383736498903714
86 600.0 7632.0 25.44 0.04357690235258995 0.045075125208681135 0.0023172059116710626 0.44568452380952384 0.043427105355146545 0.0017532781147880498
87 600.0 7632.0 25.44 0.04357690235258995 0.0333889816360601 0.001366467752118934 0.4212376933895921 0.03037106275694463 0.0013514253729674354
88 600.0 7632.0 25.44 0.04357690235258995 0.035058430717863104 0.0013954616888827407 0.425728500355366 0.03217688782227307 0.0014048881244564096
89 600.0 7632.0 25.44 0.04357690235258995 0.04674457429048414 0.0025197872129531576 0.4470149253731343 0.043886786098804434 0.0018189795841054468
9 600.0 7632.0 25.44 0.04357690235258995 0.048414023372287146 0.0024801340148137576 0.4551671732522796 0.04881643449170226 0.0018647309036007001
90 600.0 7632.0 25.44 0.04357690235258995 0.03672787979966611 0.0014470798978071446 0.4309352517985611 0.03641414578146118 0.0014565198477971128
91 600.0 7632.0 25.44 0.04357690235258995 0.041736227045075125 0.002049369428709817 0.43531976744186046 0.03849681558489855 0.0016458109252816223
92 600.0 7632.0 25.44 0.04357690235258995 0.05676126878130217 0.003630278804945081 0.46006144393241166 0.055075134970794457 0.0021687047422700666
93 600.0 7632.0 25.44 0.04357690235258995 0.04006677796327212 0.0018510743704881786 0.43342981186685964 0.03737134009381226 0.001585339762495419
94 600.0 7632.0 25.44 0.04357690235258995 0.048414023372287146 0.002683815831655746 0.4520754716981132 0.045843898434247715 0.0018742413819901162
95 600.0 7632.0 25.44 0.04357690235258995 0.041736227045075125 0.001977152182347123 0.43658892128279886 0.038193706307741056 0.0016437974824602178
96 600.0 7632.0 25.44 0.04357690235258995 0.04340567612687813 0.0021211194883729925 0.4359534206695779 0.04003104427180675 0.001700976476393068
97 600.0 7632.0 25.44 0.04357690235258995 0.041736227045075125 0.0018483171359470775 0.4470149253731343 0.04170247734877807 0.0016286204117260568
98 600.0 7632.0 25.44 0.04357690235258995 0.038397328881469114 0.0016728365368593532 0.430316091954023 0.03538542045495417 0.0015236932875824765
99 600.0 7632.0 25.44 0.04357690235258995 0.048414023372287146 0.002747661067210783 0.4520754716981132 0.045520923175602114 0.0018780239202113099