0 150.0 2261.0 30.14666666666667 0.318480681980902 0.5838926174496644 0.04113548733985748 0.7061611374407583 0.1969654630097451 0.018096866528223246
1 150.0 2261.0 30.14666666666667 0.318480681980902 0.19463087248322147 0.0029383287953321283 0.5539033457249071 0.08423795925197229 0.006379963515430739
10 150.0 2261.0 30.14666666666667 0.318480681980902 0.3087248322147651 0.010973735673824304 0.5912698412698413 0.10583264059549173 0.009866573898198961
100 150.0 2261.0 30.14666666666667 0.318480681980902 0.15436241610738255 0.0019606802087775346 0.5398550724637681 0.05892157381530684 0.00524593966452252
101 150.0 2261.0 30.14666666666667 0.318480681980902 0.1610738255033557 0.003443209752219715 0.5398550724637681 0.052466588771627555 0.00549575212188012
102 150.0 2261.0 30.14666666666667 0.318480681980902 0.12080536912751677 0.0011902310665150308 0.5302491103202847 0.04779516154866733 0.004220230511221876
103 150.0 2261.0 30.14666666666667 0.318480681980902 0.12080536912751677 0.0008035008192560497 0.5302491103202847 0.04894717549988617 0.004184715937886289
104 150.0 2261.0 30.14666666666667 0.318480681980902 0.14093959731543623 0.0017428096651869007 0.5340501792114696 0.05170890842253152 0.004833931072715361
105 150.0 2261.0 30.14666666666667 0.318480681980902 0.1476510067114094 0.002050849437521534 0.5359712230215827 0.052065709221590456 0.0050493859774927725
106 150.0 2261.0 30.14666666666667 0.318480681980902 0.12751677852348994 0.0014364770568915158 0.5321428571428571 0.048980308352543196 0.004433450717599046
107 150.0 2261.0 30.14666666666667 0.318480681980902 0.12080536912751677 0.0009674480750457973 0.5283687943262412 0.046398654104473386 0.004213118061713833
108 150.0 2261.0 30.14666666666667 0.318480681980902 0.12751677852348994 0.0011793130283161545 0.5302491103202847 0.05006862254122478 0.004410570871289796
109 150.0 2261.0 30.14666666666667 0.318480681980902 0.1342281879194631 0.001921179911995977 0.5302491103202847 0.04582454203405934 0.004672181620462484
11 150.0 2261.0 30.14666666666667 0.318480681980902 0.2684563758389262 0.006704354750673317 0.5775193798449613 0.10059692516000467 0.008602329780292364
110 150.0 2261.0 30.14666666666667 0.318480681980902 0.15436241610738255 0.0026685148187098142 0.5418181818181819 0.05477323859142434 0.005271173912145929
111 150.0 2261.0 30.14666666666667 0.318480681980902 0.14093959731543623 0.0017641627606802893 0.5379061371841155 0.053470446608337996 0.004836280735385532
112 150.0 2261.0 30.14666666666667 0.318480681980902 0.1342281879194631 0.0015733801365166225 0.5340501792114696 0.050900327717232866 0.004632183043564305
113 150.0 2261.0 30.14666666666667 0.318480681980902 0.12751677852348994 0.0010619612826367761 0.5340501792114696 0.051783109431918196 0.004393497181109301
114 150.0 2261.0 30.14666666666667 0.318480681980902 0.1342281879194631 0.001460431520662004 0.5321428571428571 0.05217204547910519 0.004629795926994007
115 150.0 2261.0 30.14666666666667 0.318480681980902 0.12751677852348994 0.0013759090164070316 0.5302491103202847 0.04494758040027857 0.004425440346666419
116 150.0 2261.0 30.14666666666667 0.318480681980902 0.11409395973154363 0.0009444479923925401 0.5265017667844523 0.04351370889901616 0.004026595232262467
117 150.0 2261.0 30.14666666666667 0.318480681980902 0.1342281879194631 0.0020411882507411993 0.5302491103202847 0.044972993069912266 0.004680786478196834
118 150.0 2261.0 30.14666666666667 0.318480681980902 0.1476510067114094 0.0025639470591518 0.5379061371841155 0.049715723018984845 0.005070186130518187
119 150.0 2261.0 30.14666666666667 0.318480681980902 0.12751677852348994 0.0012599139191947326 0.5321428571428571 0.05058112308752961 0.004438435783814873
12 150.0 2261.0 30.14666666666667 0.318480681980902 0.1342281879194631 0.0010644036848547497 0.5340501792114696 0.06123353295759773 0.0045852758320345036
120 150.0 2261.0 30.14666666666667 0.318480681980902 0.12080536912751677 0.0013248391293194548 0.5283687943262412 0.04300875594453221 0.0042490923671378794
121 150.0 2261.0 30.14666666666667 0.318480681980902 0.12751677852348994 0.0013905880321474198 0.5340501792114696 0.04552055544895929 0.004444918680708125
122 150.0 2261.0 30.14666666666667 0.318480681980902 0.12751677852348994 0.001014467308817056 0.5340501792114696 0.05469140447006455 0.0044024902096854585
123 150.0 2261.0 30.14666666666667 0.318480681980902 0.15436241610738255 0.003290334791566171 0.5398550724637681 0.04887139964680849 0.005314294956714908
124 150.0 2261.0 30.14666666666667 0.318480681980902 0.12080536912751677 0.001011850072209383 0.5302491103202847 0.050274175458624386 0.0042050026465766405
125 150.0 2261.0 30.14666666666667 0.318480681980902 0.12751677852348994 0.0016308304497463883 0.5321428571428571 0.0486257941324427 0.004452269270845237
126 150.0 2261.0 30.14666666666667 0.318480681980902 0.12751677852348994 0.0011670460244221966 0.5340501792114696 0.052732869440859705 0.004419766788526092
127 150.0 2261.0 30.14666666666667 0.318480681980902 0.12080536912751677 0.0009470333844994611 0.5321428571428571 0.050104975043256936 0.004200920346478621
128 150.0 2261.0 30.14666666666667 0.318480681980902 0.11409395973154363 0.001728366707685977 0.5155709342560554 0.03262870017373569 0.004106517530307293
129 150.0 2261.0 30.14666666666667 0.318480681980902 0.11409395973154363 0.0010474758805733436 0.5265017667844523 0.04197111057903418 0.004032337684471484
13 150.0 2261.0 30.14666666666667 0.318480681980902 0.18791946308724833 0.003510395021707767 0.5518518518518518 0.07151543828809316 0.006227761367222029
130 150.0 2261.0 30.14666666666667 0.318480681980902 0.12751677852348994 0.001848016465695897 0.5283687943262412 0.042242531015549326 0.004461745953813439
131 150.0 2261.0 30.14666666666667 0.318480681980902 0.12080536912751677 0.0009108847191715679 0.5302491103202847 0.054651923589129695 0.004188282206088675
132 150.0 2261.0 30.14666666666667 0.318480681980902 0.11409395973154363 0.0010804017993930473 0.5246478873239436 0.04083367684985639 0.004042891308044307
133 150.0 2261.0 30.14666666666667 0.318480681980902 0.12080536912751677 0.0010417210371067263 0.5283687943262412 0.04799354471170832 0.004213345419226192
134 150.0 2261.0 30.14666666666667 0.318480681980902 0.11409395973154363 0.0012658939573219235 0.5246478873239436 0.040127542771060606 0.004068946231500006
135 150.0 2261.0 30.14666666666667 0.318480681980902 0.12080536912751677 0.0009469589453693361 0.5321428571428571 0.04773650658451235 0.004199356801199228
136 150.0 2261.0 30.14666666666667 0.318480681980902 0.12080536912751677 0.0015767796344947392 0.519163763066202 0.04154946562009676 0.00426600677675633
137 150.0 2261.0 30.14666666666667 0.318480681980902 0.11409395973154363 0.0007381088741255085 0.5302491103202847 0.050735717967940866 0.0039894850004810675
138 150.0 2261.0 30.14666666666667 0.318480681980902 0.12080536912751677 0.0010778231487689634 0.5321428571428571 0.051698579008265445 0.004206572986421426
139 150.0 2261.0 30.14666666666667 0.318480681980902 0.1342281879194631 0.0019876789968203343 0.5321428571428571 0.04732087163825982 0.004667893819682018
14 150.0 2261.0 30.14666666666667 0.318480681980902 0.2953020134228188 0.009845433921253262 0.5866141732283464 0.10492480904668909 0.00945526069313734
140 150.0 2261.0 30.14666666666667 0.318480681980902 0.12080536912751677 0.0013428022285951677 0.5302491103202847 0.04198547919993842 0.004255080905372154
141 150.0 2261.0 30.14666666666667 0.318480681980902 0.12080536912751677 0.001199155711576682 0.5246478873239436 0.04181818914308069 0.00424716877514013
142 150.0 2261.0 30.14666666666667 0.318480681980902 0.11409395973154363 0.0012362864959034865 0.5246478873239436 0.039838342399867215 0.004049202329956075
143 150.0 2261.0 30.14666666666667 0.318480681980902 0.11409395973154363 0.0012801073446716649 0.5228070175438596 0.040984906132645584 0.0040540801227889785
144 150.0 2261.0 30.14666666666667 0.318480681980902 0.11409395973154363 0.001204140073165027 0.5302491103202847 0.042814420563896845 0.004042518465919065
145 150.0 2261.0 30.14666666666667 0.318480681980902 0.12080536912751677 0.0013078209653950954 0.5321428571428571 0.04576005845025236 0.004241639222176431
146 150.0 2261.0 30.14666666666667 0.318480681980902 0.11409395973154363 0.0012021260850059794 0.5265017667844523 0.03813929919027976 0.004049208739640826
147 150.0 2261.0 30.14666666666667 0.318480681980902 0.11409395973154363 0.0013310820280964999 0.5246478873239436 0.03946960533106035 0.004051685665713188
148 150.0 2261.0 30.14666666666667 0.318480681980902 0.11409395973154363 0.0016513533793069597 0.5246478873239436 0.03371508718242574 0.004096680629273144
149 150.0 2261.0 30.14666666666667 0.318480681980902 0.11409395973154363 0.0008504678779364144 0.5302491103202847 0.0472541213153704 0.004006296596697169
15 150.0 2261.0 30.14666666666667 0.318480681980902 0.21476510067114093 0.002894270475472819 0.5601503759398496 0.09189859313859862 0.006940130235633599
16 150.0 2261.0 30.14666666666667 0.318480681980902 0.18791946308724833 0.002594828291793202 0.5518518518518518 0.08214019921868984 0.006177048496295455
17 150.0 2261.0 30.14666666666667 0.318480681980902 0.14093959731543623 0.0011616748520281235 0.5359712230215827 0.06260227806820937 0.004782986072669788
18 150.0 2261.0 30.14666666666667 0.318480681980902 0.44966442953020136 0.021357477733551417 0.645021645021645 0.16187280620024108 0.014025838005917415
19 150.0 2261.0 30.14666666666667 0.318480681980902 0.5771812080536912 0.042755967974704344 0.7028301886792453 0.1918923626655971 0.017934358476312032
2 150.0 2261.0 30.14666666666667 0.318480681980902 0.16778523489932887 0.002159766217723 0.5457875457875457 0.0689552548760262 0.005590114912216202
20 150.0 2261.0 30.14666666666667 0.318480681980902 0.5570469798657718 0.033491436134716286 0.6930232558139535 0.19210645881573163 0.017219549847654933
21 150.0 2261.0 30.14666666666667 0.318480681980902 0.4228187919463087 0.0172662395355839 0.6340425531914894 0.1539827737734598 0.013169430310178679
22 150.0 2261.0 30.14666666666667 0.318480681980902 0.4832214765100671 0.023433371127466036 0.6592920353982301 0.17191546570587748 0.014969418227933518
23 150.0 2261.0 30.14666666666667 0.318480681980902 0.44966442953020136 0.02443669360221181 0.645021645021645 0.15507956775100942 0.014079091904237782
24 150.0 2261.0 30.14666666666667 0.318480681980902 0.47651006711409394 0.030276973119095364 0.6563876651982379 0.15492492628096016 0.01495531528812003
25 150.0 2261.0 30.14666666666667 0.318480681980902 0.44295302013422816 0.019535337559333555 0.6422413793103449 0.15977552117041904 0.013764597493574456
26 150.0 2261.0 30.14666666666667 0.318480681980902 0.3959731543624161 0.01777173571252882 0.6234309623430963 0.1363004349742325 0.012455681686833106
27 150.0 2261.0 30.14666666666667 0.318480681980902 0.4899328859060403 0.026979770684221204 0.6622222222222223 0.16987542970687133 0.015254561086426184
28 150.0 2261.0 30.14666666666667 0.318480681980902 0.38926174496644295 0.015857633014962385 0.6208333333333333 0.13571767106978358 0.012254006910351193
29 150.0 2261.0 30.14666666666667 0.318480681980902 0.2885906040268456 0.007655367206691963 0.5843137254901961 0.11246347789523133 0.009195544569199335
3 150.0 2261.0 30.14666666666667 0.318480681980902 0.06711409395973154 0.00010301112051941893 0.5120274914089347 0.034017069773982084 0.002595091031755193
30 150.0 2261.0 30.14666666666667 0.318480681980902 0.3624161073825503 0.013222498333913925 0.610655737704918 0.13237597714069452 0.011416253745383442
31 150.0 2261.0 30.14666666666667 0.318480681980902 0.2953020134228188 0.008417894841576918 0.5866141732283464 0.11270021276045471 0.009398940183989353
32 150.0 2261.0 30.14666666666667 0.318480681980902 0.30201342281879195 0.008955793754420288 0.5889328063241107 0.11048003743393899 0.009623170584554778
33 150.0 2261.0 30.14666666666667 0.318480681980902 0.2885906040268456 0.008273832340854709 0.5843137254901961 0.10883266588781376 0.009221868930060082
34 150.0 2261.0 30.14666666666667 0.318480681980902 0.31543624161073824 0.009813143893900906 0.5936254980079682 0.11611484969790548 0.010000878794618764
35 150.0 2261.0 30.14666666666667 0.318480681980902 0.3422818791946309 0.014387390430803173 0.6032388663967612 0.11645772918588407 0.01087936992766535
36 150.0 2261.0 30.14666666666667 0.318480681980902 0.2348993288590604 0.0047200404370743255 0.5665399239543726 0.09259580967021742 0.007585467659426814
37 150.0 2261.0 30.14666666666667 0.318480681980902 0.37583892617449666 0.017087959564146195 0.6157024793388429 0.1266176089425979 0.011887535881759453
38 150.0 2261.0 30.14666666666667 0.318480681980902 0.24161073825503354 0.005439409060436233 0.5687022900763359 0.09241364275841807 0.007805493750153504
39 150.0 2261.0 30.14666666666667 0.318480681980902 0.3087248322147651 0.010045760727495471 0.5912698412698413 0.1091557208687912 0.009844820323853656
4 150.0 2261.0 30.14666666666667 0.318480681980902 0.22818791946308725 0.005206499234489391 0.5643939393939394 0.08289358482429662 0.007446359832287882
40 150.0 2261.0 30.14666666666667 0.318480681980902 0.3422818791946309 0.014117597226081137 0.6032388663967612 0.11215191266863217 0.010907545335770801
41 150.0 2261.0 30.14666666666667 0.318480681980902 0.2550335570469799 0.005992037208399562 0.573076923076923 0.09526149738772426 0.008215650677264317
42 150.0 2261.0 30.14666666666667 0.318480681980902 0.348993288590604 0.015319366121370756 0.6056910569105691 0.11473184118560188 0.011095632262227042
43 150.0 2261.0 30.14666666666667 0.318480681980902 0.2751677852348993 0.008795153156275526 0.5797665369649806 0.09879710403507304 0.008892943374784003
44 150.0 2261.0 30.14666666666667 0.318480681980902 0.2483221476510067 0.006386192560038096 0.5708812260536399 0.0891525923168953 0.008038283583930607
45 150.0 2261.0 30.14666666666667 0.318480681980902 0.22818791946308725 0.004394190602152106 0.5643939393939394 0.09119492205238766 0.0073780487128398825
46 150.0 2261.0 30.14666666666667 0.318480681980902 0.21476510067114093 0.004176168436044623 0.5601503759398496 0.08279161046796855 0.0070203666560659135
47 150.0 2261.0 30.14666666666667 0.318480681980902 0.21476510067114093 0.004899722402046521 0.5601503759398496 0.07912103695245556 0.007044618264074929
48 150.0 2261.0 30.14666666666667 0.318480681980902 0.21476510067114093 0.0042106537449799865 0.5580524344569289 0.0794929544431086 0.007022670660820541
49 150.0 2261.0 30.14666666666667 0.318480681980902 0.31543624161073824 0.013436321129361262 0.5936254980079682 0.10353795820882264 0.010129304280539682
5 150.0 2261.0 30.14666666666667 0.318480681980902 0.2751677852348993 0.007209479533415846 0.5797665369649806 0.10604522501547702 0.008799866334476278
50 150.0 2261.0 30.14666666666667 0.318480681980902 0.19463087248322147 0.0031340428132784173 0.5539033457249071 0.07393322286972413 0.006404211532136123
51 150.0 2261.0 30.14666666666667 0.318480681980902 0.2348993288590604 0.005292129581824585 0.5665399239543726 0.08558910489460285 0.0076212408720733316
52 150.0 2261.0 30.14666666666667 0.318480681980902 0.2080536912751678 0.0035642111800387316 0.5580524344569289 0.07849330287644656 0.006788419806218859
53 150.0 2261.0 30.14666666666667 0.318480681980902 0.2080536912751678 0.0044515455414409055 0.5580524344569289 0.07613011987409173 0.0068349183299838846
54 150.0 2261.0 30.14666666666667 0.318480681980902 0.18791946308724833 0.0031398380213192 0.5498154981549815 0.06944110118726024 0.006211214882185342
55 150.0 2261.0 30.14666666666667 0.318480681980902 0.24161073825503354 0.006275344732754533 0.5687022900763359 0.08657982345809324 0.007851445965320001
56 150.0 2261.0 30.14666666666667 0.318480681980902 0.174496644295302 0.002409887501115368 0.5477941176470589 0.0645569177339706 0.005798323399329237
57 150.0 2261.0 30.14666666666667 0.318480681980902 0.2080536912751678 0.003875833201374658 0.5580524344569289 0.07617702218350982 0.006805227351801186
58 150.0 2261.0 30.14666666666667 0.318480681980902 0.16778523489932887 0.002512416103597929 0.5457875457875457 0.06710765066609863 0.005620411527425538
59 150.0 2261.0 30.14666666666667 0.318480681980902 0.2684563758389262 0.008219792119890294 0.5775193798449613 0.0897212898874204 0.008664417391150167
6 150.0 2261.0 30.14666666666667 0.318480681980902 0.15436241610738255 0.0020962825501674646 0.5398550724637681 0.06286546223906979 0.00523642368493152
60 150.0 2261.0 30.14666666666667 0.318480681980902 0.20134228187919462 0.003642847312588336 0.5559701492537313 0.077172913270126 0.006635357498023872
61 150.0 2261.0 30.14666666666667 0.318480681980902 0.16778523489932887 0.00242591761681124 0.5457875457875457 0.06509555477135877 0.005626671905783889
62 150.0 2261.0 30.14666666666667 0.318480681980902 0.28187919463087246 0.012804064093398017 0.58203125 0.08103056267928915 0.009195276283642476
63 150.0 2261.0 30.14666666666667 0.318480681980902 0.21476510067114093 0.004240122297102264 0.5601503759398496 0.0805034613237717 0.007016490350863868
64 150.0 2261.0 30.14666666666667 0.318480681980902 0.2080536912751678 0.00503631232362867 0.5580524344569289 0.07337437714105605 0.0068708262770252205
65 150.0 2261.0 30.14666666666667 0.318480681980902 0.174496644295302 0.003199421798255849 0.5477941176470589 0.06682929017969574 0.005832862132203867
66 150.0 2261.0 30.14666666666667 0.318480681980902 0.2080536912751678 0.0040953151446447645 0.5580524344569289 0.0765928110619614 0.006836062577357674
67 150.0 2261.0 30.14666666666667 0.318480681980902 0.19463087248322147 0.00390744517489492 0.5539033457249071 0.06697230645855261 0.006454052571122623
68 150.0 2261.0 30.14666666666667 0.318480681980902 0.2080536912751678 0.005306088428196665 0.5580524344569289 0.06787180887188937 0.006897668955425087
69 150.0 2261.0 30.14666666666667 0.318480681980902 0.16778523489932887 0.0022739597385048986 0.5437956204379562 0.06409764263877896 0.005611371829008383
7 150.0 2261.0 30.14666666666667 0.318480681980902 0.174496644295302 0.002170204510035819 0.5477941176470589 0.07573389052129531 0.005784619075044524
70 150.0 2261.0 30.14666666666667 0.318480681980902 0.19463087248322147 0.004202314388830096 0.5539033457249071 0.06729396290928223 0.006470153163520731
71 150.0 2261.0 30.14666666666667 0.318480681980902 0.16778523489932887 0.0028952643000119934 0.5437956204379562 0.0595610885489405 0.005642188069253248
72 150.0 2261.0 30.14666666666667 0.318480681980902 0.1476510067114094 0.001380367030267835 0.5398550724637681 0.06056338023884852 0.00498777946224537
73 150.0 2261.0 30.14666666666667 0.318480681980902 0.2080536912751678 0.005367605568840367 0.5580524344569289 0.06463339928733369 0.006920334063768402
74 150.0 2261.0 30.14666666666667 0.318480681980902 0.22818791946308725 0.006491716248292304 0.5622641509433962 0.07590274045889935 0.007500226114201404
75 150.0 2261.0 30.14666666666667 0.318480681980902 0.174496644295302 0.002988181098519701 0.5437956204379562 0.06456993417516926 0.0058490616989109595
76 150.0 2261.0 30.14666666666667 0.318480681980902 0.174496644295302 0.0030334856266981533 0.5457875457875457 0.06294689120248324 0.005842324295591957
77 150.0 2261.0 30.14666666666667 0.318480681980902 0.174496644295302 0.003545565657408503 0.5437956204379562 0.06086030087396156 0.00586614334971956
78 150.0 2261.0 30.14666666666667 0.318480681980902 0.174496644295302 0.0030025375206429402 0.5477941176470589 0.062219698765883645 0.005844435150014008
79 150.0 2261.0 30.14666666666667 0.318480681980902 0.16778523489932887 0.0022692472806045937 0.5457875457875457 0.06892429652200026 0.005606429583077487
8 150.0 2261.0 30.14666666666667 0.318480681980902 0.1476510067114094 0.0018062030912672235 0.5398550724637681 0.061915267205454656 0.005018163273931299
80 150.0 2261.0 30.14666666666667 0.318480681980902 0.18120805369127516 0.003911698403001263 0.5498154981549815 0.06426014892773288 0.00605986946647556
81 150.0 2261.0 30.14666666666667 0.318480681980902 0.1610738255033557 0.002745267224912099 0.5418181818181819 0.05700703164767948 0.0054447116216155955
82 150.0 2261.0 30.14666666666667 0.318480681980902 0.174496644295302 0.003114015142706428 0.5477941176470589 0.06285351135375548 0.005840147648925688
83 150.0 2261.0 30.14666666666667 0.318480681980902 0.16778523489932887 0.003389615054481984 0.5437956204379562 0.05691505701564465 0.005699368559843043
84 150.0 2261.0 30.14666666666667 0.318480681980902 0.1476510067114094 0.0021791811357542486 0.5379061371841155 0.0501273115057051 0.005060142172016165
85 150.0 2261.0 30.14666666666667 0.318480681980902 0.15436241610738255 0.001918081544556681 0.5418181818181819 0.06329710792368616 0.005204808487743207
86 150.0 2261.0 30.14666666666667 0.318480681980902 0.16778523489932887 0.002986714533969215 0.5457875457875457 0.06239625771091255 0.005653521262834575
87 150.0 2261.0 30.14666666666667 0.318480681980902 0.16778523489932887 0.0030135276666351735 0.5457875457875457 0.05765728666981688 0.005660627192772197
88 150.0 2261.0 30.14666666666667 0.318480681980902 0.1610738255033557 0.00272943945271278 0.5398550724637681 0.05701410624184137 0.005467830507945389
89 150.0 2261.0 30.14666666666667 0.318480681980902 0.1476510067114094 0.0018326124962771886 0.5398550724637681 0.05590660196357812 0.00503078147691133
9 150.0 2261.0 30.14666666666667 0.318480681980902 0.22818791946308725 0.005967775956071369 0.5643939393939394 0.08533390489515556 0.007476919784922971
90 150.0 2261.0 30.14666666666667 0.318480681980902 0.1476510067114094 0.002264462942404887 0.5379061371841155 0.05117598659786544 0.005055506957021578
91 150.0 2261.0 30.14666666666667 0.318480681980902 0.12751677852348994 0.0010140312559908055 0.5283687943262412 0.04989316448582557 0.004410472537204972
92 150.0 2261.0 30.14666666666667 0.318480681980902 0.14093959731543623 0.001619588880821603 0.5359712230215827 0.055398012395182925 0.004819802808045115
93 150.0 2261.0 30.14666666666667 0.318480681980902 0.12080536912751677 0.00076454010747922 0.5321428571428571 0.05168267196327139 0.004186172988618495
94 150.0 2261.0 30.14666666666667 0.318480681980902 0.12751677852348994 0.001320926648817644 0.5340501792114696 0.05063889635915228 0.004417092117308284
95 150.0 2261.0 30.14666666666667 0.318480681980902 0.1342281879194631 0.0013260196972186063 0.5359712230215827 0.05156149288107104 0.004614935341368935
96 150.0 2261.0 30.14666666666667 0.318480681980902 0.12751677852348994 0.0012543055478660447 0.5340501792114696 0.05056862357311983 0.004412642451152166
97 150.0 2261.0 30.14666666666667 0.318480681980902 0.14093959731543623 0.0017960148317095034 0.5359712230215827 0.05050736755974879 0.004833944042810328
98 150.0 2261.0 30.14666666666667 0.318480681980902 0.14093959731543623 0.0018602381768566454 0.5340501792114696 0.05042794563705798 0.004840705561587125
99 150.0 2261.0 30.14666666666667 0.318480681980902 0.1476510067114094 0.0021059852657928806 0.5398550724637681 0.050145584407682665 0.005044008899407558