0 0
1 94
2 768
3 82
4 880
5 69
6 735
7 277
8 841
9 52
10 52
11 53
12 56
13 821
14 270
15 324
16 104
17 202
18 997
19 247
20 80
21 212
22 846
23 653
24 52
25 640
26 856
27 900
28 130
29 231
30 392
31 610
32 414
33 432
34 951
35 387
36 68
37 435
38 294
39 864
40 633
41 831
42 470
43 398
44 543
45 653
46 671
47 243
48 794
49 71
50 767
51 787
52 854
53 280
54 117
55 312
56 630
57 421
58 858
59 154
60 750
61 848
62 258
63 540
64 998
65 299
66 431
67 660
68 643
69 936
70 782
71 156
72 968
73 66
74 103
75 565
76 142
77 284
78 727
79 810
80 399
81 340
82 80
83 475
84 812
85 909
86 735
87 330
88 67
89 910
90 229
91 616
92 588
93 222
94 223
95 898
96 521
97 539
98 228
99 973
100 117
101 220
102 806
103 203
104 487
105 346
106 351
107 919
108 842
109 412
110 754
111 782
112 604
113 387
114 482
115 439
116 104
117 905
118 726
119 565
120 793
121 928
122 591
123 545
124 135
125 894
126 772
127 340
128 976
129 869
130 335
131 988
132 705
133 614
134 856
135 64
136 482
137 308
138 430
139 201
140 520
141 40
142 144
143 263
144 879
145 775
146 840
147 184
148 250
149 191
150 832
151 834
152 707
153 900
154 224
155 53
156 86
157 402
158 408
159 597
160 271
161 213
162 45
163 750
164 929
165 278
166 941
167 603
168 144
169 871
170 94
171 659
172 880
173 751
174 49
175 294
176 920
177 138
178 739
179 548
180 853
181 456
182 46
183 483
184 350
185 715
186 414
187 955
188 67
189 157
190 481
191 817
192 903
193 704
194 152
195 153
196 266
197 395
198 757
199 570
200 800
201 668
202 621
203 293
204 366
205 527
206 278
207 779
208 300
209 830
210 543
211 412
212 246
213 58
214 864
215 574
216 513
217 528
218 951
219 208
220 932
221 261
222 785
223 761
224 377
225 641
226 805
227 295
228 555
229 114
230 724
231 851
232 458
233 275
234 354
235 420
236 492
237 110
238 315
239 17
240 926
241 208
242 998
243 764
244 19
245 400
246 183
247 902
248 200
249 936
250 801
251 415
252 414
253 794
254 679
255 39
256 494
257 441
258 240
259 81
260 111
261 102
262 416
263 930
264 457
265 604
266 351
267 909
268 985
269 278
270 654
271 203
272 236
273 805
274 963
275 523
276 231
277 824
278 54
279 973
280 755
281 503
282 401
283 602
284 201
285 90
286 278
287 23
288 50
289 336
290 742
291 619
292 477
293 489
294 889
295 78
296 729
297 923
298 13
299 229
300 848
301 838
302 183
303 660
304 741
305 9
306 803
307 491
308 255
309 695
310 962
311 255
312 937
313 579
314 114
315 663
316 768
317 317
318 819
319 831
320 10
321 771
322 250
323 559
324 562
325 44
326 791
327 157
328 22
329 850
330 165
331 393
332 358
333 972
334 760
335 308
336 183
337 682
338 400
339 672
340 382
341 391
342 817
343 262
344 961
345 949
346 819
347 895
348 517
349 959
350 667
351 486
352 348
353 162
354 846
355 854
356 774
357 58
358 30
359 395
360 933
361 729
362 431
363 65
364 229
365 389
366 521
367 871
368 694
369 183
370 612
371 507
372 135
373 876
374 82
375 619
376 853
377 763
378 56
379 774
380 588
381 359
382 763
383 201
384 653
385 300
386 122
387 343
388 487
389 277
390 750
391 884
392 436
393 310
394 873
395 26
396 867
397 515
398 942
399 891
400 355
401 946
402 631
403 546
404 806
405 661
406 843
407 485
408 448
409 760
410 446
411 618
412 178
413 556
414 161
415 278
416 244
417 511
418 240
419 348
420 622
421 3
422 65
423 205
424 261
425 791
426 720
427 990
428 681
429 413
430 40
431 777
432 646
433 82
434 895
435 604
436 302
437 793
438 291
439 299
440 469
441 319
442 600
443 527
444 680
445 864
446 12
447 923
448 972
449 702
450 116
451 38
452 652
453 546
454 827
455 871
456 235
457 899
458 618
459 675
460 941
461 884
462 944
463 364
464 353
465 213
466 672
467 901
468 252
469 644
470 952
471 844
472 888
473 760
474 831
475 755
476 956
477 564
478 692
479 449
480 23
481 944
482 62
483 249
484 644
485 741
486 723
487 364
488 429
489 699
490 851
491 127
492 30
493 756
494 67
495 101
496 472
497 858
498 557
499 467
500 965
501 756
502 687
503 592
504 846
505 413
506 269
507 350
508 454
509 82
510 554
511 930
512 229
513 838
514 264
515 283
516 774
517 924
518 785
519 373
520 673
521 218
522 331
523 545
524 24
525 622
526 397
527 767
528 684
529 376
530 641
531 717
532 80
533 9
534 309
535 351
536 981
537 485
538 655
539 75
540 836
541 838
542 233
543 306
544 241
545 238
546 450
547 304
548 598
549 44
550 54
551 793
552 907
553 633
554 103
555 134
556 225
557 759
558 894
559 10
560 69
561 466
562 550
563 264
564 559
565 813
566 629
567 510
568 767
569 677
570 818
571 598
572 228
573 106
574 177
575 824
576 142
577 823
578 588
579 230
580 140
581 666
582 795
583 765
584 647
585 272
586 961
587 145
588 55
589 566
590 814
591 225
592 22
593 340
594 578
595 152
596 238
597 48
598 827
599 706
600 212
601 55
602 950
603 651
604 327
605 5
606 88
607 195
608 438
609 814
610 646
611 809
612 741
613 318
614 637
615 826
616 9
617 534
618 459
619 721
620 172
621 953
622 694
623 283
624 866
625 890
626 370
627 333
628 442
629 416
630 30
631 177
632 266
633 334
634 480
635 121
636 683
637 36
638 325
639 53
640 288
641 4
642 907
643 797
644 235
645 832
646 465
647 141
648 650
649 219
650 526
651 839
652 910
653 280
654 116
655 123
656 958
657 9
658 227
659 515
660 369
661 19
662 95
663 885
664 162
665 577
666 210
667 152
668 664
669 433
670 633
671 41
672 499
673 440
674 576
675 347
676 179
677 888
678 690
679 956
680 683
681 876
682 574
683 908
684 922
685 332
686 91
687 697
688 162
689 683
690 956
691 579
692 685
693 706
694 444
695 920
696 439
697 58
698 318
699 838
700 11
701 250
702 481
703 38
704 880
705 996
706 126
707 142
708 877
709 414
710 539
711 499
712 429
713 699
714 961
715 275
716 731
717 528
718 212
719 265
720 244
721 294
722 270
723 333
724 370
725 596
726 174
727 883
728 458
729 77
730 188
731 180
732 799
733 414
734 506
735 136
736 458
737 314
738 665
739 904
740 646
741 854
742 835
743 247
744 372
745 517
746 492
747 989
748 336
749 734
750 891
751 355
752 407
753 998
754 348
755 512
756 419
757 706
758 437
759 590
760 176
761 867
762 358
763 136
764 786
765 0
766 835
767 901
768 337
769 433
770 80
771 606
772 322
773 198
774 153
775 526
776 518
777 89
778 416
779 719
780 884
781 461
782 559
783 418
784 730
785 121
786 235
787 696
788 752
789 646
790 403
791 579
792 871
793 501
794 811
795 714
796 351
797 883
798 659
799 909
800 975
801 9
802 204
803 849
804 304
805 920
806 724
807 315
808 159
809 531
810 69
811 207
812 732
813 77
814 173
815 449
816 412
817 503
818 602
819 996
820 954
821 212
822 232
823 866
824 53
825 928
826 170
827 234
828 976
829 42
830 0
831 367
832 549
833 433
834 232
835 917
836 383
837 842
838 555
839 333
840 536
841 615
842 126
843 887
844 116
845 83
846 563
847 184
848 449
849 151
850 348
851 643
852 525
853 610
854 53
855 567
856 80
857 412
858 856
859 102
860 120
861 493
862 386
863 869
864 166
865 294
866 773
867 928
868 580
869 94
870 158
871 522
872 406
873 335
874 528
875 339
876 107
877 397
878 353
879 142
880 706
881 235
882 570
883 184
884 201
885 515
886 3
887 521
888 721
889 399
890 41
891 245
892 995
893 910
894 655
895 326
896 486
897 425
898 396
899 842
900 306
901 472
902 12
903 527
904 17
905 529
906 167
907 382
908 428
909 495
910 250
911 190
912 526
913 783
914 32
915 336
916 339
917 331
918 724
919 694
920 5
921 720
922 715
923 223
924 17
925 530
926 936
927 313
928 923
929 579
930 217
931 890
932 334
933 488
934 59
935 618
936 796
937 130
938 515
939 234
940 479
941 200
942 395
943 73
944 411
945 920
946 538
947 576
948 604
949 147
950 21
951 497
952 436
953 205
954 23
955 395
956 13
957 667
958 488
959 382
960 303
961 37
962 427
963 31
964 261
965 487
966 389
967 147
968 277
969 978
970 550
971 575
972 544
973 507
974 440
975 178
976 878
977 211
978 71
979 41
980 62
981 162
982 95
983 548
984 959
985 284
986 167
987 100
988 395
989 515
990 462
991 51
992 588
993 296
994 475
995 23
996 412
997 136
998 580
999 618
1000 245
1001 514
1002 163
1003 187
1004 398
1005 685
1006 20
1007 203
1008 880
1009 755
1010 718
1011 41
1012 898
1013 635
1014 712
1015 932
1016 273
1017 855
1018 736
1019 243
1020 297
1021 317
1022 211
1023 620
1024 2
1025 823
1026 185
1027 52
1028 893
1029 95
1030 3
1031 964
1032 481
1033 101
1034 237
1035 681
1036 138
1037 724
1038 876
1039 410
1040 391
1041 214
1042 74
1043 525
1044 198
1045 424
1046 577
1047 773
1048 750
1049 52
1050 26
1051 405
1052 514
1053 843
1054 968
1055 231
1056 2
1057 218
1058 490
1059 326
1060 404
1061 429
1062 658
1063 238
1064 944
1065 41
1066 686
1067 104
1068 111
1069 773
1070 70
1071 89
1072 890
1073 582
1074 365
1075 399
1076 616
1077 441
1078 378
1079 740
1080 658
1081 168
1082 525
1083 607
1084 108
1085 693
1086 951
1087 349
1088 567
1089 823
1090 984
1091 813
1092 636
1093 314
1094 150
1095 542
1096 713
1097 786
1098 970
1099 920
1100 258
1101 573
1102 267
1103 838
1104 544
1105 595
1106 525
1107 167
1108 845
1109 510
1110 270
1111 609
1112 910
1113 691
1114 693
1115 751
1116 469
1117 609
1118 44
1119 276
1120 315
1121 641
1122 47
1123 620
1124 868
1125 171
1126 954
1127 208
1128 971
1129 100
1130 930
1131 244
1132 29
1133 714
1134 573
1135 701
1136 724
1137 512
1138 562
1139 440
1140 484
1141 199
1142 750
1143 447
1144 946
1145 49
1146 90
1147 145
1148 237
1149 268
1150 503
1151 156
1152 952
1153 736
1154 210
1155 505
1156 252
1157 85
1158 372
1159 404
1160 548
1161 299
1162 575
1163 33
1164 394
1165 243
1166 509
1167 192
1168 242
1169 768
1170 218
1171 855
1172 984
1173 730
1174 161
1175 845
1176 219
1177 35
1178 622
1179 468
1180 712
1181 211
1182 533
1183 400
1184 441
1185 667
1186 714
1187 84
1188 187
1189 165
1190 953
1191 380
1192 213
1193 610
1194 819
1195 453
1196 846
1197 197
1198 494
1199 772
1200 74
1201 454
1202 876
1203 240
1204 962
1205 222
1206 289
1207 591
1208 518
1209 671
1210 499
1211 237
1212 13
1213 483
1214 424
1215 704
1216 515
1217 643
1218 776
1219 180
1220 533
1221 917
1222 177
1223 978
1224 966
1225 115
1226 409
1227 795
1228 867
1229 348
1230 626
1231 766
1232 477
1233 685
1234 900
1235 829
1236 305
1237 501
1238 785
1239 820
1240 557
1241 994
1242 124
1243 220
1244 224
1245 872
1246 613
1247 158
1248 324
1249 159
1250 132
1251 298
1252 362
1253 661
1254 35
1255 637
1256 783
1257 737
1258 148
1259 529
1260 586
1261 948
1262 104
1263 748
1264 584
1265 934
1266 23
1267 688
1268 636
1269 146
1270 636
1271 251
1272 738
1273 124
1274 565
1275 468
1276 998
1277 172
1278 126
1279 100
1280 91
1281 793
1282 624
1283 848
1284 864
1285 176
1286 318
1287 616
1288 223
1289 300
1290 591
1291 344
1292 588
1293 680
1294 802
1295 308
1296 23
1297 98
1298 720
1299 805
1300 917
1301 77
1302 798
1303 512
1304 971
1305 833
1306 486
1307 304
1308 768
1309 961
1310 79
1311 123
1312 665
1313 886
1314 986
1315 116
1316 771
1317 91
1318 354
1319 994
1320 779
1321 299
1322 842
1323 151
1324 667
1325 120
1326 594
1327 861
1328 488
1329 401
1330 387
1331 617
1332 101
1333 865
1334 993
1335 689
1336 338
1337 30
1338 100
1339 831
1340 145
1341 581
1342 53
1343 574
1344 623
1345 30
1346 815
1347 352
1348 994
1349 223
1350 807
1351 76
1352 749
1353 427
1354 909
1355 873
1356 698
1357 95
1358 838
1359 22
1360 2
1361 526
1362 808
1363 545
1364 522
1365 732
1366 194
1367 328
1368 857
1369 879
1370 392
1371 843
1372 826
1373 900
1374 403
1375 952
1376 244
1377 910
1378 279
1379 426
1380 43
1381 331
1382 672
1383 492
1384 950
1385 432
1386 877
1387 594
1388 387
1389 728
1390 712
1391 782
1392 14
1393 312
1394 88
1395 875
1396 431
1397 24
1398 135
1399 994
1400 21
1401 961
1402 698
1403 890
1404 276
1405 935
1406 211
1407 904
1408 736
1409 194
1410 991
1411 145
1412 354
1413 517
1414 628
1415 634
1416 336
1417 461
1418 267
1419 613
1420 377
1421 480
1422 868
1423 935
1424 769
1425 376
1426 872
1427 594
1428 145
1429 41
1430 194
1431 803
1432 261
1433 456
1434 128
1435 21
1436 18
1437 324
1438 953
1439 507
1440 418
1441 58
1442 124
1443 688
1444 50
1445 441
1446 341
1447 928
1448 795
1449 28
1450 216
1451 258
1452 321
1453 919
1454 816
1455 885
1456 384
1457 864
1458 200
1459 316
1460 345
1461 275
1462 663
1463 768
1464 252
1465 459
1466 696
1467 743
1468 774
1469 747
1470 532
1471 246
1472 990
1473 65
1474 330
1475 385
1476 80
1477 267
1478 941
1479 889
1480 396
1481 770
1482 822
1483 41
1484 760
1485 625
1486 324
1487 373
1488 982
1489 676
1490 944
1491 347
1492 336
1493 713
1494 838
1495 8
1496 592
1497 164
1498 859
1499 911
1500 184
1501 912
1502 817
1503 67
1504 115
1505 925
1506 493
1507 630
1508 986
1509 568
1510 245
1511 694
1512 514
1513 320
1514 751
1515 471
1516 806
1517 948
1518 520
1519 637
1520 6
1521 449
1522 714
1523 292
1524 393
1525 432
1526 529
1527 662
1528 477
1529 981
1530 342
1531 190
1532 705
1533 820
1534 563
1535 233
1536 114
1537 851
1538 41
1539 327
1540 816
1541 586
1542 118
1543 628
1544 428
1545 986
1546 493
1547 458
1548 810
1549 297
1550 392
1551 749
1552 236
1553 49
1554 511
1555 80
1556 386
1557 473
1558 37
1559 787
1560 244
1561 880
1562 242
1563 786
1564 328
1565 774
1566 238
1567 183
1568 457
1569 983
1570 36
1571 930
1572 578
1573 812
1574 610
1575 366
1576 993
1577 82
1578 720
1579 747
1580 394
1581 933
1582 158
1583 449
1584 155
1585 954
1586 726
1587 969
1588 227
1589 919
1590 403
1591 357
1592 483
1593 17
1594 179
1595 52
1596 294
1597 623
1598 73
1599 558
1600 833
1601 917
1602 589
1603 581
1604 119
1605 336
1606 258
1607 592
1608 378
1609 812
1610 901
1611 60
1612 169
1613 481
1614 172
1615 573
1616 454
1617 389
1618 169
1619 295
1620 33
1621 958
1622 906
1623 60
1624 115
1625 499
1626 846
1627 747
1628 378
1629 429
1630 834
1631 446
1632 333
1633 591
1634 152
1635 874
1636 225
1637 426
1638 506
1639 493
1640 658
1641 909
1642 169
1643 189
1644 117
1645 608
1646 546
1647 360
1648 880
1649 566
1650 315
1651 542
1652 896
1653 324
1654 895
1655 91
1656 699
1657 158
1658 169
1659 938
1660 244
1661 926
1662 138
1663 246
1664 855
1665 471
1666 864
1667 328
1668 717
1669 42
1670 670
1671 126
1672 706
1673 846
1674 899
1675 182
1676 81
1677 280
1678 504
1679 110
1680 875
1681 986
1682 755
1683 760
1684 446
1685 582
1686 696
1687 768
1688 706
1689 278
1690 729
1691 326
1692 388
1693 70
1694 283
1695 172
1696 190
1697 516
1698 596
1699 788
1700 352
1701 284
1702 710
1703 358
1704 255
1705 804
1706 395
1707 719
1708 656
1709 374
1710 460
1711 414
1712 955
1713 275
1714 459
1715 705
1716 558
1717 736
1718 433
1719 370
1720 549
1721 313
1722 617
1723 539
1724 188
1725 472
1726 579
1727 143
1728 14
1729 231
1730 206
1731 87
1732 712
1733 501
1734 546
1735 109
1736 735
1737 787
1738 655
1739 846
1740 745
1741 940
1742 152
1743 943
1744 90
1745 337
1746 1
1747 14
1748 667
1749 707
1750 590
1751 438
1752 127
1753 843
1754 831
1755 577
1756 331
1757 586
1758 966
1759 700
1760 477
1761 430
1762 600
1763 330
1764 338
1765 123
1766 481
1767 529
1768 755
1769 576
1770 418
1771 681
1772 178
1773 371
1774 14
1775 173
1776 422
1777 595
1778 293
1779 648
1780 375
1781 55
1782 854
1783 293
1784 250
1785 119
1786 984
1787 129
1788 714
1789 142
1790 53
1791 56
1792 914
1793 682
1794 325
1795 673
1796 516
1797 938
1798 178
1799 438
1800 572
1801 51
1802 307
1803 85
1804 95
1805 879
1806 5
1807 656
1808 182
1809 64
1810 853
1811 89
1812 425
1813 135
1814 945
1815 369
1816 504
1817 209
1818 536
1819 563
1820 110
1821 707
1822 666
1823 560
1824 428
1825 530
1826 76
1827 939
1828 276
1829 997
1830 577
1831 299
1832 39
1833 952
1834 769
1835 514
1836 547
1837 89
1838 853
1839 298
1840 861
1841 501
1842 770
1843 207
1844 960
1845 860
1846 181
1847 117
1848 896
1849 384
1850 740
1851 927
1852 92
1853 515
1854 698
1855 216
1856 285
1857 987
1858 633
1859 117
1860 440
1861 114
1862 635
1863 865
1864 79
1865 390
1866 273
1867 294
1868 60
1869 865
1870 134
1871 808
1872 316
1873 648
1874 908
1875 612
1876 93
1877 307
1878 63
1879 649
1880 970
1881 505
1882 203
1883 675
1884 426
1885 53
1886 642
1887 427
1888 365
1889 575
1890 144
1891 29
1892 502
1893 428
1894 531
1895 215
1896 40
1897 773
1898 144
1899 312
1900 741
1901 39
1902 197
1903 682
1904 904
1905 585
1906 500
1907 788
1908 748
1909 290
1910 549
1911 24
1912 484
1913 464
1914 128
1915 423
1916 189
1917 516
1918 450
1919 565
1920 713
1921 236
1922 273
1923 239
1924 421
1925 66
1926 209
1927 193
1928 760
1929 867
1930 238
1931 960
1932 239
1933 258
1934 945
1935 39
1936 575
1937 381
1938 622
1939 697
1940 15
1941 410
1942 237
1943 673
1944 508
1945 197
1946 808
1947 604
1948 939
1949 698
1950 358
1951 521
1952 364
1953 168
1954 504
1955 749
1956 352
1957 689
1958 694
1959 538
1960 527
1961 59
1962 669
1963 387
1964 55
1965 994
1966 264
1967 722
1968 560
1969 373
1970 462
1971 628
1972 785
1973 276
1974 128
1975 877
1976 562
1977 14
1978 256
1979 916
1980 531
1981 645
1982 241
1983 765
1984 323
1985 37
1986 936
1987 60
1988 50
1989 163
1990 154
1991 708
1992 947
1993 424
1994 721
1995 198
1996 593
1997 888
1998 660
1999 777
2000 397
2001 534
2002 980
2003 936
2004 547
2005 586
2006 539
2007 742
2008 567
2009 771
2010 107
2011 945
2012 658
2013 142
2014 717
2015 773
2016 908
2017 842
2018 655
2019 524
2020 824
2021 966
2022 450
2023 103
2024 274
2025 175
2026 774
2027 864
2028 93
2029 25
2030 364
2031 178
2032 964
2033 628
2034 918
2035 936
2036 297
2037 731
2038 970
2039 770
2040 684
2041 519
2042 609
2043 303
2044 367
2045 406
2046 281
2047 981
2048 93
2049 326
2050 963
2051 842
2052 829
2053 385
2054 814
2055 89
2056 755
2057 478
2058 546
2059 882
2060 109
2061 599
2062 97
2063 737
2064 8
2065 946
2066 244
2067 764
2068 267
2069 480
2070 36
2071 74
2072 446
2073 921
2074 829
2075 504
2076 32
2077 81
2078 642
2079 702
2080 0
2081 581
2082 329
2083 914
2084 709
2085 68
2086 424
2087 786
2088 885
2089 200
2090 177
2091 315
2092 886
2093 544
2094 955
2095 672
2096 315
2097 278
2098 149
2099 826
2100 859
2101 252
2102 726
2103 990
2104 635
2105 905
2106 638
2107 863
2108 2
2109 942
2110 902
2111 660
2112 957
2113 978
2114 306
2115 883
2116 200
2117 656
2118 15
2119 683
2120 577
2121 798
2122 804
2123 102
2124 761
2125 331
2126 849
2127 530
2128 527
2129 233
2130 374
2131 221
2132 786
2133 412
2134 273
2135 247
2136 571
2137 475
2138 63
2139 291
2140 19
2141 974
2142 526
2143 635
2144 531
2145 337
2146 582
2147 67
2148 259
2149 122
2150 875
2151 249
2152 794
2153 423
2154 655
2155 34
2156 894
2157 271
2158 273
2159 630
2160 639
2161 384
2162 244
2163 995
2164 899
2165 321
2166 195
2167 922
2168 23
2169 636
2170 554
2171 341
2172 864
2173 771
2174 557
2175 94
2176 882
2177 555
2178 84
2179 958
2180 923
2181 181
2182 75
2183 28
2184 218
2185 76
2186 821
2187 470
2188 690
2189 205
2190 866
2191 626
2192 365
2193 296
2194 308
2195 571
2196 472
2197 725
2198 248
2199 301
2200 242
2201 554
2202 61
2203 256
2204 908
2205 570
2206 309
2207 634
2208 752
2209 829
2210 32
2211 669
2212 652
2213 493
2214 327
2215 943
2216 548
2217 494
2218 63
2219 486
2220 927
2221 655
2222 854
2223 833
2224 420
2225 39
2226 740
2227 323
2228 216
2229 782
2230 638
2231 712
2232 869
2233 466
2234 626
2235 498
2236 262
2237 802
2238 851
2239 419
2240 881
2241 406
2242 9
2243 54
2244 682
2245 853
2246 917
2247 387
2248 751
2249 818
2250 693
2251 503
2252 450
2253 267
2254 810
2255 881
2256 761
2257 336
2258 606
2259 888
2260 470
2261 104
2262 866
2263 670
2264 359
2265 169
2266 986
2267 710
2268 73
2269 728
2270 638
2271 519
2272 697
2273 748
2274 538
2275 360
2276 852
2277 931
2278 272
2279 139
2280 191
2281 920
2282 828
2283 915
2284 412
2285 529
2286 610
2287 507
2288 456
2289 639
2290 330
2291 963
2292 111
2293 474
2294 940
2295 892
2296 623
2297 159
2298 654
2299 267
2300 154
2301 467
2302 116
2303 538
2304 422
2305 581
2306 535
2307 597
2308 433
2309 753
2310 420
2311 946
2312 462
2313 791
2314 530
2315 26
2316 855
2317 342
2318 847
2319 518
2320 461
2321 959
2322 451
2323 829
2324 610
2325 360
2326 827
2327 183
2328 871
2329 567
2330 529
2331 413
2332 847
2333 418
2334 419
2335 371
2336 181
2337 591
2338 656
2339 630
2340 569
2341 479
2342 702
2343 346
2344 607
2345 872
2346 285
2347 228
2348 580
2349 55
2350 254
2351 423
2352 329
2353 160
2354 483
2355 605
2356 976
2357 742
2358 474
2359 859
2360 423
2361 201
2362 562
2363 69
2364 213
2365 772
2366 747
2367 553
2368 668
2369 968
2370 349
2371 934
2372 766
2373 666
2374 225
2375 486
2376 985
2377 454
2378 582
2379 841
2380 788
2381 106
2382 949
2383 242
2384 747
2385 75
2386 387
2387 270
2388 409
2389 709
2390 831
2391 947
2392 974
2393 193
2394 440
2395 600
2396 852
2397 476
2398 188
2399 283
2400 968
2401 841
2402 437
2403 859
2404 700
2405 144
2406 14
2407 907
2408 602
2409 289
2410 873
2411 270
2412 106
2413 142
2414 937
2415 793
2416 521
2417 803
2418 46
2419 125
2420 553
2421 658
2422 236
2423 583
2424 932
2425 956
2426 683
2427 610
2428 947
2429 344
2430 746
2431 877
2432 103
2433 623
2434 210
2435 482
2436 173
2437 354
2438 845
2439 618
2440 912
2441 941
2442 380
2443 326
2444 726
2445 470
2446 39
2447 573
2448 667
2449 710
2450 636
2451 42
2452 344
2453 448
2454 47
2455 86
2456 292
2457 853
2458 20
2459 760
2460 789
2461 34
2462 875
2463 656
2464 187
2465 957
2466 517
2467 214
2468 150
2469 599
2470 562
2471 409
2472 991
2473 354
2474 51
2475 738
2476 254
2477 123
2478 695
2479 530
2480 370
2481 563
2482 411
2483 897
2484 929
2485 708
2486 202
2487 770
2488 475
2489 575
2490 93
2491 782
2492 610
2493 334
2494 303
2495 290
2496 867
2497 134
2498 362
2499 769
2500 756
2501 137
2502 646
2503 334
2504 276
2505 878
2506 684
2507 821
2508 589
2509 196
2510 143
2511 152
2512 376
2513 483
2514 896
2515 247
2516 531
2517 857
2518 778
2519 975
2520 634
2521 162
2522 717
2523 36
2524 900
2525 523
2526 101
2527 64
2528 637
2529 264
2530 703
2531 130
2532 80
2533 490
2534 10
2535 898
2536 943
2537 595
2538 168
2539 14
2540 528
2541 921
2542 792
2543 18
2544 575
2545 737
2546 642
2547 959
2548 339
2549 268
2550 704
2551 177
2552 683
2553 345
2554 569
2555 979
2556 585
2557 402
2558 67
2559 12
2560 733
2561 575
2562 783
2563 453
2564 814
2565 664
2566 723
2567 165
2568 227
2569 686
2570 978
2571 627
2572 533
2573 778
2574 619
2575 965
2576 260
2577 848
2578 591
2579 277
2580 179
2581 812
2582 541
2583 992
2584 572
2585 603
2586 580
2587 412
2588 340
2589 200
2590 54
2591 805
2592 999
2593 251
2594 434
2595 405
2596 298
2597 371
2598 136
2599 37
2600 94
2601 548
2602 220
2603 902
2604 897
2605 306
2606 567
2607 852
2608 405
2609 584
2610 143
2611 336
2612 374
2613 543
2614 673
2615 474
2616 933
2617 9
2618 466
2619 341
2620 209
2621 907
2622 627
2623 518
2624 753
2625 113
2626 269
2627 758
2628 166
2629 346
2630 766
2631 383
2632 880
2633 741
2634 185
2635 448
2636 945
2637 879
2638 199
2639 108
2640 214
2641 156
2642 520
2643 667
2644 276
2645 682
2646 75
2647 135
2648 865
2649 626
2650 519
2651 618
2652 970
2653 618
2654 508
2655 581
2656 938
2657 417
2658 93
2659 82
2660 614
2661 523
2662 489
2663 517
2664 525
2665 885
2666 185
2667 586
2668 525
2669 763
2670 393
2671 151
2672 927
2673 796
2674 233
2675 464
2676 100
2677 255
2678 696
2679 665
2680 332
2681 897
2682 478
2683 669
2684 173
2685 967
2686 741
2687 422
2688 489
2689 381
2690 182
2691 260
2692 385
2693 544
2694 39
2695 409
2696 684
2697 356
2698 783
2699 905
2700 536
2701 745
2702 533
2703 28
2704 275
2705 403
2706 274
2707 28
2708 770
2709 866
2710 83
2711 20
2712 887
2713 144
2714 365
2715 855
2716 264
2717 812
2718 108
2719 701
2720 70
2721 530
2722 276
2723 163
2724 488
2725 871
2726 789
2727 384
2728 970
2729 746
2730 768
2731 825
2732 357
2733 640
2734 810
2735 611
2736 156
2737 438
2738 345
2739 753
2740 503
2741 851
2742 680
2743 862
2744 641
2745 256
2746 532
2747 505
2748 161
2749 871
2750 624
2751 516
2752 524
2753 234
2754 796
2755 908
2756 398
2757 726
2758 568
2759 201
2760 295
2761 360
2762 755
2763 257
2764 495
2765 352
2766 492
2767 924
2768 700
2769 21
2770 538
2771 865
2772 442
2773 535
2774 889
2775 575
2776 942
2777 294
2778 815
2779 746
2780 998
2781 872
2782 66
2783 766
2784 618
2785 505
2786 95
2787 841
2788 945
2789 640
2790 738
2791 862
2792 239
2793 247
2794 479
2795 718
2796 34
2797 427
2798 503
2799 390
2800 557
2801 985
2802 986
2803 428
2804 136
2805 460
2806 543
2807 374
2808 253
2809 654
2810 125
2811 269
2812 941
2813 10
2814 879
2815 218
2816 904
2817 437
2818 606
2819 254
2820 475
2821 106
2822 947
2823 719
2824 457
2825 211
2826 211
2827 901
2828 125
2829 712
2830 920
2831 575
2832 117
2833 91
2834 604
2835 129
2836 955
2837 367
2838 528
2839 789
2840 278
2841 913
2842 731
2843 96
2844 922
2845 460
2846 575
2847 119
2848 264
2849 697
2850 798
2851 126
2852 163
2853 342
2854 999
2855 91
2856 459
2857 39
2858 161
2859 773
2860 928
2861 780
2862 344
2863 166
2864 925
2865 125
2866 241
2867 138
2868 197
2869 787
2870 32
2871 408
2872 731
2873 627
2874 269
2875 769
2876 206
2877 314
2878 258
2879 86
2880 340
2881 14
2882 909
2883 747
2884 539
2885 695
2886 410
2887 124
2888 994
2889 708
2890 620
2891 99
2892 49
2893 579
2894 464
2895 969
2896 248
2897 154
2898 926
2899 252
2900 4
2901 464
2902 501
2903 829
2904 935
2905 515
2906 310
2907 229
2908 317
2909 480
2910 779
2911 33
2912 15
2913 609
2914 203
2915 350
2916 86
2917 24
2918 385
2919 376
2920 832
2921 371
2922 591
2923 655
2924 229
2925 853
2926 488
2927 623
2928 334
2929 140
2930 13
2931 917
2932 794
2933 638
2934 146
2935 563
2936 95
2937 831
2938 695
2939 78
2940 130
2941 763
2942 127
2943 807
2944 259
2945 133
2946 678
2947 417
2948 162
2949 647
2950 614
2951 640
2952 584
2953 471
2954 781
2955 933
2956 489
2957 850
2958 915
2959 107
2960 360
2961 437
2962 47
2963 919
2964 237
2965 515
2966 609
2967 124
2968 799
2969 623
2970 162
2971 159
2972 271
2973 328
2974 305
2975 495
2976 784
2977 743
2978 356
2979 932
2980 314
2981 230
2982 372
2983 306
2984 786
2985 907
2986 343
2987 849
2988 633
2989 714
2990 313
2991 137
2992 824
2993 495
2994 981
2995 617
2996 777
2997 462
2998 526
2999 483
3000 972
3001 153
3002 881
3003 674
3004 477
3005 227
3006 935
3007 749
3008 657
3009 649
3010 980
3011 856
3012 391
3013 388
3014 762
3015 558
3016 636
3017 482
3018 55
3019 224
3020 436
3021 841
3022 134
3023 319
3024 765
3025 848
3026 377
3027 428
3028 954
3029 645
3030 809
3031 380
3032 628
3033 0
3034 630
3035 672
3036 838
3037 310
3038 758
3039 365
3040 997
3041 25
3042 76
3043 306
3044 37
3045 314
3046 799
3047 229
3048 63
3049 867
3050 481
3051 923
3052 815
3053 426
3054 769
3055 505
3056 543
3057 633
3058 892
3059 27
3060 872
3061 437
3062 429
3063 80
3064 193
3065 526
3066 773
3067 414
3068 352
3069 106
3070 826
3071 379
3072 506
3073 435
3074 357
3075 596
3076 510
3077 905
3078 583
3079 271
3080 997
3081 446
3082 180
3083 871
3084 334
3085 416
3086 569
3087 424
3088 603
3089 43
3090 222
3091 697
3092 543
3093 847
3094 303
3095 795
3096 900
3097 735
3098 667
3099 747
3100 638
3101 253
3102 546
3103 496
3104 711
3105 401
3106 681
3107 136
3108 895
3109 415
3110 698
3111 733
3112 69
3113 459
3114 241
3115 602
3116 227
3117 436
3118 4
3119 485
3120 471
3121 209
3122 864
3123 215
3124 825
3125 647
3126 880
3127 777
3128 703
3129 146
3130 663
3131 137
3132 808
3133 350
3134 234
3135 213
3136 201
3137 913
3138 718
3139 503
3140 66
3141 92
3142 407
3143 50
3144 105
3145 72
3146 88
3147 466
3148 916
3149 194
3150 322
3151 519
3152 119
3153 329
3154 187
3155 79
3156 257
3157 5
3158 485
3159 442
3160 389
3161 508
3162 564
3163 615
3164 346
3165 711
3166 372
3167 413
3168 560
3169 350
3170 264
3171 220
3172 46
3173 822
3174 861
3175 268
3176 197
3177 340
3178 192
3179 165
3180 293
3181 828
3182 463
3183 931
3184 192
3185 84
3186 268
3187 986
3188 605
3189 374
3190 330
3191 709
3192 215
3193 170
3194 778
3195 418
3196 393
3197 804
3198 83
3199 945
3200 24
3201 391
3202 641
3203 549
3204 164
3205 436
3206 816
3207 585
3208 307
3209 854
3210 239
3211 733
3212 945
3213 379
3214 129
3215 276
3216 469
3217 776
3218 205
3219 487
3220 683
3221 862
3222 25
3223 788
3224 535
3225 889
3226 542
3227 584
3228 693
3229 818
3230 125
3231 885
3232 870
3233 687
3234 504
3235 430
3236 61
3237 756
3238 414
3239 181
3240 827
3241 199
3242 225
3243 216
3244 17
3245 952
3246 202
3247 682
3248 267
3249 496
3250 141
3251 710
3252 10
3253 786
3254 930
3255 241
3256 794
3257 828
3258 959
3259 124
3260 654
3261 749
3262 61
3263 953
3264 156
3265 815
3266 386
3267 261
3268 587
3269 480
3270 403
3271 58
3272 476
3273 487
3274 231
3275 568
3276 435
3277 351
3278 583
3279 463
3280 934
3281 411
3282 697
3283 214
3284 443
3285 616
3286 449
3287 583
3288 171
3289 862
3290 226
3291 614
3292 766
3293 552
3294 964
3295 401
3296 841
3297 469
3298 736
3299 817
3300 73
3301 272
3302 360
3303 442
3304 539
3305 811
3306 535
3307 722
3308 251
3309 721
3310 37
3311 720
3312 439
3313 738
3314 281
3315 905
3316 977
3317 613
3318 870
3319 340
3320 225
3321 539
3322 501
3323 34
3324 107
3325 982
3326 857
3327 297
3328 878
3329 529
3330 437
3331 601
3332 238
3333 483
3334 413
3335 705
3336 628
3337 603
3338 865
3339 58
3340 853
3341 699
3342 705
3343 482
3344 802
3345 802
3346 923
3347 558
3348 522
3349 167
3350 373
3351 978
3352 906
3353 482
3354 227
3355 347
3356 303
3357 920
3358 991
3359 237
3360 786
3361 103
3362 857
3363 161
3364 429
3365 34
3366 907
3367 652
3368 960
3369 147
3370 523
3371 456
3372 363
3373 219
3374 839
3375 910
3376 225
3377 521
3378 214
3379 151
3380 617
3381 197
3382 968
3383 989
3384 150
3385 579
3386 280
3387 524
3388 416
3389 318
3390 272
3391 375
3392 252
3393 282
3394 96
3395 70
3396 556
3397 568
3398 189
3399 722
3400 612
3401 166
3402 32
3403 546
3404 547
3405 864
3406 992
3407 38
3408 969
3409 250
3410 882
3411 859
3412 352
3413 404
3414 291
3415 58
3416 482
3417 51
3418 891
3419 727
3420 660
3421 489
3422 290
3423 376
3424 168
3425 619
3426 609
3427 913
3428 867
3429 517
3430 154
3431 467
3432 115
3433 560
3434 446
3435 577
3436 45
3437 329
3438 866
3439 765
3440 920
3441 97
3442 131
3443 772
3444 928
3445 828
3446 265
3447 480
3448 910
3449 607
3450 726
3451 527
3452 988
3453 370
3454 566
3455 464
3456 111
3457 124
3458 985
3459 669
3460 861
3461 138
3462 983
3463 32
3464 994
3465 933
3466 950
3467 665
3468 958
3469 257
3470 46
3471 321
3472 491
3473 774
3474 672
3475 849
3476 127
3477 721
3478 21
3479 629
3480 803
3481 559
3482 998
3483 698
3484 956
3485 523
3486 733
3487 677
3488 128
3489 484
3490 642
3491 507
3492 836
3493 525
3494 984
3495 441
3496 437
3497 719
3498 558
3499 435
3500 857
3501 410
3502 59
3503 77
3504 450
3505 324
3506 192
3507 5
3508 85
3509 373
3510 689
3511 337
3512 284
3513 468
3514 529
3515 166
3516 61
3517 973
3518 427
3519 983
3520 852
3521 823
3522 962
3523 178
3524 773
3525 948
3526 93
3527 78
3528 925
3529 393
3530 939
3531 930
3532 592
3533 144
3534 619
3535 506
3536 485
3537 655
3538 160
3539 728
3540 83
3541 437
3542 371
3543 968
3544 749
3545 37
3546 746
3547 910
3548 118
3549 786
3550 864
3551 522
3552 245
3553 918
3554 830
3555 412
3556 817
3557 469
3558 646
3559 729
3560 811
3561 296
3562 460
3563 568
3564 835
3565 741
3566 523
3567 903
3568 659
3569 628
3570 241
3571 240
3572 993
3573 163
3574 731
3575 792
3576 389
3577 880
3578 402
3579 444
3580 441
3581 236
3582 573
3583 916
3584 796
3585 437
3586 807
3587 464
3588 690
3589 943
3590 247
3591 921
3592 426
3593 295
3594 797
3595 912
3596 784
3597 389
3598 430
3599 647
3600 614
3601 527
3602 397
3603 274
3604 678
3605 729
3606 821
3607 75
3608 955
3609 478
3610 857
3611 62
3612 841
3613 885
3614 181
3615 700
3616 760
3617 714
3618 83
3619 893
3620 272
3621 178
3622 76
3623 113
3624 793
3625 572
3626 47
3627 308
3628 936
3629 149
3630 550
3631 417
3632 157
3633 972
3634 239
3635 157
3636 542
3637 762
3638 860
3639 190
3640 388
3641 609
3642 785
3643 658
3644 266
3645 749
3646 384
3647 951
3648 982
3649 103
3650 666
3651 702
3652 836
3653 762
3654 984
3655 289
3656 695
3657 838
3658 489
3659 423
3660 4
3661 899
3662 978
3663 97
3664 992
3665 112
3666 622
3667 425
3668 86
3669 842
3670 893
3671 23
3672 138
3673 611
3674 351
3675 361
3676 480
3677 510
3678 814
3679 342
3680 840
3681 421
3682 240
3683 991
3684 771
3685 447
3686 203
3687 714
3688 18
3689 562
3690 616
3691 943
3692 425
3693 57
3694 55
3695 908
3696 530
3697 341
3698 982
3699 638
3700 888
3701 358
3702 754
3703 997
3704 67
3705 490
3706 368
3707 819
3708 967
3709 162
3710 838
3711 307
3712 72
3713 41
3714 945
3715 194
3716 864
3717 534
3718 932
3719 700
3720 178
3721 479
3722 662
3723 421
3724 825
3725 849
3726 545
3727 641
3728 35
3729 995
3730 616
3731 945
3732 752
3733 617
3734 986
3735 258
3736 110
3737 617
3738 607
3739 323
3740 567
3741 590
3742 99
3743 327
3744 881
3745 22
3746 44
3747 166
3748 353
3749 589
3750 28
3751 26
3752 669
3753 733
3754 688
3755 109
3756 472
3757 469
3758 181
3759 393
3760 42
3761 681
3762 12
3763 536
3764 84
3765 941
3766 534
3767 252
3768 27
3769 485
3770 342
3771 910
3772 164
3773 698
3774 956
3775 455
3776 889
3777 418
3778 863
3779 94
3780 400
3781 239
3782 393
3783 538
3784 179
3785 71
3786 817
3787 284
3788 934
3789 265
3790 413
3791 341
3792 622
3793 695
3794 442
3795 797
3796 576
3797 640
3798 593
3799 615
3800 994
3801 452
3802 263
3803 822
3804 472
3805 294
3806 404
3807 1
3808 123
3809 105
3810 655
3811 926
3812 278
3813 787
3814 244
3815 708
3816 950
3817 448
3818 943
3819 637
3820 51
3821 148
3822 563
3823 383
3824 874
3825 695
3826 565
3827 675
3828 564
3829 30
3830 104
3831 242
3832 964
3833 855
3834 85
3835 44
3836 692
3837 907
3838 246
3839 684
3840 904
3841 944
3842 762
3843 930
3844 205
3845 215
3846 196
3847 309
3848 793
3849 278
3850 405
3851 200
3852 227
3853 678
3854 874
3855 756
3856 91
3857 971
3858 880
3859 400
3860 330
3861 703
3862 536
3863 336
3864 132
3865 49
3866 304
3867 361
3868 508
3869 598
3870 707
3871 225
3872 796
3873 448
3874 95
3875 947
3876 912
3877 394
3878 859
3879 358
3880 112
3881 961
3882 385
3883 669
3884 55
3885 183
3886 166
3887 514
3888 774
3889 840
3890 788
3891 665
3892 149
3893 146
3894 624
3895 99
3896 375
3897 357
3898 353
3899 73
3900 557
3901 322
3902 441
3903 583
3904 877
3905 963
3906 390
3907 149
3908 980
3909 549
3910 979
3911 5
3912 190
3913 110
3914 464
3915 407
3916 923
3917 501
3918 602
3919 851
3920 800
3921 874
3922 368
3923 394
3924 742
3925 184
3926 997
3927 920
3928 354
3929 952
3930 599
3931 60
3932 764
3933 531
3934 281
3935 116
3936 676
3937 952
3938 447
3939 26
3940 626
3941 845
3942 888
3943 981
3944 45
3945 53
3946 721
3947 792
3948 165
3949 633
3950 199
3951 567
3952 193
3953 973
3954 287
3955 780
3956 113
3957 628
3958 304
3959 461
3960 435
3961 303
3962 622
3963 839
3964 490
3965 605
3966 99
3967 98
3968 893
3969 432
3970 187
3971 528
3972 235
3973 935
3974 167
3975 142
3976 170
3977 333
3978 947
3979 908
3980 847
3981 825
3982 190
3983 574
3984 766
3985 716
3986 859
3987 177
3988 514
3989 785
3990 218
3991 13
3992 567
3993 57
3994 4
3995 437
3996 829
3997 930
3998 438
3999 606
4000 67
4001 249
4002 281
4003 872
4004 785
4005 594
4006 689
4007 374
4008 167
4009 523
4010 75
4011 304
4012 573
4013 192
4014 675
4015 158
4016 92
4017 33
4018 814
4019 335
4020 53
4021 903
4022 425
4023 562
4024 804
4025 638
4026 236
4027 198
4028 307
4029 349
4030 271
4031 776
4032 917
4033 360
4034 697
4035 782
4036 99
4037 423
4038 586
4039 714
4040 599
4041 404
4042 331
4043 671
4044 613
4045 706
4046 711
4047 51
4048 189
4049 162
4050 218
4051 974
4052 681
4053 890
4054 597
4055 47
4056 519
4057 214
4058 163
4059 785
4060 901
4061 947
4062 493
4063 640
4064 422
4065 620
4066 918
4067 393
4068 479
4069 167
4070 43
4071 672
4072 376
4073 222
4074 556
4075 509
4076 250
4077 962
4078 68
4079 348
4080 81
4081 650
4082 104
4083 65
4084 109
4085 997
4086 138
4087 28
4088 597
4089 237
4090 823
4091 537
4092 165
4093 277
4094 571
4095 773
4096 862
4097 611
4098 602
4099 820
4100 732
4101 998
4102 853
4103 522
4104 563
4105 263
4106 983
4107 812
4108 928
4109 825
4110 286
4111 344
4112 198
4113 903
4114 834
4115 103
4116 832
4117 157
4118 208
4119 533
4120 768
4121 834
4122 73
4123 205
4124 83
4125 616
4126 825
4127 319
4128 238
4129 693
4130 284
4131 911
4132 631
4133 607
4134 275
4135 649
4136 877
4137 177
4138 111
4139 403
4140 776
4141 482
4142 231
4143 871
4144 881
4145 395
4146 814
4147 278
4148 745
4149 299
4150 629
4151 632
4152 808
4153 172
4154 410
4155 936
4156 618
4157 67
4158 385
4159 644
4160 566
4161 455
4162 19
4163 138
4164 184
4165 73
4166 434
4167 454
4168 809
4169 289
4170 898
4171 55
4172 708
4173 117
4174 75
4175 808
4176 238
4177 468
4178 190
4179 442
4180 935
4181 545
4182 559
4183 917
4184 219
4185 179
4186 886
4187 672
4188 608
4189 869
4190 196
4191 529
4192 478
4193 307
4194 389
4195 761
4196 58
4197 773
4198 36
4199 548
4200 833
4201 254
4202 804
4203 593
4204 290
4205 464
4206 959
4207 588
4208 440
4209 464
4210 773
4211 274
4212 698
4213 523
4214 799
4215 527
4216 73
4217 520
4218 466
4219 219
4220 780
4221 966
4222 340
4223 822
4224 611
4225 74
4226 700
4227 628
4228 210
4229 484
4230 452
4231 553
4232 954
4233 265
4234 321
4235 542
4236 208
4237 20
4238 901
4239 849
4240 822
4241 889
4242 0
4243 583
4244 448
4245 356
4246 341
4247 683
4248 936
4249 28
4250 260
4251 461
4252 431
4253 458
4254 200
4255 604
4256 372
4257 345
4258 164
4259 489
4260 162
4261 371
4262 769
4263 918
4264 664
4265 816
4266 702
4267 536
4268 112
4269 882
4270 572
4271 606
4272 760
4273 63
4274 688
4275 845
4276 789
4277 436
4278 902
4279 378
4280 847
4281 508
4282 884
4283 494
4284 421
4285 204
4286 175
4287 471
4288 79
4289 140
4290 133
4291 726
4292 816
4293 28
4294 619
4295 98
4296 918
4297 624
4298 966
4299 400
4300 945
4301 825
4302 544
4303 509
4304 375
4305 163
4306 237
4307 380
4308 322
4309 552
4310 400
4311 544
4312 535
4313 656
4314 455
4315 732
4316 357
4317 397
4318 192
4319 410
4320 775
4321 829
4322 214
4323 95
4324 26
4325 628
4326 730
4327 360
4328 812
4329 91
4330 302
4331 608
4332 170
4333 450
4334 148
4335 460
4336 678
4337 107
4338 167
4339 313
4340 371
4341 429
4342 799
4343 498
4344 106
4345 780
4346 170
4347 157
4348 803
4349 784