0 14
0 93
0 122
0 128
0 152
0 157
0 183
0 233
0 248
0 268
0 287
0 324
0 424
0 433
0 446
0 503
0 529
0 558
0 578
0 624
0 655
0 739
0 773
1 7
1 70
1 91
1 122
1 215
1 229
1 259
1 316
1 390
1 463
1 544
1 559
1 564
1 569
1 632
1 846
2 64
2 127
2 133
2 136
2 330
2 334
2 359
2 361
2 369
2 422
2 455
2 469
2 537
2 564
2 671
2 672
2 688
2 728
2 800
2 823
3 6
3 24
3 62
3 105
3 118
3 130
3 181
3 203
3 204
3 282
3 313
3 320
3 330
3 434
3 497
3 509
3 576
3 670
3 687
3 715
3 719
3 743
3 841
4 112
4 115
4 153
4 293
4 332
4 333
4 402
4 518
4 591
4 719
4 805
5 28
5 94
5 158
5 166
5 275
5 286
5 329
5 421
5 497
5 529
5 613
5 626
5 646
5 648
5 664
5 677
5 686
5 742
5 743
5 744
5 784
6 15
6 21
6 31
6 104
6 163
6 183
6 216
6 350
6 388
6 435
6 453
6 457
6 476
6 504
6 506
6 518
6 544
6 584
6 592
6 624
6 658
6 712
6 737
6 746
7 36
7 56
7 144
7 260
7 282
7 324
7 498
7 510
7 604
7 668
7 672
7 689
7 709
7 715
7 726
7 748
7 762
7 765
7 846
8 21
8 52
8 88
8 104
8 197
8 199
8 292
8 330
8 334
8 395
8 410
8 432
8 466
8 502
8 512
8 558
8 571
8 704
8 713
8 821
9 20
9 26
9 47
9 65
9 185
9 204
9 212
9 231
9 233
9 290
9 293
9 319
9 327
9 363
9 370
9 398
9 480
9 512
9 537
9 631
9 632
9 652
9 812
9 832
9 836
9 837
10 64
10 98
10 225
10 301
10 367
10 405
10 432
10 502
10 571
10 613
10 769
10 830
11 31
11 88
11 90
11 163
11 251
11 252
11 276
11 285
11 289
11 317
11 335
11 343
11 344
11 361
11 432
11 434
11 472
11 493
11 633
11 676
11 747
11 823
12 49
12 55
12 85
12 89
12 94
12 338
12 472
12 531
12 586
12 613
12 694
12 745
12 795
12 797
13 116
13 147
13 205
13 232
13 262
13 299
13 346
13 358
13 372
13 406
13 423
13 483
13 505
13 512
13 542
13 572
13 587
13 593
13 614
13 622
13 681
13 689
13 709
13 736
13 748
13 772
13 796
13 802
13 838
14 19
14 40
14 44
14 64
14 182
14 201
14 247
14 269
14 327
14 333
14 357
14 408
14 573
14 595
14 745
14 774
14 784
15 90
15 110
15 130
15 170
15 182
15 186
15 206
15 229
15 290
15 310
15 367
15 376
15 428
15 510
15 673
15 695
15 769
15 810
15 840
15 845
16 30
16 62
16 113
16 121
16 202
16 243
16 303
16 336
16 337
16 359
16 399
16 422
16 754
16 759
16 781
16 818
17 28
17 29
17 58
17 93
17 130
17 207
17 214
17 248
17 278
17 289
17 340
17 350
17 352
17 368
17 371
17 380
17 388
17 403
17 482
17 503
17 524
17 525
17 548
17 556
17 638
17 665
17 755
17 799
18 31
18 117
18 138
18 141
18 315
18 335
18 344
18 369
18 382
18 392
18 402
18 415
18 434
18 471
18 488
18 499
18 532
18 533
18 591
18 641
18 661
18 672
18 682
18 706
19 43
19 52
19 61
19 180
19 245
19 246
19 299
19 337
19 371
19 474
19 485
19 486
19 558
19 588
19 603
19 608
19 707
19 735
19 775
19 806
19 835
19 841
20 45
20 50
20 58
20 69
20 117
20 143
20 250
20 318
20 319
20 342
20 429
20 430
20 445
20 469
20 533
20 557
20 570
20 677
20 742
20 751
20 769
20 794
20 805
20 844
21 26
21 65
21 75
21 104
21 212
21 219
21 236
21 267
21 269
21 273
21 315
21 380
21 408
21 466
21 478
21 579
21 619
21 696
21 812
21 828
21 840
22 29
22 33
22 62
22 90
22 92
22 104
22 106
22 194
22 249
22 308
22 460
22 522
22 603
22 848
23 117
23 140
23 149
23 163
23 205
23 220
23 262
23 301
23 359
23 418
23 436
23 450
23 452
23 487
23 490
23 529
23 535
23 539
23 545
23 583
23 726
23 753
23 809
23 817
24 52
24 93
24 151
24 221
24 232
24 245
24 272
24 278
24 314
24 328
24 330
24 332
24 346
24 358
24 414
24 553
24 563
24 592
24 635
24 644
24 756
24 771
24 795
24 810
25 62
25 83
25 145
25 160
25 221
25 283
25 343
25 349
25 408
25 479
25 511
25 526
25 598
25 625
25 653
25 691
25 696
25 783
25 812
26 72
26 110
26 117
26 215
26 218
26 220
26 252
26 314
26 379
26 399
26 408
26 418
26 440
26 441
26 519
26 552
26 688
26 701
26 733
26 734
26 756
26 829
26 840
27 95
27 206
27 306
27 321
27 348
27 413
27 430
27 502
27 539
27 546
27 569
27 602
27 676
27 723
27 744
27 760
27 816
27 819
27 849
28 101
28 132
28 151
28 185
28 201
28 214
28 226
28 248
28 263
28 303
28 387
28 517
28 571
28 619
28 676
28 767
28 787
28 795
29 37
29 52
29 87
29 93
29 109
29 129
29 256
29 261
29 343
29 362
29 387
29 444
29 481
29 495
29 566
29 613
29 620
29 621
29 699
29 700
29 735
29 761
29 825
30 108
30 212
30 247
30 292
30 307
30 327
30 337
30 387
30 397
30 417
30 438
30 458
30 502
30 537
30 619
30 621
30 627
30 646
30 671
30 773
30 796
30 801
31 33
31 50
31 94
31 120
31 150
31 282
31 291
31 312
31 380
31 452
31 475
31 498
31 501
31 522
31 540
31 564
31 606
31 710
31 821
32 40
32 51
32 74
32 107
32 145
32 240
32 250
32 390
32 399
32 549
32 569
32 581
32 622
32 631
32 656
32 690
32 820
33 54
33 113
33 161
33 281
33 290
33 338
33 355
33 435
33 470
33 510
33 517
33 553
33 560
33 578
33 611
33 655
33 682
33 701
33 713
33 742
33 767
33 795
33 800
33 802
33 825
33 831
34 136
34 162
34 197
34 231
34 307
34 325
34 352
34 375
34 437
34 477
34 516
34 546
34 571
34 579
34 650
34 782
35 37
35 61
35 149
35 208
35 225
35 259
35 262
35 263
35 300
35 301
35 354
35 397
35 425
35 461
35 519
35 587
35 604
35 621
35 676
35 681
35 732
35 802
35 828
35 834
36 41
36 79
36 101
36 134
36 139
36 237
36 250
36 311
36 354
36 372
36 420
36 436
36 483
36 491
36 580
36 667
36 699
36 782
36 823
36 828
37 50
37 99
37 209
37 237
37 259
37 360
37 364
37 367
37 385
37 387
37 390
37 427
37 470
37 495
37 512
37 664
37 693
37 696
37 727
37 753
37 801
37 844
38 124
38 217
38 316
38 346
38 439
38 454
38 532
38 626
38 630
38 657
38 673
38 694
38 708
38 719
38 761
38 833
39 123
39 264
39 283
39 308
39 557
39 586
39 665
39 719
39 804
39 823
39 846
40 69
40 142
40 168
40 222
40 265
40 268
40 278
40 306
40 387
40 429
40 451
40 574
40 580
40 640
40 651
40 668
40 697
40 781
41 200
41 220
41 240
41 307
41 316
41 457
41 471
41 489
41 541
41 552
41 560
41 632
41 716
41 720
41 758
42 152
42 175
42 207
42 218
42 226
42 242
42 266
42 297
42 319
42 353
42 373
42 431
42 443
42 524
42 599
42 626
42 693
42 805
42 814
43 147
43 231
43 251
43 259
43 301
43 356
43 381
43 410
43 459
43 495
43 503
43 526
43 716
43 740
43 775
43 807
44 99
44 143
44 265
44 274
44 277
44 299
44 319
44 438
44 461
44 484
44 492
44 502
44 537
44 579
44 639
44 674
44 689
44 774
45 54
45 70
45 156
45 162
45 314
45 359
45 434
45 480
45 524
45 545
45 573
45 635
45 637
45 765
46 48
46 52
46 66
46 75
46 96
46 106
46 127
46 224
46 225
46 315
46 327
46 366
46 497
46 584
46 645
46 712
46 759
46 784
46 792
46 837
47 50
47 51
47 65
47 92
47 129
47 242
47 279
47 293
47 369
47 436
47 471
47 479
47 636
47 727
47 736
47 796
47 828
48 117
48 143
48 148
48 153
48 194
48 209
48 261
48 281
48 292
48 311
48 321
48 337
48 391
48 448
48 453
48 583
48 593
48 609
48 615
48 644
48 656
48 704
48 710
48 743
48 751
48 770
48 782
48 791
49 69
49 91
49 150
49 197
49 211
49 222
49 335
49 355
49 375
49 398
49 438
49 450
49 458
49 548
49 601
49 662
49 666
49 731
49 737
49 741
49 841
50 163
50 181
50 194
50 232
50 256
50 327
50 336
50 379
50 383
50 412
50 483
50 484
50 505
50 518
50 555
50 566
50 614
50 616
50 628
50 821
50 839
50 842
51 82
51 109
51 136
51 152
51 189
51 230
51 281
51 306
51 405
51 437
51 449
51 467
51 607
51 635
51 669
51 697
51 709
51 834
52 126
52 160
52 176
52 195
52 198
52 295
52 310
52 367
52 389
52 485
52 555
52 618
52 654
52 682
52 691
53 54
53 67
53 75
53 100
53 112
53 115
53 161
53 238
53 341
53 342
53 377
53 398
53 404
53 457
53 471
53 476
53 564
53 642
53 675
53 706
53 724
53 731
53 748
53 788
54 55
54 150
54 159
54 195
54 252
54 279
54 436
54 448
54 482
54 500
54 563
54 574
54 592
54 682
54 764
55 69
55 184
55 196
55 216
55 237
55 264
55 296
55 442
55 540
55 591
55 595
55 625
55 648
55 750
55 771
55 785
55 826
55 849
56 134
56 190
56 357
56 376
56 385
56 429
56 433
56 436
56 510
56 514
56 566
56 596
56 622
56 694
56 713
56 783
56 795
57 78
57 83
57 98
57 149
57 208
57 312
57 343
57 357
57 380
57 400
57 409
57 474
57 489
57 524
57 538
57 652
57 656
57 678
57 727
57 749
57 775
57 834
58 84
58 115
58 151
58 189
58 276
58 372
58 394
58 425
58 445
58 466
58 489
58 550
58 573
58 603
58 652
58 671
58 717
58 730
58 752
59 60
59 114
59 156
59 315
59 360
59 362
59 435
59 444
59 459
59 499
59 565
59 576
59 589
59 606
59 756
59 779
59 800
60 63
60 96
60 168
60 178
60 180
60 362
60 402
60 422
60 456
60 475
60 555
60 567
60 620
60 693
60 732
60 745
60 842
60 846
61 65
61 92
61 130
61 136
61 205
61 221
61 249
61 253
61 275
61 331
61 339
61 384
61 392
61 434
61 530
61 533
61 545
61 549
61 568
61 586
61 593
61 646
61 676
61 732
61 758
61 809
62 70
62 134
62 152
62 158
62 239
62 279
62 343
62 364
62 592
62 700
62 714
63 140
63 144
63 176
63 197
63 329
63 337
63 354
63 382
63 399
63 401
63 447
63 475
63 516
63 560
63 580
63 657
63 713
63 756
63 809
63 843
64 306
64 312
64 316
64 418
64 555
64 627
64 646
64 677
64 732
64 809
64 842
65 155
65 201
65 209
65 268
65 286
65 302
65 317
65 359
65 503
65 525
65 596
65 650
65 671
65 681
65 803
65 828
65 831
66 107
66 111
66 158
66 172
66 216
66 276
66 337
66 636
66 684
66 728
66 772
66 773
66 790
66 828
66 840
67 268
67 470
67 548
67 550
67 582
67 591
67 653
67 692
67 703
67 783
67 799
67 844
68 74
68 80
68 98
68 129
68 147
68 150
68 157
68 163
68 164
68 196
68 197
68 200
68 268
68 290
68 294
68 330
68 357
68 361
68 413
68 416
68 427
68 457
68 462
68 484
68 514
68 552
68 558
68 605
68 630
68 689
68 803
68 820
68 849
69 119
69 128
69 156
69 194
69 212
69 217
69 331
69 366
69 369
69 418
69 490
69 524
69 547
69 589
69 629
69 631
69 656
69 665
69 802
69 813
70 179
70 244
70 291
70 335
70 346
70 590
70 596
70 650
70 690
70 749
70 843
70 845
71 74
71 101
71 132
71 170
71 226
71 265
71 270
71 316
71 328
71 366
71 392
71 426
71 443
71 499
71 562
71 591
71 719
71 758
71 763
71 846
72 104
72 148
72 162
72 168
72 234
72 335
72 406
72 407
72 509
72 524
72 527
72 545
72 632
72 677
72 678
72 712
72 739
73 229
73 274
73 357
73 381
73 455
73 503
73 515
73 519
73 575
73 621
73 642
73 681
73 730
73 754
73 756
73 794
73 827
74 85
74 180
74 231
74 405
74 437
74 495
74 530
74 583
74 675
74 815
74 842
74 844
75 81
75 108
75 152
75 183
75 193
75 253
75 270
75 310
75 366
75 380
75 405
75 450
75 569
75 628
75 631
75 721
75 747
76 153
76 160
76 193
76 249
76 257
76 281
76 291
76 323
76 357
76 361
76 428
76 499
76 509
76 518
76 577
76 582
76 662
76 727
76 770
76 779
77 123
77 132
77 217
77 335
77 345
77 350
77 355
77 384
77 412
77 422
77 429
77 434
77 445
77 453
77 460
77 476
77 497
77 598
77 786
77 812
77 814
78 106
78 108
78 116
78 123
78 149
78 150
78 247
78 252
78 271
78 414
78 455
78 462
78 489
78 514
78 567
78 613
78 670
78 764
78 781
78 831
79 126
79 261
79 268
79 272
79 281
79 350
79 355
79 463
79 487
79 489
79 545
79 576
79 600
79 606
79 644
79 687
79 735
79 782
79 836
80 115
80 130
80 169
80 208
80 209
80 219
80 227
80 272
80 274
80 361
80 406
80 433
80 574
80 584
80 629
80 693
80 711
80 764
80 812
81 241
81 326
81 337
81 390
81 420
81 463
81 500
81 507
81 537
81 566
81 567
81 587
81 602
81 607
81 614
81 732
81 745
82 168
82 192
82 233
82 235
82 238
82 265
82 310
82 333
82 336
82 461
82 512
82 581
82 590
82 644
82 661
82 741
83 86
83 151
83 207
83 213
83 222
83 225
83 253
83 346
83 389
83 418
83 472
83 576
83 580
83 595
83 604
83 626
83 677
83 723
83 753
83 765
83 798
83 813
84 93
84 134
84 143
84 185
84 202
84 249
84 443
84 576
84 607
84 656
84 768
84 822
84 832
85 96
85 115
85 120
85 219
85 291
85 330
85 332
85 483
85 557
85 577
85 621
85 626
85 653
85 687
85 771
85 778
85 789
85 795
85 844
86 135
86 166
86 237
86 280
86 286
86 289
86 320
86 336
86 360
86 511
86 564
86 578
86 622
86 651
86 716
86 754
86 777
86 785
86 786
86 835
86 844
87 95
87 111
87 119
87 157
87 168
87 229
87 372
87 442
87 557
87 613
87 702
87 719
87 785
87 827
87 844
88 196
88 217
88 218
88 236
88 259
88 332
88 420
88 436
88 452
88 482
88 502
88 599
88 666
88 719
88 799
89 99
89 100
89 163
89 276
89 281
89 287
89 365
89 391
89 421
89 532
89 553
89 611
89 646
89 661
89 714
89 720
89 805
90 91
90 92
90 106
90 124
90 203
90 243
90 301
90 329
90 333
90 341
90 374
90 470
90 485
90 497
90 722
90 749
90 774
90 787
90 791
90 832
90 835
91 130
91 205
91 240
91 258
91 339
91 379
91 400
91 469
91 610
91 623
91 638
91 705
91 711
91 717
91 740
91 766
92 233
92 243
92 254
92 258
92 272
92 295
92 372
92 378
92 382
92 405
92 418
92 449
92 549
92 618
92 622
92 641
92 693
92 744
92 798
92 825
92 830
93 207
93 232
93 238
93 313
93 335
93 398
93 493
93 506
93 513
93 528
93 734
93 742
93 771
93 780
93 820
94 118
94 219
94 238
94 244
94 288
94 295
94 301
94 314
94 341
94 446
94 504
94 507
94 517
94 575
94 587
94 610
94 667
94 672
94 677
94 776
95 239
95 330
95 387
95 413
95 417
95 432
95 492
95 511
95 554
95 567
95 718
95 779
96 231
96 275
96 320
96 440
96 516
96 520
96 545
96 559
96 562
96 572
96 607
96 655
96 710
96 849
97 186
97 200
97 282
97 473
97 536
97 562
97 574
97 617
97 652
97 657
97 673
97 705
97 757
97 764
97 769
97 802
97 807
98 112
98 118
98 157
98 209
98 211
98 216
98 223
98 305
98 371
98 400
98 423
98 432
98 437
98 464
98 480
98 500
98 503
98 513
98 560
98 585
98 623
98 756
98 779
98 793
98 809
98 832
99 113
99 163
99 266
99 272
99 277
99 317
99 332
99 340
99 379
99 413
99 496
99 560
99 573
99 578
99 619
99 621
99 681
99 737
99 775
99 781
99 789
99 817
99 835
100 103
100 223
100 229
100 240
100 270
100 381
100 390
100 396
100 418
100 460
100 485
100 493
100 547
100 552
100 585
100 658
100 671
100 701
100 713
100 721
100 723
100 816
101 118
101 127
101 128
101 138
101 140
101 211
101 216
101 242
101 259
101 269
101 290
101 438
101 490
101 492
101 547
101 562
101 612
101 617
101 651
101 679
101 756
101 826
101 842
102 152
102 209
102 290
102 310
102 321
102 419
102 426
102 427
102 431
102 456
102 486
102 670
102 699
102 707
102 710
102 729
102 735
102 742
102 798
103 127
103 135
103 168
103 209
103 253
103 413
103 419
103 432
103 489
103 541
103 629
103 640
103 663
103 677
103 685
103 704
103 780
103 821
104 147
104 157
104 202
104 280
104 316
104 324
104 368
104 402
104 456
104 490
104 505
104 529
104 551
104 559
104 614
104 647
104 675
104 726
104 729
104 733
104 775
104 822
105 145
105 146
105 170
105 365
105 405
105 449
105 492
105 494
105 499
105 539
105 610
105 621
105 636
105 742
105 749
105 808
105 836
106 122
106 212
106 218
106 245
106 354
106 357
106 369
106 381
106 408
106 414
106 437
106 455
106 561
106 563
106 579
106 604
106 621
106 766
106 803
107 118
107 125
107 209
107 225
107 236
107 534
107 571
107 577
107 608
107 614
107 620
107 626
107 628
107 668
107 697
107 707
107 718
107 814
107 822
108 132
108 172
108 211
108 214
108 238
108 246
108 317
108 408
108 492
108 556
108 572
108 660
108 667
108 677
108 702
108 712
108 715
108 725
108 746
108 786
108 811
109 121
109 251
109 274
109 354
109 384
109 434
109 489
109 504
109 510
109 516
109 542
109 591
109 601
109 678
109 743
109 778
109 829
110 122
110 150
110 162
110 190
110 226
110 265
110 274
110 288
110 300
110 317
110 364
110 415
110 446
110 453
110 497
110 499
110 564
110 566
110 576
110 585
110 607
110 609
110 636
110 725
110 779
110 809
110 812
111 142
111 173
111 179
111 189
111 296
111 369
111 371
111 487
111 529
111 534
111 540
111 586
111 631
111 656
111 661
111 728
112 127
112 136
112 231
112 293
112 300
112 328
112 386
112 614
112 704
112 721
112 729
112 752
112 775
112 811
113 174
113 189
113 205
113 210
113 231
113 238
113 247
113 280
113 346
113 366
113 368
113 369
113 397
113 399
113 466
113 538
113 551
113 554
113 636
113 661
113 726
113 767
113 803
113 844
114 140
114 180
114 199
114 202
114 244
114 444
114 564
114 587
114 596
114 634
114 675
114 706
114 725
114 744
114 817
114 825
115 154
115 164
115 206
115 216
115 220
115 228
115 306
115 312
115 476
115 490
115 494
115 563
115 573
115 578
115 583
115 663
115 688
115 717
115 726
115 736
115 814
115 830
115 835
116 120
116 266
116 392
116 394
116 395
116 404
116 450
116 459
116 506
116 509
116 534
116 536
116 559
116 643
116 667
116 752
116 820
117 160
117 174
117 206
117 244
117 261
117 353
117 445
117 502
117 529
117 532
117 535
117 545
117 582
117 621
117 642
117 703
117 716
117 727
117 730
117 770
117 826
118 135
118 163
118 225
118 251
118 252
118 254
118 297
118 318
118 340
118 469
118 526
118 562
118 568
118 641
118 669
118 718
118 782
118 807
119 126
119 140
119 236
119 365
119 432
119 434
119 460
119 476
119 508
119 550
119 558
119 565
119 653
119 672
119 704
119 757
119 779
119 834
120 155
120 203
120 402
120 410
120 434
120 456
120 505
120 590
120 607
120 656
120 698
120 724
120 741
120 752
120 767
120 789
120 795
120 797
120 804
120 816
120 841
121 134
121 151
121 170
121 177
121 215
121 263
121 280
121 293
121 373
121 397
121 440
121 503
121 552
121 587
121 632
121 686
121 711
121 722
121 747
121 844
122 124
122 127
122 130
122 163
122 222
122 265
122 364
122 370
122 371
122 428
122 432
122 515
122 546
122 653
122 751
122 753
122 763
122 798
123 246
123 276
123 492
123 536
123 537
123 539
123 560
123 627
123 633
123 654
123 662
123 681
123 722
123 746
123 749
123 750
123 761
123 789
123 809
123 835
124 145
124 153
124 203
124 224
124 246
124 254
124 310
124 323
124 383
124 424
124 456
124 481
124 489
124 498
124 523
124 553
124 554
124 650
124 663
124 674
124 676
124 761
124 772
124 821
124 836
125 136
125 164
125 203
125 272
125 292
125 385
125 448
125 631
125 653
125 679
125 698
125 773
125 786
125 812
125 818
126 147
126 204
126 226
126 246
126 312
126 489
126 507
126 517
126 607
126 614
126 631
126 633
126 698
126 700
126 740
126 767
127 238
127 268
127 356
127 397
127 414
127 490
127 512
127 516
127 557
127 564
127 569
127 669
127 677
127 695
127 723
127 759
127 762
127 814
127 822
127 829
128 142
128 153
128 165
128 253
128 287
128 326
128 347
128 359
128 395
128 412
128 449
128 613
128 644
128 664
128 746
128 770
128 778
128 811
128 843
129 163
129 174
129 221
129 278
129 300
129 325
129 430
129 493
129 531
129 655
129 698
129 717
129 808
129 827
129 838
130 145
130 167
130 195
130 257
130 276
130 283
130 318
130 334
130 341
130 537
130 574
130 602
130 641
130 647
130 755
130 769
131 138
131 150
131 232
131 262
131 298
131 316
131 333
131 355
131 361
131 407
131 456
131 475
131 531
131 580
131 602
131 662
131 693
131 694
131 697
131 716
131 789
131 824
131 834
132 133
132 217
132 236
132 242
132 265
132 266
132 293
132 334
132 354
132 401
132 420
132 448
132 462
132 524
132 553
132 646
132 673
132 711
133 232
133 237
133 264
133 317
133 398
133 444
133 462
133 489
133 515
133 566
133 576
133 594
133 600
133 652
133 696
133 698
133 773
133 774
134 289
134 302
134 328
134 346
134 350
134 353
134 374
134 494
134 497
134 516
134 548
134 561
134 601
134 644
134 646
134 648
134 662
134 697
134 698
134 710
134 737
134 743
134 762
134 830
135 185
135 196
135 221
135 283
135 285
135 311
135 315
135 396
135 479
135 512
135 526
135 539
135 578
135 595
135 612
135 619
135 691
135 762
135 783
135 790
135 796
135 825
135 842
136 267
136 342
136 364
136 438
136 492
136 591
136 647
136 678
136 702
136 713
136 785
136 788
137 147
137 174
137 233
137 362
137 382
137 402
137 413
137 517
137 554
137 568
137 685
137 692
137 729
137 746
137 811
137 841
137 849
138 151
138 181
138 206
138 207
138 258
138 288
138 300
138 311
138 346
138 371
138 462
138 530
138 580
138 590
138 622
138 678
138 697
138 706
138 744
138 752
138 823
139 164
139 227
139 349
139 372
139 412
139 447
139 467
139 469
139 567
139 644
139 645
139 721
139 758
139 767
139 768
139 800
139 806
139 825
139 828
139 846
140 176
140 205
140 218
140 244
140 329
140 356
140 425
140 485
140 559
140 604
140 641
140 646
140 671
140 732
140 768
140 815
141 230
141 266
141 318
141 337
141 367
141 389
141 407
141 423
141 472
141 616
141 643
141 659
141 667
141 738
141 750
141 760
141 833
142 195
142 216
142 271
142 272
142 288
142 364
142 370
142 378
142 457
142 481
142 491
142 535
142 544
142 607
142 621
142 708
142 711
142 760
142 809
142 834
143 232
143 247
143 256
143 268
143 314
143 365
143 397
143 412
143 415
143 431
143 450
143 463
143 479
143 484
143 490
143 498
143 518
143 521
143 571
143 626
143 652
143 685
143 821
143 840
144 162
144 282
144 303
144 322
144 384
144 417
144 506
144 519
144 571
144 597
144 601
144 619
144 622
144 635
144 741
144 825
144 839
145 212
145 228
145 247
145 278
145 289
145 326
145 358
145 361
145 430
145 477
145 614
145 682
145 711
145 713
145 790
145 798
146 178
146 195
146 239
146 250
146 253
146 328
146 341
146 365
146 385
146 404
146 468
146 483
146 486
146 505
146 553
146 612
146 620
146 736
147 193
147 198
147 251
147 298
147 317
147 353
147 355
147 392
147 441
147 453
147 525
147 545
147 567
147 660
147 686
147 699
147 748
147 770
147 771
148 184
148 295
148 374
148 380
148 443
148 450
148 453
148 464
148 507
148 554
148 596
148 602
148 631
148 654
149 182
149 238
149 334
149 378
149 467
149 481
149 487
149 497
149 504
149 553
149 618
149 656
149 821
150 181
150 201
150 229
150 323
150 330
150 353
150 368
150 429
150 443
150 479
150 581
150 610
150 625
150 636
150 646
150 647
150 687
150 761
150 776
150 780
150 843
151 250
151 252
151 288
151 294
151 310
151 322
151 323
151 365
151 412
151 466
151 581
151 604
151 680
151 688
151 703
151 708
151 721
151 753
151 766
151 795
151 831
152 163
152 176
152 183
152 292
152 315
152 401
152 448
152 461
152 467
152 474
152 486
152 500
152 549
152 586
152 597
152 621
152 642
152 670
152 673
152 676
152 791
152 817
152 819
153 195
153 224
153 258
153 260
153 272
153 309
153 408
153 595
153 633
153 669
153 689
153 796
154 200
154 214
154 281
154 359
154 386
154 440
154 540
154 543
154 613
154 616
154 646
154 680
154 700
154 702
154 723
154 788
154 805
154 811
154 817
154 844
155 199
155 226
155 249
155 261
155 295
155 296
155 340
155 480
155 534
155 565
155 624
155 688
155 713
155 763
155 775
155 791
156 174
156 201
156 231
156 288
156 297
156 306
156 369
156 380
156 454
156 502
156 508
156 554
156 578
156 591
156 647
156 709
156 733
156 754
156 779
156 806
157 199
157 211
157 214
157 240
157 291
157 413
157 418
157 517
157 540
157 558
157 615
157 634
157 665
157 676
157 678
157 702
157 766
157 802
157 834
158 267
158 338
158 369
158 446
158 448
158 466
158 495
158 598
158 612
158 707
158 734
158 761
159 200
159 258
159 294
159 315
159 339
159 346
159 381
159 415
159 425
159 446
159 481
159 516
159 544
159 665
159 679
159 728
159 733
159 760
159 768
159 810
160 181
160 184
160 192
160 220
160 263
160 266
160 272
160 287
160 304
160 386
160 418
160 423
160 481
160 556
160 569
160 586
160 599
160 613
160 621
160 623
160 629
160 639
160 653
160 675
160 807
161 186
161 188
161 189
161 199
161 239
161 243
161 251
161 328
161 331
161 353
161 358
161 371
161 400
161 420
161 476
161 486
161 633
161 670
161 717
162 172
162 252
162 315
162 338
162 359
162 386
162 530
162 552
162 561
162 582
162 767
162 818
162 838
163 164
163 260
163 273
163 315
163 319
163 329
163 353
163 354
163 376
163 383
163 468
163 484
163 512
163 626
163 661
163 672
163 713
163 743
163 771
163 786
163 824
164 165
164 166
164 168
164 175
164 319
164 358
164 363
164 384
164 465
164 485
164 509
164 531
164 535
164 554
164 660
164 683
164 694
164 703
164 836
164 842
164 848
165 188
165 193
165 243
165 331
165 401
165 497
165 504
165 526
165 559
165 647
165 648
165 699
165 768
165 797
165 799
166 181
166 196
166 202
166 247
166 277
166 286
166 376
166 384
166 571
166 572
166 666
166 680
166 720
166 739
166 740
166 799
166 826
166 829
167 193
167 239
167 266
167 282
167 347
167 357
167 358
167 359
167 370
167 391
167 402
167 413
167 498
167 503
167 526
167 529
167 579
167 603
167 647
167 676
167 725
167 748
167 780
168 197
168 198
168 233
168 281
168 350
168 399
168 456
168 694
168 743
168 808
168 820
168 823
168 826
168 829
168 841
169 171
169 213
169 249
169 316
169 364
169 409
169 458
169 490
169 500
169 503
169 705
169 729
169 819
170 234
170 267
170 336
170 420
170 500
170 556
170 576
170 630
170 682
170 683
170 686
170 700
170 722
170 757
170 841
171 226
171 256
171 329
171 390
171 415
171 457
171 492
171 513
171 568
171 570
171 610
171 681
171 695
171 736
171 806
172 228
172 245
172 271
172 287
172 397
172 447
172 453
172 468
172 530
172 549
172 555
172 573
172 589
172 598
172 650
172 659
172 672
172 747
173 257
173 287
173 337
173 434
173 503
173 632
173 668
173 673
173 819
173 824
174 215
174 230
174 322
174 423
174 513
174 570
174 590
174 646
174 667
174 710
174 721
174 776
174 817
175 343
175 429
175 529
175 617
175 642
175 715
175 734
175 768
176 184
176 193
176 199
176 223
176 246
176 289
176 427
176 436
176 452
176 469
176 663
176 670
176 739
176 751
176 753
176 767
177 204
177 225
177 282
177 296
177 320
177 352
177 419
177 467
177 500
177 517
177 591
177 636
177 652
177 699
177 752
177 754
177 770
178 217
178 253
178 260
178 288
178 292
178 335
178 341
178 402
178 409
178 448
178 508
178 555
178 602
178 651
178 730
178 768
179 196
179 207
179 218
179 286
179 296
179 299
179 338
179 394
179 425
179 428
179 434
179 457
179 471
179 556
179 564
179 566
179 570
179 601
179 605
179 645
179 723
179 748
179 767
179 771
179 774
179 779
180 220
180 309
180 327
180 337
180 346
180 382
180 385
180 456
180 478
180 521
180 602
180 604
180 613
180 664
180 675
180 727
180 728
180 783
180 792
180 846
181 215
181 219
181 236
181 248
181 292
181 299
181 431
181 461
181 465
181 538
181 570
181 684
181 745
181 773
181 830
181 840
182 200
182 290
182 301
182 321
182 403
182 462
182 492
182 530
182 579
182 634
182 702
182 717
182 728
182 775
182 792
182 804
182 846
183 193
183 200
183 378
183 436
183 519
183 530
183 555
183 576
183 594
183 605
183 663
183 679
183 698
183 713
183 728
183 744
183 840
184 249
184 277
184 333
184 348
184 349
184 463
184 464
184 556
184 561
184 585
184 609
184 641
184 772
184 775
184 782
184 824
184 849
185 222
185 256
185 281
185 344
185 383
185 438
185 469
185 474
185 477
185 518
185 567
185 614
185 625
185 648
185 666
185 694
185 721
186 197
186 201
186 202
186 220
186 393
186 458
186 498
186 533
186 624
186 641
186 774
187 202
187 222
187 255
187 295
187 317
187 333
187 399
187 462
187 556
187 596
187 639
187 677
187 707
188 196
188 220
188 230
188 282
188 353
188 389
188 407
188 436
188 441
188 520
188 545
188 577
188 581
188 629
188 638
188 694
188 721
188 738
188 762
188 765
188 773
188 835
188 845
189 190
189 211
189 219
189 220
189 314
189 322
189 441
189 547
189 554
189 592
189 635
189 799
189 807
189 821
190 224
190 233
190 237
190 256
190 298
190 376
190 448
190 486
190 498
190 511
190 520
190 529
190 551
190 574
190 633
190 662
190 695
190 711
190 740
190 801
191 198
191 229
191 305
191 348
191 391
191 514
191 557
191 696
191 754
191 761
191 788
191 801
191 829
191 832
192 199
192 242
192 274
192 348
192 353
192 415
192 417
192 468
192 470
192 501
192 503
192 560
192 699
192 725
192 738
192 753
193 220
193 224
193 252
193 314
193 322
193 350
193 362
193 366
193 372
193 377
193 490
193 500
193 529
193 659
193 702
193 744
193 796
193 812
194 195
194 215
194 227
194 264
194 282
194 352
194 470
194 518
194 540
194 543
194 604
194 607
194 636
194 660
194 670
194 723
195 245
195 274
195 294
195 318
195 327
195 376
195 399
195 428
195 470
195 491
195 613
195 619
195 633
195 635
195 656
195 681
195 685
195 747
195 761
195 796
195 799
196 317
196 323
196 334
196 345
196 410
196 456
196 489
196 507
196 524
196 619
196 652
196 674
196 681
196 690
196 721
196 752
196 761
196 817
197 201
197 228
197 265
197 329
197 395
197 425
197 446
197 459
197 474
197 490
197 495
197 548
197 555
197 561
197 564
197 569
197 591
197 602
197 733
197 754
197 845
198 215
198 223
198 251
198 254
198 271
198 314
198 320
198 359
198 445
198 462
198 466
198 508
198 541
198 565
198 584
198 600
198 616
198 735
198 739
198 847
199 276
199 329
199 337
199 369
199 391
199 408
199 488
199 556
199 628
199 735
199 830
200 254
200 255
200 449
200 614
200 720
200 729
200 764
200 803
201 288
201 321
201 324
201 385
201 437
201 466
201 506
201 548
201 634
201 777
201 800
201 812
201 829
201 842
202 337
202 376
202 379
202 386
202 389
202 423
202 436
202 446
202 504
202 621
202 651
202 666
202 692
202 742
202 806
203 236
203 247
203 320
203 344
203 360
203 386
203 439
203 543
203 635
203 642
203 721
203 735
203 740
204 298
204 413
204 417
204 578
204 594
204 644
204 655
204 691
204 694
204 726
204 770
204 793
205 210
205 282
205 337
205 343
205 395
205 410
205 415
205 423
205 433
205 457
205 471
205 473
205 475
205 522
205 577
205 583
205 585
205 608
205 610
205 614
205 624
205 644
205 647
205 656
205 678
205 728
205 734
205 745
206 211
206 340
206 377
206 436
206 439
206 440
206 551
206 558
206 581
206 710
206 775
206 832
207 236
207 244
207 321
207 360
207 362
207 383
207 450
207 493
207 627
207 692
207 712
207 726
207 766
207 802
207 824
208 233
208 323
208 352
208 387
208 404
208 406
208 429
208 504
208 547
208 557
208 609
208 633
208 638
208 675
208 686
208 705
209 291
209 381
209 398
209 430
209 472
209 579
209 600
209 619
209 630
209 753
210 213
210 280
210 333
210 371
210 376
210 432
210 457
210 529
210 542
210 601
210 835
211 284
211 402
211 424
211 425
211 476
211 515
211 540
211 582
211 591
211 611
211 645
211 764
211 780
211 804
212 230
212 231
212 259
212 382
212 399
212 415
212 475
212 554
212 559
212 580
212 679
212 687
212 767
212 772
212 845
213 226
213 229
213 357
213 384
213 441
213 474
213 504
213 531
213 538
213 549
213 583
213 698
213 737
213 765
213 814
213 821
213 822
214 291
214 308
214 438
214 488
214 518
214 562
214 607
214 655
214 671
214 711
214 811
214 813
215 246
215 254
215 322
215 379
215 431
215 458
215 478
215 514
215 649
215 703
215 784
215 785
215 786
215 805
216 291
216 343
216 361
216 489
216 545
216 552
216 626
216 653
216 678
216 772
216 785
216 795
216 808
217 239
217 273
217 277
217 289
217 371
217 412
217 423
217 452
217 480
217 527
217 573
217 640
217 647
217 659
217 702
217 806
218 306
218 327
218 344
218 349
218 385
218 466
218 481
218 596
218 621
218 748
218 764
218 777
218 782
218 814
218 833
219 225
219 234
219 277
219 404
219 465
219 494
219 617
219 625
219 647
219 649
219 685
219 789
219 820
219 844
220 250
220 265
220 268
220 349
220 360
220 366
220 380
220 439
220 519
220 583
220 667
220 789
221 243
221 277
221 320
221 386
221 400
221 445
221 454
221 535
221 539
221 594
221 625
221 644
221 663
221 666
221 700
221 704
221 757
221 794
221 801
222 228
222 248
222 261
222 262
222 273
222 274
222 306
222 338
222 397
222 476
222 481
222 501
222 502
222 533
222 541
222 560
222 593
222 693
222 709
222 738
222 755
222 764
222 828
223 235
223 256
223 311
223 336
223 366
223 593
223 652
223 799
223 815
224 229
224 250
224 288
224 311
224 430
224 483
224 558
224 566
224 593
224 596
224 674
224 690
224 834
225 249
225 250
225 251
225 255
225 513
225 535
225 536
225 559
225 584
225 633
225 646
225 691
225 716
225 724
225 744
225 753
226 257
226 280
226 339
226 365
226 434
226 488
226 515
226 523
226 526
226 538
226 578
226 627
226 648
226 679
226 747
226 803
226 819
227 269
227 295
227 315
227 337
227 381
227 473
227 477
227 478
227 509
227 567
227 589
227 605
227 645
227 663
227 688
227 706
227 745
227 767
227 772
227 847
228 284
228 335
228 341
228 356
228 366
228 407
228 476
228 590
228 643
228 646
228 659
228 719
228 759
228 809
228 837
228 838
229 250
229 261
229 268
229 317
229 392
229 414
229 420
229 432
229 481
229 508
229 514
229 536
229 550
229 569
229 611
229 616
229 621
229 630
229 687
229 716
229 723
229 773
229 787
229 790
229 793
229 795
229 812
229 840
230 258
230 288
230 371
230 373
230 395
230 442
230 460
230 470
230 707
230 716
230 718
230 733
230 790
230 808
230 814
230 819
230 848
231 254
231 255
231 263
231 267
231 299
231 316
231 324
231 559
231 575
231 616
231 621
231 686
231 755
231 785
232 252
232 281
232 430
232 444
232 455
232 571
232 587
232 652
232 679
232 717
232 745
232 750
232 787
233 254
233 335
233 362
233 378
233 391
233 409
233 415
233 451
233 555
233 628
233 686
233 783
233 796
234 241
234 267
234 308
234 312
234 335
234 359
234 430
234 454
234 456
234 458
234 517
234 730
234 763
234 793
235 259
235 313
235 338
235 360
235 431
235 459
235 463
235 537
235 547
235 568
235 576
235 628
235 761
235 764
235 778
236 310
236 323
236 355
236 379
236 410
236 447
236 588
236 602
236 656
236 708
236 810
237 251
237 282
237 317
237 319
237 334
237 362
237 557
237 618
237 636
237 668
237 674
237 730
237 759
237 839
238 287
238 310
238 392
238 397
238 423
238 441
238 455
238 461
238 578
238 709
238 776
238 839
239 299
239 386
239 405
239 457
239 565
239 655
239 704
239 708
239 762
239 774
239 776
239 794
239 813
239 832
240 273
240 287
240 289
240 383
240 420
240 441
240 444
240 485
240 487
240 517
240 520
240 597
240 618
240 705
240 747
240 777
240 844
241 270
241 387
241 425
241 479
241 535
241 547
241 573
241 790
241 840
242 312
242 326
242 328
242 370
242 407
242 484
242 490
242 499
242 594
242 635
242 666
242 721
242 734
242 737
242 751
242 786
242 826
243 252
243 259
243 292
243 293
243 300
243 324
243 332
243 368
243 411
243 419
243 428
243 469
243 529
243 593
243 600
243 604
243 663
243 684
243 707
243 731
243 789
244 298
244 300
244 356
244 423
244 497
244 563
244 567
244 651
244 762
244 816
244 837
244 846
245 268
245 384
245 417
245 454
245 586
245 763
245 785
245 790
245 839
246 247
246 311
246 375
246 392
246 433
246 465
246 496
246 555
246 563
246 596
246 626
246 636
246 743
246 744
246 765
246 774
246 800
246 803
246 840
247 451
247 456
247 491
247 492
247 498
247 499
247 574
247 598
247 679
247 722
247 737
247 742
247 755
247 759
247 768
247 772
247 777
247 811
248 251
248 298
248 390
248 475
248 547
248 617
248 666
248 687
248 736
248 792
248 813
249 253
249 270
249 325
249 351
249 374
249 383
249 437
249 487
249 501
249 510
249 638
249 705
249 717
249 730
250 280
250 396
250 413
250 415
250 458
250 571
250 618
250 631
250 699
250 803
250 830
251 257
251 304
251 317
251 319
251 392
251 400
251 420
251 427
251 441
251 519
251 526
251 545
251 662
251 712
251 726
252 274
252 308
252 438
252 457
252 539
252 603
252 622
252 628
252 630
252 761
252 795
252 813
253 273
253 449
253 480
253 618
253 645
253 654
253 674
253 709
254 264
254 368
254 384
254 408
254 445
254 520
254 533
254 586
254 596
254 602
254 622
254 804
254 835
255 273
255 278
255 350
255 358
255 389
255 451
255 487
255 490
255 579
255 616
255 679
255 704
255 768
255 799
256 264
256 426
256 445
256 456
256 460
256 570
256 593
256 633
256 736
256 747
256 774
256 806
257 309
257 426
257 518
257 520
257 555
257 629
257 641
257 672
257 678
257 685
257 777
257 822
258 261
258 302
258 310
258 336
258 388
258 430
258 455
258 462
258 463
258 501
258 528
258 541
258 590
258 603
258 643
258 779
259 305
259 329
259 338
259 425
259 427
259 577
259 709
259 732
259 752
259 766
259 778
260 464
260 537
260 577
260 723
260 765
261 281
261 289
261 329
261 398
261 516
261 520
261 533
261 537
261 566
261 574
261 575
261 633
261 659
261 701
261 713
261 719
261 766
261 770
262 334
262 395
262 485
262 493
262 501
262 512
262 521
262 528
262 537
262 573
262 578
262 596
262 615
262 629
262 633
262 645
262 687
262 698
262 719
262 849
263 288
263 329
263 374
263 392
263 407
263 419
263 461
263 476
263 477
263 518
263 633
263 689
263 759
264 322
264 413
264 434
264 457
264 458
264 518
264 520
264 560
264 593
264 664
264 702
264 816
264 821
264 848
265 293
265 382
265 512
265 516
265 572
265 705
265 706
265 719
265 804
265 810
265 815
266 279
266 286
266 290
266 292
266 296
266 318
266 320
266 369
266 403
266 452
266 505
266 538
266 563
266 565
266 571
266 584
266 599
266 606
266 633
266 651
266 729
266 732
266 770
266 784
266 785
266 809
266 824
266 835
266 841
266 848
267 336
267 343
267 359
267 367
267 382
267 450
267 464
267 511
267 544
267 550
267 587
267 605
267 632
267 642
267 657
267 721
267 743
267 780
267 784
267 848
268 292
268 316
268 336
268 368
268 372
268 398
268 454
268 466
268 471
268 477
268 503
268 510
268 548
268 550
268 561
268 619
268 632
268 655
268 661
268 780
268 841
269 275
269 295
269 340
269 377
269 402
269 414
269 444
269 519
269 520
269 521
269 642
269 747
269 777
269 779
270 287
270 337
270 360
270 532
270 539
270 651
270 715
270 763
270 822
270 824
271 276
271 318
271 382
271 483
271 515
271 621
271 634
271 704
271 766
271 788
271 810
272 282
272 355
272 390
272 396
272 424
272 494
272 526
272 528
272 547
272 563
272 607
272 655
272 732
272 744
272 770
272 771
273 356
273 426
273 524
273 536
273 544
273 550
273 568
273 616
273 635
273 701
273 741
274 317
274 362
274 458
274 484
274 554
274 669
274 675
274 682
274 745
274 769
274 841
275 288
275 303
275 323
275 354
275 421
275 474
275 514
275 531
275 582
275 618
275 627
275 680
275 713
275 734
275 794
275 800
275 814
275 831
275 841
276 277
276 347
276 400
276 405
276 406
276 490
276 607
276 608
276 643
276 657
276 662
276 831
276 838
277 350
277 427
277 433
277 464
277 486
277 487
277 522
277 581
277 615
277 659
277 689
277 713
277 751
277 762
277 771
277 814
277 840
278 286
278 289
278 304
278 306
278 457
278 475
278 530
278 562
278 569
278 613
278 619
278 655
278 746
278 750
278 774
278 838
278 839
279 301
279 324
279 451
279 452
279 485
279 492
279 523
279 532
279 617
279 637
279 655
279 688
279 847
280 303
280 328
280 331
280 346
280 411
280 420
280 422
280 525
280 571
280 610
280 625
280 631
280 672
280 677
280 706
280 753
281 314
281 317
281 335
281 351
281 393
281 516
281 526
281 619
281 625
281 653
281 657
281 727
281 753
282 307
282 320
282 379
282 381
282 482
282 509
282 513
282 589
282 596
282 703
282 724
282 757
282 777
283 292
283 303
283 305
283 324
283 342
283 349
283 405
283 430
283 463
283 545
283 646
283 662
283 670
283 807
284 334
284 335
284 337
284 351
284 365
284 372
284 397
284 429
284 431
284 488
284 524
284 557
284 589
284 595
284 647
284 669
284 677
284 732
284 788
285 287
285 300
285 341
285 350
285 358
285 375
285 400
285 428
285 469
285 471
285 483
285 604
285 642
285 650
285 677
285 723
285 830
286 311
286 349
286 355
286 579
286 613
286 619
286 644
286 657
286 678
286 757
286 789
286 820
286 837
286 838
287 328
287 361
287 410
287 581
287 727
287 771
287 812
287 828
287 845
288 298
288 338
288 361
288 426
288 476
288 511
288 515
288 546
288 564
288 596
288 605
288 621
288 719
288 777
288 794
288 797
288 798
288 812
289 311
289 327
289 404
289 424
289 507
289 508
289 513
289 528
289 531
289 639
289 688
289 695
289 707
289 770
289 784
289 785
289 790
289 801
289 808
290 309
290 319
290 322
290 334
290 362
290 383
290 385
290 395
290 425
290 448
290 476
290 503
290 535
290 538
290 555
290 768
290 769
290 774
290 783
290 805
290 838
291 324
291 334
291 392
291 439
291 503
291 530
291 533
291 558
291 604
291 633
291 639
291 649
291 664
291 722
291 771
291 789
291 825
291 846
292 311
292 364
292 365
292 379
292 383
292 385
292 424
292 456
292 464
292 487
292 491
292 528
292 558
292 602
292 661
292 709
292 832
292 838
293 329
293 349
293 378
293 387
293 414
293 454
293 471
293 516
293 581
293 610
293 634
293 646
293 653
293 706
293 724
293 774
294 312
294 342
294 343
294 370
294 382
294 440
294 493
294 604
294 671
294 722
294 752
294 756
294 799
295 365
295 465
295 528
295 547
295 662
295 675
295 734
295 781
295 823
295 833
295 840
296 313
296 328
296 419
296 476
296 511
296 542
296 548
296 675
296 688
296 718
296 725
296 753
296 787
297 339
297 348
297 352
297 400
297 419
297 420
297 426
297 452
297 458
297 473
297 567
297 609
297 674
297 744
297 752
297 771
297 841
298 367
298 477
298 542
298 545
298 565
298 603
298 605
298 649
298 653
298 669
298 723
298 757
299 325
299 348
299 440
299 453
299 487
299 506
299 509
299 520
299 533
299 569
299 579
299 600
299 692
299 701
299 710
299 770
299 774
299 799
300 322
300 349
300 372
300 377
300 394
300 431
300 435
300 453
300 458
300 484
300 494
300 560
300 599
300 600
300 617
300 626
300 632
300 700
300 763
300 788
300 801
301 325
301 376
301 409
301 439
301 502
301 512
301 566
301 571
301 612
301 626
301 653
301 686
301 699
302 362
302 366
302 371
302 403
302 416
302 442
302 452
302 487
302 561
302 582
302 594
302 649
302 673
302 689
302 705
302 799
302 811
302 826
303 316
303 443
303 466
303 478
303 521
303 562
303 601
303 617
303 690
303 733
303 742
303 760
303 768
304 329
304 470
304 529
304 531
304 608
304 678
304 680
304 681
304 694
304 708
304 720
304 734
304 747
304 808
304 831
304 836
305 358
305 433
305 460
305 514
305 557
305 562
305 609
305 611
305 618
305 633
305 696
305 719
305 739
305 760
306 317
306 483
306 532
306 556
306 620
306 632
306 639
306 643
306 646
306 669
306 695
306 770
306 789
306 799
306 804
306 809
307 311
307 356
307 380
307 396
307 410
307 443
307 448
307 492
307 521
307 561
307 566
307 580
307 590
307 605
307 650
307 692
307 711
307 729
307 757
308 386
308 409
308 455
308 514
308 518
308 576
308 594
308 595
308 635
308 681
308 777
308 797
309 328
309 332
309 390
309 448
309 495
309 519
309 525
309 534
309 554
309 656
309 682
309 708
309 711
309 766
309 776
310 425
310 448
310 454
310 485
310 591
310 644
310 745
310 791
310 809
310 825
311 328
311 355
311 372
311 396
311 405
311 409
311 461
311 499
311 516
311 518
311 616
311 769
311 798
312 383
312 390
312 402
312 423
312 433
312 486
312 581
312 595
312 645
312 739
312 751
312 767
312 770
312 781
312 801
312 810
313 355
313 415
313 416
313 430
313 592
313 599
313 681
313 686
313 706
313 739
313 782
314 329
314 340
314 358
314 426
314 485
314 554
314 657
314 715
314 764
314 800
314 819
314 823
315 330
315 357
315 411
315 417
315 445
315 460
315 505
315 516
315 544
315 593
315 669
315 676
315 679
315 699
315 736
315 813
315 834
316 466
316 508
316 522
316 544
316 569
316 637
316 689
316 781
316 799
316 839
317 372
317 418
317 504
317 506
317 514
317 515
317 713
317 728
317 755
317 778
317 834
318 323
318 348
318 456
318 490
318 497
318 540
318 623
318 629
318 698
318 747
318 758
318 778
318 788
319 427
319 479
319 497
319 541
319 612
319 616
319 640
319 663
319 707
319 728
319 754
319 779
319 830
320 333
320 392
320 448
320 453
320 467
320 529
320 578
320 656
320 657
320 733
320 790
320 819
320 827
320 840
320 841
321 453
321 458
321 459
321 494
321 497
321 503
321 518
321 521
321 534
321 580
321 582
321 596
321 652
321 664
321 696
321 710
321 782
321 845
322 378
322 414
322 437
322 444
322 474
322 479
322 516
322 523
322 554
322 577
322 579
322 612
322 645
322 677
322 681
322 706
322 748
322 768
322 777
322 783
323 354
323 472
323 659
323 766
323 813
323 845
324 408
324 413
324 468
324 486
324 510
324 512
324 526
324 547
324 624
324 636
324 650
324 829
325 336
325 412
325 446
325 466
325 574
325 675
325 683
325 809
325 826
326 352
326 372
326 520
326 521
326 527
326 667
326 693
326 718
326 723
326 766
326 848
327 344
327 360
327 423
327 435
327 441
327 445
327 453
327 515
327 573
327 585
327 633
327 727
327 742
327 807
327 819
327 826
328 336
328 415
328 433
328 491
328 518
328 527
328 554
328 556
328 637
328 683
328 752
328 798
328 832
329 367
329 378
329 433
329 484
329 509
329 512
329 515
329 555
329 617
329 626
329 678
329 723
329 728
329 736
329 744
329 782
329 806
329 818
330 446
330 467
330 508
330 597
330 615
330 674
330 675
330 723
330 777
330 798
330 841
331 356
331 386
331 421
331 461
331 484
331 491
331 507
331 567
331 581
331 601
331 640
331 694
331 722
331 745
331 752
331 838
332 375
332 391
332 428
332 448
332 484
332 494
332 496
332 564
332 587
332 765
332 778
333 351
333 361
333 434
333 488
333 565
333 594
333 638
333 739
333 771
333 808
333 812
333 848
334 403
334 416
334 509
334 515
334 527
334 529
334 568
334 586
334 675
334 781
334 790
334 804
335 336
335 350
335 351
335 352
335 371
335 377
335 420
335 422
335 492
335 499
335 530
335 601
335 629
335 793
336 351
336 367
336 389
336 398
336 466
336 574
336 590
336 675
336 718
336 769
336 795
336 800
336 819
336 848
337 376
337 389
337 394
337 455
337 470
337 482
337 492
337 522
337 529
337 566
337 589
337 605
337 611
337 641
337 732
337 752
337 790
338 348
338 355
338 386
338 404
338 436
338 523
338 712
338 782
338 835
339 352
339 394
339 603
339 656
339 745
339 770
339 806
339 822
339 847
340 348
340 376
340 406
340 413
340 440
340 441
340 457
340 458
340 481
340 525
340 676
341 405
341 423
341 430
341 437
341 475
341 520
341 539
341 551
341 600
341 614
341 615
341 637
341 656
341 700
341 731
341 799
341 807
341 834
342 351
342 389
342 503
342 540
342 630
342 736
342 823
342 840
343 361
343 367
343 368
343 520
343 633
343 758
343 845
344 369
344 388
344 391
344 470
344 511
344 615
344 670
344 672
344 687
344 731
344 760
344 832
345 390
345 398
345 407
345 457
345 462
345 478
345 484
345 542
345 567
345 568
345 694
345 743
345 813
345 841
346 369
346 375
346 404
346 422
346 449
346 450
346 466
346 509
346 589
346 654
346 657
346 691
346 703
346 748
346 781
346 838
346 841
347 387
347 396
347 431
347 445
347 471
347 503
347 510
347 554
347 566
347 602
347 626
347 642
347 648
347 688
347 761
348 395
348 470
348 475
348 553
348 613
348 619
348 651
348 693
348 758
348 798
348 810
349 365
349 368
349 379
349 387
349 392
349 475
349 490
349 533
349 558
349 561
349 681
349 764
349 783
349 826
350 355
350 484
350 499
350 516
350 549
350 556
350 658
350 787
350 810
350 824
351 377
351 511
351 521
351 556
351 574
351 584
351 657
351 673
351 718
351 765
351 775
351 804
351 828
351 838
352 374
352 381
352 408
352 422
352 465
352 496
352 518
352 616
352 655
352 705
352 761
352 773
352 831
352 842
353 359
353 391
353 432
353 464
353 475
353 477
353 540
353 566
353 568
353 615
353 736
353 758
354 365
354 368
354 404
354 459
354 481
354 490
354 506
354 583
354 592
354 613
354 740
354 761
354 790
354 793
354 806
355 460
355 485
355 551
355 615
355 648
355 652
355 669
355 722
355 736
355 794
355 827
355 845
356 404
356 495
356 526
356 642
356 645
356 709
356 757
356 761
356 773
356 776
356 801
356 806
356 807
356 833
356 839
357 358
357 366
357 477
357 488
357 500
357 536
357 556
357 567
357 618
357 748
357 776
357 789
357 836
358 361
358 378
358 386
358 426
358 430
358 439
358 485
358 525
358 593
358 667
358 732
358 744
358 754
358 791
358 802
358 833
358 834
359 362
359 388
359 418
359 420
359 432
359 521
359 522
359 570
359 607
359 614
359 693
359 729
360 383
360 437
360 578
360 611
360 736
360 823
360 832
361 380
361 384
361 514
361 530
361 536
361 567
361 590
361 605
361 720
361 736
361 760
361 776
361 820
362 366
362 374
362 412
362 430
362 445
362 494
362 578
362 587
362 645
362 714
362 717
362 749
362 768
362 784
362 791
362 794
362 816
362 817
362 834
363 409
363 449
363 455
363 488
363 499
363 636
363 641
363 666
363 670
363 675
363 689
363 717
363 719
363 774
363 817
363 825
364 385
364 510
364 524
364 527
364 546
364 561
364 578
364 626
364 635
364 680
364 689
364 692
364 700
364 716
364 777
364 807
365 382
365 402
365 421
365 423
365 572
365 679
365 698
365 707
365 720
365 729
366 460
366 570
366 586
366 644
366 757
366 758
366 834
366 848
367 381
367 414
367 462
367 538
367 541
367 571
367 586
367 670
367 714
367 762
367 786
367 804
367 816
368 453
368 482
368 534
368 544
368 548
368 564
368 603
368 620
368 641
368 672
368 746
368 765
368 797
368 807
368 815
368 828
369 380
369 410
369 413
369 554
369 586
369 609
369 642
369 689
369 692
369 723
369 823
370 382
370 386
370 409
370 417
370 456
370 483
370 506
370 527
370 561
370 569
370 608
370 655
370 661
370 662
370 710
370 730
370 785
370 839
370 844
371 397
371 458
371 482
371 510
371 512
371 570
371 668
371 711
371 781
371 792
372 400
372 449
372 458
372 538
372 574
372 609
372 613
372 652
372 696
372 779
372 790
373 380
373 402
373 465
373 505
373 548
373 564
373 571
373 583
373 705
373 707
373 721
373 727
373 739
373 766
373 791
374 382
374 407
374 412
374 536
374 543
374 569
374 627
374 652
374 668
374 723
374 725
374 809
375 376
375 406
375 457
375 501
375 520
375 545
375 548
375 609
375 722
375 770
376 399
376 419
376 455
376 551
376 591
376 612
376 627
376 667
376 684
376 768
376 798
376 840
377 382
377 405
377 455
377 502
377 571
377 576
377 578
377 643
377 663
377 704
377 731
377 738
377 761
377 767
377 771
377 826
377 844
377 848
378 385
378 402
378 423
378 474
378 493
378 499
378 509
378 548
378 553
378 558
378 616
378 635
378 723
378 724
378 728
378 744
378 804
379 453
379 548
379 597
379 643
379 673
379 678
379 697
379 714
379 784
379 802
379 834
379 846
380 393
380 485
380 501
380 533
380 548
380 687
380 700
380 710
380 742
380 784
381 399
381 436
381 530
381 560
381 608
381 694
381 710
381 766
381 789
381 803
381 831
382 400
382 449
382 470
382 482
382 582
382 603
382 623
383 413
383 523
383 542
383 547
383 664
383 666
383 722
383 824
383 846
384 397
384 402
384 415
384 422
384 462
384 560
384 570
384 583
384 596
384 638
384 733
384 841
385 398
385 508
385 528
385 596
385 685
385 703
385 721
385 815
385 818
385 839
386 429
386 475
386 514
386 516
386 554
386 568
386 572
386 595
386 608
386 613
386 637
386 694
386 698
386 715
387 396
387 434
387 470
387 482
387 529
387 586
387 598
387 675
387 772
387 780
387 798
388 410
388 416
388 420
388 427
388 446
388 573
388 587
388 768
388 782
388 794
389 471
389 567
389 613
389 667
389 710
389 735
389 796
390 402
390 540
390 566
390 707
390 770
390 807
390 840
391 437
391 444
391 452
391 464
391 528
391 543
391 590
391 592
391 698
391 712
391 788
391 793
391 800
391 805
391 809
391 818
391 835
392 485
392 499
392 572
392 579
392 614
392 639
392 786
393 433
393 499
393 543
393 616
393 637
393 705
393 710
393 845
394 406
394 426
394 436
394 460
394 560
394 684
394 743
394 745
394 794
394 817
394 832
395 401
395 488
395 492
395 511
395 535
395 698
395 739
395 753
395 769
395 780
396 508
396 539
396 553
396 554
396 566
396 595
396 653
396 710
396 712
396 714
396 742
396 761
396 798
396 838
396 843
396 844
397 427
397 452
397 458
397 460
397 605
397 639
397 674
397 706
397 792
398 417
398 448
398 466
398 591
398 638
398 640
398 643
398 693
398 707
398 736
398 764
398 817
399 418
399 425
399 517
399 523
399 532
399 535
399 571
399 609
399 651
399 784
399 814
399 820
399 823
399 839
400 430
400 455
400 475
400 484
400 507
400 525
400 534
400 591
400 598
400 601
400 710
400 744
400 777
400 840
401 453
401 476
401 498
401 519
401 666
401 680
401 682
401 737
402 448
402 468
402 548
402 641
402 760
402 772
402 811
403 443
403 506
403 597
403 640
403 689
403 698
403 701
403 739
403 754
403 787
403 798
403 824
403 828
404 540
404 547
404 548
404 583
404 659
404 707
404 746
404 829
405 451
405 475
405 577
405 612
405 620
405 630
405 647
405 727
405 753
406 506
406 537
406 553
406 642
406 712
406 713
406 734
406 740
406 764
406 788
406 790
406 798
406 819
407 472
407 517
407 584
407 604
407 636
407 648
407 690
407 757
407 826
407 828
408 430
408 447
408 526
408 543
408 544
408 655
408 728
408 758
408 832
409 459
409 602
409 625
409 751
409 837
410 537
410 582
410 600
410 643
410 654
410 715
410 789
410 822
411 435
411 445
411 551
411 559
411 565
411 637
411 702
411 714
411 746
411 751
412 437
412 463
412 538
412 577
412 597
412 600
412 603
412 722
412 771
413 460
413 466
413 487
413 489
413 528
413 540
413 552
413 584
413 652
413 707
413 726
413 729
413 731
413 747
413 753
413 758
413 797
413 833
413 840
414 532
414 552
414 585
414 591
414 609
414 734
414 742
414 778
414 805
414 810
414 813
415 522
415 656
415 669
415 694
415 751
415 759
415 801
416 442
416 445
416 472
416 567
416 610
416 620
416 646
416 786
417 484
417 555
417 607
417 642
417 655
417 752
417 824
418 441
418 520
418 597
418 609
418 663
418 713
418 719
418 767
418 771
418 772
418 822
418 839
419 442
419 537
419 553
419 607
419 642
419 643
419 726
420 425
420 432
420 467
420 473
420 555
420 566
420 567
420 581
420 593
420 699
420 734
420 839
421 427
421 438
421 441
421 476
421 576
421 588
421 597
421 671
421 713
421 722
421 824
422 470
422 495
422 525
422 566
422 579
422 643
422 649
422 705
422 710
422 750
422 762
422 805
422 830
422 845
423 458
423 478
423 492
423 498
423 528
423 606
423 612
423 643
423 743
423 745
424 448
424 459
424 474
424 519
424 574
424 614
424 641
424 654
424 787
424 792
425 438
425 546
425 555
425 565
425 637
425 667
425 669
425 692
425 788
425 819
425 842
426 444
426 509
426 575
426 622
426 674
426 684
426 747
426 763
426 831
426 834
427 481
427 572
427 593
427 729
427 731
427 758
427 762
427 778
427 797
427 805
428 430
428 436
428 469
428 527
428 554
428 557
428 568
428 593
428 769
428 841
428 846
429 720
429 815
429 829
430 480
430 487
430 509
430 563
430 567
430 568
430 662
430 668
430 710
430 716
430 760
430 780
431 508
431 510
431 518
431 522
431 583
431 606
431 636
431 654
431 689
431 763
431 780
431 796
431 840
431 845
432 687
432 702
432 705
432 773
432 816
432 833
432 836
433 475
433 481
433 482
433 527
433 574
433 632
433 662
433 711
433 809
433 824
434 466
434 501
434 547
434 574
434 602
434 692
434 729
434 734
434 757
434 778
434 797
434 842
435 471
435 523
435 618
435 710
435 742
435 759
435 790
435 841
436 545
436 561
436 643
436 658
436 672
436 679
436 761
436 775
436 795
436 799
436 837
437 451
437 539
437 542
437 575
437 579
437 621
437 623
437 665
437 681
437 715
437 746
437 834
438 576
438 619
438 622
438 661
438 696
438 703
438 718
438 812
438 821
438 834
439 519
439 601
439 625
439 707
439 760
439 797
439 822
440 442
440 572
440 607
440 622
440 645
440 753
440 783
440 844
440 847
441 473
441 527
441 537
441 558
441 692
441 705
441 778
441 840
442 468
442 489
442 496
442 534
442 538
442 573
442 673
442 685
442 691
442 693
442 751
443 491
443 535
443 552
443 605
443 789
443 818
443 827
443 831
444 463
444 468
444 471
444 519
444 637
444 653
444 677
444 690
444 699
444 765
444 799
445 452
445 521
445 523
445 549
445 571
445 601
445 602
445 625
445 631
445 637
445 654
445 722
445 771
445 809
446 459
446 514
446 532
446 598
446 682
446 754
446 761
446 782
447 449
447 453
447 497
447 530
447 555
447 666
447 680
447 807
447 835
448 455
448 488
448 501
448 513
448 520
448 554
448 617
448 648
448 701
448 703
448 750
448 766
448 786
448 794
448 798
448 849
449 480
449 489
449 571
449 631
449 655
449 687
449 703
449 719
449 786
450 466
450 511
450 518
450 543
450 560
450 561
450 595
450 711
450 729
450 785
450 804
450 830
450 833
451 477
451 478
451 599
451 734
451 762
451 797
452 490
452 647
452 782
453 482
453 496
453 532
453 628
453 684
453 696
453 770
453 784
453 802
453 815
453 834
454 511
454 541
454 577
454 640
454 690
454 730
454 741
454 833
455 508
455 510
455 524
455 563
455 569
455 644
455 682
455 745
455 824
456 549
456 563
456 573
456 595
456 622
456 636
456 656
456 675
456 749
456 815
456 844
457 493
457 634
457 692
457 727
457 826
458 473
458 521
458 531
458 623
458 644
458 661
458 692
458 725
458 810
458 841
459 478
459 569
459 674
459 716
459 774
460 540
460 582
460 673
460 743
460 758
461 496
461 534
461 590
461 595
461 628
461 644
461 676
461 716
461 735
461 744
461 746
461 771
462 486
462 488
462 489
462 498
462 550
462 590
462 597
462 612
462 660
462 701
462 723
462 736
462 761
462 763
462 800
462 806
463 470
463 489
463 503
463 510
463 517
463 593
463 696
463 729
463 763
463 787
463 825
464 470
464 507
464 622
464 647
464 720
464 735
464 751
464 787
465 470
465 503
465 529
465 540
465 558
465 590
465 596
465 672
465 737
465 740
465 771
465 775
466 531
466 641
466 689
466 794
466 802
466 817
466 836
467 501
467 548
467 551
467 595
467 654
467 684
467 702
467 764
467 835
468 546
468 572
468 575
468 639
468 704
468 847
469 472
469 477
469 479
469 601
469 603
469 617
469 682
470 485
470 501
470 521
470 576
470 592
470 624
470 645
470 671
470 683
470 755
470 758
470 801
470 807
471 483
471 507
471 525
471 537
471 641
471 653
471 703
471 730
471 770
471 788
471 799
471 813
471 839
472 584
472 602
472 607
472 616
472 622
472 646
472 740
472 812
473 477
473 500
473 693
473 739
473 771
473 777
473 782
473 792
473 810
473 848
474 502
474 572
474 696
474 706
474 780
474 844
475 504
475 552
475 561
475 604
475 619
475 635
475 662
475 663
475 687
475 732
475 782
476 605
476 653
476 760
476 803
476 818
477 508
477 523
477 632
477 635
477 662
477 749
477 750
477 754
477 760
477 795
477 796
477 839
478 482
478 498
478 573
478 581
478 592
478 610
478 616
478 653
478 711
478 740
478 762
478 775
478 776
479 516
479 662
479 693
479 738
479 753
479 811
480 502
480 591
480 645
480 693
480 737
480 777
480 805
480 808
481 493
481 503
481 505
481 607
481 643
481 659
481 666
481 703
481 710
481 815
482 543
482 579
482 588
482 593
482 674
482 681
482 831
482 836
483 535
483 540
483 562
483 564
483 592
483 688
483 703
483 705
483 706
483 742
483 793
483 818
484 561
484 589
484 611
484 726
484 810
484 830
484 833
485 490
485 505
485 518
485 519
485 566
485 639
485 661
485 722
485 732
485 737
485 751
485 800
486 497
486 525
486 565
486 568
486 686
486 736
486 849
487 509
487 629
487 722
487 768
487 815
487 842
488 665
488 673
488 724
488 730
488 731
488 755
488 795
488 837
489 544
489 553
489 580
489 587
489 600
489 629
489 696
489 726
489 735
489 764
489 799
490 533
490 598
490 645
490 818
491 501
491 607
491 668
491 727
491 746
491 754
491 778
491 782
491 790
491 809
491 818
491 819
491 825
492 498
492 552
492 627
492 678
492 687
492 706
492 755
492 791
493 518
493 601
493 645
493 646
493 746
493 748
493 822
493 829
493 840
494 518
494 577
494 586
494 617
494 618
494 702
494 763
495 549
495 582
495 616
495 709
495 726
495 776
495 797
496 521
496 544
496 572
496 604
496 609
496 646
496 676
496 762
496 789
496 818
496 838
496 842
497 669
497 712
497 721
497 822
497 824
497 845
498 513
498 514
498 548
498 592
498 622
498 631
498 681
498 694
498 801
498 819
498 838
498 840
499 500
499 553
499 555
499 569
499 579
499 584
499 624
499 689
499 707
499 742
499 779
500 588
500 622
500 742
500 744
500 763
500 797
500 832
501 562
501 647
501 689
501 773
501 777
502 535
502 551
502 598
502 626
502 634
502 688
502 754
502 756
502 799
502 845
503 530
503 554
503 764
503 780
504 516
504 518
504 548
504 574
504 689
504 692
504 693
504 730
504 748
504 757
504 763
504 811
505 594
505 646
505 844
506 582
506 597
506 598
506 686
506 712
507 538
507 586
507 638
507 639
507 702
507 806
508 570
508 614
508 627
508 726
508 785
508 793
508 795
508 798
508 814
508 842
509 563
509 573
509 628
509 721
509 745
509 771
509 796
509 826
509 844
510 555
510 663
510 705
510 709
510 716
510 744
510 773
510 788
510 842
510 843
511 555
511 660
511 701
511 715
511 721
511 731
511 748
511 802
511 830
511 838
512 529
512 549
512 554
512 599
512 636
512 664
512 694
512 841
513 528
513 534
513 546
513 589
513 611
513 678
513 785
513 802
514 517
514 663
514 680
514 690
514 698
514 782
514 822
514 836
515 537
515 543
515 588
515 616
515 688
515 689
515 722
515 735
515 809
515 811
515 821
515 836
516 685
516 721
516 724
516 743
516 778
516 848
517 538
517 598
517 705
517 731
517 801
518 523
518 537
518 559
518 566
518 570
518 774
518 812
518 820
519 591
519 699
519 704
519 722
519 762
519 767
519 798
519 800
519 831
519 837
520 527
520 528
520 531
520 541
520 558
520 581
520 587
520 592
520 630
520 646
520 660
520 719
520 733
520 813
520 823
520 833
521 549
521 590
521 594
521 756
521 771
521 794
522 531
522 535
522 598
522 683
522 714
522 755
523 532
523 627
523 646
523 691
523 766
524 535
524 547
524 581
524 683
524 718
524 752
524 757
524 809
524 824
524 826
524 833
525 528
525 529
525 542
525 546
525 604
525 607
525 632
525 642
525 653
525 654
525 659
525 683
525 718
525 801
525 837
525 848
526 542
526 566
526 576
526 592
526 603
526 658
526 699
526 723
526 770
526 800
527 537
527 550
527 743
527 773
527 774
528 533
528 671
528 674
528 676
528 808
529 565
529 579
529 611
529 669
529 712
529 720
529 829
530 577
530 628
530 671
530 681
530 754
530 767
530 771
530 793
530 801
531 561
531 573
531 612
531 628
531 639
531 652
531 769
532 569
532 583
532 655
532 659
532 791
532 842
533 595
533 743
533 752
533 791
533 799
534 609
534 635
534 686
534 697
534 741
534 843
535 576
535 577
535 579
535 649
535 762
535 771
536 537
536 640
536 697
536 708
536 723
536 739
536 780
536 784
536 812
537 633
537 759
537 782
537 797
537 814
537 824
537 845
538 620
538 671
538 675
538 821
539 541
539 542
539 649
539 709
539 747
539 774
539 797
539 831
540 573
540 586
540 645
540 652
540 749
540 759
540 788
540 836
540 844
540 845
541 589
541 600
541 619
541 638
541 667
541 690
541 709
541 722
541 754
541 765
541 803
541 823
542 573
542 581
542 596
542 618
542 632
542 641
542 712
542 744
542 753
542 839
543 566
543 575
543 591
543 592
543 610
543 755
543 771
543 773
543 832
544 547
544 551
544 581
544 626
544 650
544 688
544 707
544 742
544 784
544 816
544 824
544 832
544 833
544 834
544 838
545 587
545 613
545 640
545 660
545 680
545 681
545 688
545 740
545 831
546 566
546 627
546 647
546 746
546 796
546 809
547 549
547 571
547 608
547 613
547 627
547 678
547 703
547 723
547 745
547 748
547 761
547 766
547 821
548 626
548 675
548 705
548 739
548 753
548 803
549 563
549 609
549 672
549 673
549 728
549 749
549 752
549 808
549 816
549 840
550 610
550 615
550 724
550 752
550 819
550 821
551 566
551 568
551 590
551 593
551 647
551 695
551 705
551 733
551 745
551 748
551 754
551 778
551 786
551 819
552 590
552 629
552 633
552 676
552 683
552 689
552 693
552 702
552 724
552 727
552 744
552 823
553 718
553 834
553 840
554 589
554 604
554 665
554 740
554 826
555 561
555 721
555 760
555 785
556 594
556 656
556 676
556 693
556 720
556 843
557 591
557 600
557 657
557 688
557 715
557 791
557 796
557 833
558 649
558 665
558 670
558 774
558 802
559 627
559 646
559 678
559 692
559 707
559 711
559 720
559 723
560 569
560 576
560 603
560 664
560 714
561 585
561 588
561 609
561 615
561 626
561 650
561 680
561 697
561 698
561 707
561 723
561 725
561 729
562 571
562 640
562 673
562 680
562 684
562 688
562 694
562 760
562 770
562 776
562 789
562 810
562 814
562 820
562 821
563 577
563 615
563 648
563 673
563 721
563 790
563 802
564 587
564 591
564 598
564 651
564 699
564 736
565 573
565 601
565 655
565 697
565 706
565 712
565 736
565 749
566 623
566 666
566 712
566 747
566 753
566 786
566 790
566 823
566 829
567 627
567 647
567 673
567 726
567 813
567 840
568 584
568 639
568 658
568 674
568 725
568 761
568 765
568 780
568 799
569 777
569 798
569 839
570 697
570 743
571 586
571 591
571 638
571 701
571 709
571 754
571 803
572 587
572 594
572 696
572 715
572 721
572 830
573 587
573 752
573 761
573 792
574 626
574 703
574 725
575 594
575 601
575 616
575 630
575 649
575 715
575 837
576 611
576 620
576 644
576 721
576 761
576 773
576 796
576 817
576 822
577 647
577 650
577 659
577 684
577 687
577 743
577 762
577 819
578 581
578 689
578 691
578 702
578 716
578 757
578 761
578 772
579 606
579 665
579 809
580 589
580 604
580 609
580 617
580 744
581 589
581 616
581 695
581 713
581 717
581 744
581 764
581 814
581 826
582 611
582 632
582 653
582 659
582 711
582 750
582 849
583 618
583 623
583 711
583 736
583 809
584 607
584 613
584 614
584 619
584 778
585 596
585 626
585 824
586 686
586 687
586 734
586 758
586 830
586 838
587 600
587 687
587 755
587 796
587 801
587 841
588 674
588 737
588 747
588 763
588 770
588 794
588 797
588 798
588 804
588 849
589 628
589 674
589 687
589 723
589 729
589 786
589 819
589 848
590 652
590 673
591 622
591 624
591 652
591 663
591 680
591 683
591 703
591 709
591 710
591 802
591 827
591 828
592 608
592 635
592 643
592 711
592 713
592 827
593 725
593 756
593 798
593 836
594 599
594 635
594 652
594 654
594 663
594 715
594 753
594 760
594 785
594 807
594 815
594 817
594 826
594 839
595 610
595 612
595 668
595 689
595 709
595 717
595 759
595 785
595 816
596 637
596 671
596 798
597 717
597 745
597 765
598 619
598 632
598 777
598 800
598 847
599 601
599 604
599 617
599 656
599 668
599 685
599 742
599 747
599 763
599 765
599 803
600 648
600 653
600 742
601 629
601 647
601 661
601 700
601 728
601 791
601 843
602 640
602 655
602 723
602 732
602 794
602 819
603 607
603 620
603 639
603 664
603 687
603 711
603 735
603 765
603 849
604 688
604 698
604 774
604 798
605 630
605 661
605 662
605 664
605 757
605 776
605 797
605 801
605 832
605 834
606 637
606 666
607 630
607 683
607 704
607 710
607 749
608 711
608 759
608 775
608 820
609 674
609 750
609 753
609 788
609 848
610 615
610 635
610 709
610 723
610 728
610 819
611 616
611 756
611 784
612 624
612 723
612 727
612 739
612 758
612 792
612 847
613 759
613 780
613 784
613 787
614 623
614 667
614 681
614 712
614 783
615 618
615 754
615 798
616 819
617 618
617 639
617 657
617 664
617 674
617 712
617 759
617 782
617 824
617 840
618 773
618 779
618 786
618 807
618 839
619 644
619 680
619 710
619 762
619 764
619 795
619 801
619 808
619 815
619 821
620 656
620 677
620 698
620 703
620 746
620 821
620 823
621 693
621 695
621 725
621 742
621 756
621 777
621 848
622 642
622 747
622 791
622 831
623 647
623 657
623 682
623 712
623 714
623 720
623 751
623 789
623 803
623 806
623 810
624 625
624 637
624 661
624 680
624 686
624 718
624 741
624 832
625 639
625 656
625 719
625 745
626 739
626 790
626 802
626 831
627 652
627 681
627 752
627 778
627 779
627 806
628 643
628 697
628 725
628 761
628 767
629 741
629 748
629 750
629 788
629 831
629 838
630 638
630 674
630 787
630 819
630 820
630 826
631 633
631 643
631 666
631 670
631 677
631 694
631 717
631 776
631 783
631 801
631 806
631 807
632 634
632 646
632 710
632 803
632 846
633 678
633 703
634 656
634 761
635 638
635 849
636 678
636 680
636 696
636 735
636 752
636 754
636 774
636 795
637 640
637 650
637 657
637 666
637 730
637 750
637 766
637 787
637 792
637 820
638 646
638 659
638 665
638 669
638 747
638 825
638 838
639 642
639 654
639 664
639 829
639 846
640 646
640 671
640 682
640 702
640 720
640 746
640 776
640 824
640 838
641 697
641 740
641 742
641 752
642 683
642 684
642 747
642 786
642 817
642 831
643 657
643 703
643 807
643 829
643 841
644 705
644 810
644 823
644 838
645 690
645 754
645 780
645 789
645 818
646 669
646 679
646 689
646 744
646 793
646 796
646 807
646 824
646 831
646 833
647 655
647 701
647 717
647 735
647 740
647 848
648 651
648 676
648 679
648 686
648 713
648 715
648 744
648 760
648 778
648 796
648 817
649 663
649 671
649 731
649 741
649 848
650 669
650 745
650 750
650 767
650 843
651 660
651 662
651 667
651 668
651 677
651 695
651 732
651 778
651 846
652 656
652 669
652 720
652 751
652 826
653 719
653 749
653 756
654 655
654 675
654 728
654 743
654 838
655 714
655 727
655 787
655 799
656 673
656 713
656 732
656 749
656 783
656 796
656 846
657 687
657 758
657 766
657 774
657 800
657 821
658 665
658 745
658 795
658 820
658 844
659 765
659 770
659 775
660 664
660 697
660 718
660 763
661 693
661 782
661 816
661 817
662 665
662 738
662 840
663 709
663 734
663 763
663 844
664 666
664 674
664 687
664 760
664 800
664 812
665 684
665 708
665 810
665 841
666 806
666 819
666 831
667 691
667 707
667 779
667 808
667 825
667 830
667 833
667 840
668 679
668 683
668 694
668 826
669 739
669 808
670 678
670 680
670 721
670 742
670 776
670 809
670 824
670 829
670 831
671 688
671 696
671 707
671 740
671 793
671 833
672 740
672 749
672 761
672 831
673 704
673 827
674 686
674 694
674 730
674 731
674 740
674 801
674 813
674 814
675 688
675 694
675 700
675 710
675 724
675 748
675 765
675 766
675 768
675 811
675 820
675 846
676 784
677 678
677 679
677 693
677 739
677 782
678 716
678 803
679 724
679 731
679 759
679 770
679 825
679 830
679 838
680 771
680 810
680 832
680 834
681 747
681 796
681 837
682 785
682 793
682 812
683 701
683 789
683 842
684 694
684 711
684 734
684 766
685 706
685 715
685 727
685 766
685 792
685 803
685 844
685 845
686 699
686 745
686 792
686 821
687 690
687 696
688 702
688 722
688 800
688 840
689 733
689 759
689 793
689 808
690 697
690 706
690 713
690 755
691 712
691 735
691 738
691 748
691 809
691 820
691 824
691 839
692 698
692 731
693 700
693 761
693 785
693 828
694 703
694 748
694 791
695 744
695 760
695 776
695 808
695 837
696 739
696 757
696 821
696 831
697 801
697 803
697 805
698 794
698 849
699 703
699 732
699 773
699 777
699 836
700 823
700 831
701 752
701 772
701 777
701 797
701 809
701 828
701 833
702 736
702 767
702 778
702 833
702 837
702 838
702 845
703 708
703 787
703 821
703 845
704 764
704 786
704 814
705 728
705 800
705 810
706 745
706 746
706 802
706 829
707 749
707 780
707 781
707 785
707 822
707 847
708 709
708 731
708 763
708 769
708 777
708 821
709 715
709 736
709 760
709 788
709 794
709 804
710 790
710 819
712 729
712 740
712 760
712 805
712 817
712 821
712 838
713 742
713 770
713 778
714 770
714 773
716 733
716 790
716 795
716 821
717 769
718 765
718 805
719 755
719 833
720 840
721 748
721 811
722 725
722 798
722 801
723 739
723 749
723 766
723 801
723 819
723 845
724 733
724 779
724 805
724 823
725 776
725 777
725 840
726 729
726 743
726 748
726 757
726 816
727 830
728 729
730 844
731 736
731 784
731 814
731 839
732 774
732 799
732 812
732 839
733 778
734 761
736 750
736 758
736 831
737 750
737 785
737 814
738 782
738 808
739 742
739 756
739 844
740 754
740 765
740 776
740 792
741 750
741 756
741 769
741 792
742 765
742 782
742 812
742 815
743 770
743 828
743 839
744 793
744 819
746 773
746 783
747 755
747 769
747 792
747 801
748 785
748 829
748 849
749 830
750 758
750 804
750 816
751 786
751 829
751 835
752 804
752 833
753 768
753 780
754 798
754 840
754 843
755 834
756 797
756 811
756 821
756 831
756 836
758 777
758 780
760 762
760 812
760 826
760 834
760 847
761 780
761 836
761 841
762 776
762 783
762 785
763 808
763 840
764 769
765 788
766 789
766 838
767 772
767 822
767 827
768 770
768 811
769 774
770 777
770 832
771 787
771 820
771 840
771 847
772 775
772 777
772 783
772 803
772 837
773 784
774 795
774 799
774 843
775 805
775 847
776 812
777 822
777 838
778 806
778 848
780 819
781 833
785 821
785 834
786 791
786 817
786 828
786 849
787 799
787 826
787 844
788 829
789 793
789 832
790 839
791 810
791 830
792 838
793 827
794 822
795 799
796 801
797 813
797 832
799 814
800 843
800 849
801 806
802 833
803 830
804 813
805 845
806 809
807 813
808 810
808 840
810 829
811 816
812 825
814 822
814 829
815 816
816 834
816 847
819 831
825 839
826 841
830 838
833 838
833 844
838 839
838 846
839 840
841 845