0 0
1 1
2 0
3 0
4 0
5 1
6 1
7 0
8 0
9 1
10 0
11 0
12 0
13 1
14 1
15 1
16 0
17 1
18 1
19 0
20 1
21 1
22 0
23 0
24 1
25 1
26 1
27 1
28 0
29 0
30 0
31 1
32 0
33 1
34 1
35 1
36 0
37 1
38 0
39 1
40 0
41 1
42 0
43 0
44 1
45 0
46 1
47 0
48 0
49 0
50 0
51 0
52 0
53 1
54 1
55 0
56 0
57 0
58 1
59 1
60 1
61 0
62 1
63 0
64 1
65 1
66 0
67 1
68 0
69 0
70 1
71 1
72 1
73 0
74 1
75 0
76 0
77 1
78 1
79 1
80 0
81 1
82 0
83 1
84 1
85 1
86 1
87 1
88 1
89 1
90 1
91 1
92 0
93 0
94 0
95 1
96 0
97 1
98 0
99 1
100 1
101 0
102 1
103 1
104 0
105 1
106 0
107 0
108 0
109 1
110 1
111 0
112 0
113 0
114 1
115 0
116 0
117 1
118 1
119 1
120 0
121 1
122 1
123 0
124 1
125 0
126 1
127 1
128 1
129 1
130 1
131 1
132 0
133 0
134 0
135 1
136 1
137 1
138 0
139 1
140 0
141 0
142 0
143 1
144 1
145 1
146 0
147 0
148 1
149 1
150 0
151 0
152 1
153 1
154 0
155 1
156 0
157 0
158 0
159 0
160 0
161 1
162 1
163 0
164 0
165 0
166 0
167 0
168 0
169 0
170 0
171 0
172 1
173 0
174 1
175 1
176 0
177 1
178 1
179 1
180 0
181 0
182 1
183 1
184 0
185 1
186 0
187 1
188 1
189 1
190 0
191 0
192 0
193 0
194 0
195 0
196 1
197 1
198 1
199 1
200 0
201 0
202 1
203 0
204 0
205 0
206 0
207 1
208 1
209 1
210 1
211 0
212 0
213 0
214 1
215 1
216 1
217 0
218 0
219 1
220 1
221 1
222 1
223 0
224 1
225 0
226 0
227 1
228 1
229 1
230 1
231 1
232 1
233 1
234 0
235 1
236 0
237 1
238 0
239 1
240 1
241 0
242 1
243 1
244 0
245 1
246 1
247 0
248 1
249 1
250 1
251 1
252 1
253 1
254 0
255 0
256 0
257 1
258 1
259 1
260 0
261 1
262 1
263 1
264 0
265 1
266 1
267 1
268 0
269 1
270 0
271 1
272 1
273 1
274 0
275 0
276 0
277 1
278 0
279 0
280 1
281 1
282 1
283 0
284 0
285 1
286 1
287 1
288 1
289 0
290 0
291 0
292 0
293 1
294 1
295 1
296 0
297 1
298 0
299 1
300 1
301 0
302 1
303 0
304 0
305 1
306 1
307 0
308 0
309 0
310 0
311 0
312 0
313 1
314 1
315 0
316 0
317 0
318 0
319 0
320 0
321 1
322 0
323 1
324 1
325 0
326 0
327 0
328 0
329 0
330 1
331 0
332 1
333 1
334 0
335 1
336 0
337 1
338 1
339 0
340 0
341 0
342 1
343 1
344 0
345 1
346 1
347 1
348 1
349 1
350 0
351 0
352 0
353 1
354 0
355 1
356 0
357 1
358 0
359 0
360 0
361 1
362 1
363 0
364 0
365 1
366 0
367 0
368 1
369 0
370 0
371 0
372 1
373 1
374 0
375 1
376 0
377 1
378 0
379 1
380 1
381 0
382 0
383 1
384 1
385 1
386 1
387 1
388 0
389 1
390 1
391 1
392 1
393 0
394 1
395 1
396 0
397 0
398 1
399 1
400 0
401 0
402 0
403 0
404 1
405 1
406 0
407 0
408 0
409 0
410 0
411 0
412 1
413 0
414 1
415 0
416 0
417 0
418 1
419 0
420 1
421 0
422 1
423 1
424 0
425 0
426 0
427 1
428 0
429 1
430 1
431 0
432 1
433 1
434 0
435 1
436 1
437 0
438 0
439 0
440 0
441 0
442 0
443 1
444 1
445 0
446 1
447 0
448 0
449 0
450 0
451 1
452 0
453 1
454 1
455 1
456 0
457 1
458 0
459 1
460 0
461 1
462 1
463 0
464 0
465 1
466 1
467 1
468 1
469 0
470 1
471 0
472 1
473 1
474 0
475 0
476 1
477 1
478 0
479 1
480 0
481 0
482 1
483 1
484 0
485 0
486 1
487 1
488 1
489 0
490 1
491 1
492 0
493 1
494 1
495 1
496 1
497 0
498 0
499 0
500 0
501 1
502 1
503 0
504 1
505 0
506 1
507 1
508 0
509 1
510 1
511 1
512 0
513 0
514 1
515 1
516 1
517 1
518 0
519 0
520 1
521 0
522 0
523 1
524 0
525 1
526 0
527 1
528 0
529 0
530 0
531 1
532 1
533 0
534 1
535 1
536 1
537 1
538 0
539 1
540 0
541 1
542 1
543 1
544 1
545 0
546 0
547 0
548 0
549 1
550 1
551 1
552 1
553 1
554 1
555 1
556 1
557 1
558 1
559 1
560 0
561 1
562 1
563 1
564 1
565 1
566 0
567 0
568 1
569 1
570 1
571 1
572 1
573 1
574 1
575 1
576 0
577 0
578 0
579 0
580 1
581 1
582 0
583 1
584 1
585 0
586 0
587 0
588 1
589 1
590 1
591 0
592 0
593 0
594 0
595 1
596 1
597 1
598 1
599 1
600 1
601 1
602 0
603 0
604 1
605 0
606 0
607 1
608 1
609 1
610 1
611 1
612 0
613 0
614 0
615 0
616 1
617 1
618 1
619 0
620 0
621 1
622 0
623 0
624 0
625 1
626 1
627 1
628 0
629 0
630 0
631 0
632 0
633 0
634 0
635 1
636 1
637 0
638 1
639 1
640 0
641 1
642 0
643 1
644 1
645 0
646 0
647 0
648 1
649 1
650 0
651 1
652 0
653 0
654 1
655 0
656 1
657 1
658 0
659 1
660 0
661 0
662 0
663 1
664 0
665 0
666 0
667 1
668 1
669 1
670 0
671 0
672 0
673 0
674 0
675 0
676 0
677 0
678 0
679 0
680 0
681 0
682 1
683 0
684 0
685 0
686 1
687 0
688 0
689 0
690 1
691 0
692 0
693 0
694 1
695 0
696 0
697 1
698 0
699 1
700 0
701 1
702 0
703 0
704 0
705 0
706 0
707 0
708 1
709 0
710 1
711 0
712 1
713 0
714 1
715 0
716 0
717 0
718 1
719 0
720 1
721 1
722 1
723 1
724 1
725 0
726 0
727 0
728 0
729 0
730 1
731 0
732 1
733 1
734 0
735 0
736 1
737 0
738 1
739 0
740 1
741 0
742 0
743 1
744 0
745 0
746 1
747 0
748 1
749 1
750 1
751 1
752 1
753 1
754 0
755 0
756 1
757 0
758 0
759 0
760 0
761 0
762 1
763 0
764 1
765 1
766 0
767 1
768 0
769 1
770 0
771 1
772 1
773 0
774 1
775 1
776 0
777 1
778 1
779 1
780 0
781 1
782 0
783 1
784 1
785 0
786 1
787 1
788 1
789 1
790 1
791 1
792 1
793 1
794 0
795 1
796 1
797 1
798 0
799 1
800 0
801 0
802 0
803 1
804 1
805 0
806 1
807 1
808 0
809 0
810 0
811 1
812 1
813 1
814 1
815 0
816 0
817 1
818 0
819 1
820 0
821 1
822 1
823 0
824 0
825 0
826 1
827 1
828 0
829 1
830 0
831 0
832 1
833 0
834 1
835 1
836 0
837 1
838 1
839 0
840 1
841 0
842 1
843 0
844 1
845 0
846 0
847 1
848 1
849 1
850 1
851 0
852 0
853 1
854 0
855 0
856 0
857 0
858 1
859 0
860 1
861 0
862 0
863 0
864 1
865 0
866 1
867 1
868 1
869 0
870 0
871 1
872 1
873 0
874 1
875 1
876 0
877 0
878 1
879 0
880 0
881 0
882 0
883 0
884 0
885 1
886 1
887 1
888 0
889 1
890 0
891 1
892 0
893 1
894 0
895 0
896 1
897 0
898 0
899 0
900 0
901 1
902 1
903 0
904 0
905 0
906 1
907 0
908 0
909 0
910 0
911 0
912 0
913 0
914 0
915 1
916 1
917 1
918 0
919 1
920 0
921 1
922 1
923 1
924 0
925 0
926 0
927 1
928 1
929 0
930 1
931 0
932 1
933 0
934 1
935 0
936 0
937 0
938 1
939 0
940 1
941 0
942 1
943 0
944 1
945 0
946 0
947 0
948 1
949 1
950 0
951 0
952 0
953 0
954 1
955 1
956 0
957 1
958 1
959 1
960 1
961 1
962 1
963 0
964 1
965 0
966 1
967 1
968 0
969 0
970 0
971 0
972 0
973 0
974 1
975 1
976 0
977 1
978 1
979 0
980 1
981 1
982 0
983 1
984 1
985 0
986 1
987 1
988 0
989 1
990 1
991 1
992 1
993 0
994 0
995 1
996 0
997 0
998 0
999 0
1000 0
1001 1
1002 1
1003 1
1004 1
1005 1
1006 1
1007 1
1008 1
1009 1
1010 0
1011 0
1012 0
1013 0
1014 0
1015 0
1016 0
1017 0
1018 1
1019 1
1020 1
1021 1
1022 1
1023 1
1024 1
1025 0
1026 1
1027 0
1028 1
1029 1
1030 1
1031 1
1032 1
1033 1
1034 0
1035 0
1036 1
1037 1
1038 1
1039 1
1040 1
1041 0
1042 0
1043 0
1044 1
1045 1
1046 0
1047 0
1048 0
1049 0
1050 1
1051 0
1052 0
1053 0
1054 0
1055 1
1056 1
1057 1
1058 1
1059 0
1060 1
1061 1
1062 0
1063 1
1064 0
1065 1
1066 0
1067 1
1068 1
1069 0
1070 0
1071 1
1072 1
1073 0
1074 0
1075 1
1076 0
1077 1
1078 1
1079 0
1080 1
1081 1
1082 0
1083 1
1084 0
1085 0
1086 1
1087 1
1088 1
1089 0
1090 0
1091 0
1092 0
1093 1
1094 0
1095 1
1096 0
1097 0
1098 0
1099 0
1100 1
1101 0
1102 0
1103 1
1104 1
1105 1
1106 1
1107 1
1108 1
1109 0
1110 1
1111 0
1112 0
1113 1
1114 1
1115 0
1116 0
1117 1
1118 1
1119 1
1120 1
1121 1
1122 0
1123 0
1124 0
1125 0
1126 1
1127 0
1128 0
1129 0
1130 1
1131 0
1132 1
1133 0
1134 0
1135 1
1136 0
1137 0
1138 1
1139 1
1140 1
1141 0
1142 0
1143 0
1144 0
1145 1
1146 0
1147 1
1148 1
1149 1
1150 0
1151 1
1152 0
1153 1
1154 0
1155 1
1156 1
1157 1
1158 0
1159 0
1160 1
1161 1
1162 0
1163 0
1164 1
1165 0
1166 1
1167 1
1168 0
1169 1
1170 1
1171 0
1172 0
1173 0
1174 1
1175 0
1176 0
1177 1
1178 1
1179 1
1180 0
1181 1
1182 1
1183 1
1184 1
1185 1
1186 0
1187 0
1188 0
1189 0
1190 0
1191 0
1192 1
1193 1
1194 0
1195 1
1196 0
1197 0
1198 0
1199 0
1200 1
1201 0
1202 0
1203 0
1204 1
1205 0
1206 1
1207 0
1208 0
1209 1
1210 1
1211 1
1212 0
1213 1
1214 1
1215 0
1216 1
1217 0
1218 1
1219 1
1220 0
1221 1
1222 1
1223 0
1224 0
1225 1
1226 0
1227 1
1228 0
1229 1
1230 1
1231 1
1232 0
1233 0
1234 1
1235 0
1236 1
1237 0
1238 0
1239 0
1240 0
1241 0
1242 1
1243 0
1244 1
1245 1
1246 1
1247 0
1248 1
1249 1
1250 1
1251 1
1252 0
1253 1
1254 1
1255 0
1256 1
1257 0
1258 0
1259 1
1260 1
1261 0
1262 1
1263 0
1264 0
1265 1
1266 1
1267 1
1268 0
1269 1
1270 0
1271 0
1272 1
1273 0
1274 1
1275 1
1276 0
1277 0
1278 0
1279 1
1280 0
1281 0
1282 0
1283 0
1284 1
1285 0
1286 0
1287 0
1288 1
1289 0
1290 0
1291 0
1292 1
1293 1
1294 1
1295 0
1296 1
1297 1
1298 0
1299 1
1300 0
1301 1
1302 0
1303 0
1304 1
1305 0
1306 1
1307 1
1308 1
1309 1
1310 0
1311 1
1312 0
1313 1
1314 0
1315 0
1316 1
1317 0
1318 0
1319 1
1320 0
1321 1
1322 1
1323 0
1324 0
1325 1
1326 1
1327 0
1328 0
1329 0
1330 1
1331 0
1332 1
1333 0
1334 0
1335 0
1336 1
1337 1
1338 0
1339 1
1340 0
1341 1
1342 0
1343 1
1344 0
1345 1
1346 0
1347 0
1348 1
1349 1
1350 1
1351 1
1352 1
1353 1
1354 1
1355 1
1356 1
1357 0
1358 1
1359 0
1360 1
1361 0
1362 1
1363 1
1364 1
1365 0
1366 0
1367 1
1368 1
1369 0
1370 1
1371 1
1372 1
1373 0
1374 0
1375 0
1376 0
1377 1
1378 0
1379 1
1380 1
1381 1
1382 0
1383 1
1384 1
1385 0
1386 1
1387 0
1388 0
1389 1
1390 1
1391 1
1392 1
1393 1
1394 1
1395 0
1396 0
1397 1
1398 1
1399 0
1400 1
1401 0
1402 1
1403 1
1404 1
1405 0
1406 0
1407 0
1408 0
1409 0
1410 0
1411 0
1412 1
1413 1
1414 0
1415 1
1416 0
1417 1
1418 1
1419 0
1420 0
1421 0
1422 1
1423 0
1424 0
1425 1
1426 1
1427 0
1428 0
1429 0
1430 1
1431 0
1432 1
1433 1
1434 1
1435 0
1436 1
1437 0
1438 0
1439 0
1440 1
1441 1
1442 1
1443 1
1444 1
1445 1
1446 0
1447 0
1448 1
1449 0
1450 0
1451 0
1452 1
1453 1
1454 0
1455 1
1456 0
1457 0
1458 1
1459 1
1460 1
1461 0
1462 1
1463 1
1464 1
1465 1
1466 1
1467 1
1468 0
1469 1
1470 1
1471 1
1472 1
1473 0
1474 1
1475 0
1476 0
1477 1
1478 0
1479 0
1480 0
1481 1
1482 1
1483 1
1484 1
1485 1
1486 0
1487 1
1488 1
1489 0
1490 1
1491 0
1492 1
1493 1
1494 1
1495 1
1496 1
1497 0
1498 0
1499 1
1500 0
1501 1
1502 0
1503 1
1504 1
1505 1
1506 1
1507 0
1508 1
1509 0
1510 1
1511 1
1512 1
1513 1
1514 0
1515 1
1516 0
1517 0
1518 1
1519 1
1520 0
1521 0
1522 1
1523 1
1524 1
1525 0
1526 0
1527 1
1528 1
1529 1
1530 1
1531 0
1532 0
1533 1
1534 1
1535 0
1536 0
1537 0
1538 0
1539 1
1540 1
1541 1
1542 0
1543 1
1544 1
1545 1
1546 1
1547 1
1548 1
1549 1
1550 1
1551 1
1552 1
1553 1
1554 0
1555 0
1556 0
1557 1
1558 1
1559 1
1560 0
1561 0
1562 0
1563 1
1564 1
1565 1
1566 1
1567 1
1568 0
1569 0
1570 1
1571 0
1572 1
1573 0
1574 0
1575 0
1576 0
1577 1
1578 0
1579 0
1580 0
1581 1
1582 1
1583 1
1584 0
1585 0
1586 1
1587 0
1588 1
1589 0
1590 0
1591 1
1592 1
1593 1
1594 0
1595 0
1596 1
1597 0
1598 0
1599 1
1600 1
1601 0
1602 0
1603 0
1604 1
1605 1
1606 1
1607 1
1608 0
1609 0
1610 1
1611 1
1612 0
1613 0
1614 0
1615 1
1616 1
1617 0
1618 1
1619 0
1620 0
1621 0
1622 0
1623 1
1624 1
1625 0
1626 1
1627 1
1628 1
1629 0
1630 1
1631 1
1632 0
1633 1
1634 0
1635 1
1636 1
1637 0
1638 0
1639 0
1640 0
1641 0
1642 1
1643 1
1644 1
1645 0
1646 1
1647 0
1648 1
1649 0
1650 0
1651 1
1652 0
1653 0
1654 1
1655 0
1656 0
1657 1
1658 0
1659 0
1660 0
1661 1
1662 0
1663 1
1664 1
1665 0
1666 1
1667 0
1668 1
1669 0
1670 0
1671 1
1672 0
1673 1
1674 0
1675 0
1676 0
1677 1
1678 1
1679 0
1680 0
1681 1
1682 0
1683 1
1684 1
1685 1
1686 0
1687 1
1688 0
1689 0
1690 0
1691 1
1692 0
1693 1
1694 1
1695 1
1696 0
1697 1
1698 0
1699 1
1700 0
1701 0
1702 0
1703 1
1704 0
1705 0
1706 1
1707 0
1708 0
1709 0
1710 0
1711 1
1712 1
1713 0
1714 1
1715 0
1716 0
1717 0
1718 0
1719 0
1720 1
1721 0
1722 0
1723 1
1724 1
1725 1
1726 1
1727 0
1728 0
1729 1
1730 0
1731 1
1732 1
1733 0
1734 1
1735 1
1736 0
1737 0
1738 1
1739 1
1740 1
1741 0
1742 0
1743 0
1744 0
1745 1
1746 0
1747 0
1748 0
1749 1
1750 1
1751 1
1752 1
1753 1
1754 1
1755 1
1756 1
1757 1
1758 1
1759 1
1760 1
1761 1
1762 1
1763 1
1764 1
1765 1
1766 0
1767 0
1768 1
1769 0
1770 1
1771 1
1772 0
1773 1
1774 1
1775 0
1776 1
1777 1
1778 1
1779 1
1780 0
1781 1
1782 0
1783 0
1784 0
1785 1
1786 1
1787 0
1788 0
1789 0
1790 1
1791 1
1792 0
1793 0
1794 1
1795 0
1796 1
1797 0
1798 1
1799 1
1800 1
1801 1
1802 0
1803 0
1804 0
1805 0
1806 1
1807 1
1808 0
1809 0
1810 1
1811 1
1812 1
1813 0
1814 0
1815 1
1816 1
1817 0
1818 0
1819 1
1820 1
1821 0
1822 0
1823 0
1824 1
1825 1
1826 1
1827 1
1828 1
1829 0
1830 0
1831 0
1832 1
1833 0
1834 1
1835 1
1836 1
1837 1
1838 1
1839 0
1840 0
1841 1
1842 1
1843 0
1844 0
1845 1
1846 0
1847 1
1848 1
1849 0
1850 0
1851 0
1852 0
1853 0
1854 0
1855 1
1856 0
1857 1
1858 1
1859 0
1860 0
1861 1
1862 1
1863 1
1864 1
1865 1
1866 0
1867 0
1868 1
1869 1
1870 0
1871 1
1872 1
1873 0
1874 1
1875 0
1876 1
1877 0
1878 1
1879 0
1880 1
1881 0
1882 0
1883 0
1884 1
1885 0
1886 0
1887 0
1888 0
1889 0
1890 1
1891 1
1892 1
1893 1
1894 1
1895 1
1896 0
1897 1
1898 0
1899 1
1900 0
1901 1
1902 0
1903 1
1904 0
1905 0
1906 1
1907 1
1908 0
1909 1
1910 1
1911 0
1912 0
1913 1
1914 1
1915 1
1916 0
1917 1
1918 0
1919 0
1920 1
1921 0
1922 0
1923 0
1924 0
1925 0
1926 0
1927 1
1928 0
1929 0
1930 0
1931 1
1932 0
1933 0
1934 0
1935 1
1936 1
1937 1
1938 0
1939 0
1940 0
1941 0
1942 0
1943 0
1944 1
1945 1
1946 1
1947 1
1948 1
1949 1
1950 0
1951 0
1952 0
1953 0
1954 0
1955 0
1956 0
1957 1
1958 1
1959 0
1960 0
1961 1
1962 1
1963 0
1964 1
1965 0
1966 0
1967 0
1968 1
1969 1
1970 1
1971 1
1972 1
1973 0
1974 1
1975 0
1976 1
1977 1
1978 0
1979 0
1980 1
1981 0
1982 1
1983 1
1984 0
1985 1
1986 1
1987 0
1988 0
1989 1
1990 0
1991 1
1992 1
1993 1
1994 0
1995 1
1996 1
1997 1
1998 0
1999 0
2000 1
2001 0
2002 0
2003 0
2004 1
2005 0
2006 0
2007 0
2008 0
2009 0
2010 1
2011 1
2012 1
2013 1
2014 1
2015 1
2016 1
2017 0
2018 0
2019 1
2020 1
2021 0
2022 0
2023 0
2024 0
2025 0
2026 0
2027 0
2028 0
2029 0
2030 0
2031 0
2032 1
2033 1
2034 1
2035 1
2036 1
2037 0
2038 1
2039 0
2040 1
2041 0
2042 0
2043 0
2044 0
2045 1
2046 0
2047 1
2048 0
2049 0
2050 0
2051 1
2052 1
2053 1
2054 1
2055 1
2056 0
2057 1
2058 1
2059 0
2060 1
2061 1
2062 0
2063 0
2064 1
2065 0
2066 1
2067 1
2068 0
2069 1
2070 1
2071 1
2072 0
2073 0
2074 1
2075 0
2076 1
2077 1
2078 0
2079 1
2080 1
2081 0
2082 0
2083 0
2084 1
2085 1
2086 0
2087 1
2088 1
2089 0
2090 1
2091 1
2092 1
2093 1
2094 1
2095 1
2096 0
2097 1
2098 1
2099 1
2100 0
2101 1
2102 1
2103 0
2104 0
2105 1
2106 0
2107 1
2108 1
2109 1
2110 1
2111 0
2112 0
2113 0
2114 1
2115 0
2116 0
2117 1
2118 0
2119 1
2120 1
2121 1
2122 1
2123 1
2124 1
2125 0
2126 0
2127 1
2128 0
2129 0
2130 1
2131 0
2132 0
2133 1
2134 0
2135 0
2136 0
2137 0
2138 0
2139 1
2140 0
2141 1
2142 1
2143 1
2144 0
2145 1
2146 1
2147 0
2148 1
2149 1
2150 0
2151 1
2152 0
2153 0
2154 0
2155 0
2156 0
2157 0
2158 1
2159 0
2160 0
2161 0
2162 1
2163 0
2164 1
2165 0
2166 0
2167 1
2168 1
2169 1
2170 0
2171 0
2172 1
2173 0
2174 1
2175 1
2176 1
2177 0
2178 0
2179 1
2180 0
2181 0
2182 1
2183 1
2184 0
2185 0
2186 0
2187 1
2188 0
2189 1
2190 1
2191 1
2192 0
2193 1
2194 1
2195 1
2196 0
2197 1
2198 1
2199 1
2200 0
2201 0
2202 1
2203 0
2204 1
2205 0
2206 0
2207 1
2208 1
2209 0
2210 1
2211 1
2212 1
2213 1
2214 1
2215 1
2216 1
2217 1
2218 0
2219 1
2220 0
2221 0
2222 0
2223 0
2224 1
2225 0
2226 0
2227 1
2228 0
2229 0
2230 1
2231 0
2232 0
2233 0
2234 1
2235 1
2236 0
2237 0
2238 0
2239 1
2240 1
2241 0
2242 1
2243 0
2244 0
2245 0
2246 1
2247 1
2248 0
2249 1
2250 1
2251 1
2252 0
2253 0
2254 1
2255 0
2256 1
2257 0
2258 0
2259 1
2260 1
2261 0
2262 0
2263 0
2264 1
2265 1
2266 1
2267 0
2268 1
2269 0
2270 0
2271 1
2272 1
2273 0
2274 0
2275 0
2276 1
2277 0
2278 0
2279 0
2280 0
2281 1
2282 0
2283 0
2284 1
2285 1
2286 0
2287 0
2288 0
2289 1
2290 0
2291 0
2292 0
2293 1
2294 0
2295 1
2296 1
2297 0
2298 0
2299 1
2300 1
2301 0
2302 1
2303 0
2304 0
2305 1
2306 0
2307 0
2308 0
2309 0
2310 0
2311 0
2312 1
2313 1
2314 1
2315 0
2316 0
2317 1
2318 0
2319 1
2320 0
2321 1
2322 1
2323 0
2324 1
2325 0
2326 0
2327 1
2328 1
2329 1
2330 1
2331 0
2332 1
2333 0
2334 1
2335 1
2336 0
2337 1
2338 0
2339 1
2340 1
2341 1
2342 0
2343 1
2344 1
2345 1
2346 0
2347 1
2348 0
2349 0
2350 1
2351 0
2352 1
2353 1
2354 1
2355 1
2356 0
2357 0
2358 1
2359 0
2360 1
2361 1
2362 0
2363 1
2364 0
2365 1
2366 0
2367 1
2368 1
2369 0
2370 1
2371 1
2372 1
2373 0
2374 1
2375 1
2376 0
2377 0
2378 1
2379 0
2380 0
2381 0
2382 0
2383 0
2384 0
2385 1
2386 1
2387 1
2388 0
2389 1
2390 1
2391 1
2392 0
2393 0
2394 1
2395 0
2396 1
2397 0
2398 0
2399 0
2400 1
2401 1
2402 1
2403 0
2404 1
2405 1
2406 0
2407 0
2408 1
2409 0
2410 0
2411 1
2412 1
2413 0
2414 1
2415 0
2416 1
2417 0
2418 0
2419 1
2420 0
2421 0
2422 1
2423 1
2424 0
2425 0
2426 1
2427 1
2428 1
2429 1
2430 0
2431 1
2432 1
2433 0
2434 0
2435 0
2436 1
2437 1
2438 1
2439 1
2440 1
2441 1
2442 0
2443 0
2444 1
2445 0
2446 1
2447 0
2448 1
2449 0