0 983
1 535
2 761
3 123
4 949
5 497
6 164
7 264
8 690
9 73
10 513
11 282
12 133
13 293
14 902
15 125
16 218
17 978
18 706
19 505
20 52
21 431
22 184
23 46
24 685
25 32
26 140
27 204
28 419
29 484
30 197
31 67
32 506
33 795
34 475
35 759
36 924
37 933
38 562
39 124
40 316
41 290
42 13
43 185
44 753
45 434
46 549
47 774
48 794
49 745
50 367
51 753
52 282
53 110
54 68
55 364
56 613
57 912
58 662
59 546
60 754
61 858
62 378
63 232
64 211
65 842
66 369
67 603
68 317
69 259
70 715
71 728
72 900
73 498
74 507
75 493
76 509
77 597
78 482
79 797
80 716
81 658
82 941
83 557
84 693
85 634
86 454
87 411
88 94
89 198
90 316
91 695
92 497
93 806
94 877
95 138
96 746
97 175
98 34
99 568
100 993
101 373
102 249
103 821
104 653
105 827
106 659
107 574
108 170
109 828
110 718
111 685
112 351
113 575
114 126
115 363
116 318
117 456
118 222
119 38
120 279
121 343
122 146
123 796
124 346
125 399
126 696
127 169
128 719
129 609
130 757
131 689
132 97
133 381
134 422
135 436
136 747
137 0
138 75
139 317
140 624
141 803
142 352
143 363
144 384
145 953
146 566
147 712
148 416
149 780
150 652
151 503
152 786
153 318
154 54
155 349
156 401
157 380
158 7
159 77
160 207
161 207
162 912
163 692
164 836
165 76
166 281
167 15
168 279
169 961
170 237
171 561
172 929
173 949
174 144
175 605
176 855
177 287
178 333
179 787
180 312
181 828
182 286
183 971
184 984
185 496
186 990
187 113
188 254
189 266
190 270
191 72
192 780
193 916
194 372
195 827
196 814
197 527
198 767
199 568
200 148
201 298
202 495
203 45
204 540
205 823
206 751
207 563
208 589
209 507
210 196
211 46
212 400
213 639
214 684
215 696
216 595
217 993
218 372
219 865
220 139
221 537
222 861
223 467
224 78
225 82
226 191
227 134
228 798
229 606
230 393
231 201
232 413
233 913
234 548
235 412
236 391
237 355
238 47
239 521
240 442
241 472
242 499
243 627
244 491
245 903
246 438
247 61
248 980
249 473
250 735
251 773
252 460
253 676
254 968
255 619
256 587
257 867
258 154
259 356
260 801
261 99
262 251
263 18
264 433
265 153
266 809
267 689
268 127
269 979
270 134
271 517
272 387
273 519
274 223
275 6
276 320
277 179
278 215
279 882
280 953
281 172
282 395
283 321
284 494
285 423
286 651
287 112
288 292
289 362
290 530
291 690
292 290
293 273
294 133
295 994
296 626
297 9
298 697
299 653
300 90
301 91
302 591
303 602
304 55
305 834
306 242
307 549
308 912
309 729
310 952
311 500
312 521
313 38
314 702
315 586
316 62
317 594
318 701
319 696
320 211
321 414
322 480
323 265
324 203
325 759
326 824
327 864
328 505
329 875
330 948
331 824
332 696
333 664
334 755
335 948
336 47
337 8
338 165
339 351
340 564
341 895
342 645
343 788
344 38
345 107
346 854
347 90
348 700
349 5