0 0
1 1
2 0
3 0
4 1
5 1
6 0
7 0
8 1
9 1
10 1
11 1
12 1
13 0
14 0
15 0
16 0
17 0
18 1
19 0
20 1
21 1
22 0
23 0
24 0
25 1
26 1
27 1
28 1
29 0
30 1
31 0
32 1
33 0
34 0
35 0
36 1
37 0
38 0
39 1
40 1
41 1
42 1
43 0
44 0
45 0
46 0
47 0
48 0
49 1
50 1
51 0
52 1
53 1
54 0
55 0
56 1
57 0
58 0
59 1
60 1
61 1
62 1
63 1
64 0
65 1
66 1
67 0
68 0
69 1
70 1
71 1
72 1
73 0
74 1
75 0
76 1
77 0
78 1
79 1
80 0
81 1
82 0
83 1
84 1
85 1
86 0
87 1
88 1
89 0
90 0
91 1
92 1
93 1
94 1
95 0
96 1
97 1
98 1
99 0
100 1
101 0
102 0
103 0
104 1
105 0
106 0
107 0
108 0
109 1
110 1
111 1
112 1
113 0
114 0
115 0
116 0
117 0
118 0
119 1
120 1
121 1
122 0
123 1
124 1
125 0
126 0
127 1
128 0
129 0
130 0
131 0
132 0
133 1
134 0
135 1
136 0
137 0
138 0
139 0
140 1
141 1
142 1
143 1
144 0
145 1
146 0
147 0
148 1
149 0
150 1
151 0
152 1
153 1
154 1
155 0
156 0
157 1
158 0
159 0
160 1
161 1
162 1
163 0
164 0
165 0
166 1
167 0
168 0
169 1
170 0
171 0
172 0
173 1
174 1
175 1
176 1
177 1
178 1
179 0
180 0
181 1
182 0
183 1
184 0
185 0
186 0
187 0
188 1
189 1
190 1
191 0
192 1
193 1
194 1
195 0
196 1
197 0
198 1
199 1
200 1
201 0
202 1
203 0
204 0
205 0
206 1
207 0
208 1
209 1
210 0
211 1
212 1
213 0
214 1
215 0
216 1
217 1
218 0
219 1
220 0
221 0
222 0
223 0
224 0
225 1
226 1
227 1
228 1
229 1
230 1
231 1
232 0
233 1
234 0
235 1
236 0
237 1
238 0
239 1
240 1
241 1
242 1
243 1
244 1
245 1
246 1
247 0
248 1
249 0
250 0
251 1
252 1
253 1
254 1
255 0
256 0
257 1
258 0
259 0
260 1
261 1
262 0
263 0
264 0
265 1
266 1
267 0
268 0
269 1
270 0
271 0
272 0
273 0
274 0
275 0
276 1
277 1
278 1
279 0
280 0
281 0
282 1
283 0
284 1
285 0
286 1
287 0
288 0
289 1
290 1
291 1
292 0
293 0
294 0
295 0
296 0
297 1
298 1
299 1
300 1
301 1
302 0
303 1
304 0
305 1
306 0
307 1
308 0
309 0
310 0
311 0
312 0
313 0
314 1
315 1
316 0
317 1
318 1
319 0
320 0
321 1
322 0
323 0
324 1
325 1
326 1
327 1
328 1
329 1
330 0
331 0
332 1
333 0
334 0
335 1
336 0
337 0
338 1
339 0
340 1
341 1
342 1
343 0
344 0
345 0
346 1
347 0
348 1
349 1
350 1
351 0
352 0
353 1
354 1
355 0
356 0
357 0
358 0
359 1
360 0
361 1
362 0
363 0
364 0
365 1
366 0
367 0
368 0
369 1
370 0
371 0
372 1
373 0
374 0
375 0
376 0
377 0
378 1
379 1
380 1
381 0
382 0
383 0
384 0
385 0
386 1
387 1
388 1
389 0
390 0
391 0
392 0
393 0
394 0
395 1
396 0
397 0
398 1
399 1
400 0
401 0
402 0
403 0
404 0
405 0
406 1
407 0
408 0
409 0
410 1
411 1
412 1
413 0
414 0
415 1
416 1
417 0
418 1
419 1
420 1
421 0
422 0
423 0
424 1
425 1
426 0
427 0
428 0
429 1
430 0
431 0
432 0
433 1
434 0
435 0
436 1
437 1
438 0
439 0
440 0
441 1
442 0
443 1
444 0
445 0
446 0
447 1
448 0
449 0
450 0
451 0
452 1
453 1
454 1
455 0
456 0
457 1
458 1
459 0
460 0
461 1
462 0
463 0
464 1
465 0
466 1
467 0
468 0
469 1
470 0
471 0
472 0
473 1
474 0
475 0
476 0
477 0
478 0
479 0
480 1
481 1
482 0
483 0
484 1
485 1
486 1
487 0
488 1
489 0
490 0
491 0
492 1
493 1
494 1
495 1
496 0
497 1
498 0
499 1
500 1
501 0
502 0
503 0
504 0
505 0
506 1
507 0
508 1
509 0
510 0
511 1
512 0
513 0
514 1
515 0
516 1
517 0
518 0
519 0
520 1
521 0
522 1
523 0
524 1
525 1
526 1
527 1
528 0
529 1
530 1
531 1
532 1
533 1
534 0
535 0
536 0
537 1
538 1
539 1
540 0
541 1
542 0
543 0
544 1
545 0
546 1
547 0
548 1
549 0
550 0
551 1
552 0
553 1
554 1
555 1
556 1
557 0
558 1
559 0
560 0
561 1
562 1
563 0
564 1
565 0
566 1
567 0
568 1
569 1
570 0
571 0
572 0
573 1
574 0
575 1
576 0
577 1
578 0
579 1
580 1
581 0
582 0
583 1
584 0
585 1
586 0
587 0
588 0
589 0
590 1
591 0
592 0
593 0
594 0
595 0
596 1
597 0
598 1
599 1
600 0
601 1
602 1
603 1
604 1
605 0
606 1
607 1
608 1
609 1
610 0
611 0
612 0
613 1
614 1
615 0
616 0
617 1
618 1
619 0
620 0
621 1
622 0
623 0
624 1
625 0
626 1
627 0
628 0
629 1
630 1
631 1
632 0
633 0
634 1
635 1
636 0
637 1
638 1
639 0
640 0
641 1
642 0
643 0
644 0
645 0
646 1
647 0
648 0
649 0
650 0
651 0
652 1
653 0
654 0
655 1
656 1
657 1
658 0
659 0
660 1
661 1
662 1
663 1
664 1
665 0
666 1
667 0
668 0
669 1
670 0
671 0
672 1
673 1
674 0
675 1
676 0
677 1
678 0
679 0
680 0
681 1
682 1
683 0
684 0
685 0
686 0
687 1
688 0
689 0
690 1
691 1
692 0
693 1
694 1
695 1
696 0
697 0
698 0
699 1
700 1
701 1
702 1
703 1
704 1
705 0
706 1
707 1
708 1
709 0
710 0
711 0
712 1
713 0
714 1
715 0
716 0
717 1
718 0
719 0
720 1
721 0
722 1
723 1
724 1
725 1
726 0
727 0
728 1
729 0
730 1
731 0
732 1
733 0
734 1
735 1
736 0
737 1
738 1
739 1
740 0
741 1
742 1
743 1
744 0
745 1
746 0
747 1
748 0
749 0
750 1
751 1
752 1
753 1
754 1
755 1
756 1
757 1
758 0
759 1
760 0
761 1
762 1
763 0
764 0
765 1
766 1
767 1
768 0
769 0
770 1
771 0
772 0
773 1
774 0
775 1
776 0
777 0
778 1
779 1
780 0
781 1
782 0
783 0
784 1
785 1
786 1
787 1
788 1
789 0
790 0
791 1
792 1
793 1
794 1
795 1
796 1
797 0
798 1
799 0
800 0
801 0
802 1
803 0
804 0
805 0
806 0
807 0
808 1
809 1
810 0
811 0
812 1
813 0
814 0
815 1
816 0
817 1
818 1
819 0
820 1
821 1
822 0
823 0
824 0
825 0
826 0
827 1
828 0
829 0
830 1
831 1
832 1
833 0
834 1
835 0
836 0
837 0
838 0
839 1
840 1
841 1
842 1
843 0
844 1
845 0
846 1
847 0
848 1
849 1
850 1
851 0
852 1
853 0
854 0
855 0
856 1
857 0
858 0
859 1
860 1
861 1
862 1
863 1
864 0
865 1
866 1
867 1
868 0
869 0
870 0
871 0
872 1
873 0
874 1
875 1
876 0
877 0
878 1
879 1
880 1
881 0
882 1
883 0
884 1
885 0
886 1
887 1
888 1
889 0
890 1
891 1
892 0
893 1
894 1
895 0
896 1
897 1
898 0
899 1
900 1
901 0
902 0
903 1
904 1
905 0
906 0
907 1
908 1
909 1
910 0
911 0
912 0
913 1
914 1
915 0
916 1
917 1
918 0
919 1
920 1
921 0
922 0
923 1
924 1
925 1
926 1
927 0
928 0
929 1
930 0
931 1
932 0
933 1
934 0
935 0
936 0
937 0
938 0
939 0
940 1
941 0
942 1
943 0
944 1
945 0
946 0
947 1
948 1
949 1
950 1
951 0
952 0
953 1
954 1
955 1
956 0
957 1
958 0
959 0
960 1
961 0
962 1
963 0
964 0
965 0
966 0
967 1
968 1
969 0
970 0
971 0
972 0
973 0
974 1
975 1
976 1
977 0
978 0
979 1
980 1
981 0
982 1
983 0
984 1
985 0
986 0
987 0
988 1
989 1
990 1
991 0
992 0
993 1
994 0
995 0
996 0
997 0
998 0
999 1
1000 1
1001 0
1002 0
1003 0
1004 1
1005 0
1006 1
1007 0
1008 0
1009 1
1010 1
1011 1
1012 0
1013 1
1014 0
1015 1
1016 0
1017 1
1018 0
1019 1
1020 0
1021 0
1022 0
1023 0
1024 1
1025 0
1026 1
1027 0
1028 0
1029 1
1030 1
1031 1
1032 0
1033 0
1034 1
1035 1
1036 1
1037 0
1038 0
1039 1
1040 1
1041 1
1042 1
1043 1
1044 1
1045 0
1046 0
1047 0
1048 1
1049 1
1050 0
1051 1
1052 0
1053 0
1054 1
1055 0
1056 1
1057 1
1058 0
1059 0
1060 1
1061 1
1062 0
1063 1
1064 1
1065 1
1066 1
1067 0
1068 0
1069 0
1070 0
1071 1
1072 1
1073 0
1074 0
1075 1
1076 1
1077 0
1078 0
1079 1
1080 1
1081 0
1082 1
1083 1
1084 1
1085 1
1086 1
1087 1
1088 1
1089 0
1090 1
1091 0
1092 0
1093 0
1094 0
1095 1
1096 1
1097 1
1098 0
1099 0
1100 1
1101 1
1102 0
1103 1
1104 0
1105 0
1106 1
1107 0
1108 0
1109 1
1110 0
1111 0
1112 1
1113 1
1114 1
1115 1
1116 1
1117 0
1118 1
1119 1
1120 1
1121 0
1122 0
1123 1
1124 0
1125 0
1126 1
1127 1
1128 0
1129 1
1130 1
1131 1
1132 1
1133 1
1134 0
1135 0
1136 1
1137 0
1138 0
1139 1
1140 1
1141 0
1142 0
1143 0
1144 1
1145 1
1146 1
1147 0
1148 0
1149 0
1150 1
1151 1
1152 0
1153 1
1154 0
1155 1
1156 0
1157 1
1158 0
1159 0
1160 1
1161 0
1162 0
1163 0
1164 0
1165 0
1166 1
1167 1
1168 0
1169 1
1170 0
1171 0
1172 1
1173 1
1174 0
1175 1
1176 1
1177 0
1178 0
1179 1
1180 1
1181 1
1182 1
1183 0
1184 1
1185 0
1186 1
1187 0
1188 1
1189 0
1190 1
1191 1
1192 1
1193 0
1194 0
1195 0
1196 0
1197 0
1198 1
1199 1
1200 0
1201 0
1202 0
1203 1
1204 0
1205 0
1206 0
1207 1
1208 1
1209 0
1210 1
1211 1
1212 0
1213 1
1214 1
1215 1
1216 0
1217 0
1218 1
1219 1
1220 1
1221 0
1222 0
1223 0
1224 0
1225 0
1226 1
1227 0
1228 0
1229 0
1230 1
1231 0
1232 0
1233 1
1234 0
1235 1
1236 0
1237 0
1238 1
1239 0
1240 0
1241 1
1242 1
1243 1
1244 0
1245 1
1246 0
1247 1
1248 0
1249 0
1250 0
1251 1
1252 0
1253 0
1254 0
1255 0
1256 1
1257 1
1258 1
1259 1
1260 1
1261 1
1262 0
1263 0
1264 1
1265 0
1266 1
1267 0
1268 1
1269 1
1270 0
1271 0
1272 1
1273 0
1274 0
1275 0
1276 1
1277 1
1278 0
1279 1
1280 1
1281 1
1282 0
1283 0
1284 1
1285 1
1286 1
1287 0
1288 0
1289 0
1290 0
1291 1
1292 0
1293 0
1294 1
1295 1
1296 1
1297 1
1298 1
1299 0
1300 0
1301 1
1302 0
1303 0
1304 0
1305 0
1306 1
1307 1
1308 1
1309 0
1310 0
1311 1
1312 1
1313 0
1314 0
1315 1
1316 1
1317 1
1318 1
1319 1
1320 1
1321 0
1322 1
1323 0
1324 1
1325 1
1326 0
1327 0
1328 0
1329 0
1330 0
1331 1
1332 0
1333 1
1334 0
1335 0
1336 1
1337 1
1338 0
1339 0
1340 1
1341 1
1342 0
1343 1
1344 1
1345 0
1346 1
1347 1
1348 1
1349 1
1350 1
1351 0
1352 0
1353 1
1354 1
1355 0
1356 0
1357 1
1358 1
1359 1
1360 0
1361 1
1362 1
1363 1
1364 1
1365 0
1366 1
1367 1
1368 1
1369 1
1370 1
1371 1
1372 1
1373 0
1374 1
1375 1
1376 1
1377 0
1378 0
1379 1
1380 0
1381 0
1382 1
1383 0
1384 0
1385 1
1386 1
1387 1
1388 1
1389 1
1390 0
1391 0
1392 0
1393 0
1394 1
1395 0
1396 1
1397 1
1398 1
1399 0