0 1
0 2
0 3
0 4
0 5
0 6
0 7
0 8
0 9
0 10
0 11
0 12
0 13
0 14
0 15
0 16
0 17
0 18
0 19
0 20
0 21
0 22
0 23
0 24
0 25
0 26
0 27
0 31
0 32
0 35
0 36
0 40
0 41
0 44
0 46
0 47
0 49
0 50
0 51
0 54
0 56
0 57
0 58
0 60
0 62
0 63
0 70
0 71
0 74
0 83
0 90
0 93
0 95
0 98
0 102
0 104
0 105
0 107
0 109
0 110
0 111
0 113
0 118
0 126
0 127
0 132
0 134
0 149
0 158
0 160
0 169
0 172
0 182
0 192
0 195
0 203
0 238
0 250
0 252
0 262
0 263
0 265
0 266
0 277
0 281
0 295
0 296
0 302
0 309
0 322
0 330
0 338
0 339
0 341
0 342
0 344
0 358
0 359
0 374
0 378
0 381
0 391
0 403
0 412
0 415
0 423
0 449
0 450
0 458
0 459
0 478
0 480
0 502
0 504
0 520
0 537
0 545
0 549
0 550
0 552
0 574
0 580
0 597
0 599
0 606
0 628
0 632
0 636
0 644
1 18
1 19
1 20
1 21
1 23
1 24
1 25
1 26
1 30
1 33
1 34
1 37
1 38
1 43
1 51
1 67
1 71
1 73
1 74
1 76
1 83
1 87
1 88
1 106
1 128
1 133
1 158
1 162
1 193
1 204
1 222
1 270
1 283
1 290
1 299
1 316
1 322
1 346
1 353
1 361
1 362
1 412
1 416
1 435
1 445
1 453
1 462
1 463
1 504
1 519
1 523
1 530
1 533
1 556
1 567
1 578
1 587
1 606
1 637
2 18
2 19
2 20
2 21
2 22
2 23
2 24
2 26
2 27
2 28
2 29
2 31
2 33
2 34
2 35
2 37
2 38
2 40
2 42
2 45
2 49
2 51
2 52
2 53
2 55
2 56
2 58
2 59
2 61
2 62
2 67
2 68
2 75
2 79
2 84
2 85
2 86
2 89
2 91
2 94
2 97
2 100
2 112
2 122
2 125
2 131
2 132
2 145
2 149
2 174
2 179
2 181
2 184
2 187
2 193
2 207
2 214
2 237
2 239
2 250
2 263
2 266
2 267
2 268
2 276
2 280
2 283
2 286
2 318
2 328
2 338
2 341
2 345
2 361
2 383
2 391
2 396
2 401
2 402
2 412
2 415
2 438
2 441
2 443
2 460
2 495
2 500
2 512
2 516
2 518
2 525
2 526
2 551
2 554
2 583
2 584
2 587
2 607
2 630
2 634
2 639
3 18
3 21
3 24
3 29
3 31
3 42
3 43
3 47
3 62
3 69
3 76
3 89
3 103
3 140
3 167
3 231
3 252
3 341
3 347
3 349
3 353
3 366
3 389
3 400
3 411
3 414
3 437
3 586
3 624
4 18
4 19
4 20
4 21
4 22
4 23
4 24
4 26
4 28
4 30
4 32
4 33
4 36
4 41
4 42
4 44
4 45
4 46
4 49
4 52
4 53
4 54
4 55
4 56
4 58
4 59
4 64
4 67
4 71
4 76
4 77
4 79
4 82
4 86
4 92
4 98
4 99
4 107
4 117
4 122
4 123
4 135
4 136
4 138
4 152
4 162
4 164
4 165
4 167
4 194
4 218
4 253
4 322
4 361
4 380
4 430
4 437
4 458
4 461
4 465
4 466
4 489
4 497
4 521
4 534
4 543
4 558
4 579
4 594
4 602
4 606
4 635
4 637
4 645
4 647
5 18
5 19
5 20
5 21
5 22
5 23
5 26
5 27
5 31
5 32
5 34
5 42
5 48
5 51
5 52
5 53
5 58
5 64
5 68
5 69
5 86
5 89
5 91
5 92
5 95
5 104
5 105
5 110
5 119
5 120
5 127
5 131
5 140
5 141
5 143
5 150
5 157
5 174
5 175
5 192
5 202
5 204
5 238
5 248
5 253
5 254
5 257
5 260
5 265
5 273
5 278
5 292
5 308
5 350
5 372
5 386
5 387
5 421
5 426
5 427
5 436
5 439
5 454
5 496
5 509
5 531
5 554
5 564
5 568
5 570
5 571
5 579
5 583
5 600
6 18
6 19
6 20
6 21
6 22
6 26
6 27
6 29
6 30
6 32
6 34
6 35
6 36
6 37
6 38
6 42
6 51
6 60
6 69
6 72
6 82
6 93
6 95
6 96
6 99
6 100
6 102
6 106
6 109
6 115
6 116
6 119
6 131
6 140
6 143
6 146
6 149
6 151
6 153
6 162
6 173
6 180
6 182
6 199
6 215
6 222
6 224
6 229
6 231
6 235
6 237
6 241
6 243
6 251
6 263
6 277
6 279
6 281
6 290
6 292
6 301
6 316
6 318
6 342
6 343
6 366
6 375
6 377
6 380
6 384
6 394
6 399
6 419
6 436
6 442
6 447
6 454
6 475
6 489
6 500
6 515
6 522
6 523
6 529
6 561
6 569
6 589
6 646
7 18
7 19
7 20
7 21
7 22
7 23
7 24
7 25
7 27
7 28
7 31
7 35
7 36
7 41
7 43
7 44
7 49
7 68
7 69
7 81
7 87
7 90
7 126
7 132
7 135
7 139
7 151
7 159
7 168
7 180
7 189
7 197
7 198
7 200
7 205
7 206
7 207
7 214
7 218
7 221
7 225
7 254
7 264
7 305
7 310
7 316
7 321
7 335
7 338
7 344
7 349
7 363
7 365
7 366
7 379
7 397
7 423
7 428
7 438
7 442
7 445
7 478
7 487
7 496
7 514
7 516
7 521
7 527
7 541
7 554
7 555
7 573
7 578
7 588
7 598
7 601
8 18
8 19
8 20
8 22
8 23
8 24
8 28
8 33
8 41
8 45
8 47
8 55
8 56
8 60
8 63
8 66
8 69
8 74
8 76
8 81
8 86
8 87
8 88
8 90
8 101
8 103
8 106
8 116
8 122
8 126
8 136
8 142
8 152
8 154
8 158
8 165
8 167
8 184
8 185
8 188
8 190
8 211
8 220
8 221
8 230
8 238
8 264
8 276
8 283
8 293
8 298
8 310
8 315
8 320
8 326
8 328
8 329
8 332
8 340
8 343
8 356
8 359
8 362
8 368
8 376
8 391
8 398
8 401
8 405
8 444
8 464
8 475
8 491
8 498
8 508
8 515
8 530
8 531
8 573
8 589
8 590
8 592
8 646
9 18
9 19
9 20
9 21
9 22
9 23
9 24
9 25
9 26
9 29
9 31
9 33
9 34
9 36
9 37
9 39
9 40
9 41
9 42
9 49
9 56
9 63
9 71
9 74
9 78
9 81
9 85
9 87
9 91
9 94
9 96
9 100
9 113
9 116
9 118
9 119
9 121
9 124
9 130
9 138
9 141
9 150
9 151
9 160
9 164
9 167
9 172
9 177
9 180
9 182
9 184
9 188
9 193
9 210
9 216
9 220
9 233
9 234
9 235
9 241
9 249
9 250
9 266
9 267
9 283
9 293
9 294
9 311
9 315
9 334
9 344
9 349
9 352
9 357
9 376
9 385
9 395
9 431
9 435
9 437
9 440
9 442
9 450
9 460
9 465
9 468
9 478
9 497
9 511
9 516
9 535
9 538
9 539
9 549
9 559
9 567
9 587
9 594
9 602
9 605
9 619
9 635
9 642
9 645
9 648
10 18
10 19
10 21
10 22
10 23
10 24
10 25
10 27
10 28
10 32
10 42
10 44
10 50
10 62
10 86
10 92
10 93
10 103
10 130
10 135
10 142
10 145
10 161
10 171
10 173
10 181
10 187
10 188
10 189
10 196
10 205
10 223
10 275
10 290
10 307
10 335
10 353
10 354
10 367
10 377
10 384
10 409
10 421
10 480
10 541
10 581
10 592
10 594
10 619
10 623
10 631
10 633
11 34
11 40
11 111
11 234
11 432
11 536
11 555
11 585
12 18
12 19
12 20
12 22
12 24
12 25
12 27
12 28
12 29
12 37
12 43
12 45
12 50
12 54
12 57
12 59
12 65
12 68
12 71
12 79
12 82
12 97
12 98
12 100
12 103
12 105
12 106
12 111
12 114
12 122
12 140
12 144
12 147
12 153
12 181
12 214
12 218
12 224
12 250
12 256
12 260
12 363
12 371
12 375
12 384
12 385
12 415
12 424
12 425
12 436
12 455
12 465
12 469
12 490
12 521
12 549
12 600
12 622
12 626
13 18
13 19
13 20
13 23
13 24
13 25
13 26
13 27
13 28
13 29
13 30
13 31
13 33
13 35
13 36
13 39
13 40
13 41
13 43
13 47
13 48
13 53
13 56
13 59
13 61
13 64
13 65
13 66
13 72
13 77
13 78
13 79
13 82
13 83
13 87
13 100
13 109
13 126
13 128
13 130
13 132
13 135
13 144
13 147
13 149
13 151
13 154
13 157
13 160
13 169
13 174
13 192
13 197
13 198
13 200
13 202
13 210
13 222
13 224
13 228
13 229
13 234
13 241
13 260
13 274
13 285
13 289
13 299
13 305
13 309
13 334
13 340
13 344
13 353
13 396
13 399
13 404
13 416
13 426
13 462
13 469
13 543
13 544
13 559
13 560
13 581
13 582
13 591
13 603
13 611
13 631
13 641
14 18
14 19
14 20
14 21
14 22
14 23
14 25
14 27
14 28
14 29
14 31
14 32
14 33
14 37
14 39
14 42
14 44
14 48
14 53
14 54
14 62
14 64
14 79
14 82
14 83
14 85
14 90
14 92
14 97
14 110
14 111
14 114
14 127
14 144
14 181
14 189
14 193
14 208
14 209
14 222
14 227
14 234
14 236
14 271
14 272
14 278
14 328
14 332
14 340
14 360
14 381
14 439
14 475
14 496
14 520
14 552
14 562
14 583
14 606
15 18
15 19
15 20
15 21
15 22
15 24
15 28
15 32
15 33
15 35
15 36
15 37
15 39
15 40
15 41
15 43
15 48
15 51
15 54
15 56
15 57
15 70
15 75
15 78
15 88
15 91
15 93
15 102
15 112
15 116
15 119
15 132
15 171
15 176
15 209
15 213
15 219
15 240
15 241
15 244
15 245
15 248
15 275
15 285
15 324
15 332
15 338
15 354
15 364
15 370
15 385
15 391
15 412
15 416
15 417
15 428
15 430
15 456
15 474
15 480
15 482
15 483
15 486
15 488
15 505
15 513
15 531
15 541
15 552
15 579
15 590
15 606
15 610
15 611
15 649
16 18
16 19
16 20
16 21
16 25
16 26
16 30
16 32
16 34
16 40
16 43
16 44
16 45
16 49
16 52
16 53
16 54
16 56
16 58
16 60
16 67
16 70
16 98
16 105
16 106
16 107
16 109
16 120
16 125
16 133
16 144
16 147
16 151
16 153
16 154
16 166
16 172
16 173
16 181
16 189
16 198
16 209
16 212
16 223
16 255
16 258
16 270
16 275
16 302
16 320
16 328
16 352
16 365
16 381
16 406
16 413
16 418
16 419
16 467
16 483
16 485
16 502
16 519
16 544
16 546
16 556
16 559
16 625
16 644
17 18
17 19
17 20
17 21
17 22
17 23
17 24
17 25
17 26
17 27
17 28
17 30
17 34
17 36
17 38
17 39
17 44
17 46
17 47
17 50
17 52
17 58
17 60
17 61
17 62
17 64
17 65
17 69
17 71
17 73
17 79
17 80
17 82
17 85
17 86
17 88
17 92
17 98
17 99
17 114
17 115
17 127
17 129
17 132
17 134
17 142
17 151
17 156
17 158
17 164
17 177
17 179
17 182
17 185
17 187
17 189
17 192
17 197
17 211
17 214
17 215
17 227
17 235
17 237
17 244
17 271
17 273
17 279
17 282
17 283
17 287
17 294
17 296
17 309
17 334
17 345
17 346
17 352
17 354
17 361
17 384
17 390
17 401
17 403
17 412
17 414
17 416
17 430
17 455
17 466
17 492
17 495
17 504
17 507
17 510
17 534
17 535
17 543
17 555
17 569
17 573
17 587
17 607
17 617
17 630
17 640
18 19
18 20
18 21
18 22
18 23
18 24
18 25
18 26
18 27
18 28
18 29
18 30
18 31
18 32
18 33
18 35
18 36
18 37
18 38
18 39
18 40
18 41
18 42
18 44
18 45
18 50
18 52
18 53
18 55
18 57
18 59
18 60
18 63
18 65
18 67
18 69
18 72
18 75
18 76
18 77
18 78
18 80
18 82
18 87
18 88
18 90
18 94
18 96
18 101
18 102
18 105
18 106
18 108
18 112
18 113
18 115
18 119
18 122
18 125
18 129
18 134
18 138
18 140
18 144
18 145
18 150
18 152
18 160
18 162
18 163
18 165
18 172
18 176
18 185
18 194
18 200
18 201
18 205
18 206
18 207
18 220
18 227
18 233
18 240
18 245
18 246
18 257
18 258
18 259
18 269
18 272
18 273
18 275
18 280
18 282
18 283
18 286
18 301
18 303
18 305
18 309
18 312
18 318
18 321
18 332
18 336
18 340
18 351
18 355
18 360
18 382
18 385
18 393
18 396
18 398
18 401
18 404
18 415
18 419
18 428
18 429
18 435
18 439
18 442
18 443
18 445
18 453
18 464
18 467
18 471
18 474
18 487
18 501
18 513
18 515
18 516
18 519
18 531
18 533
18 538
18 547
18 551
18 572
18 588
18 596
18 629
18 633
18 635
19 20
19 21
19 22
19 23
19 24
19 25
19 26
19 27
19 28
19 29
19 30
19 31
19 33
19 35
19 36
19 38
19 39
19 40
19 43
19 45
19 47
19 49
19 51
19 53
19 54
19 57
19 59
19 60
19 63
19 64
19 66
19 70
19 71
19 77
19 81
19 82
19 84
19 88
19 91
19 96
19 106
19 110
19 111
19 119
19 123
19 131
19 137
19 140
19 147
19 153
19 159
19 160
19 171
19 179
19 181
19 184
19 191
19 196
19 205
19 214
19 217
19 219
19 220
19 226
19 232
19 235
19 237
19 241
19 247
19 250
19 253
19 272
19 281
19 285
19 289
19 290
19 291
19 296
19 304
19 305
19 306
19 307
19 314
19 315
19 318
19 325
19 326
19 328
19 333
19 338
19 344
19 346
19 348
19 352
19 354
19 360
19 362
19 364
19 372
19 379
19 388
19 389
19 392
19 394
19 396
19 401
19 402
19 403
19 412
19 441
19 444
19 450
19 452
19 462
19 481
19 500
19 502
19 506
19 514
19 520
19 526
19 528
19 532
19 557
19 559
19 561
19 562
19 568
19 573
19 586
19 587
19 591
19 592
19 597
19 598
19 612
19 613
19 615
19 617
19 619
19 633
19 634
19 636
19 637
19 643
20 21
20 22
20 23
20 24
20 25
20 26
20 27
20 29
20 30
20 31
20 33
20 34
20 37
20 38
20 41
20 42
20 43
20 45
20 48
20 50
20 56
20 66
20 67
20 69
20 72
20 76
20 79
20 91
20 101
20 102
20 103
20 105
20 111
20 112
20 114
20 120
20 128
20 134
20 141
20 144
20 145
20 147
20 154
20 159
20 160
20 166
20 167
20 170
20 173
20 178
20 203
20 206
20 207
20 214
20 220
20 222
20 231
20 235
20 272
20 280
20 282
20 320
20 328
20 337
20 338
20 345
20 351
20 356
20 370
20 377
20 389
20 400
20 411
20 415
20 442
20 449
20 453
20 457
20 471
20 483
20 491
20 499
20 524
20 529
20 558
20 568
20 598
20 616
20 617
20 633
20 639
20 643
21 22
21 23
21 25
21 26
21 27
21 28
21 29
21 30
21 31
21 32
21 33
21 34
21 35
21 37
21 38
21 45
21 47
21 48
21 50
21 51
21 57
21 59
21 60
21 62
21 63
21 64
21 65
21 66
21 68
21 71
21 78
21 80
21 86
21 88
21 90
21 93
21 94
21 98
21 104
21 111
21 121
21 122
21 129
21 132
21 135
21 137
21 145
21 150
21 159
21 162
21 170
21 176
21 180
21 183
21 184
21 186
21 192
21 195
21 200
21 202
21 203
21 208
21 210
21 218
21 220
21 227
21 229
21 230
21 243
21 254
21 255
21 260
21 271
21 272
21 273
21 275
21 277
21 278
21 284
21 286
21 293
21 307
21 312
21 317
21 319
21 326
21 339
21 346
21 347
21 351
21 360
21 374
21 375
21 377
21 384
21 389
21 390
21 393
21 418
21 422
21 433
21 434
21 438
21 443
21 444
21 447
21 462
21 466
21 479
21 488
21 490
21 511
21 521
21 529
21 550
21 568
21 578
21 591
21 596
21 626
21 633
21 634
21 649
22 23
22 25
22 26
22 27
22 28
22 29
22 30
22 31
22 32
22 34
22 35
22 36
22 37
22 38
22 39
22 42
22 43
22 44
22 46
22 47
22 49
22 50
22 52
22 53
22 54
22 55
22 57
22 58
22 59
22 61
22 64
22 65
22 66
22 69
22 70
22 74
22 75
22 82
22 84
22 87
22 92
22 94
22 105
22 106
22 110
22 114
22 117
22 120
22 121
22 138
22 139
22 140
22 146
22 148
22 150
22 153
22 156
22 158
22 164
22 168
22 173
22 175
22 177
22 186
22 190
22 199
22 208
22 225
22 226
22 230
22 232
22 238
22 249
22 274
22 275
22 283
22 288
22 294
22 299
22 308
22 317
22 341
22 349
22 353
22 366
22 384
22 389
22 403
22 411
22 415
22 418
22 422
22 424
22 431
22 433
22 450
22 459
22 467
22 471
22 484
22 489
22 492
22 505
22 518
22 520
22 533
22 543
22 549
22 564
22 566
22 567
22 584
22 590
22 591
22 602
22 605
22 610
23 24
23 25
23 26
23 27
23 28
23 29
23 30
23 31
23 32
23 33
23 35
23 37
23 41
23 42
23 43
23 44
23 46
23 48
23 50
23 55
23 56
23 63
23 64
23 66
23 71
23 72
23 73
23 76
23 79
23 84
23 85
23 86
23 95
23 96
23 100
23 103
23 107
23 109
23 110
23 111
23 113
23 117
23 122
23 124
23 129
23 145
23 147
23 148
23 152
23 153
23 155
23 164
23 167
23 170
23 182
23 183
23 190
23 195
23 197
23 216
23 220
23 231
23 241
23 243
23 244
23 245
23 246
23 251
23 254
23 262
23 277
23 281
23 289
23 291
23 294
23 301
23 304
23 308
23 311
23 320
23 322
23 327
23 332
23 342
23 382
23 383
23 413
23 425
23 432
23 434
23 439
23 449
23 451
23 465
23 468
23 473
23 481
23 490
23 495
23 498
23 502
23 503
23 521
23 522
23 550
23 553
23 556
23 557
23 569
23 577
23 582
23 588
23 605
23 614
23 620
23 648
24 25
24 26
24 27
24 28
24 29
24 30
24 31
24 32
24 34
24 35
24 36
24 37
24 38
24 39
24 43
24 44
24 46
24 47
24 48
24 51
24 53
24 55
24 60
24 66
24 70
24 74
24 75
24 77
24 78
24 80
24 82
24 83
24 84
24 85
24 88
24 90
24 92
24 97
24 98
24 99
24 103
24 108
24 112
24 117
24 118
24 134
24 135
24 136
24 140
24 141
24 150
24 154
24 156
24 157
24 159
24 165
24 169
24 174
24 175
24 176
24 180
24 187
24 190
24 208
24 209
24 211
24 212
24 214
24 218
24 228
24 232
24 244
24 249
24 253
24 262
24 267
24 269
24 276
24 284
24 292
24 302
24 309
24 323
24 327
24 329
24 347
24 349
24 356
24 360
24 363
24 371
24 386
24 394
24 402
24 403
24 405
24 420
24 422
24 428
24 447
24 452
24 454
24 455
24 458
24 461
24 466
24 481
24 489
24 499
24 515
24 518
24 523
24 534
24 547
24 571
24 578
24 581
24 583
24 595
24 605
24 627
24 641
24 646
25 28
25 29
25 30
25 32
25 33
25 35
25 36
25 39
25 43
25 46
25 48
25 51
25 55
25 56
25 57
25 61
25 63
25 64
25 65
25 67
25 68
25 71
25 79
25 85
25 99
25 104
25 105
25 108
25 119
25 120
25 122
25 128
25 129
25 130
25 147
25 162
25 165
25 167
25 171
25 178
25 179
25 193
25 197
25 205
25 211
25 214
25 221
25 225
25 239
25 242
25 245
25 257
25 259
25 271
25 277
25 282
25 288
25 289
25 291
25 296
25 299
25 310
25 312
25 314
25 320
25 323
25 326
25 348
25 349
25 357
25 358
25 362
25 380
25 387
25 394
25 395
25 397
25 398
25 418
25 467
25 469
25 471
25 493
25 504
25 517
25 543
25 549
25 563
25 579
25 583
25 589
25 591
25 605
25 607
26 29
26 30
26 31
26 32
26 34
26 36
26 38
26 39
26 40
26 41
26 42
26 44
26 49
26 51
26 55
26 57
26 58
26 60
26 67
26 72
26 74
26 75
26 78
26 82
26 85
26 103
26 109
26 110
26 111
26 113
26 115
26 117
26 118
26 120
26 124
26 129
26 130
26 131
26 138
26 141
26 146
26 149
26 152
26 153
26 156
26 158
26 159
26 160
26 161
26 162
26 169
26 172
26 173
26 179
26 186
26 187
26 197
26 199
26 206
26 208
26 213
26 217
26 220
26 227
26 228
26 229
26 240
26 242
26 247
26 249
26 250
26 253
26 257
26 267
26 268
26 274
26 299
26 305
26 309
26 316
26 318
26 320
26 321
26 323
26 326
26 338
26 344
26 347
26 348
26 363
26 378
26 385
26 394
26 395
26 402
26 413
26 414
26 420
26 422
26 429
26 432
26 436
26 440
26 459
26 463
26 488
26 499
26 501
26 519
26 537
26 538
26 542
26 568
26 570
26 574
26 583
26 585
26 587
26 589
26 591
26 596
26 610
26 623
26 630
26 637
26 645
27 30
27 33
27 35
27 38
27 40
27 41
27 44
27 46
27 48
27 49
27 50
27 51
27 52
27 53
27 55
27 61
27 63
27 66
27 70
27 72
27 73
27 76
27 78
27 79
27 84
27 87
27 99
27 110
27 117
27 118
27 120
27 125
27 136
27 139
27 145
27 153
27 155
27 159
27 166
27 168
27 177
27 195
27 199
27 206
27 228
27 236
27 241
27 250
27 254
27 265
27 267
27 280
27 287
27 294
27 300
27 302
27 311
27 313
27 324
27 343
27 344
27 361
27 363
27 364
27 368
27 373
27 380
27 386
27 401
27 408
27 415
27 425
27 426
27 434
27 450
27 452
27 457
27 458
27 469
27 474
27 475
27 485
27 486
27 494
27 503
27 506
27 507
27 514
27 517
27 519
27 530
27 546
27 601
27 611
27 613
27 617
27 620
27 634
27 635
27 641
28 29
28 33
28 34
28 35
28 37
28 40
28 42
28 44
28 47
28 50
28 52
28 54
28 56
28 59
28 61
28 63
28 65
28 68
28 71
28 75
28 78
28 81
28 83
28 85
28 89
28 95
28 96
28 98
28 102
28 108
28 110
28 116
28 124
28 125
28 136
28 137
28 142
28 145
28 148
28 155
28 159
28 163
28 166
28 173
28 177
28 185
28 186
28 200
28 201
28 202
28 207
28 214
28 217
28 227
28 230
28 232
28 237
28 265
28 272
28 278
28 281
28 287
28 291
28 305
28 312
28 331
28 334
28 344
28 346
28 348
28 353
28 357
28 360
28 367
28 372
28 379
28 380
28 381
28 409
28 413
28 419
28 435
28 443
28 445
28 450
28 452
28 470
28 479
28 486
28 490
28 493
28 497
28 505
28 510
28 515
28 530
28 535
28 552
28 570
28 577
28 584
28 600
28 610
28 626
28 627
28 646
29 30
29 31
29 32
29 36
29 37
29 38
29 40
29 48
29 49
29 51
29 53
29 54
29 59
29 66
29 68
29 72
29 74
29 81
29 84
29 90
29 91
29 93
29 94
29 96
29 98
29 101
29 102
29 108
29 112
29 120
29 122
29 126
29 135
29 136
29 138
29 143
29 149
29 158
29 160
29 161
29 173
29 203
29 209
29 211
29 217
29 230
29 244
29 248
29 249
29 251
29 254
29 263
29 265
29 274
29 276
29 284
29 299
29 303
29 305
29 306
29 309
29 313
29 321
29 336
29 345
29 354
29 376
29 378
29 386
29 412
29 430
29 433
29 438
29 439
29 447
29 461
29 464
29 468
29 474
29 485
29 486
29 490
29 508
29 512
29 513
29 514
29 535
29 536
29 567
29 575
29 604
29 610
29 618
29 639
29 647
30 33
30 34
30 35
30 36
30 38
30 39
30 41
30 42
30 43
30 44
30 49
30 50
30 54
30 55
30 56
30 59
30 62
30 65
30 67
30 70
30 71
30 72
30 79
30 88
30 107
30 114
30 120
30 124
30 147
30 150
30 160
30 164
30 174
30 179
30 196
30 206
30 212
30 223
30 234
30 246
30 262
30 274
30 280
30 287
30 290
30 293
30 295
30 298
30 305
30 309
30 315
30 316
30 318
30 319
30 341
30 344
30 352
30 390
30 398
30 429
30 436
30 448
30 456
30 472
30 485
30 490
30 506
30 514
30 524
30 539
30 557
30 559
30 568
30 590
30 595
30 618
30 619
30 636
31 32
31 34
31 36
31 37
31 38
31 39
31 41
31 43
31 45
31 46
31 51
31 56
31 60
31 61
31 63
31 66
31 67
31 68
31 72
31 76
31 83
31 87
31 92
31 100
31 101
31 102
31 108
31 113
31 114
31 119
31 121
31 144
31 150
31 155
31 160
31 164
31 174
31 195
31 198
31 202
31 214
31 219
31 223
31 232
31 233
31 235
31 248
31 252
31 256
31 264
31 301
31 308
31 336
31 337
31 350
31 354
31 361
31 364
31 367
31 372
31 373
31 393
31 400
31 404
31 421
31 432
31 443
31 459
31 484
31 512
31 515
31 521
31 523
31 563
31 566
31 571
31 573
31 574
31 592
31 614
31 647
32 34
32 38
32 39
32 45
32 46
32 47
32 50
32 52
32 53
32 57
32 62
32 70
32 73
32 79
32 80
32 81
32 83
32 86
32 92
32 99
32 102
32 103
32 107
32 117
32 119
32 121
32 126
32 127
32 133
32 136
32 138
32 140
32 149
32 155
32 159
32 163
32 165
32 166
32 174
32 175
32 177
32 185
32 188
32 196
32 201
32 202
32 232
32 233
32 236
32 239
32 248
32 260
32 264
32 268
32 270
32 281
32 286
32 291
32 300
32 307
32 312
32 322
32 323
32 337
32 339
32 341
32 348
32 352
32 359
32 372
32 373
32 377
32 379
32 381
32 382
32 385
32 387
32 393
32 403
32 406
32 411
32 413
32 428
32 433
32 440
32 441
32 452
32 461
32 463
32 478
32 493
32 519
32 526
32 527
32 576
32 582
32 589
32 597
32 599
32 625
33 35
33 39
33 40
33 41
33 42
33 44
33 45
33 47
33 54
33 70
33 73
33 80
33 83
33 89
33 103
33 111
33 115
33 118
33 137
33 141
33 168
33 170
33 183
33 198
33 200
33 213
33 233
33 248
33 251
33 267
33 269
33 274
33 287
33 289
33 300
33 317
33 319
33 324
33 326
33 370
33 372
33 393
33 397
33 400
33 411
33 414
33 424
33 426
33 429
33 431
33 435
33 479
33 480
33 518
33 585
33 596
33 629
33 643
34 39
34 40
34 45
34 46
34 47
34 51
34 57
34 59
34 63
34 67
34 74
34 78
34 92
34 94
34 97
34 102
34 104
34 113
34 122
34 132
34 152
34 162
34 170
34 174
34 177
34 183
34 186
34 191
34 196
34 202
34 240
34 242
34 251
34 294
34 296
34 302
34 330
34 349
34 353
34 368
34 374
34 375
34 379
34 380
34 415
34 417
34 430
34 431
34 435
34 442
34 458
34 460
34 480
34 499
34 511
34 541
34 546
34 553
34 558
34 567
34 594
34 595
34 633
34 647
35 38
35 41
35 44
35 46
35 48
35 57
35 61
35 62
35 63
35 69
35 73
35 78
35 80
35 81
35 83
35 84
35 91
35 93
35 96
35 99
35 100
35 101
35 113
35 123
35 126
35 128
35 130
35 133
35 134
35 137
35 140
35 141
35 150
35 152
35 156
35 160
35 163
35 171
35 173
35 175
35 178
35 181
35 187
35 201
35 206
35 208
35 210
35 213
35 230
35 235
35 237
35 243
35 246
35 256
35 261
35 288
35 298
35 306
35 315
35 319
35 320
35 321
35 341
35 348
35 360
35 389
35 396
35 408
35 416
35 419
35 432
35 438
35 448
35 467
35 470
35 475
35 529
35 541
35 609
35 615
35 628
35 631
35 637
36 37
36 40
36 43
36 45
36 46
36 48
36 54
36 55
36 56
36 62
36 64
36 65
36 66
36 70
36 72
36 74
36 78
36 79
36 88
36 93
36 94
36 102
36 104
36 106
36 108
36 114
36 118
36 121
36 133
36 144
36 153
36 156
36 157
36 163
36 169
36 170
36 171
36 181
36 182
36 183
36 206
36 212
36 217
36 220
36 221
36 223
36 242
36 243
36 258
36 268
36 289
36 298
36 304
36 305
36 311
36 314
36 318
36 324
36 326
36 336
36 351
36 352
36 359
36 364
36 377
36 380
36 384
36 397
36 399
36 414
36 416
36 433
36 443
36 444
36 447
36 448
36 462
36 464
36 470
36 476
36 488
36 491
36 500
36 502
36 530
36 536
36 547
36 552
36 556
36 567
36 569
36 580
36 585
36 588
36 598
36 621
36 628
36 631
36 646
37 39
37 40
37 43
37 45
37 47
37 48
37 50
37 52
37 53
37 58
37 59
37 61
37 62
37 63
37 64
37 66
37 68
37 73
37 74
37 77
37 81
37 82
37 85
37 86
37 90
37 93
37 96
37 102
37 105
37 112
37 115
37 119
37 125
37 126
37 132
37 137
37 139
37 155
37 156
37 157
37 163
37 165
37 168
37 170
37 175
37 176
37 177
37 179
37 187
37 188
37 201
37 210
37 234
37 240
37 249
37 255
37 278
37 282
37 298
37 300
37 307
37 314
37 341
37 357
37 363
37 364
37 376
37 382
37 388
37 390
37 396
37 399
37 400
37 425
37 426
37 430
37 445
37 461
37 473
37 479
37 486
37 487
37 496
37 506
37 508
37 531
37 554
37 570
37 583
37 605
37 606
37 635
38 42
38 49
38 52
38 57
38 58
38 59
38 69
38 75
38 77
38 85
38 88
38 89
38 93
38 95
38 100
38 102
38 110
38 115
38 118
38 124
38 141
38 145
38 156
38 192
38 209
38 223
38 226
38 227
38 244
38 246
38 251
38 313
38 317
38 324
38 327
38 340
38 374
38 380
38 383
38 424
38 433
38 440
38 452
38 458
38 465
38 486
38 512
38 534
38 572
38 574
38 599
38 612
38 625
38 628
38 641
38 649
39 45
39 46
39 47
39 56
39 72
39 80
39 83
39 90
39 100
39 107
39 112
39 114
39 119
39 121
39 142
39 153
39 191
39 218
39 234
39 253
39 271
39 300
39 310
39 313
39 346
39 363
39 370
39 375
39 390
39 397
39 399
39 406
39 438
39 464
39 479
39 495
39 503
39 509
39 510
39 511
39 516
39 518
39 523
39 535
39 556
39 590
39 596
39 611
39 622
40 41
40 52
40 55
40 59
40 60
40 67
40 68
40 72
40 80
40 85
40 87
40 89
40 91
40 94
40 96
40 105
40 109
40 111
40 123
40 124
40 125
40 127
40 131
40 138
40 142
40 150
40 151
40 157
40 165
40 171
40 179
40 185
40 194
40 200
40 201
40 205
40 206
40 208
40 213
40 214
40 219
40 224
40 232
40 237
40 238
40 248
40 260
40 265
40 269
40 306
40 310
40 321
40 322
40 332
40 339
40 340
40 345
40 347
40 363
40 364
40 370
40 371
40 372
40 374
40 381
40 389
40 404
40 408
40 411
40 419
40 435
40 447
40 457
40 476
40 479
40 522
40 532
40 550
40 559
40 563
40 574
40 577
40 581
40 589
40 624
40 626
40 634
41 46
41 50
41 52
41 79
41 82
41 84
41 87
41 93
41 96
41 99
41 123
41 132
41 146
41 174
41 185
41 199
41 231
41 236
41 241
41 242
41 273
41 285
41 370
41 378
41 382
41 400
41 402
41 431
41 437
41 454
41 456
41 469
41 477
41 480
41 546
41 560
41 568
41 624
41 625
41 628
41 638
42 46
42 47
42 48
42 50
42 52
42 57
42 58
42 65
42 69
42 76
42 77
42 82
42 86
42 87
42 92
42 101
42 103
42 107
42 121
42 126
42 127
42 131
42 135
42 139
42 147
42 154
42 164
42 167
42 169
42 170
42 171
42 185
42 188
42 210
42 212
42 227
42 231
42 242
42 258
42 277
42 285
42 287
42 292
42 305
42 306
42 325
42 327
42 344
42 354
42 361
42 373
42 374
42 385
42 407
42 408
42 419
42 429
42 436
42 449
42 494
42 500
42 510
42 517
42 526
42 532
42 536
42 542
42 548
42 549
42 555
42 564
42 565
42 586
42 599
42 605
42 608
42 609
42 618
42 623
42 631
42 633
42 636
43 45
43 47
43 49
43 53
43 55
43 64
43 65
43 67
43 69
43 73
43 80
43 93
43 97
43 98
43 99
43 104
43 106
43 107
43 114
43 115
43 118
43 120
43 128
43 135
43 141
43 143
43 144
43 146
43 148
43 165
43 186
43 187
43 191
43 198
43 203
43 208
43 211
43 216
43 220
43 226
43 229
43 230
43 255
43 261
43 269
43 275
43 276
43 281
43 287
43 290
43 295
43 312
43 325
43 354
43 357
43 358
43 365
43 400
43 426
43 433
43 448
43 455
43 476
43 479
43 480
43 490
43 499
43 504
43 512
43 519
43 528
43 543
43 564
43 565
43 570
43 582
43 592
43 602
43 603
43 613
43 614
43 616
43 630
43 635
44 46
44 48
44 49
44 53
44 54
44 62
44 72
44 76
44 77
44 82
44 86
44 90
44 97
44 106
44 109
44 111
44 115
44 116
44 124
44 147
44 149
44 151
44 153
44 154
44 178
44 180
44 181
44 195
44 199
44 200
44 203
44 219
44 220
44 231
44 259
44 260
44 261
44 282
44 303
44 313
44 321
44 322
44 323
44 325
44 359
44 369
44 389
44 407
44 423
44 448
44 474
44 500
44 505
44 507
44 573
44 615
44 622
44 636
45 48
45 49
45 51
45 55
45 58
45 60
45 69
45 73
45 77
45 80
45 84
45 90
45 92
45 94
45 103
45 117
45 119
45 131
45 148
45 152
45 174
45 176
45 190
45 191
45 207
45 217
45 222
45 256
45 279
45 328
45 358
45 385
45 386
45 410
45 424
45 429
45 432
45 451
45 454
45 455
45 459
45 481
45 493
45 498
45 511
45 516
45 521
45 524
45 526
45 542
45 544
45 557
45 566
45 590
45 601
45 609
46 50
46 54
46 55
46 57
46 61
46 62
46 64
46 65
46 68
46 71
46 73
46 74
46 79
46 83
46 89
46 90
46 97
46 115
46 116
46 127
46 134
46 147
46 149
46 157
46 163
46 165
46 171
46 175
46 197
46 220
46 226
46 236
46 242
46 244
46 263
46 280
46 281
46 283
46 290
46 297
46 307
46 313
46 321
46 331
46 332
46 343
46 361
46 362
46 376
46 380
46 383
46 401
46 408
46 415
46 420
46 430
46 440
46 476
46 485
46 487
46 494
46 510
46 515
46 527
46 540
46 564
46 574
46 577
46 599
46 611
46 625
46 628
46 649
47 49
47 52
47 57
47 58
47 61
47 73
47 75
47 76
47 81
47 82
47 86
47 89
47 103
47 104
47 107
47 108
47 112
47 117
47 123
47 125
47 136
47 148
47 154
47 162
47 170
47 174
47 178
47 187
47 189
47 198
47 210
47 211
47 215
47 225
47 244
47 261
47 271
47 274
47 296
47 313
47 315
47 323
47 331
47 335
47 349
47 350
47 354
47 374
47 381
47 388
47 403
47 409
47 413
47 414
47 418
47 433
47 437
47 438
47 459
47 465
47 471
47 497
47 506
47 508
47 537
47 572
47 573
47 575
47 612
47 614
47 619
47 621
47 625
47 632
48 51
48 52
48 53
48 61
48 63
48 66
48 70
48 71
48 74
48 81
48 98
48 99
48 100
48 107
48 113
48 127
48 131
48 161
48 178
48 181
48 189
48 193
48 194
48 201
48 212
48 220
48 255
48 256
48 265
48 266
48 301
48 345
48 362
48 380
48 392
48 393
48 397
48 433
48 443
48 451
48 456
48 482
48 543
48 608
49 54
49 58
49 64
49 65
49 68
49 75
49 77
49 79
49 85
49 87
49 91
49 93
49 95
49 101
49 103
49 117
49 119
49 121
49 126
49 129
49 132
49 133
49 139
49 141
49 143
49 148
49 151
49 152
49 162
49 163
49 168
49 169
49 172
49 177
49 196
49 202
49 204
49 207
49 210
49 221
49 239
49 243
49 246
49 248
49 256
49 257
49 258
49 260
49 268
49 270
49 288
49 294
49 295
49 298
49 339
49 340
49 353
49 359
49 361
49 372
49 383
49 386
49 400
49 403
49 409
49 421
49 427
49 437
49 459
49 467
49 478
49 505
49 516
49 558
49 584
49 593
49 605
49 624
49 632
50 59
50 63
50 64
50 66
50 74
50 77
50 78
50 84
50 88
50 94
50 104
50 111
50 118
50 127
50 136
50 139
50 153
50 154
50 161
50 166
50 190
50 191
50 228
50 234
50 239
50 260
50 275
50 281
50 289
50 292
50 343
50 344
50 393
50 396
50 416
50 417
50 418
50 420
50 424
50 441
50 442
50 477
50 493
50 515
50 530
50 545
50 554
50 573
50 577
50 580
50 589
50 591
50 602
50 603
50 624
50 642
50 645
51 59
51 65
51 67
51 70
51 72
51 76
51 81
51 83
51 88
51 89
51 92
51 97
51 114
51 123
51 138
51 140
51 144
51 149
51 161
51 163
51 165
51 169
51 184
51 186
51 190
51 193
51 196
51 201
51 205
51 228
51 235
51 237
51 244
51 257
51 266
51 269
51 275
51 289
51 297
51 299
51 308
51 310
51 312
51 314
51 325
51 338
51 340
51 355
51 356
51 378
51 387
51 420
51 437
51 443
51 447
51 499
51 507
51 536
51 560
51 591
51 601
51 610
51 636
51 644
52 58
52 60
52 61
52 88
52 112
52 120
52 124
52 162
52 175
52 178
52 183
52 211
52 234
52 254
52 259
52 275
52 282
52 293
52 299
52 378
52 391
52 397
52 423
52 428
52 433
52 452
52 458
52 470
52 483
52 515
52 542
52 544
52 581
52 584
52 616
52 621
52 645
52 649
53 54
53 55
53 56
53 57
53 58
53 65
53 69
53 75
53 77
53 80
53 84
53 93
53 114
53 117
53 126
53 142
53 158
53 165
53 173
53 178
53 183
53 203
53 204
53 210
53 219
53 230
53 245
53 250
53 252
53 262
53 267
53 290
53 292
53 308
53 324
53 365
53 367
53 392
53 396
53 435
53 451
53 471
53 482
53 487
53 498
53 499
53 501
53 508
53 524
53 538
53 544
53 553
53 563
53 580
53 582
53 589
53 602
53 616
53 617
53 629
53 635
53 639
53 645
53 647
54 58
54 60
54 83
54 95
54 98
54 101
54 119
54 121
54 122
54 126
54 127
54 135
54 136
54 137
54 138
54 142
54 156
54 163
54 169
54 174
54 175
54 185
54 193
54 210
54 239
54 245
54 248
54 260
54 266
54 275
54 276
54 281
54 282
54 317
54 320
54 329
54 333
54 350
54 355
54 362
54 363
54 369
54 374
54 380
54 395
54 401
54 402
54 416
54 417
54 427
54 432
54 439
54 457
54 464
54 465
54 477
54 494
54 510
54 524
54 531
54 539
54 544
54 546
54 550
54 569
54 600
54 601
54 620
54 621
54 629
54 633
54 640
54 641
55 60
55 61
55 62
55 63
55 66
55 68
55 97
55 104
55 105
55 110
55 116
55 129
55 130
55 137
55 141
55 143
55 164
55 171
55 172
55 185
55 189
55 194
55 199
55 205
55 215
55 223
55 277
55 291
55 298
55 300
55 310
55 316
55 333
55 337
55 350
55 365
55 385
55 386
55 393
55 407
55 420
55 470
55 484
55 485
55 498
55 512
55 532
55 593
55 598
55 629
55 645
55 649
56 67
56 70
56 71
56 75
56 80
56 84
56 87
56 89
56 93
56 94
56 98
56 99
56 118
56 128
56 129
56 133
56 158
56 176
56 180
56 217
56 224
56 227
56 237
56 240
56 243
56 247
56 255
56 261
56 274
56 277
56 284
56 293
56 316
56 327
56 329
56 362
56 368
56 376
56 407
56 424
56 435
56 445
56 455
56 499
56 518
56 526
56 533
56 544
56 546
56 586
56 631
56 632
56 635
56 646
57 60
57 61
57 73
57 78
57 80
57 81
57 113
57 114
57 130
57 134
57 146
57 164
57 167
57 168
57 171
57 188
57 224
57 248
57 250
57 263
57 278
57 292
57 313
57 315
57 318
57 329
57 333
57 356
57 358
57 424
57 465
57 470
57 483
57 501
57 502
57 545
57 547
57 570
57 601
57 638
58 81
58 89
58 95
58 158
58 197
58 198
58 213
58 257
58 259
58 295
58 297
58 318
58 328
58 333
58 339
58 354
58 392
58 408
58 447
58 463
58 469
58 472
58 478
58 501
58 520
58 586
58 597
59 61
59 62
59 67
59 70
59 73
59 74
59 83
59 86
59 87
59 90
59 91
59 107
59 119
59 126
59 131
59 154
59 166
59 175
59 181
59 189
59 190
59 191
59 199
59 221
59 225
59 236
59 256
59 265
59 283
59 295
59 314
59 368
59 369
59 399
59 400
59 430
59 432
59 438
59 449
59 453
59 501
59 506
59 507
59 525
59 572
59 593
59 624
59 649
60 62
60 80
60 85
60 87
60 101
60 102
60 103
60 104
60 107
60 108
60 115
60 118
60 122
60 126
60 127
60 129
60 150
60 157
60 158
60 160
60 168
60 191
60 209
60 219
60 236
60 244
60 268
60 272
60 306
60 307
60 324
60 326
60 336
60 339
60 363
60 364
60 371
60 390
60 394
60 400
60 413
60 421
60 431
60 439
60 451
60 456
60 491
60 510
60 511
60 552
60 574
60 580
60 616
61 66
61 67
61 68
61 70
61 75
61 76
61 77
61 95
61 102
61 108
61 123
61 136
61 137
61 148
61 161
61 172
61 175
61 177
61 179
61 188
61 196
61 197
61 198
61 202
61 222
61 223
61 225
61 280
61 290
61 296
61 313
61 345
61 346
61 348
61 350
61 352
61 363
61 383
61 402
61 423
61 439
61 444
61 446
61 448
61 450
61 454
61 469
61 472
61 473
61 484
61 487
61 491
61 494
61 504
61 516
61 518
61 521
61 533
61 539
61 553
61 561
61 562
61 564
61 602
61 606
61 607
61 644
62 64
62 65
62 69
62 73
62 88
62 93
62 96
62 97
62 104
62 115
62 133
62 142
62 143
62 144
62 145
62 151
62 162
62 164
62 166
62 168
62 181
62 183
62 184
62 199
62 201
62 204
62 208
62 212
62 217
62 219
62 239
62 240
62 249
62 254
62 267
62 270
62 276
62 293
62 300
62 310
62 312
62 326
62 327
62 333
62 341
62 398
62 410
62 412
62 420
62 431
62 434
62 435
62 444
62 459
62 475
62 487
62 502
62 542
62 558
62 565
62 571
62 574
62 582
62 593
62 601
62 613
62 615
62 629
62 633
63 68
63 71
63 74
63 75
63 77
63 79
63 80
63 81
63 85
63 95
63 106
63 110
63 117
63 124
63 127
63 130
63 132
63 139
63 141
63 143
63 145
63 146
63 149
63 153
63 156
63 158
63 168
63 181
63 184
63 195
63 200
63 207
63 210
63 221
63 225
63 226
63 233
63 251
63 264
63 266
63 325
63 334
63 335
63 352
63 378
63 382
63 383
63 401
63 414
63 419
63 428
63 437
63 441
63 446
63 466
63 467
63 481
63 496
63 513
63 518
63 526
63 528
63 573
63 581
63 615
63 620
63 632
63 639
64 71
64 72
64 75
64 76
64 78
64 81
64 84
64 87
64 88
64 89
64 94
64 96
64 106
64 108
64 109
64 116
64 120
64 127
64 134
64 137
64 159
64 170
64 177
64 180
64 182
64 183
64 195
64 202
64 206
64 215
64 242
64 260
64 261
64 266
64 284
64 296
64 302
64 315
64 319
64 324
64 327
64 343
64 365
64 377
64 396
64 422
64 426
64 445
64 446
64 459
64 461
64 481
64 507
64 520
64 541
64 560
64 562
64 565
64 566
64 575
64 579
64 588
64 602
64 624
65 69
65 83
65 84
65 91
65 94
65 95
65 98
65 100
65 102
65 115
65 123
65 124
65 138
65 142
65 144
65 160
65 163
65 167
65 178
65 190
65 206
65 235
65 247
65 250
65 252
65 274
65 288
65 289
65 294
65 311
65 321
65 327
65 335
65 367
65 384
65 403
65 404
65 446
65 457
65 465
65 471
65 484
65 522
65 527
65 565
65 586
65 647
66 76
66 81
66 86
66 89
66 97
66 100
66 107
66 109
66 120
66 123
66 128
66 129
66 131
66 155
66 171
66 178
66 188
66 199
66 203
66 218
66 251
66 269
66 286
66 295
66 304
66 335
66 377
66 383
66 393
66 409
66 410
66 414
66 417
66 473
66 512
66 538
66 540
66 546
66 556
66 591
66 602
66 609
66 615
66 638
67 68
67 73
67 91
67 100
67 105
67 134
67 137
67 141
67 147
67 161
67 169
67 173
67 180
67 183
67 194
67 199
67 214
67 223
67 247
67 254
67 258
67 278
67 319
67 321
67 336
67 343
67 453
67 555
67 614
67 630
67 647
68 70
68 75
68 99
68 123
68 152
68 178
68 186
68 189
68 221
68 240
68 255
68 256
68 264
68 267
68 268
68 273
68 277
68 295
68 299
68 336
68 341
68 345
68 359
68 371
68 375
68 403
68 413
68 424
68 449
68 465
68 523
68 525
68 536
68 537
68 578
68 629
69 73
69 76
69 95
69 99
69 103
69 105
69 112
69 114
69 115
69 116
69 121
69 122
69 125
69 128
69 130
69 131
69 152
69 153
69 161
69 164
69 179
69 187
69 198
69 206
69 209
69 225
69 227
69 232
69 235
69 258
69 261
69 269
69 270
69 291
69 299
69 311
69 314
69 335
69 369
69 371
69 414
69 449
69 482
69 483
69 484
69 503
69 519
69 524
69 538
69 548
69 556
69 559
69 567
69 621
69 626
69 637
69 641
70 74
70 77
70 84
70 89
70 91
70 95
70 97
70 105
70 116
70 128
70 145
70 146
70 197
70 199
70 215
70 222
70 224
70 265
70 289
70 305
70 321
70 388
70 410
70 446
70 488
70 529
70 608
71 72
71 77
71 84
71 85
71 100
71 107
71 109
71 110
71 117
71 122
71 125
71 130
71 131
71 133
71 135
71 137
71 143
71 154
71 156
71 170
71 177
71 178
71 186
71 196
71 199
71 200
71 204
71 215
71 218
71 229
71 246
71 247
71 257
71 258
71 272
71 276
71 290
71 316
71 317
71 323
71 336
71 341
71 345
71 346
71 351
71 379
71 382
71 384
71 403
71 409
71 416
71 434
71 435
71 437
71 442
71 454
71 463
71 481
71 483
71 500
71 503
71 518
71 540
71 542
71 585
71 603
71 627
71 641
71 642
72 78
72 86
72 92
72 101
72 116
72 117
72 122
72 125
72 159
72 167
72 171
72 186
72 189
72 192
72 200
72 246
72 262
72 282
72 295
72 338
72 368
72 373
72 376
72 380
72 405
72 409
72 430
72 436
72 495
72 537
72 540
72 568
72 577
72 610
72 622
73 75
73 94
73 97
73 125
73 129
73 135
73 138
73 146
73 153
73 161
73 171
73 194
73 206
73 230
73 253
73 289
73 293
73 370
73 399
73 410
73 444
73 493
73 521
73 600
73 635
74 85
74 89
74 96
74 100
74 106
74 108
74 109
74 115
74 118
74 133
74 135
74 136
74 140
74 142
74 146
74 165
74 167
74 183
74 191
74 195
74 222
74 229
74 235
74 249
74 270
74 272
74 286
74 297
74 308
74 320
74 351
74 363
74 376
74 380
74 422
74 425
74 441
74 443
74 452
74 458
74 467
74 478
74 513
74 524
74 529
74 551
74 574
74 575
74 580
74 582
74 604
74 616
74 639
74 649
75 96
75 108
75 130
75 150
75 152
75 156
75 157
75 167
75 178
75 180
75 184
75 193
75 212
75 221
75 238
75 252
75 269
75 270
75 271
75 276
75 307
75 317
75 340
75 379
75 398
75 444
75 453
75 475
75 488
75 579
75 593
75 596
75 644
76 80
76 86
76 104
76 112
76 121
76 136
76 172
76 192
76 232
76 245
76 283
76 349
76 353
76 415
76 443
76 449
76 497
76 545
76 556
76 558
76 566
76 592
77 78
77 88
77 90
77 98
77 113
77 125
77 139
77 148
77 161
77 176
77 194
77 212
77 219
77 231
77 233
77 260
77 280
77 282
77 283
77 291
77 294
77 306
77 323
77 332
77 392
77 411
77 427
77 527
77 578
77 581
77 583
77 597
77 639
78 108
78 110
78 113
78 129
78 138
78 141
78 143
78 163
78 174
78 184
78 233
78 253
78 260
78 263
78 292
78 303
78 320
78 335
78 356
78 424
78 445
78 461
78 470
78 473
78 493
78 520
78 576
78 584
78 593
78 606
78 610
78 621
79 82
79 91
79 95
79 97
79 101
79 104
79 132
79 157
79 167
79 208
79 234
79 243
79 266
79 277
79 321
79 361
79 381
79 398
79 418
79 426
79 467
79 472
79 498
79 514
79 553
79 598
79 644
80 90
80 92
80 120
80 131
80 147
80 167
80 172
80 199
80 299
80 301
80 303
80 323
80 324
80 401
80 407
80 424
80 468
80 482
80 505
80 531
80 551
80 555
80 584
80 610
80 620
80 642
81 83
81 90
81 99
81 109
81 112
81 114
81 136
81 137
81 144
81 155
81 164
81 166
81 184
81 212
81 226
81 246
81 265
81 272
81 288
81 323
81 368
81 402
81 410
81 413
81 458
81 461
81 477
81 520
81 536
81 553
81 592
81 594
81 610
81 611
82 110
82 112
82 126
82 196
82 223
82 236
82 238
82 253
82 308
82 312
82 333
82 419
82 441
82 462
82 484
82 485
82 542
82 554
82 575
82 614
83 92
83 104
83 109
83 122
83 125
83 131
83 133
83 134
83 136
83 138
83 158
83 170
83 175
83 180
83 183
83 202
83 203
83 205
83 207
83 213
83 216
83 231
83 244
83 261
83 268
83 285
83 296
83 306
83 309
83 355
83 382
83 401
83 406
83 441
83 448
83 472
83 493
83 526
83 531
83 533
83 540
83 548
83 586
83 618
83 629
84 95
84 98
84 105
84 107
84 108
84 124
84 137
84 152
84 178
84 200
84 231
84 316
84 322
84 417
84 425
84 460
84 486
84 501
84 572
84 576
84 578
84 602
84 611
85 91
85 95
85 99
85 101
85 127
85 130
85 147
85 154
85 160
85 191
85 206
85 211
85 258
85 259
85 265
85 292
85 294
85 303
85 315
85 331
85 339
85 346
85 380
85 438
85 458
85 485
85 507
85 514
85 548
85 607
85 633
86 91
86 96
86 97
86 106
86 112
86 113
86 116
86 170
86 183
86 194
86 210
86 211
86 215
86 216
86 248
86 249
86 250
86 259
86 284
86 286
86 288
86 312
86 372
86 403
86 434
86 438
86 442
86 469
86 473
86 502
86 540
86 560
86 609
87 89
87 93
87 94
87 101
87 132
87 133
87 143
87 146
87 148
87 150
87 158
87 161
87 186
87 213
87 228
87 229
87 257
87 274
87 288
87 334
87 340
87 343
87 379
87 403
87 449
87 499
87 504
87 522
87 563
87 590
87 594
87 629
87 630
87 641
88 117
88 123
88 124
88 140
88 160
88 223
88 233
88 245
88 263
88 278
88 284
88 290
88 314
88 319
88 361
88 427
88 440
88 484
88 492
88 494
88 543
88 544
88 559
88 578
89 92
89 96
89 100
89 121
89 123
89 138
89 153
89 173
89 182
89 186
89 192
89 218
89 227
89 236
89 237
89 242
89 243
89 250
89 252
89 278
89 280
89 282
89 288
89 312
89 331
89 351
89 355
89 362
89 382
89 388
89 397
89 404
89 434
89 436
89 441
89 453
89 460
89 472
89 506
89 509
89 556
89 579
89 587
89 591
89 597
89 620
89 647
90 94
90 97
90 106
90 108
90 110
90 134
90 143
90 149
90 151
90 155
90 169
90 170
90 171
90 177
90 182
90 183
90 187
90 195
90 245
90 250
90 252
90 253
90 283
90 297
90 298
90 303
90 398
90 448
90 451
90 488
90 500
90 530
90 537
90 542
90 560
90 617
90 626
91 98
91 111
91 113
91 118
91 134
91 136
91 137
91 149
91 159
91 161
91 180
91 190
91 211
91 218
91 254
91 255
91 278
91 280
91 302
91 316
91 337
91 360
91 381
91 390
91 495
91 511
91 556
91 567
91 570
92 111
92 118
92 120
92 124
92 147
92 172
92 182
92 183
92 197
92 217
92 219
92 224
92 240
92 277
92 293
92 294
92 300
92 307
92 319
92 323
92 324
92 357
92 365
92 371
92 374
92 375
92 389
92 404
92 418
92 425
92 433
92 434
92 456
92 480
92 482
92 502
92 513
92 527
92 537
92 552
92 554
92 560
92 570
92 576
92 593
92 610
92 642
92 645
93 99
93 101
93 102
93 113
93 117
93 118
93 132
93 134
93 141
93 154
93 168
93 172
93 208
93 217
93 232
93 243
93 245
93 284
93 293
93 314
93 315
93 329
93 332
93 354
93 367
93 385
93 392
93 420
93 430
93 470
93 471
93 495
93 496
93 498
93 550
93 551
93 558
94 111
94 113
94 120
94 125
94 129
94 148
94 151
94 192
94 206
94 238
94 255
94 301
94 316
94 328
94 371
94 374
94 396
94 400
94 473
94 474
94 485
94 500
94 507
94 513
94 524
94 562
94 583
94 594
95 109
95 141
95 145
95 147
95 151
95 162
95 172
95 200
95 202
95 213
95 214
95 215
95 247
95 316
95 328
95 330
95 337
95 410
95 457
95 460
95 518
95 524
95 532
95 535
95 560
95 564
95 614
95 616
95 631
95 632
96 101
96 104
96 119
96 122
96 124
96 127
96 142
96 148
96 162
96 166
96 174
96 175
96 180
96 189
96 196
96 219
96 230
96 241
96 262
96 267
96 302
96 304
96 315
96 329
96 356
96 364
96 370
96 444
96 445
96 474
96 475
96 498
96 522
96 556
96 587
97 171
97 189
97 196
97 206
97 214
97 225
97 242
97 245
97 265
97 274
97 279
97 310
97 330
97 350
97 375
97 394
97 487
97 498
97 562
97 617
97 640
98 106
98 108
98 109
98 128
98 131
98 133
98 134
98 146
98 149
98 153
98 159
98 161
98 162
98 185
98 188
98 195
98 201
98 202
98 218
98 225
98 248
98 251
98 262
98 264
98 273
98 276
98 291
98 295
98 301
98 305
98 324
98 325
98 331
98 348
98 357
98 365
98 441
98 451
98 456
98 459
98 502
98 554
98 575
98 592
98 609
98 630
98 642
98 647
99 101
99 105
99 115
99 116
99 126
99 131
99 136
99 140
99 155
99 165
99 168
99 210
99 218
99 220
99 222
99 268
99 282
99 294
99 337
99 338
99 342
99 395
99 401
99 431
99 444
99 450
99 460
99 464
99 472
99 555
99 568
99 607
99 608
99 610
99 623
100 103
100 121
100 129
100 137
100 146
100 156
100 169
100 177
100 188
100 201
100 224
100 226
100 247
100 257
100 286
100 306
100 322
100 325
100 331
100 334
100 335
100 342
100 417
100 421
100 422
100 432
100 459
100 469
100 486
100 529
100 549
100 612
100 616
100 630
101 129
101 138
101 142
101 144
101 185
101 187
101 203
101 204
101 237
101 304
101 306
101 318
101 329
101 342
101 408
101 431
101 490
101 503
101 528
101 567
101 604
102 104
102 135
102 140
102 141
102 151
102 179
102 180
102 186
102 187
102 193
102 201
102 204
102 212
102 223
102 224
102 240
102 253
102 266
102 290
102 303
102 323
102 324
102 330
102 332
102 349
102 366
102 373
102 407
102 418
102 420
102 427
102 429
102 432
102 437
102 487
102 507
102 517
102 557
102 565
102 569
102 576
102 599
102 641
103 105
103 112
103 123
103 130
103 133
103 134
103 144
103 180
103 184
103 193
103 204
103 216
103 225
103 279
103 281
103 311
103 319
103 321
103 337
103 362
103 371
103 377
103 400
103 405
103 462
103 487
103 493
103 503
103 509
103 535
103 543
103 549
103 581
103 601
103 614
103 622
103 623
103 639
104 115
104 190
104 191
104 197
104 208
104 219
104 233
104 257
104 300
104 323
104 331
104 366
104 378
104 435
104 455
104 474
104 506
104 588
105 107
105 111
105 116
105 123
105 130
105 139
105 140
105 148
105 161
105 164
105 172
105 182
105 231
105 234
105 260
105 265
105 295
105 297
105 304
105 327
105 337
105 352
105 373
105 411
105 429
105 437
105 463
105 484
106 114
106 117
106 130
106 146
106 159
106 163
106 171
106 179
106 191
106 192
106 208
106 216
106 241
106 254
106 317
106 318
106 364
106 373
106 429
106 474
106 525
106 530
106 567
106 613
106 614
106 636
106 642
107 109
107 110
107 120
107 143
107 152
107 164
107 179
107 201
107 205
107 211
107 229
107 250
107 271
107 285
107 312
107 337
107 343
107 360
107 364
107 393
107 397
107 405
107 423
107 454
107 456
107 463
107 470
107 492
107 511
107 538
107 551
107 552
107 586
108 112
108 113
108 123
108 127
108 150
108 161
108 165
108 209
108 236
108 257
108 269
108 271
108 279
108 281
108 326
108 328
108 329
108 452
108 479
108 482
108 495
108 511
108 542
108 596
108 627
109 116
109 125
109 126
109 158
109 164
109 181
109 207
109 218
109 225
109 239
109 258
109 285
109 324
109 327
109 330
109 340
109 377
109 421
109 441
109 500
109 509
109 524
109 533
109 544
109 548
109 560
109 561
109 563
109 569
109 570
109 598
109 616
110 119
110 144
110 145
110 152
110 168
110 170
110 183
110 244
110 263
110 313
110 381
110 416
110 430
110 517
110 571
110 599
110 613
110 649
111 114
111 198
111 205
111 216
111 221
111 224
111 239
111 260
111 268
111 361
111 370
111 466
111 493
111 503
111 541
111 589
111 599
111 615
111 648
112 118
112 128
112 139
112 148
112 159
112 166
112 213
112 232
112 262
112 267
112 273
112 286
112 311
112 341
112 399
112 421
112 422
112 449
112 452
112 457
112 494
112 545
112 546
112 575
112 581
112 598
112 605
112 618
112 624
112 638
112 641
113 160
113 169
113 203
113 217
113 222
113 226
113 237
113 240
113 242
113 244
113 247
113 259
113 266
113 296
113 303
113 310
113 354
113 359
113 362
113 393
113 421
113 426
113 430
113 472
113 513
113 561
113 563
113 586
113 595
113 597
113 612
113 616
113 644
113 645
114 116
114 121
114 152
114 156
114 176
114 213
114 216
114 227
114 230
114 247
114 258
114 269
114 306
114 333
114 355
114 494
114 514
114 600
115 121
115 128
115 139
115 146
115 150
115 165
115 193
115 213
115 222
115 229
115 233
115 235
115 267
115 268
115 272
115 284
115 286
115 304
115 334
115 352
115 360
115 378
115 408
115 417
115 420
115 435
115 455
115 492
115 513
115 533
115 545
115 568
115 578
116 124
116 155
116 163
116 188
116 189
116 190
116 200
116 207
116 225
116 246
116 275
116 276
116 295
116 297
116 301
116 316
116 335
116 366
116 387
116 388
116 405
116 413
116 462
116 465
116 472
116 474
116 492
116 501
116 527
116 558
116 626
116 627
116 644
117 134
117 169
117 184
117 199
117 216
117 237
117 314
117 319
117 323
117 329
117 356
117 360
117 381
117 387
117 472
117 504
117 505
117 540
117 545
117 644
118 125
118 128
118 132
118 142
118 156
118 168
118 177
118 197
118 235
118 248
118 252
118 259
118 279
118 281
118 289
118 294
118 313
118 343
118 430
118 435
118 439
118 442
118 471
118 516
118 538
118 540
118 562
118 571
118 582
118 618
119 124
119 139
119 154
119 157
119 189
119 190
119 195
119 211
119 224
119 226
119 232
119 274
119 350
119 356
119 368
119 393
119 398
119 411
119 423
119 426
119 437
119 446
119 455
119 472
119 475
119 487
119 490
119 530
119 565
119 577
119 615
119 642
120 121
120 128
120 133
120 155
120 193
120 204
120 217
120 255
120 257
120 268
120 272
120 282
120 296
120 307
120 320
120 332
120 365
120 366
120 380
120 394
120 424
120 449
120 502
120 512
120 532
120 533
120 539
120 545
120 552
120 564
120 573
121 123
121 128
121 129
121 133
121 135
121 145
121 149
121 163
121 173
121 175
121 180
121 189
121 190
121 194
121 198
121 203
121 206
121 219
121 230
121 238
121 240
121 251
121 267
121 279
121 287
121 292
121 303
121 309
121 325
121 346
121 367
121 372
121 379
121 419
121 434
121 443
121 448
121 453
121 472
121 496
121 498
121 508
121 529
121 545
121 580
121 584
121 601
121 603
121 636
122 156
122 158
122 186
122 193
122 217
122 226
122 229
122 248
122 299
122 308
122 311
122 350
122 354
122 372
122 421
122 425
122 492
122 500
122 519
122 571
123 137
123 142
123 149
123 155
123 170
123 172
123 212
123 231
123 295
123 310
123 338
123 351
123 363
123 368
123 374
123 383
123 401
123 501
123 590
123 625
124 128
124 138
124 139
124 140
124 146
124 163
124 175
124 196
124 213
124 223
124 251
124 254
124 277
124 332
124 406
124 467
124 486
124 592
124 620
124 644
125 139
125 178
125 194
125 209
125 225
125 306
125 336
125 348
125 369
125 395
125 429
125 458
125 462
125 466
125 478
125 480
125 498
125 502
125 551
125 581
125 590
125 596
125 635
126 135
126 148
126 166
126 184
126 196
126 197
126 203
126 213
126 216
126 222
126 266
126 279
126 282
126 291
126 335
126 346
126 362
126 375
126 403
126 414
126 421
126 452
126 470
126 472
126 508
126 541
126 573
126 604
126 645
127 133
127 142
127 151
127 157
127 168
127 186
127 203
127 204
127 213
127 238
127 239
127 251
127 253
127 258
127 272
127 305
127 337
127 394
127 399
127 406
127 417
127 444
127 473
127 483
127 538
127 541
127 569
127 605
127 637
128 139
128 167
128 169
128 173
128 186
128 191
128 195
128 197
128 204
128 208
128 215
128 219
128 226
128 230
128 249
128 259
128 280
128 284
128 292
128 296
128 321
128 322
128 368
128 398
128 412
128 427
128 463
128 464
128 498
128 505
128 536
128 540
128 545
128 556
128 558
128 578
128 585
128 589
128 592
128 599
128 627
129 130
129 132
129 139
129 143
129 148
129 205
129 212
129 214
129 251
129 254
129 290
129 331
129 336
129 345
129 349
129 418
129 419
129 462
130 143
130 150
130 187
130 188
130 205
130 211
130 219
130 224
130 242
130 309
130 311
130 334
130 350
130 383
130 396
130 443
130 455
130 462
130 475
130 505
130 559
131 145
131 163
131 176
131 193
131 214
131 227
131 238
131 243
131 264
131 287
131 325
131 377
131 408
131 443
131 456
131 502
131 552
131 628
131 637
131 643
132 135
132 155
132 167
132 179
132 257
132 286
132 290
132 307
132 310
132 322
132 359
132 428
132 460
132 505
132 515
132 559
132 577
132 612
132 613
133 143
133 154
133 195
133 201
133 207
133 232
133 243
133 273
133 274
133 287
133 302
133 340
133 363
133 369
133 392
133 394
133 397
133 398
133 408
133 455
133 511
133 539
133 576
133 591
133 624
133 627
133 645
134 146
134 178
134 191
134 200
134 218
134 224
134 241
134 249
134 276
134 301
134 304
134 305
134 308
134 328
134 392
134 408
134 464
134 477
134 508
134 517
134 520
134 547
134 548
134 557
134 573
134 621
135 149
135 239
135 249
135 279
135 323
135 327
135 391
135 397
135 452
135 453
135 473
135 480
135 527
135 539
135 548
135 596
135 624
135 648
135 649
136 143
136 144
136 150
136 156
136 166
136 168
136 197
136 221
136 223
136 227
136 233
136 253
136 288
136 297
136 320
136 389
136 396
136 446
136 449
136 469
136 479
136 490
136 496
136 515
136 596
136 602
136 648
137 165
137 172
137 185
137 191
137 203
137 208
137 224
137 236
137 242
137 244
137 267
137 273
137 282
137 285
137 290
137 322
137 329
137 338
137 349
137 354
137 359
137 445
137 477
137 482
137 503
137 513
137 547
137 566
137 579
137 597
137 619
137 646
138 145
138 155
138 157
138 162
138 168
138 177
138 185
138 188
138 192
138 194
138 223
138 232
138 250
138 252
138 255
138 264
138 278
138 279
138 311
138 333
138 352
138 395
138 412
138 423
138 425
138 440
138 469
138 488
138 510
138 546
138 549
138 561
138 579
138 604
138 615
139 142
139 152
139 157
139 159
139 182
139 202
139 207
139 209
139 212
139 215
139 226
139 229
139 232
139 254
139 270
139 292
139 301
139 311
139 312
139 325
139 361
139 363
139 388
139 396
139 408
139 410
139 411
139 427
139 436
139 461
139 476
139 481
139 483
139 505
139 579
139 602
139 603
139 620
139 626
139 637
140 157
140 166
140 194
140 207
140 228
140 257
140 265
140 287
140 292
140 384
140 407
140 442
140 443
140 568
140 645
141 147
141 155
141 176
141 194
141 301
141 307
141 321
141 351
141 357
141 597
141 630
142 151
142 182
142 192
142 196
142 201
142 202
142 224
142 226
142 228
142 252
142 281
142 293
142 328
142 357
142 426
142 432
142 535
142 539
142 548
143 160
143 215
143 216
143 238
143 241
143 254
143 271
143 282
143 286
143 318
143 330
143 334
143 407
143 414
143 516
143 521
143 546
143 560
143 567
143 591
143 640
144 155
144 181
144 216
144 221
144 256
144 303
144 317
144 335
144 342
144 478
144 510
144 515
144 526
144 529
144 537
144 540
144 549
144 576
144 641
145 148
145 173
145 180
145 198
145 233
145 249
145 256
145 270
145 275
145 326
145 336
145 352
145 356
145 387
145 414
145 445
145 463
145 465
145 468
145 538
145 547
145 576
145 578
145 584
145 603
145 607
145 608
145 611
145 612
145 615
145 620
146 166
146 172
146 176
146 200
146 219
146 252
146 261
146 267
146 271
146 308
146 309
146 310
146 320
146 345
146 347
146 355
146 362
146 383
146 384
146 406
146 422
146 428
146 442
146 446
146 460
146 502
146 522
146 528
146 570
146 645
147 164
147 263
147 268
147 304
147 315
147 344
147 348
147 354
147 366
147 370
147 371
147 388
147 410
147 443
147 474
147 494
147 562
147 588
148 154
148 162
148 181
148 198
148 200
148 215
148 222
148 229
148 237
148 259
148 271
148 272
148 279
148 315
148 364
148 369
148 407
148 414
148 465
148 466
148 536
148 546
148 554
148 562
148 584
148 591
148 597
149 151
149 157
149 159
149 215
149 218
149 221
149 256
149 265
149 281
149 298
149 319
149 330
149 342
149 416
149 448
149 462
149 476
149 530
149 531
149 596
149 640
150 170
150 173
150 175
150 190
150 209
150 225
150 254
150 307
150 309
150 331
150 332
150 347
150 352
150 419
150 440
150 511
150 546
150 588
150 628
150 634
150 646
151 184
151 190
151 231
151 293
151 325
151 329
151 353
151 364
151 367
151 457
151 468
151 485
151 505
151 523
151 628
151 634
152 174
152 181
152 186
152 187
152 204
152 241
152 249
152 315
152 322
152 342
152 358
152 461
152 484
152 571
152 581
152 589
152 648
153 154
153 166
153 173
153 182
153 192
153 194
153 195
153 207
153 208
153 266
153 297
153 315
153 333
153 343
153 382
153 387
153 407
153 427
153 437
153 464
153 476
153 488
153 501
153 515
153 517
153 544
153 585
153 589
153 592
153 615
153 621
153 622
153 625
154 157
154 158
154 169
154 175
154 176
154 182
154 210
154 246
154 294
154 331
154 360
154 386
154 397
154 464
154 490
154 495
154 509
155 166
155 187
155 217
155 219
155 251
155 264
155 289
155 292
155 294
155 330
155 439
155 453
155 459
155 463
155 470
155 492
155 519
155 526
155 551
155 612
155 615
156 179
156 195
156 244
156 267
156 399
156 438
156 443
156 449
156 522
156 552
156 573
156 585
156 632
156 648
157 176
157 215
157 232
157 263
157 264
157 267
157 268
157 269
157 278
157 280
157 307
157 367
157 368
157 386
157 445
157 451
157 452
157 466
157 512
157 523
157 548
157 561
157 592
157 595
157 607
157 611
158 174
158 192
158 196
158 207
158 211
158 237
158 240
158 296
158 311
158 337
158 367
158 386
158 399
158 476
158 479
158 517
158 532
158 564
158 572
158 584
158 585
158 591
158 599
158 631
159 211
159 217
159 266
159 276
159 284
159 296
159 301
159 322
159 367
159 400
159 406
159 486
159 494
159 504
159 547
159 565
159 596
159 617
159 620
159 648
160 161
160 178
160 190
160 197
160 209
160 210
160 218
160 236
160 247
160 260
160 304
160 307
160 363
160 376
160 385
160 390
160 400
160 405
160 409
160 428
160 456
160 588
160 590
160 614
160 634
161 179
161 182
161 209
161 242
161 278
161 280
161 339
161 344
161 352
161 384
161 398
161 422
161 423
161 427
161 438
161 468
161 474
161 489
161 503
161 551
161 602
161 612
162 194
162 204
162 207
162 225
162 236
162 262
162 291
162 304
162 306
162 320
162 380
162 407
162 463
162 499
162 512
162 513
162 523
162 558
162 590
163 169
163 187
163 198
163 233
163 234
163 239
163 242
163 256
163 276
163 317
163 318
163 369
163 405
163 469
163 481
163 496
163 506
163 516
163 522
163 531
163 569
163 628
164 176
164 225
164 229
164 244
164 270
164 284
164 375
164 379
164 398
164 409
164 484
164 504
164 511
164 527
164 596
164 614
164 627
164 640
165 188
165 191
165 259
165 273
165 382
165 415
165 434
165 448
165 463
165 477
165 530
165 532
165 551
165 572
165 575
166 198
166 204
166 231
166 295
166 330
166 333
166 395
166 439
166 471
166 478
166 480
166 506
166 592
166 602
166 623
167 183
167 246
167 252
167 253
167 320
167 325
167 342
167 351
167 490
167 571
167 625
168 174
168 236
168 277
168 307
168 346
168 358
168 406
168 422
168 480
168 514
168 516
168 524
168 588
168 598
168 605
168 615
169 176
169 177
169 188
169 192
169 196
169 212
169 216
169 220
169 229
169 234
169 262
169 305
169 306
169 327
169 336
169 342
169 346
169 349
169 353
169 357
169 388
169 391
169 393
169 410
169 441
169 486
169 546
169 558
169 622
170 176
170 194
170 212
170 231
170 233
170 237
170 252
170 255
170 264
170 286
170 313
170 319
170 435
170 511
170 574
170 644
170 645
170 647
170 649
171 191
171 203
171 228
171 235
171 301
171 310
171 349
171 385
171 387
171 452
171 522
171 527
171 552
171 585
171 609
172 195
172 198
172 227
172 256
172 264
172 272
172 295
172 296
172 345
172 355
172 360
172 369
172 385
172 392
172 426
172 466
172 477
172 489
172 543
172 605
173 193
173 204
173 229
173 234
173 249
173 261
173 492
173 500
173 538
173 558
174 221
174 226
174 227
174 252
174 253
174 284
174 324
174 327
174 358
174 390
174 392
174 437
174 452
174 479
174 544
174 545
174 565
174 586
174 594
175 182
175 184
175 213
175 230
175 240
175 339
175 341
175 347
175 431
175 451
175 470
175 557
176 212
176 240
176 266
176 288
176 338
176 409
176 477
176 495
176 505
176 511
176 550
176 601
176 626
176 633
177 199
177 210
177 226
177 245
177 255
177 261
177 263
177 273
177 278
177 304
177 314
177 370
177 374
177 420
177 478
177 483
177 501
177 565
177 578
177 583
177 604
177 632
177 648
178 179
178 192
178 209
178 220
178 233
178 256
178 308
178 338
178 358
178 407
178 434
178 467
178 483
178 515
178 522
178 537
179 209
179 220
179 292
179 322
179 361
179 414
179 465
179 532
180 185
180 189
180 201
180 230
180 246
180 274
180 351
180 366
180 490
180 514
180 543
180 554
181 184
181 185
181 188
181 283
181 286
181 318
181 331
181 359
181 386
181 395
181 409
181 532
181 564
181 580
181 585
182 216
182 332
182 429
182 494
182 548
182 561
182 629
183 202
183 205
183 238
183 241
183 258
183 273
183 277
183 347
183 350
183 353
183 355
183 368
183 378
183 438
183 467
183 488
183 493
183 595
183 619
183 622
184 185
184 202
184 213
184 234
184 253
184 269
184 286
184 287
184 332
184 348
184 356
184 456
184 522
184 553
184 562
184 576
184 600
184 606
184 636
185 205
185 217
185 238
185 259
185 347
185 374
185 396
185 406
185 455
185 485
185 515
185 583
186 204
186 209
186 248
186 337
186 364
186 365
186 421
186 485
186 503
186 548
186 555
186 557
186 569
186 579
187 223
187 229
187 243
187 247
187 259
187 317
187 327
187 378
187 402
187 474
187 491
187 504
187 593
187 632
188 217
188 222
188 238
188 268
188 288
188 378
188 381
188 422
188 466
188 496
188 557
188 561
188 571
188 594
189 193
189 218
189 236
189 239
189 241
189 256
189 271
189 272
189 276
189 288
189 291
189 298
189 328
189 387
189 417
189 475
189 506
189 519
189 525
189 527
189 603
190 201
190 228
190 235
190 245
190 303
190 313
190 320
190 350
190 351
190 404
190 430
190 488
190 511
190 642
191 203
191 226
191 228
191 231
191 248
191 276
191 279
191 289
191 365
191 393
191 461
191 517
191 549
191 557
191 577
192 261
192 263
192 270
192 279
192 287
192 289
192 304
192 331
192 405
192 412
192 413
192 468
192 490
192 499
192 512
192 560
192 606
193 227
193 242
193 246
193 256
193 259
193 291
193 593
193 599
194 199
194 222
194 297
194 316
194 317
194 320
194 335
194 371
194 409
194 448
194 566
194 567
194 580
194 643
195 221
195 237
195 246
195 258
195 261
195 301
195 309
195 323
195 513
195 567
195 600
196 205
196 228
196 247
196 297
196 428
196 608
196 616
197 214
197 256
197 288
197 317
197 356
197 417
197 457
197 466
197 481
197 525
197 555
197 604
198 234
198 261
198 277
198 296
198 351
198 528
198 557
199 205
199 216
199 233
199 239
199 271
199 340
199 351
199 370
199 387
199 407
199 410
199 417
199 422
199 425
199 432
199 499
199 535
199 569
199 622
199 643
200 221
200 257
200 258
200 264
200 302
200 310
200 365
200 367
200 378
200 383
200 404
200 412
200 508
200 562
201 246
201 373
201 395
201 419
201 458
201 475
201 489
201 566
201 599
201 609
201 617
201 621
201 625
202 231
202 235
202 251
202 261
202 268
202 372
202 404
202 429
202 436
202 453
202 457
202 499
202 520
202 558
202 571
202 575
202 587
202 609
202 612
203 230
203 245
203 318
203 338
203 377
203 552
203 566
204 208
204 216
204 232
204 235
204 236
204 263
204 291
204 298
204 317
204 318
204 343
204 353
204 366
204 376
204 394
204 434
204 457
204 460
204 480
204 483
204 497
204 522
204 541
204 545
204 563
204 577
204 579
204 614
204 623
204 630
204 635
204 638
205 243
205 259
205 285
205 312
205 313
205 347
205 430
205 492
205 555
205 648
206 223
206 228
206 240
206 255
206 273
206 274
206 275
206 285
206 297
206 299
206 316
206 326
206 352
206 362
206 391
206 393
206 394
206 404
206 439
206 464
206 496
206 581
206 597
207 215
207 228
207 252
207 269
207 315
207 319
207 333
207 390
207 399
207 402
207 416
207 439
207 457
207 471
207 480
207 484
207 491
207 497
207 509
207 557
207 563
207 588
208 211
208 228
208 243
208 247
208 255
208 266
208 310
208 366
208 405
208 427
208 446
208 506
208 534
208 577
208 588
208 617
208 629
208 634
208 635
209 210
209 230
209 245
209 263
209 280
209 296
209 297
209 330
209 339
209 374
209 413
209 454
209 455
209 509
209 519
209 533
209 608
210 239
210 260
210 262
210 283
210 289
210 361
210 438
210 441
210 491
210 509
210 524
210 600
211 247
211 249
211 269
211 285
211 305
211 322
211 355
211 432
211 500
211 521
211 606
212 222
212 263
212 277
212 288
212 304
212 343
212 534
212 542
212 591
212 630
212 647
213 215
213 228
213 243
213 248
213 264
213 314
213 321
213 334
213 337
213 368
213 485
213 518
213 525
213 628
213 647
214 221
214 243
214 262
214 300
214 333
214 342
214 402
214 423
214 428
214 513
214 516
214 551
214 572
214 574
214 630
214 636
215 238
215 247
215 262
215 272
215 275
215 314
215 317
215 340
215 369
215 422
215 461
215 488
215 508
215 529
215 638
216 255
216 259
216 275
216 279
216 284
216 286
216 350
216 362
216 434
216 440
216 463
216 478
216 491
216 496
216 501
216 510
216 544
216 566
216 611
217 250
217 323
217 344
217 377
217 405
217 435
217 456
217 504
217 561
218 270
218 291
218 301
218 345
218 361
218 375
218 384
218 404
218 438
218 442
218 487
218 491
218 577
218 582
219 234
219 240
219 252
219 293
219 300
219 312
219 314
219 317
219 405
219 460
219 467
219 471
219 608
220 244
220 270
220 278
220 330
220 386
220 485
220 491
220 509
220 598
220 613
220 623
220 648
221 239
221 300
221 389
221 406
221 514
221 544
221 615
222 224
222 245
222 247
222 251
222 266
222 271
222 289
222 303
222 326
222 340
222 368
222 378
222 379
222 383
222 395
222 411
222 441
222 509
222 527
222 569
222 586
222 598
222 634
222 641
223 242
223 265
223 270
223 274
223 283
223 290
223 293
223 330
223 335
223 351
223 366
223 376
223 378
223 411
223 494
223 495
223 518
223 523
223 550
223 555
223 626
224 309
224 312
224 319
224 366
224 378
224 388
224 411
224 423
224 425
224 433
224 505
224 550
224 551
224 624
224 625
225 236
225 241
225 275
225 285
225 303
225 365
225 367
225 410
225 434
225 442
225 456
225 459
225 482
225 500
225 522
225 528
225 557
225 572
225 593
225 606
225 613
225 633
226 279
226 285
226 344
226 353
226 369
226 440
226 520
226 552
226 570
227 270
227 283
227 302
227 306
227 339
227 431
227 584
227 616
228 309
228 335
228 408
228 479
228 526
228 554
228 641
229 280
229 290
229 292
229 295
229 330
229 334
229 357
229 370
229 391
229 427
229 431
229 458
229 475
229 542
229 547
229 553
229 560
229 593
229 607
229 613
229 638
230 254
230 285
230 300
230 333
230 372
230 373
230 487
230 488
230 554
230 591
230 595
230 602
230 605
230 609
230 649
231 239
231 241
231 273
231 294
231 302
231 317
231 369
231 381
231 391
231 477
231 506
231 518
231 521
231 532
231 539
231 561
232 308
232 337
232 345
232 385
232 389
232 455
232 458
232 482
232 509
232 542
232 581
233 265
233 339
233 342
233 360
233 373
233 391
233 431
233 440
233 448
233 529
233 540
233 564
233 637
234 343
234 368
234 472
234 483
234 530
235 245
235 246
235 298
235 308
235 340
235 387
235 418
235 443
235 450
235 486
235 506
235 519
235 537
235 576
235 585
236 262
236 322
236 329
236 341
236 350
236 353
236 375
236 383
236 447
236 457
236 471
236 497
236 507
236 535
236 619
237 238
237 347
237 372
237 377
237 383
237 406
237 420
237 534
237 544
237 561
237 578
237 582
237 586
237 592
237 623
238 249
238 383
238 395
238 409
238 420
238 429
238 456
238 559
238 606
239 250
239 257
239 258
239 302
239 308
239 355
239 390
239 464
239 612
240 253
240 277
240 278
240 297
240 341
240 348
240 371
240 389
240 411
240 449
240 451
240 471
240 532
240 533
240 553
240 643
241 251
241 297
241 313
241 357
241 379
241 396
241 520
242 291
242 298
242 325
242 356
242 371
242 374
242 399
242 420
242 503
242 542
243 295
243 304
243 306
243 309
243 314
243 340
243 487
243 494
243 516
243 583
243 592
244 263
244 264
244 276
244 281
244 300
244 328
244 348
244 371
244 438
244 459
244 473
244 537
244 581
244 619
244 621
244 627
245 280
245 284
245 300
245 308
245 343
245 348
245 370
245 388
245 439
245 455
245 466
245 534
245 646
246 314
246 350
246 413
246 434
246 450
246 500
247 264
247 321
247 349
247 416
247 421
247 445
247 461
247 488
247 514
247 596
248 255
248 268
248 280
248 294
248 311
248 333
248 358
248 428
248 444
248 526
248 596
249 270
249 274
249 311
249 358
249 400
249 494
249 506
249 527
249 540
249 607
249 641
250 271
250 284
250 287
250 299
250 304
250 338
250 365
250 394
250 415
250 469
250 493
250 550
250 627
251 331
251 359
251 392
251 412
251 436
251 437
251 444
251 458
251 468
251 476
251 513
251 517
251 572
251 630
252 258
252 262
252 269
252 330
252 331
252 342
252 346
252 376
252 390
252 457
252 473
252 481
252 492
252 510
252 523
252 564
253 291
253 362
253 386
253 389
253 409
253 427
253 466
253 637
254 269
254 298
254 373
254 384
254 386
254 467
254 515
254 561
254 604
254 619
254 633
254 642
255 262
255 287
255 298
255 301
255 336
255 337
255 346
255 376
255 403
255 446
255 450
255 474
255 497
255 608
255 618
256 261
256 307
256 310
256 328
256 358
256 379
256 417
256 469
256 499
256 548
256 603
256 626
257 278
257 281
257 303
257 355
257 356
257 427
257 458
257 485
257 537
257 545
257 560
257 619
258 261
258 299
258 425
258 587
258 590
258 594
258 608
259 282
259 334
259 412
259 534
259 549
259 572
259 595
259 613
259 618
260 369
260 406
260 494
260 524
260 612
260 624
261 273
261 297
261 316
261 339
261 358
261 376
261 379
261 460
261 514
261 523
261 540
262 271
262 311
262 324
262 336
262 374
262 418
262 509
262 534
263 288
263 472
263 482
263 483
263 535
263 536
263 580
263 583
263 594
263 633
263 636
264 283
264 392
264 429
264 454
264 499
264 553
265 332
265 339
265 346
265 355
265 390
265 436
265 468
265 481
265 543
265 576
265 582
265 600
265 615
266 292
266 325
266 366
266 377
266 408
266 462
266 518
266 528
266 539
266 559
266 563
266 574
266 578
266 596
266 631
267 326
267 347
267 390
267 487
267 534
267 554
267 617
268 305
268 313
268 318
268 413
268 450
268 478
268 511
268 581
268 638
269 328
269 334
269 347
269 364
269 370
269 389
269 394
269 395
269 440
269 464
269 482
269 485
269 522
269 528
269 574
270 293
270 303
270 316
270 331
270 356
270 383
270 387
270 391
270 406
270 410
270 416
270 532
270 569
270 627
270 634
271 273
271 300
271 344
271 424
271 456
271 530
271 565
271 643
272 427
272 541
273 279
273 329
273 348
273 499
274 325
274 330
274 334
274 343
274 345
274 373
274 375
274 381
274 386
274 399
274 414
274 425
274 468
274 477
274 483
274 550
274 587
274 588
274 612
274 625
275 384
275 462
275 623
275 642
276 287
276 306
276 346
276 369
276 433
276 476
276 479
276 525
276 533
276 600
277 285
277 288
277 395
277 451
277 474
277 476
277 481
277 496
277 505
277 507
277 517
277 537
277 561
277 574
277 587
277 604
277 631
278 319
278 331
278 513
278 623
279 287
279 336
279 349
279 382
279 472
279 481
279 525
280 286
280 302
280 313
280 333
280 358
280 372
280 432
280 475
280 481
280 528
280 550
280 552
280 583
280 589
280 604
281 293
281 425
281 431
281 448
281 497
281 562
281 646
282 284
282 285
282 314
282 360
282 370
282 456
282 538
282 567
282 631
283 343
283 435
283 453
283 468
283 616
283 629
283 631
283 638
284 299
284 303
284 335
284 339
284 355
284 359
284 373
284 379
284 416
284 428
284 436
284 491
284 508
284 531
284 617
285 327
285 336
285 426
285 471
285 551
285 639
286 413
286 539
286 628
287 330
287 338
287 358
287 436
287 447
287 553
287 566
287 571
287 594
288 299
288 409
288 489
288 524
288 528
288 541
289 355
289 414
289 536
289 554
289 580
289 586
289 648
290 293
290 302
290 342
290 359
290 389
290 398
290 510
290 516
290 521
290 533
290 580
290 593
290 609
290 641
291 348
291 373
291 401
291 431
291 463
291 473
291 525
291 570
291 580
291 583
292 315
292 327
292 329
292 333
292 373
292 423
292 459
292 546
292 595
292 632
293 337
293 353
293 407
293 442
293 444
293 450
293 451
293 459
293 482
293 484
293 600
294 298
294 308
294 386
294 391
294 398
294 426
294 442
294 447
294 480
294 509
294 521
294 540
294 549
294 609
294 639
295 297
295 302
295 329
295 332
295 385
295 387
295 388
295 397
295 416
295 423
295 424
295 451
295 456
295 528
295 589
295 640
296 347
296 354
296 393
296 419
296 541
296 551
296 568
297 298
297 345
297 357
297 365
297 440
297 494
297 505
297 509
297 535
297 559
297 575
297 576
298 300
298 312
298 326
298 336
298 358
298 360
298 379
298 402
298 506
298 531
298 543
298 562
299 382
299 391
299 402
299 451
299 465
299 471
299 579
299 618
300 345
300 351
300 392
300 407
300 428
300 483
300 517
300 528
301 302
301 342
301 349
301 387
301 446
301 495
301 541
301 630
301 637
302 351
302 369
302 415
302 478
302 491
302 501
302 508
302 563
302 587
302 594
303 325
303 347
303 359
303 360
303 386
303 404
303 447
303 463
303 490
303 504
303 519
303 525
303 548
303 571
303 646
304 311
304 334
304 392
304 432
304 457
304 460
304 526
304 531
304 533
304 539
304 611
304 616
304 638
305 357
305 444
305 519
305 539
305 551
305 579
305 605
307 319
307 326
307 409
307 543
307 546
307 557
307 616
308 372
308 375
308 394
308 400
308 425
308 461
308 482
308 530
308 556
309 326
309 341
309 388
309 394
309 395
309 401
309 408
309 499
309 594
309 637
309 640
310 324
310 334
310 352
310 375
310 381
310 413
310 491
310 501
310 539
310 561
310 589
310 599
310 609
311 341
311 415
311 467
311 477
311 574
311 579
311 596
311 620
312 388
312 394
312 412
312 419
312 479
312 572
312 601
313 324
313 363
313 451
313 486
313 585
314 376
314 421
314 455
314 486
314 587
315 329
315 339
315 357
315 404
315 406
315 445
316 419
316 422
316 432
316 524
317 319
317 396
317 413
317 417
317 441
317 453
317 514
317 555
317 614
318 335
318 417
318 454
318 498
318 547
318 550
319 368
319 391
319 457
319 535
319 536
319 554
320 395
320 415
320 512
320 569
320 589
320 595
320 597
320 612
320 643
321 327
321 406
321 439
321 467
321 556
321 646
322 359
322 426
322 496
322 520
322 571
322 576
322 620
323 563
324 350
324 365
324 437
324 445
324 545
324 569
324 611
324 623
325 355
325 422
325 447
325 475
325 489
325 534
325 638
325 649
326 367
326 408
326 411
326 423
326 425
326 612
326 618
327 382
327 390
327 398
327 423
327 429
327 557
327 565
327 584
327 595
328 426
328 427
328 433
328 486
328 514
328 546
328 554
328 597
328 603
328 620
328 646
328 649
329 356
329 372
329 375
329 397
329 405
329 412
329 472
329 533
329 538
329 550
329 576
329 617
329 619
329 642
329 647
330 368
330 405
330 440
330 461
330 465
330 497
331 356
331 371
331 418
331 459
331 513
331 521
331 547
331 600
332 388
332 395
332 400
332 461
332 502
332 542
332 576
333 418
333 440
333 503
333 608
333 639
334 342
334 401
334 532
334 603
334 610
334 632
335 366
335 382
335 464
335 469
335 528
335 533
335 581
336 439
336 448
336 454
336 489
337 353
337 523
337 643
338 437
338 463
338 470
338 519
338 526
338 552
338 553
338 606
338 648
339 358
339 571
339 572
339 603
339 640
340 347
340 403
340 517
340 548
340 640
341 344
341 365
341 371
341 430
341 451
341 503
341 564
341 571
341 577
341 632
342 355
342 357
342 364
342 389
342 391
342 404
342 440
342 462
342 521
342 537
342 558
342 612
342 632
343 405
343 406
343 478
343 518
343 536
343 574
344 373
344 375
344 392
344 420
344 424
344 512
344 573
344 627
345 348
345 385
345 550
346 464
346 497
346 512
347 371
347 390
347 454
348 350
348 377
348 385
348 421
348 449
348 468
348 477
348 574
348 649
349 354
349 431
349 476
349 531
349 534
349 565
349 605
350 357
350 396
350 408
350 490
350 504
350 567
351 391
351 460
351 593
352 452
352 497
352 643
353 398
353 454
353 470
353 510
353 530
353 544
353 627
354 376
354 417
354 507
354 526
354 527
354 529
354 588
354 609
354 622
355 359
355 379
355 473
355 486
355 493
355 524
355 556
355 580
355 601
356 367
356 369
356 377
356 387
356 388
356 423
356 432
356 484
356 492
356 504
356 525
356 558
356 572
356 575
356 592
357 381
357 387
357 446
357 448
357 473
357 536
357 623
358 364
358 370
358 374
358 380
358 402
358 473
358 484
358 497
358 523
358 607
358 646
359 361
359 362
359 402
359 440
359 523
359 558
359 565
359 601
359 604
360 367
360 397
360 403
360 411
360 412
360 415
360 427
360 453
360 488
360 491
360 496
360 622
360 637
361 401
361 418
361 420
361 469
361 476
361 477
361 525
361 551
361 609
362 366
362 434
362 487
362 492
362 539
362 575
363 388
363 410
363 445
363 530
363 567
363 611
363 627
364 392
364 426
364 448
364 475
364 480
364 555
364 605
365 367
365 376
365 424
365 563
365 586
365 628
365 643
366 390
366 510
366 575
367 369
367 418
367 497
367 503
367 559
367 640
368 411
368 444
368 476
368 490
368 501
368 508
368 516
368 549
368 588
368 613
368 618
369 397
369 416
369 447
369 520
369 620
369 640
370 399
370 471
370 486
370 508
370 522
370 532
370 644
371 455
371 479
371 510
372 378
372 382
372 529
372 582
373 433
373 436
373 482
373 515
373 517
373 584
374 415
374 460
374 531
374 538
374 604
375 469
375 489
375 538
375 570
375 607
376 423
376 453
376 460
376 518
376 640
377 507
377 525
377 526
377 529
377 541
377 567
377 575
377 614
377 631
377 648
378 384
378 392
378 420
378 457
378 491
378 540
378 547
378 554
378 611
378 615
378 640
379 381
379 382
379 481
379 547
380 492
380 493
380 566
381 404
381 407
381 421
381 441
381 444
381 447
381 464
381 475
381 535
382 384
382 399
382 419
382 425
382 549
382 560
382 569
382 621
382 626
383 405
383 446
383 458
384 397
384 410
384 536
384 556
384 584
384 622
384 624
385 421
385 428
385 442
385 470
385 500
385 606
385 607
385 619
385 648
386 460
386 500
386 646
387 402
387 477
387 493
387 537
387 608
387 628
388 405
388 533
388 603
389 436
389 474
389 543
390 393
390 489
391 404
391 429
391 431
391 477
391 507
391 563
391 583
391 589
392 450
393 433
393 466
393 549
393 639
394 449
394 467
394 485
394 538
394 559
394 599
395 409
395 418
395 447
395 520
395 564
395 610
396 399
396 534
396 580
397 446
397 453
397 512
397 608
397 621
398 414
398 439
398 468
398 598
398 603
399 402
399 640
400 410
400 428
400 449
400 478
400 557
400 577
400 643
401 528
401 593
401 610
401 644
402 407
402 470
402 482
402 625
404 548
404 566
404 606
405 424
405 438
405 465
405 488
405 636
406 441
406 489
406 540
406 633
407 473
407 476
407 489
407 508
407 527
408 410
408 450
408 463
408 466
408 497
408 543
408 551
409 625
409 648
410 462
410 466
410 530
410 626
410 636
410 642
411 479
411 529
411 542
411 603
412 429
412 479
412 517
412 526
412 568
412 595
413 422
413 564
414 452
414 573
415 430
415 468
415 484
415 492
415 540
415 614
415 624
416 417
416 482
416 488
416 580
417 476
417 548
418 494
418 504
418 613
419 433
419 492
419 495
419 498
419 510
419 549
419 594
419 605
420 527
420 528
420 575
420 644
421 451
421 529
421 572
421 599
421 600
422 436
422 462
422 561
422 635
423 476
424 468
424 489
424 518
425 446
425 539
425 582
425 630
426 604
426 616
427 445
427 511
427 512
427 527
427 537
428 552
428 597
428 646
429 563
429 582
429 601
430 453
430 528
431 446
431 447
431 484
431 501
431 504
431 572
431 573
432 434
432 524
433 470
433 478
433 536
434 461
434 642
435 644
436 553
436 611
437 450
437 473
438 454
438 493
438 538
438 542
438 611
438 622
438 636
439 454
439 505
439 509
440 531
440 566
440 631
442 517
442 555
444 481
444 510
444 566
444 603
444 642
445 446
445 454
446 450
446 502
446 573
447 495
447 535
447 555
447 598
447 621
447 633
448 468
448 498
448 502
448 582
448 593
448 608
449 496
449 590
449 592
449 603
449 632
450 477
450 532
450 534
450 556
450 558
451 487
451 489
451 594
452 550
452 563
452 584
452 604
453 498
454 508
454 521
455 598
456 545
457 493
457 523
458 562
460 519
460 581
460 629
461 495
461 543
461 618
462 599
463 480
463 509
463 547
463 617
464 498
464 541
464 640
466 520
466 563
466 647
467 507
467 560
467 582
467 618
468 564
468 644
469 649
470 507
470 617
471 474
471 492
471 514
471 537
471 628
472 491
472 541
473 535
474 483
474 506
474 514
474 594
474 622
474 641
475 501
475 559
477 525
477 597
479 495
479 535
479 565
480 570
480 601
481 489
481 503
482 553
482 587
482 607
483 513
483 547
483 609
483 619
484 561
485 532
485 624
486 495
486 636
486 638
486 640
487 516
487 517
487 631
487 643
488 507
490 497
491 600
492 496
493 520
493 525
493 565
493 607
494 620
496 503
496 564
496 625
496 626
497 639
498 577
498 645
500 570
500 614
500 635
501 553
501 565
501 585
501 619
501 624
502 560
503 508
503 536
503 545
503 587
504 525
504 609
504 626
505 623
505 635
506 531
506 633
506 643
507 591
508 595
508 608
509 512
509 534
509 547
509 634
510 615
510 637
510 642
513 534
513 553
513 557
514 555
514 578
516 585
516 644
517 523
517 529
517 559
517 560
517 595
517 602
517 623
517 625
517 637
518 555
519 522
519 542
519 547
520 562
520 598
520 641
521 553
521 572
522 578
522 623
523 587
524 568
524 569
524 590
525 607
526 597
527 550
527 618
528 578
528 580
529 621
529 638
531 576
531 600
533 544
533 568
533 590
533 625
533 634
534 575
534 583
534 604
534 607
535 568
535 570
535 612
535 613
537 539
537 546
537 584
537 649
538 545
538 579
538 617
539 544
539 548
539 595
539 621
541 634
541 645
542 566
542 616
543 566
543 582
544 562
545 588
546 599
546 635
547 562
547 585
548 570
549 628
549 630
549 646
550 628
551 568
551 577
551 619
552 630
554 595
554 620
554 627
555 606
557 610
559 593
559 621
560 590
560 642
562 613
563 632
564 598
564 618
566 577
566 619
567 576
568 571
568 638
569 586
569 601
570 575
570 585
570 586
571 590
571 601
572 586
573 593
574 597
575 608
575 622
576 608
577 579
578 613
578 622
578 647
579 614
579 638
580 588
580 638
581 595
583 627
583 636
585 626
586 600
588 636
589 629
592 610
593 604
593 629
593 648
594 598
594 604
594 611
596 602
597 634
598 639
599 613
600 618
600 626
600 638
601 622
602 621
603 623
603 627
607 624
607 632
609 639
612 620
613 629
614 631
614 637
615 617
616 618
617 634
618 639
619 631
620 635
621 629
625 632
627 647
630 639
631 634
632 643
637 643
641 645
641 647