0 21
0 77
0 79
0 80
0 91
0 99
0 111
0 126
0 157
0 236
0 239
0 271
0 324
0 331
0 393
0 398
0 445
1 5
1 86
1 89
1 129
1 136
1 163
1 233
1 238
1 241
1 249
1 253
1 270
1 284
1 285
1 294
1 328
1 354
1 366
1 382
1 512
1 527
1 546
2 27
2 140
2 174
2 370
2 372
2 385
2 416
2 485
3 8
3 42
3 63
3 125
3 139
3 182
3 192
3 195
3 211
3 213
3 235
3 339
3 355
3 356
3 381
3 421
3 461
3 479
3 487
4 5
4 18
4 38
4 84
4 89
4 112
4 140
4 147
4 192
4 240
4 261
4 274
4 283
4 307
4 326
4 339
4 389
4 484
4 508
4 509
4 523
5 76
5 80
5 154
5 186
5 256
5 258
5 279
5 306
5 405
5 432
5 450
5 456
5 482
5 509
6 43
6 77
6 83
6 112
6 176
6 201
6 206
6 257
6 321
6 341
6 388
6 403
6 407
6 455
7 32
7 52
7 76
7 107
7 195
7 242
7 288
7 297
7 305
7 328
7 397
7 438
7 439
7 440
7 507
8 55
8 84
8 90
8 111
8 131
8 139
8 141
8 161
8 227
8 242
8 249
8 315
8 333
8 346
8 446
8 448
8 490
8 525
9 11
9 18
9 20
9 60
9 65
9 68
9 69
9 93
9 147
9 194
9 252
9 264
9 316
9 344
9 361
9 372
9 416
9 440
9 475
9 505
9 518
10 110
10 112
10 127
10 184
10 190
10 196
10 215
10 222
10 252
10 288
10 324
10 348
10 355
10 407
10 415
10 434
10 475
10 548
11 43
11 78
11 155
11 184
11 209
11 212
11 215
11 293
11 314
11 342
11 410
11 423
11 451
11 474
11 546
12 55
12 106
12 143
12 240
12 251
12 276
12 294
12 325
12 390
12 398
12 430
12 450
12 475
12 540
13 56
13 83
13 91
13 137
13 162
13 163
13 217
13 228
13 234
13 255
13 259
13 263
13 404
13 407
13 428
13 478
13 509
14 72
14 90
14 130
14 157
14 248
14 259
14 263
14 290
14 323
14 324
14 325
14 333
14 393
14 395
14 496
15 59
15 64
15 75
15 92
15 123
15 178
15 219
15 231
15 307
15 323
15 331
15 401
16 26
16 27
16 49
16 99
16 139
16 204
16 215
16 235
16 238
16 244
16 257
16 337
16 351
16 465
16 469
16 483
16 519
17 106
17 158
17 196
17 201
17 218
17 247
17 268
17 288
17 342
17 353
17 435
18 116
18 125
18 177
18 181
18 195
18 222
18 255
18 296
18 373
18 374
18 389
18 449
18 467
18 541
18 549
19 23
19 54
19 74
19 126
19 178
19 199
19 273
19 274
19 281
19 328
19 350
19 402
19 489
19 492
19 518
20 73
20 88
20 124
20 128
20 193
20 272
20 291
20 306
20 416
20 526
20 538
20 541
21 52
21 53
21 64
21 86
21 176
21 271
21 307
21 324
21 359
21 420
21 499
22 27
22 51
22 56
22 81
22 136
22 139
22 154
22 179
22 202
22 230
22 339
22 411
22 467
22 477
22 533
22 546
23 36
23 70
23 74
23 89
23 108
23 110
23 111
23 173
23 210
23 230
23 293
23 296
23 309
23 409
23 437
23 446
23 473
23 511
24 37
24 386
24 397
24 410
24 431
24 449
24 454
24 466
24 482
25 95
25 102
25 120
25 128
25 161
25 224
25 228
25 296
25 428
25 457
25 491
26 40
26 47
26 97
26 141
26 168
26 177
26 244
26 254
26 460
26 499
26 500
26 510
27 100
27 167
27 221
27 235
27 249
27 328
27 346
27 361
27 391
27 400
27 420
27 462
27 489
27 490
27 525
28 152
28 204
28 282
28 359
28 382
28 400
28 407
28 426
28 432
28 461
28 533
29 78
29 92
29 144
29 152
29 172
29 237
29 247
29 361
29 407
29 481
29 524
29 534
30 32
30 91
30 118
30 144
30 259
30 296
30 358
30 366
30 367
30 416
30 422
30 433
30 440
30 480
30 499
31 75
31 104
31 108
31 140
31 200
31 233
31 292
31 329
31 351
31 372
31 416
31 438
31 462
31 470
32 50
32 59
32 78
32 103
32 107
32 134
32 157
32 182
32 187
32 224
32 253
32 258
32 330
32 486
32 501
32 544
32 547
33 78
33 99
33 121
33 122
33 131
33 183
33 251
33 269
33 302
33 462
33 547
34 89
34 97
34 108
34 117
34 226
34 255
34 288
34 317
34 337
34 382
34 384
34 385
34 466
34 474
34 505
34 515
35 70
35 84
35 117
35 126
35 173
35 242
35 258
35 326
35 337
35 339
35 363
35 527
36 80
36 171
36 179
36 218
36 288
36 311
36 355
36 500
37 43
37 72
37 173
37 198
37 217
37 274
37 355
37 366
37 367
37 379
37 389
37 414
37 462
37 522
37 545
38 49
38 178
38 196
38 287
38 302
38 313
38 330
38 342
38 416
38 451
38 503
38 509
38 531
39 56
39 89
39 114
39 145
39 148
39 154
39 194
39 269
39 278
39 336
39 376
39 390
39 403
39 496
40 180
40 188
40 220
40 260
40 290
40 351
40 366
40 388
40 406
40 466
40 477
40 487
40 511
40 546
41 76
41 200
41 209
41 215
41 238
41 271
41 277
41 290
41 369
41 391
41 496
41 536
42 135
42 141
42 211
42 217
42 222
42 231
42 316
42 336
42 374
42 383
42 392
43 71
43 75
43 82
43 105
43 246
43 316
43 338
43 363
43 371
43 414
43 434
43 447
43 460
43 467
43 486
43 517
44 53
44 77
44 143
44 198
44 216
44 225
44 305
44 316
44 378
44 380
44 416
44 420
44 437
44 445
44 465
44 547
45 104
45 139
45 153
45 220
45 221
45 235
45 240
45 254
45 279
45 365
45 375
45 451
45 489
45 508
45 540
46 52
46 94
46 101
46 107
46 142
46 148
46 169
46 174
46 196
46 200
46 215
46 228
46 253
46 263
46 342
46 381
46 390
46 423
46 485
46 497
46 532
47 89
47 155
47 299
47 300
47 335
47 342
47 384
47 433
47 464
47 545
48 83
48 109
48 132
48 135
48 138
48 139
48 171
48 221
48 246
48 271
48 272
48 276
48 303
48 317
48 331
48 513
49 52
49 80
49 86
49 116
49 119
49 156
49 159
49 160
49 190
49 233
49 242
49 284
49 307
49 310
49 316
49 347
49 397
49 405
49 437
49 460
49 462
49 490
49 498
49 528
49 546
50 229
50 473
50 513
50 538
51 115
51 120
51 123
51 134
51 168
51 189
51 209
51 262
51 272
51 285
51 290
51 299
51 347
51 357
51 369
51 393
51 407
51 409
51 430
51 450
51 461
51 470
51 473
51 513
52 92
52 101
52 177
52 206
52 210
52 228
52 275
52 284
52 312
52 384
52 390
52 466
52 502
52 548
52 549
53 186
53 191
53 229
53 282
53 284
53 352
53 387
53 393
53 417
53 419
53 420
54 65
54 79
54 85
54 91
54 101
54 125
54 173
54 175
54 180
54 200
54 203
54 257
54 274
54 275
54 336
54 348
54 356
54 360
54 369
54 389
54 399
54 408
54 445
54 532
55 57
55 63
55 151
55 164
55 197
55 211
55 287
55 308
55 391
55 398
55 403
55 427
55 430
55 454
55 487
55 541
56 106
56 145
56 147
56 191
56 267
56 300
56 358
57 59
57 83
57 108
57 153
57 157
57 261
57 331
57 340
57 376
57 377
57 448
57 458
57 538
58 61
58 62
58 63
58 71
58 73
58 149
58 154
58 171
58 226
58 282
58 283
58 301
58 313
58 333
58 357
58 382
58 410
58 448
58 464
58 469
58 541
59 98
59 99
59 103
59 120
59 161
59 177
59 181
59 234
59 243
59 247
59 263
59 487
59 527
60 83
60 98
60 147
60 176
60 180
60 265
60 274
60 303
60 326
60 437
60 536
61 80
61 105
61 130
61 205
61 291
61 300
61 327
61 342
61 384
61 401
61 402
61 471
61 515
61 531
61 534
62 83
62 101
62 127
62 133
62 149
62 169
62 238
62 265
62 274
62 365
62 377
62 394
62 397
62 398
62 430
62 447
62 508
62 546
63 68
63 93
63 96
63 193
63 196
63 264
63 295
63 298
63 303
63 322
63 342
63 356
63 418
63 421
63 503
63 525
64 72
64 84
64 144
64 150
64 216
64 230
64 233
64 318
64 338
64 368
64 400
64 428
64 450
64 474
64 526
64 530
64 536
64 540
65 74
65 81
65 103
65 120
65 129
65 154
65 155
65 165
65 218
65 227
65 242
65 247
65 313
65 314
65 347
65 360
65 412
65 442
65 460
65 489
65 526
65 534
66 91
66 123
66 129
66 141
66 151
66 157
66 192
66 197
66 198
66 228
66 231
66 241
66 245
66 370
66 374
66 398
66 442
66 448
66 506
67 104
67 108
67 117
67 127
67 169
67 237
67 321
67 326
67 394
67 409
67 420
67 452
67 504
67 526
67 547
68 85
68 119
68 209
68 264
68 292
68 377
68 388
68 395
68 403
68 436
68 472
69 75
69 141
69 234
69 269
69 305
69 308
69 364
69 387
69 396
69 399
69 405
69 408
69 423
69 440
69 446
69 472
69 529
69 531
70 85
70 142
70 144
70 226
70 233
70 237
70 264
70 284
70 435
70 488
70 501
70 516
70 548
71 114
71 155
71 192
71 207
71 322
71 345
71 374
71 390
71 394
71 406
71 462
71 528
72 74
72 91
72 128
72 143
72 156
72 179
72 252
72 302
72 306
72 358
72 365
72 395
72 435
72 447
72 499
72 505
72 506
73 102
73 115
73 124
73 167
73 231
73 256
73 303
73 332
73 346
73 393
73 421
73 452
73 472
73 498
74 113
74 138
74 150
74 155
74 219
74 228
74 292
74 295
74 343
74 345
74 348
75 213
75 216
75 258
75 266
75 290
75 308
75 373
75 411
75 427
75 443
75 471
75 540
76 91
76 138
76 155
76 159
76 164
76 200
76 209
76 210
76 231
76 252
76 389
76 395
76 476
77 113
77 115
77 122
77 158
77 200
77 249
77 254
77 313
77 323
77 395
77 427
77 451
77 463
77 467
77 482
77 519
77 541
78 93
78 171
78 177
78 182
78 205
78 280
78 283
78 331
78 356
78 357
78 382
78 404
78 418
78 462
78 464
78 512
78 529
78 545
79 196
79 203
79 339
79 342
79 346
79 353
79 429
79 546
80 93
80 123
80 190
80 198
80 234
80 242
80 262
80 382
80 423
80 512
80 525
80 548
81 112
81 114
81 142
81 150
81 185
81 223
81 239
81 244
81 255
81 301
81 328
81 401
81 435
81 479
81 482
81 518
81 532
82 101
82 106
82 168
82 187
82 192
82 206
82 238
82 330
82 359
82 520
82 525
83 111
83 187
83 255
83 317
83 322
83 427
83 491
83 495
83 541
84 96
84 159
84 170
84 171
84 193
84 199
84 225
84 307
84 314
84 329
84 382
84 389
84 441
84 449
84 451
84 464
84 471
84 491
84 511
84 540
85 137
85 150
85 182
85 219
85 243
85 265
85 352
85 367
85 375
85 469
85 499
85 530
86 169
86 183
86 193
86 249
86 313
86 397
86 410
86 448
86 474
86 525
86 531
87 123
87 159
87 185
87 205
87 210
87 292
87 395
87 530
88 90
88 98
88 128
88 133
88 142
88 238
88 257
88 320
88 329
88 340
88 385
88 461
88 494
88 501
88 520
88 539
89 99
89 195
89 239
89 245
89 324
89 335
89 346
89 350
89 480
89 540
89 549
90 176
90 223
90 236
90 256
90 265
90 322
90 365
90 379
90 388
90 398
90 428
90 446
90 484
90 511
90 520
90 541
90 546
91 219
91 288
91 392
91 397
91 399
91 400
91 424
91 447
91 459
91 479
91 484
91 524
92 157
92 167
92 172
92 179
92 202
92 211
92 224
92 347
92 352
92 391
92 480
92 495
92 519
92 522
92 537
92 539
93 131
93 149
93 163
93 198
93 210
93 268
93 334
93 376
93 388
93 409
93 431
93 434
93 435
93 461
93 494
94 104
94 119
94 152
94 154
94 190
94 212
94 241
94 312
94 324
94 325
94 334
94 345
94 356
94 439
95 206
95 228
95 230
95 420
95 432
95 478
95 479
95 492
95 498
95 549
96 143
96 163
96 229
96 254
96 299
96 341
96 378
96 413
96 470
96 529
97 127
97 164
97 208
97 254
97 280
97 305
97 328
97 358
97 363
97 420
97 483
97 510
97 536
97 549
98 120
98 137
98 140
98 149
98 209
98 240
98 243
98 282
98 308
98 351
98 352
98 480
98 504
98 515
98 549
99 170
99 195
99 277
99 289
99 295
99 365
99 412
99 432
99 447
99 449
99 453
99 467
99 517
99 536
100 157
100 205
100 215
100 299
100 327
100 330
100 365
100 457
100 512
101 131
101 153
101 155
101 157
101 179
101 256
101 264
101 315
101 391
101 398
101 436
101 519
101 544
102 121
102 184
102 266
102 319
102 504
103 120
103 204
103 279
103 282
103 347
103 358
103 431
103 436
103 478
103 507
103 522
103 548
104 194
104 200
104 217
104 231
104 268
104 272
104 301
104 347
104 368
104 396
104 399
104 402
105 113
105 142
105 187
105 190
105 191
105 197
105 208
105 253
105 266
105 275
105 299
105 364
105 388
105 460
105 535
105 542
106 112
106 216
106 255
106 265
106 324
106 362
106 469
106 514
106 541
107 120
107 195
107 291
107 322
107 341
107 366
107 406
107 429
107 534
108 142
108 184
108 235
108 248
108 266
108 336
108 343
108 351
108 419
108 443
108 490
108 505
108 516
108 534
108 549
109 121
109 208
109 226
109 269
109 317
109 342
109 359
109 477
109 492
109 525
109 546
110 144
110 179
110 224
110 367
110 454
110 476
110 507
110 510
110 518
111 146
111 212
111 218
111 245
111 487
111 521
112 134
112 260
112 438
112 445
112 503
112 534
112 537
113 150
113 269
113 277
113 315
113 412
113 448
113 453
113 500
113 517
113 535
113 542
114 124
114 132
114 138
114 166
114 174
114 221
114 242
114 257
114 303
114 307
114 327
114 391
114 414
114 440
114 448
114 490
114 512
114 530
115 121
115 134
115 140
115 144
115 171
115 204
115 208
115 211
115 234
115 362
115 430
115 432
115 434
115 473
115 475
115 487
115 534
116 141
116 145
116 154
116 190
116 196
116 197
116 209
116 246
116 247
116 344
116 469
117 137
117 149
117 235
117 291
117 300
117 339
117 395
117 477
117 489
117 492
117 497
117 525
118 125
118 214
118 276
118 319
118 346
118 379
118 385
118 388
118 421
118 491
118 499
119 131
119 146
119 203
119 218
119 237
119 346
119 349
119 362
119 403
119 419
119 421
119 445
119 453
119 471
119 473
119 474
119 478
119 533
120 184
120 201
120 218
120 261
120 275
120 289
120 293
120 306
120 326
120 352
120 377
120 439
120 469
120 544
121 244
121 255
121 261
121 301
121 338
121 364
121 379
121 451
121 461
121 500
122 145
122 163
122 229
122 234
122 262
122 269
122 308
122 336
122 349
122 362
122 368
122 420
122 436
122 454
122 497
122 521
122 524
122 528
123 158
123 167
123 247
123 263
123 279
123 292
123 305
123 360
123 419
123 428
123 430
123 441
123 449
123 471
123 490
123 527
123 528
123 543
124 250
124 261
124 296
124 304
124 307
124 309
124 346
124 416
124 442
124 475
124 477
124 484
125 128
125 135
125 183
125 212
125 244
125 284
125 334
125 378
125 475
125 481
125 485
125 502
125 528
125 548
126 165
126 168
126 194
126 223
126 242
126 300
126 305
126 370
126 386
126 463
126 544
127 161
127 255
127 262
127 292
127 297
127 304
127 330
127 402
127 440
127 450
127 456
127 458
127 468
127 483
128 162
128 268
128 275
128 293
128 303
128 358
128 379
128 388
128 390
128 408
128 451
128 455
128 477
129 178
129 252
129 253
129 291
129 306
129 342
129 352
129 393
129 397
129 414
129 423
129 434
130 163
130 172
130 218
130 319
130 332
130 423
130 498
130 541
131 156
131 161
131 173
131 293
131 315
131 318
131 349
131 361
131 400
131 471
131 478
131 504
131 547
132 141
132 167
132 172
132 221
132 223
132 291
132 318
132 405
132 436
132 449
132 505
132 545
133 200
133 240
133 263
133 336
133 347
133 350
133 419
133 465
133 514
134 139
134 151
134 201
134 207
134 236
134 274
134 282
134 338
134 343
134 398
134 447
135 151
135 172
135 252
135 270
135 298
135 378
135 395
135 399
135 411
135 421
135 441
135 444
135 457
135 477
135 519
136 159
136 192
136 247
136 255
136 272
136 274
136 276
136 302
136 317
136 329
136 349
136 373
136 401
136 494
137 275
137 412
137 414
137 490
137 500
138 168
138 328
138 351
138 362
139 141
139 147
139 198
139 223
139 270
139 280
139 285
139 330
139 341
139 413
139 437
139 504
139 516
140 187
140 237
140 266
140 315
140 333
140 341
140 368
140 374
140 386
140 466
140 487
140 492
140 494
141 147
141 154
141 195
141 274
141 286
141 332
141 344
141 422
141 448
141 458
141 537
142 171
142 186
142 193
142 197
142 218
142 232
142 261
142 266
142 319
142 357
142 385
142 412
142 479
142 501
143 190
143 235
143 249
143 308
143 315
143 371
143 374
143 404
143 425
143 481
143 513
143 523
144 348
144 350
144 412
144 431
144 468
144 479
144 491
144 509
144 514
144 524
145 260
145 287
145 288
145 381
145 421
145 426
145 447
145 468
145 506
145 511
145 541
146 178
146 247
146 269
146 289
146 351
146 360
146 416
146 428
146 442
146 445
146 488
147 240
147 249
147 299
147 300
147 315
147 337
147 379
147 393
147 399
147 454
147 465
147 467
147 507
147 531
148 175
148 204
148 332
148 529
148 539
148 544
148 549
149 268
149 304
149 397
149 398
149 407
149 426
149 445
149 446
149 461
149 533
149 540
149 546
150 168
150 172
150 184
150 185
150 201
150 256
150 280
150 291
150 327
150 387
150 439
150 445
150 457
150 459
150 474
150 493
150 500
150 505
150 509
151 194
151 207
151 234
151 237
151 248
151 322
151 357
151 371
151 473
151 485
151 500
151 549
152 192
152 202
152 245
152 290
152 327
152 330
152 337
152 406
152 421
152 512
152 529
153 211
153 217
153 246
153 344
153 350
153 420
153 531
153 532
154 191
154 202
154 235
154 278
154 320
154 346
154 356
154 395
154 402
154 409
154 440
154 460
154 538
155 163
155 170
155 246
155 251
155 265
155 300
155 313
155 321
155 344
155 349
155 353
155 408
155 421
155 455
155 506
156 184
156 213
156 257
156 279
156 304
156 368
156 458
156 460
156 512
157 159
157 186
157 227
157 231
157 284
157 297
157 315
157 326
157 330
157 350
157 413
157 482
157 508
157 547
158 177
158 187
158 243
158 253
158 255
158 304
158 309
158 395
158 398
158 417
158 440
159 210
159 279
159 287
159 315
159 318
159 340
159 431
159 503
159 512
159 514
159 546
159 547
160 188
160 240
160 287
160 292
160 296
160 318
160 319
160 350
160 394
160 426
160 507
160 540
161 166
161 175
161 211
161 263
161 327
161 342
161 372
161 395
161 396
161 406
161 413
161 451
161 474
161 513
162 164
162 172
162 175
162 266
162 389
162 402
162 406
162 445
162 510
162 528
162 538
163 175
163 276
163 313
163 340
163 385
163 425
163 426
163 428
163 508
163 544
164 184
164 231
164 275
164 288
164 291
164 313
164 364
164 372
164 459
164 523
164 526
164 530
164 532
165 171
165 277
165 303
165 373
165 380
165 393
165 404
165 424
165 452
166 169
166 177
166 282
166 302
166 322
166 355
166 366
166 535
166 539
167 200
167 232
167 242
167 271
167 287
167 326
167 429
167 441
167 466
167 490
168 182
168 196
168 242
168 252
168 260
168 271
168 279
168 283
168 361
168 452
168 472
168 490
168 542
169 181
169 201
169 207
169 211
169 264
169 270
169 325
169 393
169 396
169 440
169 463
169 489
169 490
169 515
169 538
170 237
170 249
170 256
170 269
170 292
170 377
170 392
170 414
170 424
170 471
170 500
170 512
171 185
171 205
171 291
171 294
171 313
171 356
171 385
171 413
171 418
171 426
172 220
172 282
172 301
172 544
173 182
173 193
173 252
173 255
173 294
173 312
173 366
173 416
173 453
173 516
174 207
174 224
174 241
174 258
174 288
174 322
174 329
174 340
174 433
174 448
174 452
174 464
175 177
175 189
175 228
175 252
175 320
175 358
175 363
175 369
175 464
176 256
176 279
176 327
176 328
176 442
176 506
176 523
177 192
177 224
177 226
177 229
177 333
177 371
177 379
177 411
177 499
177 513
177 514
177 531
177 547
178 182
178 249
178 277
178 320
178 432
178 445
178 455
178 459
178 502
178 525
178 532
179 195
179 208
179 234
179 275
179 325
179 354
179 375
180 233
180 235
180 248
180 277
180 284
180 345
180 358
180 392
180 429
180 452
180 491
180 498
181 216
181 228
181 229
181 234
181 248
181 257
181 261
181 298
181 311
181 334
181 349
181 360
181 374
181 377
181 405
181 436
181 480
181 528
181 533
182 318
182 367
182 412
182 444
182 518
183 187
183 210
183 214
183 217
183 224
183 245
183 253
183 265
183 322
183 391
183 404
183 434
183 446
183 462
183 465
183 485
183 490
183 514
184 204
184 266
184 267
184 274
184 306
184 374
184 433
184 473
184 500
185 215
185 288
185 313
185 317
185 388
185 394
185 425
185 433
185 460
185 480
185 497
185 501
185 512
186 189
186 235
186 244
186 406
186 411
186 412
186 429
186 456
186 504
186 512
186 546
187 189
187 242
187 280
187 331
187 333
187 358
187 483
187 489
187 517
188 189
188 245
188 248
188 260
188 286
188 292
188 306
188 324
188 484
189 207
189 212
189 360
189 370
189 371
189 405
189 431
189 454
189 492
189 519
189 525
189 532
189 544
190 211
190 228
190 234
190 243
190 279
190 314
190 361
190 363
190 370
190 429
190 430
190 434
190 472
190 480
190 503
190 516
191 230
191 234
191 236
191 244
191 260
191 262
191 280
191 297
191 354
191 359
191 409
191 416
191 428
191 429
191 506
191 541
192 218
192 222
192 248
192 285
192 371
192 427
192 447
192 478
193 211
193 219
193 225
193 230
193 256
193 273
193 342
193 357
193 388
193 434
193 460
193 470
193 479
193 523
194 234
194 279
194 303
194 369
194 406
194 408
194 420
194 454
194 482
194 500
194 501
194 504
195 235
195 268
195 274
195 371
195 382
195 383
195 412
195 423
195 457
195 488
196 256
196 303
196 360
196 406
196 412
196 493
196 499
196 509
196 511
196 548
197 245
197 274
197 395
197 415
197 450
197 452
197 481
197 493
197 497
198 277
198 318
198 361
198 381
198 383
198 418
198 429
198 436
198 438
198 450
198 456
198 494
198 511
198 524
198 548
199 324
199 360
199 410
199 424
199 469
199 523
200 230
200 270
200 294
200 333
200 343
200 354
200 362
200 373
200 416
200 501
200 520
201 378
201 439
201 509
201 540
202 249
202 250
202 269
202 323
202 331
202 344
202 371
202 382
202 431
202 477
203 270
203 328
203 388
203 493
204 281
204 351
204 411
204 416
204 421
204 435
204 521
204 545
205 215
205 229
205 264
205 279
205 282
205 345
205 396
205 419
205 499
206 215
206 224
206 240
206 273
206 316
206 382
207 218
207 239
207 277
207 295
207 423
207 428
207 452
207 483
208 280
208 333
208 382
208 399
208 412
208 414
208 445
208 452
208 469
208 475
208 480
208 486
209 236
209 252
209 347
209 356
209 402
209 426
209 445
209 479
209 499
210 219
210 272
210 276
210 293
210 344
210 380
210 381
210 427
210 464
210 484
210 510
210 542
210 545
211 240
211 287
211 323
211 336
211 345
211 436
211 495
211 506
211 546
212 219
212 226
212 263
212 264
212 284
212 321
212 463
212 487
212 549
213 215
213 218
213 242
213 274
213 288
213 328
213 405
213 414
213 419
213 429
213 452
213 461
213 490
213 491
214 224
214 236
214 335
214 372
214 396
214 431
214 442
214 478
214 491
214 521
215 255
215 256
215 283
215 356
215 412
215 429
215 443
215 455
216 255
216 272
216 279
216 291
216 299
216 356
216 399
216 400
216 418
216 419
216 483
216 502
216 533
217 219
217 238
217 295
217 323
217 329
217 350
217 351
217 374
217 407
217 461
217 470
217 517
218 287
218 302
218 359
218 406
218 428
218 431
218 471
218 499
218 511
218 516
219 241
219 295
219 311
219 381
219 395
219 434
219 435
219 449
219 464
219 507
219 527
219 540
220 226
220 237
220 247
220 248
220 303
220 305
220 317
220 345
220 458
220 472
220 494
220 504
221 225
221 248
221 332
221 355
221 370
221 397
221 432
221 521
222 265
222 304
222 305
222 309
222 335
222 380
222 402
222 450
222 460
222 461
222 479
222 507
222 548
223 287
223 419
223 497
223 532
223 536
223 546
224 245
224 263
224 272
224 281
224 300
224 324
224 355
224 436
224 457
224 480
224 521
225 251
225 268
225 330
225 333
225 370
225 407
225 412
225 456
225 467
225 476
225 513
226 237
226 260
226 417
226 472
226 484
226 508
226 536
226 548
227 245
227 257
227 270
227 288
227 292
227 327
227 355
227 376
227 393
227 400
227 426
227 501
228 345
228 379
228 392
228 398
228 433
228 456
228 466
228 486
228 548
229 275
229 348
229 379
229 547
230 279
230 330
230 376
230 420
230 425
230 499
230 511
230 537
231 232
231 270
231 271
231 285
231 286
231 324
231 334
231 359
231 406
232 308
232 396
232 445
232 456
232 467
232 534
233 289
233 294
233 306
233 310
233 374
233 389
233 417
233 473
233 485
233 492
233 509
233 513
233 532
234 263
234 352
234 354
234 388
234 457
234 500
234 519
234 520
235 336
235 370
235 416
235 454
235 484
235 505
235 510
236 309
236 340
236 342
236 386
236 482
236 519
236 540
237 263
237 285
237 316
237 317
237 332
237 348
237 372
237 409
237 422
237 464
237 483
237 485
238 264
238 366
238 369
238 400
238 411
238 413
238 451
239 277
239 278
239 396
239 467
239 471
239 511
240 248
240 262
240 284
240 318
240 329
240 422
240 438
240 497
240 503
240 506
240 522
240 528
241 261
241 308
241 315
241 358
241 365
241 366
241 376
241 379
241 409
241 433
241 459
241 531
242 259
242 262
242 278
242 334
242 385
242 425
242 449
242 500
242 520
243 270
243 278
243 288
243 318
243 388
243 489
243 492
244 317
244 330
244 358
244 364
244 410
244 487
244 489
245 263
245 266
245 275
245 355
245 406
245 407
245 426
245 469
245 492
245 503
245 504
245 535
246 333
246 385
246 402
246 413
246 414
246 507
246 518
246 530
246 549
247 251
247 278
247 292
247 293
247 305
247 427
247 459
247 493
248 282
248 314
248 348
248 367
248 384
248 403
248 420
248 470
248 514
248 536
248 542
249 304
249 350
249 422
249 437
249 446
249 486
249 493
249 501
249 519
249 525
249 526
249 533
250 264
250 281
250 291
250 334
250 444
250 452
250 499
251 282
251 284
251 310
251 313
251 320
251 346
251 369
251 434
251 442
252 324
252 368
252 495
252 496
252 503
253 332
253 349
253 382
253 407
253 431
253 496
253 499
254 279
254 349
254 352
254 354
254 405
254 414
254 442
254 522
255 264
255 314
255 325
255 368
255 465
255 469
255 498
256 257
256 276
256 298
256 364
256 397
256 467
256 493
256 510
256 527
257 268
257 375
257 424
257 456
257 530
257 541
258 263
258 314
258 325
258 331
258 379
258 398
258 455
258 462
258 467
259 263
259 265
259 282
259 286
259 295
259 328
259 383
259 424
259 429
259 434
259 454
260 283
260 312
260 354
260 452
260 491
260 523
260 541
261 278
261 306
261 327
261 335
261 346
261 456
261 506
261 542
262 295
262 380
262 382
262 455
262 458
262 471
262 489
262 541
263 298
263 354
263 368
263 372
263 397
263 412
263 416
263 429
263 484
263 521
264 380
264 384
264 408
264 471
264 515
264 525
264 529
265 268
265 271
265 301
265 309
265 399
265 408
265 493
265 501
265 502
265 519
265 541
265 548
266 269
266 298
266 314
266 319
266 325
266 409
266 454
266 489
266 497
266 548
267 361
267 422
267 432
267 453
267 454
267 503
267 514
267 526
267 549
268 276
268 317
268 358
268 386
268 457
268 460
268 527
268 534
269 282
269 311
269 335
269 344
269 360
269 452
269 509
269 538
269 544
270 299
270 300
270 331
270 404
270 415
270 453
270 481
270 538
271 297
271 356
271 360
271 479
271 481
271 483
271 486
271 527
271 529
271 532
272 291
272 297
272 318
272 353
272 368
272 424
272 445
272 451
272 468
272 503
272 531
273 297
273 310
273 333
273 346
273 404
273 456
273 493
273 522
274 275
274 332
274 358
274 381
274 385
274 393
274 405
274 442
274 520
274 525
274 548
275 290
275 323
275 351
275 420
275 465
275 478
275 481
276 280
276 329
276 388
276 513
276 515
276 532
276 541
277 300
277 309
277 343
277 374
277 410
277 453
277 457
277 515
277 533
278 315
279 332
279 382
279 385
279 393
279 454
279 462
279 508
280 306
280 349
280 392
280 407
280 439
280 478
280 483
280 506
281 317
281 318
281 333
281 359
281 364
281 408
281 525
282 383
282 404
282 418
282 422
282 424
283 325
283 403
283 433
283 455
283 475
283 512
283 513
283 534
284 324
284 327
284 335
284 340
284 440
284 451
284 498
284 504
284 545
284 546
285 305
285 317
285 326
285 350
285 371
285 440
285 443
285 445
285 449
285 471
285 479
286 322
286 365
286 451
286 473
286 500
287 312
287 327
287 344
287 363
287 373
287 463
287 472
287 507
287 508
287 521
287 526
287 530
288 399
288 417
288 425
288 455
288 543
289 359
289 362
289 374
289 393
289 396
289 414
289 499
289 507
289 512
289 533
290 314
290 356
290 364
290 443
290 449
290 534
290 549
291 386
291 433
291 470
291 532
292 298
292 306
292 314
292 363
292 371
292 466
292 517
292 547
293 327
293 343
293 364
293 382
293 456
293 466
293 483
293 484
293 494
293 527
293 533
294 372
294 498
294 510
294 513
294 514
295 317
295 446
295 505
295 514
295 518
295 539
296 297
296 339
296 343
296 368
296 390
296 401
296 414
296 515
296 522
297 305
297 338
297 406
297 481
297 482
298 301
298 392
298 433
298 504
298 520
299 325
299 330
299 377
299 409
299 413
299 425
299 513
299 517
300 333
300 394
300 416
300 424
300 485
300 521
300 543
301 315
301 349
301 420
301 436
301 492
302 356
302 357
302 373
302 385
302 419
302 523
303 340
303 350
303 364
303 409
303 476
303 514
303 535
303 544
304 316
304 345
304 457
304 501
305 333
305 348
305 427
305 458
305 474
305 478
306 323
306 336
306 359
306 443
306 455
306 459
306 473
306 476
306 514
306 539
306 547
307 313
307 316
307 329
307 346
307 367
307 398
307 456
307 467
307 494
307 496
307 502
308 325
308 352
308 389
308 390
308 458
308 488
308 501
308 508
308 533
308 539
309 338
309 348
309 384
309 528
309 545
310 356
310 359
310 368
310 483
310 490
310 515
310 516
311 330
311 345
311 422
311 478
311 484
311 495
311 497
311 538
311 539
312 376
312 466
312 474
313 386
313 397
313 425
313 435
313 448
313 467
313 503
313 525
314 353
314 375
314 429
314 447
314 448
315 363
315 387
315 435
315 452
316 410
316 415
317 337
317 341
317 413
317 458
317 465
317 472
317 473
317 474
317 483
317 545
318 322
318 350
318 368
318 447
318 459
318 522
318 536
319 338
319 343
319 382
319 391
319 457
320 338
320 392
320 399
320 411
320 453
321 397
321 399
321 419
321 433
321 474
321 476
321 506
321 534
322 374
322 379
322 412
322 417
323 334
323 337
323 346
323 363
323 376
323 431
323 450
323 484
323 539
324 376
324 382
324 442
324 446
324 452
324 530
325 413
325 497
325 543
326 330
326 345
326 371
326 399
326 404
326 410
326 495
326 530
326 536
326 548
328 354
328 453
328 462
328 485
328 522
328 535
329 346
329 366
329 405
329 506
329 511
330 332
330 364
330 381
330 410
330 424
330 437
330 477
330 488
330 502
330 504
330 532
331 370
331 385
331 415
332 351
332 480
333 336
333 366
333 465
333 483
333 489
333 545
334 375
334 434
334 445
334 446
334 465
334 530
335 344
335 384
335 385
335 422
335 432
335 475
335 508
335 512
336 348
336 376
336 477
336 494
337 346
337 359
337 363
337 384
337 405
338 339
338 346
338 379
338 436
338 516
338 542
339 382
339 397
339 451
339 506
340 341
340 347
340 348
340 376
340 427
340 458
340 524
341 347
341 383
341 404
341 423
341 468
341 474
341 486
341 518
342 353
342 405
342 418
342 436
342 544
343 452
343 454
343 504
343 530
343 546
344 357
344 362
344 377
344 382
344 412
344 438
344 476
344 488
345 365
345 369
345 444
345 450
345 455
345 490
345 491
345 502
345 518
345 524
345 544
345 546
345 548
346 356
346 403
346 410
346 426
346 462
346 468
346 472
346 490
346 491
346 496
347 378
347 446
347 452
347 489
347 535
348 360
348 368
348 377
348 379
348 409
348 412
348 425
348 485
348 511
349 368
349 380
349 391
349 396
349 421
349 447
349 448
350 387
350 407
350 411
350 454
350 466
350 509
350 545
351 366
351 413
351 414
351 420
351 426
351 484
351 488
352 383
352 410
352 435
352 503
352 518
353 392
353 426
353 506
353 545
354 417
354 431
354 442
354 485
354 488
354 509
354 510
354 535
354 541
355 379
355 397
355 427
355 456
355 486
355 524
356 358
356 367
356 417
356 433
356 446
356 513
356 515
356 538
357 359
357 361
357 364
357 391
357 420
357 428
357 452
357 465
357 471
357 505
357 517
358 377
358 387
358 400
358 401
358 426
358 450
358 461
358 502
358 529
359 400
359 405
359 446
359 471
359 481
359 522
359 530
360 418
360 462
360 471
360 530
361 446
361 530
362 435
362 446
362 458
362 472
362 484
363 385
363 422
363 494
364 369
364 415
364 423
364 424
364 440
364 449
364 515
365 403
365 425
365 469
365 486
366 416
366 486
366 488
366 505
367 380
367 381
367 511
368 487
368 503
368 515
368 546
369 378
369 501
369 538
369 549
370 372
370 402
370 410
370 412
370 459
370 523
370 529
371 382
371 421
371 525
372 401
372 404
372 417
372 456
373 406
373 472
373 491
373 516
373 519
373 549
374 412
374 424
374 491
374 532
374 537
375 395
375 424
375 430
375 483
375 492
376 397
376 459
376 463
376 511
377 389
377 433
377 456
377 471
377 504
377 512
377 526
378 397
378 466
379 397
379 401
380 381
380 384
380 386
380 431
380 449
380 465
381 392
381 403
381 412
381 512
381 524
382 386
382 390
382 395
382 440
382 445
382 462
382 468
382 479
382 487
382 499
382 531
383 459
383 490
383 520
384 387
384 427
384 449
384 492
384 521
384 535
384 536
385 389
385 413
385 455
385 460
385 478
385 493
385 530
385 531
386 420
386 425
386 428
386 452
386 467
386 534
386 543
387 450
387 485
388 394
388 407
388 438
388 459
388 506
388 507
388 530
388 535
389 527
390 407
390 459
390 514
391 443
391 466
391 472
391 495
391 549
392 404
392 413
392 440
392 485
392 544
393 464
393 475
393 491
394 399
394 402
394 452
394 525
394 536
394 547
395 402
395 437
395 464
395 517
395 533
396 406
396 425
396 448
396 469
396 487
396 502
397 449
397 541
398 504
399 436
399 461
399 498
399 521
400 433
400 441
400 480
400 499
401 426
401 442
401 467
401 499
401 529
402 413
402 419
402 456
402 474
402 489
402 517
402 549
403 412
403 416
403 447
403 448
403 541
404 410
404 434
404 444
404 453
404 457
404 465
404 473
404 518
405 441
405 517
406 420
406 459
406 519
407 520
408 431
408 475
408 486
408 513
409 413
409 434
409 443
409 452
409 476
409 518
409 532
410 415
410 455
410 461
410 500
410 524
410 539
411 427
411 481
411 512
411 542
412 480
413 417
413 535
413 539
414 455
414 492
414 505
414 517
414 528
414 530
415 445
415 460
416 420
416 439
416 446
416 495
416 524
417 491
417 497
417 511
418 427
418 447
418 449
418 455
418 470
418 492
418 518
418 524
418 547
419 447
419 460
419 492
419 510
419 518
419 542
420 441
420 482
420 495
420 510
420 512
420 517
420 532
420 534
421 432
421 480
421 532
422 443
422 527
422 537
423 445
423 463
423 464
423 476
423 491
423 510
424 519
424 526
425 433
425 506
425 523
426 493
427 432
427 449
427 463
428 501
428 518
428 525
428 545
429 434
429 437
429 439
429 473
429 539
430 461
430 536
431 458
431 470
431 502
431 519
431 533
432 433
432 468
432 478
432 539
433 471
433 514
433 540
433 541
434 475
434 526
435 471
435 486
435 508
436 442
436 477
436 535
436 540
436 549
437 466
437 494
437 503
438 477
438 535
438 545
439 443
439 484
440 449
440 461
440 483
440 540
441 478
442 459
442 470
442 497
442 523
443 484
443 487
443 519
444 447
444 466
444 518
444 519
444 520
445 500
445 526
446 454
447 546
448 472
448 484
448 486
448 491
448 504
449 528
449 546
450 459
450 512
450 547
451 506
451 535
452 491
452 492
452 537
453 505
453 516
456 468
456 505
458 476
458 536
458 546
458 548
459 466
459 520
459 533
459 535
460 469
460 505
461 512
462 497
462 532
463 475
463 512
464 467
464 473
464 512
464 523
465 481
465 541
466 492
467 507
467 531
468 532
469 489
469 498
469 521
469 543
470 547
471 495
471 512
471 515
471 520
471 540
471 549
472 487
472 494
472 495
473 490
473 515
473 521
474 486
474 501
475 491
475 522
476 497
476 547
477 493
477 534
477 542
478 488
478 501
478 513
479 534
480 516
480 520
480 524
480 539
480 542
483 491
483 519
483 521
483 527
484 502
484 547
485 518
485 549
486 514
487 492
487 533
488 503
488 508
488 512
489 500
489 507
490 495
490 501
490 522
491 504
491 507
491 512
491 516
491 541
492 528
492 540
493 515
494 530
494 540
496 536
497 511
497 512
497 518
497 530
497 538
498 506
498 533
499 518
499 527
499 544
500 540
501 510
502 507
502 520
503 506
504 545
505 508
507 516
508 529
509 533
510 518
512 515
512 527
512 539
513 520
515 546
516 544
517 521
519 537
522 547
525 540
525 544
525 547
528 539
528 541
529 530
529 533
534 535
534 547
535 548
535 549