0 957
1 668
2 514
3 606
4 416
5 563
6 149
7 249
8 669
9 147
10 80
11 715
12 106
13 379
14 563
15 102
16 231
17 968
18 282
19 920
20 942
21 448
22 798
23 195
24 275
25 324
26 209
27 104
28 289
29 234
30 386
31 473
32 727
33 414
34 321
35 896
36 631
37 131
38 846
39 195
40 507
41 689
42 549
43 446
44 23
45 506
46 258
47 275
48 382
49 465
50 587
51 956
52 352
53 109
54 158
55 633
56 517
57 756
58 354
59 375
60 610
61 141
62 577
63 921
64 834
65 747
66 63
67 346
68 796
69 565
70 898
71 447
72 959
73 426
74 264
75 838
76 755
77 250
78 321
79 428
80 722
81 248
82 153
83 983
84 564
85 48
86 328
87 472
88 333
89 993
90 878
91 658
92 129
93 463
94 638
95 692
96 143
97 816
98 335
99 919
100 708
101 179
102 898
103 90
104 202
105 15
106 718
107 411
108 851
109 370
110 972
111 47
112 892
113 909
114 344
115 563
116 557
117 996
118 477
119 487
120 68
121 212
122 473
123 383
124 504
125 906
126 534
127 291
128 8
129 372
130 680
131 804
132 776
133 844
134 593
135 506
136 431
137 599
138 180
139 138
140 739
141 163
142 712
143 610
144 523
145 52
146 676
147 859
148 798
149 422
150 600
151 543
152 32
153 795
154 567
155 774
156 156
157 45
158 73
159 31
160 675
161 751
162 953
163 363
164 351
165 153
166 673
167 263
168 596
169 610
170 414
171 680
172 668
173 471
174 876
175 726
176 93
177 599
178 988
179 354
180 213
181 930
182 5
183 848
184 98
185 315
186 999
187 394
188 592
189 183
190 979
191 34
192 573
193 966
194 417
195 205
196 161
197 968
198 634
199 662
200 689
201 546
202 918
203 957
204 505
205 768
206 153
207 885
208 462
209 715
210 780
211 937
212 119
213 975
214 890
215 291
216 915
217 804
218 242
219 695
220 724
221 452
222 173
223 65
224 172
225 885
226 185
227 457
228 751
229 754
230 273
231 532
232 653
233 109
234 646
235 546
236 634
237 158
238 233
239 976
240 210
241 228
242 284
243 665
244 761
245 238
246 955
247 734
248 188
249 816
250 743
251 541
252 584
253 303
254 70
255 462
256 216
257 694
258 966
259 164
260 144
261 284
262 659
263 273
264 953
265 699
266 337
267 964
268 405
269 959
270 413
271 265
272 812
273 321
274 551
275 939
276 839
277 216
278 182
279 804
280 955
281 497
282 85
283 356
284 521
285 26
286 606
287 713
288 384
289 407
290 83
291 213
292 164
293 332
294 361
295 853
296 840
297 233
298 183
299 83
300 573
301 272
302 738
303 566
304 81
305 528
306 888
307 393
308 481
309 893
310 840
311 717
312 112
313 140
314 842
315 426
316 280
317 962
318 107
319 574
320 589
321 496
322 286
323 234
324 105
325 484
326 772
327 896
328 403
329 705
330 482
331 563
332 754
333 23
334 646
335 706
336 200
337 165
338 328
339 455
340 251
341 742
342 953
343 576
344 318
345 553
346 410
347 66
348 836
349 888
350 5
351 253
352 782
353 410
354 495
355 474
356 642
357 190
358 26
359 215
360 417
361 684
362 673
363 685
364 719
365 812
366 860
367 686
368 930
369 820
370 255
371 8
372 985
373 536
374 404
375 337
376 373
377 440
378 135
379 903
380 876
381 619
382 507
383 800
384 841
385 950
386 752
387 7
388 833
389 700
390 512
391 280
392 11
393 407
394 250
395 91
396 399
397 370
398 546
399 626
400 88
401 839
402 289
403 584
404 628
405 21
406 253
407 743
408 408
409 898
410 838
411 890
412 731
413 311
414 735
415 158
416 988
417 684
418 701
419 105
420 92
421 947
422 803
423 690
424 894
425 997
426 140
427 167
428 79
429 550
430 319
431 347
432 427
433 347
434 477
435 228
436 173
437 924
438 396
439 203
440 327
441 419
442 185
443 412
444 776
445 660
446 128
447 664
448 526
449 965
450 982
451 0
452 331
453 382
454 47
455 71
456 517
457 365
458 779
459 564
460 427
461 366
462 695
463 240
464 263
465 114
466 272
467 236
468 655
469 784
470 600
471 456
472 341
473 41
474 857
475 182
476 611
477 202
478 675
479 190
480 251
481 623
482 919
483 225
484 424
485 269
486 877
487 760
488 825
489 6
490 412
491 645
492 215
493 142
494 978
495 63
496 949
497 464
498 908
499 278
500 468
501 949
502 97
503 880
504 455
505 662
506 430
507 608
508 829
509 942
510 973
511 348
512 893
513 163
514 15
515 269
516 390
517 633
518 750
519 512
520 314
521 471
522 735
523 444
524 880
525 499
526 632
527 279
528 577
529 302
530 681
531 678
532 771
533 718
534 77
535 654
536 390
537 739
538 299
539 338
540 911
541 119
542 203
543 119
544 253
545 225
546 463
547 740
548 538
549 135
550 985
551 729
552 995
553 955
554 326
555 623
556 817
557 329
558 705
559 609
560 988
561 779
562 441
563 996
564 534
565 49
566 601
567 729
568 802
569 202
570 749
571 246
572 941
573 434
574 821
575 351
576 498
577 90
578 32
579 955
580 767
581 549
582 694
583 419
584 224
585 669
586 469
587 983
588 502
589 657
590 431
591 571
592 603
593 930
594 265
595 221
596 769
597 404
598 888
599 504
600 156
601 899
602 490
603 450
604 494
605 764
606 815
607 150
608 114
609 218
610 150
611 223
612 998
613 701
614 798
615 470
616 89
617 580
618 982
619 559
620 85
621 692
622 641
623 728
624 284
625 28
626 352
627 685
628 465
629 160
630 407
631 433
632 578
633 700
634 334
635 625
636 119
637 623
638 868
639 140
640 565
641 269
642 747
643 207
644 265
645 525
646 704
647 924
648 67
649 326
650 814
651 941
652 521
653 664
654 552
655 798
656 174
657 798
658 336
659 423
660 128
661 393
662 832
663 879
664 550
665 534
666 18
667 978
668 772
669 451
670 216
671 340
672 329
673 36
674 432
675 249
676 534
677 883
678 862
679 255
680 231
681 36
682 480
683 454
684 320
685 224
686 876
687 398
688 613
689 177
690 744
691 932
692 555
693 44
694 519
695 967
696 932
697 597
698 507
699 59
700 546
701 226
702 797
703 333
704 74
705 879
706 391
707 480
708 223
709 16
710 360
711 348
712 169
713 449
714 435
715 5
716 210
717 256
718 320
719 603
720 860
721 772
722 757
723 398
724 41
725 574
726 201
727 820
728 161
729 102
730 547
731 632
732 534
733 463
734 420
735 865
736 130
737 969
738 521
739 912
740 417
741 942
742 589
743 3
744 284
745 591
746 486
747 665
748 13
749 656
750 140
751 145
752 554
753 297
754 337
755 77
756 677
757 741
758 680
759 879
760 15
761 800
762 298
763 351
764 554
765 382
766 318
767 886
768 232
769 367
770 447
771 922
772 117
773 244
774 365
775 722
776 810
777 899
778 17
779 126
780 44
781 300
782 817
783 499
784 356
785 298
786 334
787 339
788 34
789 553
790 214
791 802
792 748
793 375
794 298
795 914
796 939
797 397
798 975
799 457
800 562
801 492
802 14
803 287
804 801
805 793
806 474
807 855
808 740
809 754
810 619
811 994
812 312
813 269
814 836
815 138
816 549
817 969
818 329
819 523
820 532
821 774
822 300
823 204
824 893
825 204
826 476
827 660
828 217
829 757
830 863
831 986
832 689
833 230
834 150
835 42
836 962
837 395
838 830
839 206
840 593
841 906
842 39
843 533
844 683
845 520
846 192
847 623
848 252
849 277
850 34
851 270
852 158
853 863
854 456
855 99
856 649
857 463
858 124
859 599
860 648
861 169
862 838
863 582
864 811
865 605
866 99
867 526
868 732
869 717
870 725
871 787
872 725
873 344
874 339
875 790
876 407
877 257
878 257
879 509
880 601
881 65
882 847
883 461
884 100
885 574
886 511
887 72
888 521
889 285
890 838
891 943
892 832
893 727
894 634
895 183
896 717
897 471
898 861
899 282
900 541
901 193
902 680
903 783
904 426
905 278
906 849
907 90
908 386
909 749
910 543
911 996
912 370
913 824
914 315
915 157
916 720
917 941
918 515
919 577
920 466
921 173
922 889
923 832
924 255
925 218
926 578
927 623
928 608
929 57
930 191
931 537
932 672
933 205
934 789
935 133
936 819
937 684
938 536
939 564
940 875
941 556
942 513
943 423
944 768
945 191
946 347
947 794
948 811
949 894
950 457
951 74
952 701
953 763
954 188
955 876
956 919
957 360
958 744
959 566
960 927
961 837
962 841
963 827
964 32
965 73
966 233
967 410
968 338
969 583
970 395
971 401
972 203
973 190
974 365
975 327
976 142
977 392
978 158
979 564
980 402
981 647
982 142
983 166
984 970
985 425
986 499
987 753
988 918
989 574
990 793
991 173
992 426
993 959
994 239
995 646
996 501
997 708
998 222
999 311
1000 737
1001 493
1002 966
1003 268
1004 516
1005 840
1006 53
1007 664
1008 424
1009 886
1010 636
1011 532
1012 831
1013 545
1014 523
1015 877
1016 433
1017 284
1018 674
1019 529
1020 814
1021 832
1022 173
1023 561
1024 449
1025 973
1026 455
1027 17
1028 699
1029 833
1030 110
1031 22
1032 780
1033 633
1034 845
1035 404
1036 427
1037 122
1038 804
1039 147
1040 821
1041 397
1042 703
1043 770
1044 692
1045 444
1046 770
1047 377
1048 425
1049 564
1050 138
1051 618
1052 246
1053 735
1054 21
1055 841
1056 349
1057 868
1058 686
1059 741
1060 446
1061 442
1062 936
1063 384
1064 853
1065 311
1066 725
1067 526
1068 234
1069 235
1070 766
1071 581
1072 832
1073 345
1074 267
1075 406
1076 979
1077 971
1078 268
1079 696
1080 312
1081 284
1082 949
1083 587
1084 221
1085 142
1086 79
1087 56
1088 191
1089 201
1090 689
1091 968
1092 629
1093 32
1094 346
1095 12
1096 610
1097 460
1098 952
1099 880
1100 163
1101 799
1102 95
1103 228
1104 551
1105 872
1106 494
1107 926
1108 816
1109 599
1110 794
1111 6
1112 828
1113 572
1114 560
1115 402
1116 859
1117 206
1118 105
1119 665
1120 731
1121 307
1122 389
1123 61
1124 672
1125 469
1126 814
1127 976
1128 223
1129 713
1130 528
1131 517
1132 754
1133 115
1134 585
1135 302
1136 211
1137 636
1138 822
1139 252
1140 560
1141 569
1142 126
1143 496
1144 12
1145 771
1146 61
1147 792
1148 604
1149 75
1150 174
1151 416
1152 432
1153 65
1154 731
1155 615
1156 286
1157 540
1158 284
1159 246
1160 166
1161 937
1162 844
1163 43
1164 283
1165 626
1166 646
1167 483
1168 987
1169 684
1170 399
1171 120
1172 246
1173 998
1174 4
1175 650
1176 92
1177 730
1178 957
1179 990
1180 969
1181 780
1182 111
1183 202
1184 212
1185 435
1186 505
1187 54
1188 972
1189 651
1190 125
1191 356
1192 207
1193 135
1194 546
1195 989
1196 239
1197 933
1198 825
1199 228
1200 618
1201 7
1202 908
1203 838
1204 161
1205 279
1206 751
1207 283
1208 311
1209 867
1210 46
1211 632
1212 887
1213 631
1214 978
1215 647
1216 314
1217 839
1218 635
1219 365
1220 129
1221 681
1222 415
1223 917
1224 979
1225 949
1226 858
1227 915
1228 337
1229 883
1230 779
1231 539
1232 520
1233 178
1234 1
1235 359
1236 98
1237 188
1238 158
1239 439
1240 362
1241 56
1242 888
1243 840
1244 419
1245 756
1246 206
1247 272
1248 665
1249 441
1250 99
1251 753
1252 165
1253 541
1254 84
1255 777
1256 471
1257 321
1258 149
1259 964
1260 590
1261 255
1262 126
1263 106
1264 406
1265 169
1266 80
1267 301
1268 679
1269 323
1270 720
1271 645
1272 865
1273 238
1274 910
1275 735
1276 164
1277 460
1278 998
1279 524
1280 34
1281 370
1282 988
1283 412
1284 18
1285 69
1286 446
1287 864
1288 506
1289 301
1290 332
1291 331
1292 95
1293 240
1294 311
1295 764
1296 952
1297 911
1298 509
1299 571
1300 843
1301 501
1302 280
1303 378
1304 866
1305 852
1306 634
1307 231
1308 44
1309 21
1310 187
1311 271
1312 901
1313 33
1314 781
1315 846
1316 194
1317 811
1318 546
1319 203
1320 823
1321 407
1322 187
1323 420
1324 816
1325 848
1326 566
1327 77
1328 772
1329 730
1330 456
1331 374
1332 781
1333 825
1334 647
1335 803
1336 662
1337 437
1338 151
1339 942
1340 256
1341 726
1342 196
1343 525
1344 590
1345 314
1346 628
1347 316
1348 588
1349 698
1350 942
1351 947
1352 903
1353 629
1354 301
1355 381
1356 547
1357 308
1358 260
1359 964
1360 50
1361 460
1362 125
1363 617
1364 16
1365 650
1366 209
1367 778
1368 31
1369 735
1370 470
1371 467
1372 679
1373 432
1374 369
1375 673
1376 844
1377 620
1378 723
1379 174
1380 210
1381 925
1382 71
1383 80
1384 469
1385 462
1386 746
1387 244
1388 847
1389 562
1390 326
1391 726
1392 566
1393 491
1394 769
1395 800
1396 929
1397 779
1398 754
1399 269
1400 149
1401 387
1402 783
1403 687
1404 258
1405 297
1406 583
1407 241
1408 148
1409 490
1410 472
1411 446
1412 925
1413 451
1414 998
1415 224
1416 254
1417 172
1418 899
1419 277
1420 56
1421 439
1422 331
1423 687
1424 187
1425 402
1426 261
1427 483
1428 913
1429 831
1430 318
1431 793
1432 768
1433 802
1434 127
1435 390
1436 535
1437 317
1438 409
1439 26
1440 631
1441 407
1442 869
1443 504
1444 852
1445 226
1446 91
1447 963
1448 263
1449 722
1450 891
1451 304
1452 879
1453 246
1454 986
1455 226
1456 202
1457 147
1458 387
1459 479
1460 117
1461 275
1462 281
1463 697
1464 266
1465 106
1466 843
1467 851
1468 372
1469 318
1470 220
1471 729
1472 53
1473 21
1474 481
1475 159
1476 371
1477 597
1478 297
1479 602
1480 398
1481 932
1482 822
1483 184
1484 446
1485 17
1486 123
1487 773
1488 988
1489 556
1490 817
1491 34
1492 359
1493 317
1494 46
1495 961
1496 193
1497 183
1498 933
1499 612
1500 429
1501 229
1502 641
1503 186
1504 85
1505 123
1506 350
1507 348
1508 618
1509 735
1510 83
1511 747
1512 700
1513 462
1514 44
1515 451
1516 140
1517 164
1518 794
1519 944
1520 645
1521 946
1522 43
1523 48
1524 209
1525 973
1526 331
1527 69
1528 227
1529 418
1530 325
1531 282
1532 351
1533 980
1534 960
1535 18
1536 200
1537 494
1538 295
1539 764
1540 325
1541 631
1542 350
1543 747
1544 869
1545 289
1546 537
1547 328
1548 174
1549 364
1550 952
1551 601
1552 676
1553 14
1554 42
1555 391
1556 920
1557 375
1558 552
1559 712
1560 716
1561 72
1562 123
1563 473
1564 260
1565 545
1566 938
1567 337
1568 821
1569 626
1570 205
1571 960
1572 986
1573 426
1574 769
1575 951
1576 959
1577 549
1578 122
1579 193
1580 444
1581 501
1582 572
1583 534
1584 16
1585 579
1586 672
1587 358
1588 279
1589 103
1590 128
1591 445
1592 10
1593 429
1594 12
1595 51
1596 414
1597 654
1598 938
1599 544
1600 769
1601 14
1602 668
1603 651
1604 186
1605 838
1606 561
1607 831
1608 164
1609 158
1610 201
1611 512
1612 507
1613 428
1614 909
1615 204
1616 30
1617 935
1618 6
1619 955
1620 841
1621 311
1622 275
1623 965
1624 164
1625 247
1626 356
1627 545
1628 155
1629 378
1630 824
1631 930
1632 89
1633 719
1634 765
1635 379
1636 23
1637 207
1638 778
1639 514
1640 183
1641 354
1642 725
1643 171
1644 811
1645 193
1646 978
1647 360
1648 20
1649 934
1650 929
1651 15
1652 858
1653 560
1654 502
1655 819
1656 363
1657 149
1658 694
1659 601
1660 561
1661 445
1662 472
1663 394
1664 12
1665 511
1666 48
1667 683
1668 61
1669 879
1670 847
1671 275
1672 872
1673 86
1674 19
1675 52
1676 826
1677 7
1678 15
1679 910
1680 211
1681 841
1682 236
1683 0
1684 321
1685 531
1686 357
1687 181
1688 162
1689 624
1690 545
1691 144
1692 441
1693 737
1694 759
1695 992
1696 136
1697 956
1698 803
1699 281
1700 243
1701 279
1702 794
1703 687
1704 389
1705 709
1706 7
1707 936
1708 436
1709 708
1710 104
1711 17
1712 564
1713 835
1714 58
1715 149
1716 321
1717 59
1718 842
1719 632
1720 501
1721 182
1722 475
1723 878
1724 634
1725 704
1726 612
1727 108
1728 942
1729 478
1730 698
1731 457
1732 644
1733 884
1734 568
1735 879
1736 701
1737 423
1738 454
1739 1
1740 49
1741 708
1742 964
1743 144
1744 784
1745 130
1746 703
1747 555
1748 376
1749 141
1750 634
1751 777
1752 59
1753 557
1754 863
1755 408
1756 109
1757 524
1758 307
1759 637
1760 234
1761 442
1762 360
1763 32
1764 933
1765 75
1766 375
1767 784
1768 923
1769 796
1770 332
1771 51
1772 60
1773 73
1774 706
1775 260
1776 917
1777 509
1778 829
1779 483
1780 289
1781 156
1782 751
1783 682
1784 583
1785 274
1786 36
1787 672
1788 310
1789 760
1790 370
1791 477
1792 636
1793 953
1794 975
1795 297
1796 534
1797 587
1798 60
1799 818
1800 411
1801 791
1802 315
1803 354
1804 640
1805 443
1806 556
1807 550
1808 705
1809 855
1810 458
1811 830
1812 909
1813 371
1814 284
1815 157
1816 610
1817 417
1818 368
1819 476
1820 796
1821 690
1822 658
1823 501
1824 809
1825 125
1826 316
1827 104
1828 473
1829 204
1830 525
1831 94
1832 70
1833 21
1834 381
1835 542
1836 659
1837 896
1838 109
1839 612
1840 90
1841 353
1842 524
1843 493
1844 69
1845 335
1846 507
1847 9
1848 643
1849 560
1850 30
1851 420
1852 82
1853 480
1854 674
1855 887
1856 240
1857 644
1858 175
1859 903
1860 615
1861 629
1862 845
1863 508
1864 292
1865 13
1866 199
1867 979
1868 345
1869 78
1870 93
1871 388
1872 306
1873 151
1874 285
1875 866
1876 194
1877 335
1878 715
1879 664
1880 885
1881 822
1882 574
1883 19
1884 14
1885 67
1886 248
1887 986
1888 274
1889 654
1890 950
1891 19
1892 763
1893 774
1894 126
1895 957
1896 836
1897 415
1898 378
1899 787
1900 613
1901 313
1902 536
1903 186
1904 32
1905 828
1906 676
1907 571
1908 783
1909 902
1910 498
1911 600
1912 847
1913 840
1914 196
1915 963
1916 247
1917 836
1918 949
1919 907
1920 100
1921 868
1922 566
1923 593
1924 996
1925 470
1926 794
1927 354
1928 584
1929 68
1930 473
1931 652
1932 645
1933 738
1934 24
1935 797
1936 997
1937 309
1938 666
1939 101
1940 215
1941 505
1942 335
1943 799
1944 368
1945 47
1946 409
1947 497
1948 462
1949 148
1950 39
1951 551
1952 376
1953 440
1954 931
1955 949
1956 501
1957 764
1958 17
1959 866
1960 684
1961 711
1962 74
1963 389
1964 410
1965 239
1966 840
1967 510
1968 154
1969 630
1970 60
1971 915
1972 729
1973 227
1974 69
1975 671
1976 969
1977 643
1978 642
1979 238
1980 134
1981 678
1982 110
1983 45
1984 701
1985 525
1986 983
1987 423
1988 38
1989 14
1990 365
1991 189
1992 613
1993 806
1994 540
1995 945
1996 60
1997 676
1998 494
1999 486
2000 725
2001 867
2002 783
2003 523
2004 914
2005 941
2006 407
2007 524
2008 919
2009 865
2010 876
2011 459
2012 829
2013 572
2014 592
2015 789
2016 528
2017 905
2018 170
2019 167
2020 15
2021 104
2022 141
2023 257
2024 572
2025 496
2026 190
2027 498
2028 431
2029 273
2030 73
2031 558
2032 770
2033 372
2034 784
2035 796
2036 434
2037 191
2038 705
2039 137
2040 526
2041 822
2042 166
2043 174
2044 421
2045 332
2046 516
2047 139
2048 224
2049 454
2050 14
2051 568
2052 376
2053 64
2054 8
2055 581
2056 292
2057 775
2058 847
2059 662
2060 216
2061 336
2062 12
2063 801
2064 192
2065 830
2066 997
2067 288
2068 357
2069 370
2070 382
2071 438
2072 885
2073 434
2074 368
2075 848
2076 657
2077 552
2078 984
2079 305
2080 399
2081 345
2082 48
2083 558
2084 635
2085 829
2086 506
2087 834
2088 170
2089 353
2090 902
2091 237
2092 432
2093 581
2094 453
2095 848
2096 150
2097 101
2098 277
2099 920
2100 218
2101 932
2102 994
2103 806
2104 63
2105 232
2106 790
2107 731
2108 691
2109 882
2110 419
2111 594
2112 605
2113 950
2114 112
2115 211
2116 955
2117 757
2118 937
2119 925
2120 493
2121 342
2122 392
2123 794
2124 716
2125 515
2126 753
2127 877
2128 184
2129 811
2130 97
2131 438
2132 747
2133 306
2134 748
2135 341
2136 771
2137 644
2138 578
2139 609
2140 659
2141 486
2142 879
2143 518
2144 864
2145 244
2146 544
2147 934
2148 884
2149 668
2150 635
2151 29
2152 530
2153 564
2154 370
2155 172
2156 414
2157 721
2158 738
2159 484
2160 937
2161 665
2162 861
2163 923
2164 743
2165 447
2166 898
2167 662
2168 490
2169 565
2170 219
2171 608
2172 248
2173 190
2174 707
2175 231
2176 525
2177 125
2178 353
2179 491
2180 598
2181 640
2182 452
2183 743
2184 296
2185 725
2186 959
2187 906
2188 856
2189 848
2190 997
2191 339
2192 833
2193 960
2194 3
2195 121
2196 290
2197 700
2198 284
2199 845
2200 96
2201 104
2202 256
2203 216
2204 521
2205 676
2206 785
2207 394
2208 685
2209 568
2210 954
2211 713
2212 65
2213 227
2214 781
2215 17
2216 805
2217 343
2218 628
2219 251
2220 613
2221 434
2222 273
2223 982
2224 893
2225 431
2226 56
2227 376
2228 719
2229 341
2230 436
2231 684
2232 779
2233 88
2234 801
2235 98
2236 927
2237 490
2238 834
2239 292
2240 412
2241 705
2242 655
2243 677
2244 255
2245 890
2246 699
2247 41
2248 553
2249 851
2250 460
2251 243
2252 868
2253 269
2254 997
2255 32
2256 83
2257 315
2258 348
2259 932
2260 274
2261 258
2262 455
2263 347
2264 107
2265 971
2266 329
2267 831
2268 341
2269 220
2270 415
2271 300
2272 36
2273 409
2274 88
2275 292
2276 897
2277 28
2278 488
2279 924
2280 180
2281 920
2282 219
2283 39
2284 567
2285 228
2286 500
2287 70
2288 170
2289 567
2290 481
2291 924
2292 497
2293 573
2294 414
2295 174
2296 162
2297 639
2298 995
2299 357
2300 233
2301 401
2302 803
2303 90
2304 673
2305 617
2306 185
2307 586
2308 334
2309 803
2310 232
2311 16
2312 40
2313 297
2314 860
2315 812
2316 984
2317 392
2318 763
2319 850
2320 884
2321 808
2322 558
2323 204
2324 885
2325 748
2326 189
2327 453
2328 685
2329 128
2330 425
2331 937
2332 490
2333 330
2334 745
2335 527
2336 527
2337 175
2338 699
2339 847
2340 121
2341 945
2342 171
2343 176
2344 601
2345 687
2346 726
2347 174
2348 498
2349 629
2350 33
2351 834
2352 774
2353 691
2354 391
2355 152
2356 228
2357 520
2358 422
2359 85
2360 725
2361 541
2362 215
2363 766
2364 497
2365 624
2366 914
2367 202
2368 959
2369 951
2370 187
2371 625
2372 790
2373 800
2374 507
2375 498
2376 645
2377 243
2378 934
2379 142
2380 383
2381 535
2382 583
2383 688
2384 698
2385 366
2386 377
2387 753
2388 507
2389 766
2390 939
2391 757
2392 267
2393 174
2394 203
2395 238
2396 874
2397 359
2398 893
2399 844
2400 292
2401 864
2402 627
2403 493
2404 187
2405 626
2406 536
2407 330
2408 497
2409 223
2410 753
2411 245
2412 634
2413 450
2414 525
2415 168
2416 386
2417 368
2418 522
2419 487
2420 793
2421 943
2422 269
2423 569
2424 937
2425 549
2426 745
2427 183
2428 248
2429 737
2430 974
2431 618
2432 429
2433 192
2434 96
2435 320
2436 616
2437 976
2438 535
2439 663
2440 122
2441 162
2442 536
2443 981
2444 98
2445 703
2446 938
2447 299
2448 90
2449 59
2450 487
2451 713
2452 975
2453 528
2454 424
2455 51
2456 147
2457 644
2458 998
2459 550
2460 484
2461 783
2462 745
2463 529
2464 509
2465 61
2466 934
2467 16
2468 204
2469 900
2470 340
2471 542
2472 321
2473 510
2474 924
2475 974
2476 722
2477 956
2478 468
2479 320
2480 640
2481 3
2482 336
2483 743
2484 542
2485 301
2486 479
2487 181
2488 72
2489 380
2490 769
2491 253
2492 475
2493 45
2494 919
2495 90
2496 936
2497 251
2498 163
2499 638
2500 196
2501 700
2502 474
2503 48
2504 806
2505 52
2506 647
2507 279
2508 94
2509 902
2510 489
2511 393
2512 571
2513 115
2514 640
2515 250
2516 476
2517 693
2518 923
2519 537
2520 217
2521 26
2522 816
2523 357
2524 199
2525 208
2526 873
2527 894
2528 47
2529 393
2530 763
2531 337
2532 567
2533 775
2534 38
2535 921
2536 818
2537 775
2538 471
2539 880
2540 302
2541 48
2542 438
2543 22
2544 326
2545 899
2546 932
2547 815
2548 624
2549 573
2550 859
2551 765
2552 264
2553 393
2554 886
2555 632
2556 439
2557 171
2558 381
2559 76
2560 997
2561 979
2562 653
2563 718
2564 135
2565 497
2566 397
2567 326
2568 270
2569 662
2570 485
2571 781
2572 787
2573 751
2574 804
2575 9
2576 231
2577 549
2578 63
2579 61
2580 531
2581 759
2582 895
2583 883
2584 162
2585 567
2586 259
2587 572
2588 611
2589 999
2590 268
2591 274
2592 492
2593 395
2594 469
2595 5
2596 296
2597 772
2598 364
2599 276
2600 11
2601 237
2602 812
2603 87
2604 995
2605 67
2606 208
2607 852
2608 379
2609 340
2610 627
2611 62
2612 519
2613 712
2614 770
2615 696
2616 258
2617 275
2618 291
2619 460
2620 942
2621 183
2622 385
2623 679
2624 154
2625 391
2626 743
2627 188
2628 229
2629 74
2630 9
2631 896
2632 338
2633 260
2634 882
2635 504
2636 645
2637 270
2638 858
2639 364
2640 652
2641 591
2642 158
2643 586
2644 794
2645 520
2646 232
2647 681
2648 209
2649 56
2650 946
2651 70
2652 170
2653 938
2654 728
2655 581
2656 835
2657 601
2658 491
2659 470
2660 114
2661 878
2662 950
2663 11
2664 479
2665 495
2666 483
2667 550
2668 664
2669 403
2670 206
2671 719
2672 465
2673 594
2674 927
2675 760
2676 326
2677 714
2678 641
2679 217
2680 653
2681 14
2682 414
2683 213
2684 543
2685 602
2686 514
2687 368
2688 761
2689 604
2690 13
2691 318
2692 357
2693 374
2694 13
2695 544
2696 316
2697 621
2698 511
2699 856
2700 190
2701 148
2702 658
2703 302
2704 859
2705 454
2706 935
2707 369
2708 527
2709 741
2710 505
2711 138
2712 632
2713 764
2714 372
2715 124
2716 774
2717 69
2718 185
2719 137
2720 480
2721 385
2722 331
2723 829
2724 575
2725 241
2726 589
2727 181
2728 978
2729 975
2730 98
2731 70
2732 966
2733 323
2734 644
2735 873
2736 171
2737 185
2738 638
2739 792
2740 556
2741 252
2742 529
2743 109
2744 145
2745 612
2746 527
2747 943
2748 333
2749 228
2750 728
2751 626
2752 720
2753 292
2754 643
2755 870
2756 379
2757 198
2758 49
2759 448
2760 688
2761 198
2762 539
2763 466
2764 667
2765 57
2766 463
2767 744
2768 975
2769 43
2770 403
2771 152
2772 316
2773 915
2774 404
2775 837
2776 12
2777 995
2778 281
2779 322
2780 587
2781 553
2782 845
2783 335
2784 203
2785 260
2786 850
2787 296
2788 767
2789 826
2790 29
2791 519
2792 251
2793 836
2794 731
2795 665
2796 27
2797 981
2798 87
2799 801
2800 550
2801 566
2802 742
2803 4
2804 538
2805 135
2806 640
2807 968
2808 287
2809 803
2810 498
2811 851
2812 276
2813 966
2814 192
2815 169
2816 197
2817 764
2818 610
2819 743
2820 92
2821 512
2822 742
2823 372
2824 588
2825 494
2826 872
2827 509
2828 109
2829 523
2830 864
2831 888
2832 197
2833 355
2834 482
2835 983
2836 666
2837 732
2838 743
2839 609
2840 984
2841 538
2842 346
2843 953
2844 184
2845 827
2846 360
2847 289
2848 866
2849 619
2850 97
2851 185
2852 692
2853 317
2854 973
2855 609
2856 738
2857 160
2858 862
2859 513
2860 738
2861 984
2862 931
2863 359
2864 350
2865 863
2866 523
2867 824
2868 907
2869 696
2870 752
2871 728
2872 790
2873 636
2874 646
2875 492
2876 740
2877 731
2878 828
2879 719
2880 567
2881 456
2882 761
2883 590
2884 158
2885 256
2886 191
2887 412
2888 778
2889 955
2890 518
2891 720
2892 997
2893 973
2894 225
2895 514
2896 647
2897 266
2898 647
2899 583
2900 917
2901 233
2902 163
2903 643
2904 280
2905 536
2906 544
2907 6
2908 864
2909 129
2910 466
2911 877
2912 546
2913 393
2914 317
2915 121
2916 104
2917 159
2918 689
2919 251
2920 684
2921 822
2922 45
2923 950
2924 155
2925 401
2926 68
2927 209
2928 569
2929 494
2930 243
2931 386
2932 579
2933 427
2934 524
2935 430
2936 655
2937 616
2938 365
2939 559
2940 873
2941 385
2942 532
2943 44
2944 594
2945 958
2946 276
2947 63
2948 772
2949 997
2950 473
2951 830
2952 174
2953 933
2954 159
2955 279
2956 82
2957 858
2958 265
2959 372
2960 427
2961 449
2962 559
2963 731
2964 223
2965 698
2966 591
2967 651
2968 389
2969 807
2970 66
2971 180
2972 687
2973 44
2974 248
2975 672
2976 4
2977 11
2978 161
2979 911
2980 106
2981 659
2982 269
2983 895
2984 145
2985 696
2986 533
2987 966
2988 446
2989 191
2990 276
2991 395
2992 95
2993 523
2994 498
2995 77
2996 101
2997 890
2998 98
2999 846
3000 301
3001 533
3002 797
3003 96
3004 208
3005 793
3006 532
3007 88
3008 172
3009 197
3010 293
3011 86
3012 788
3013 497
3014 590
3015 16
3016 174
3017 977
3018 268
3019 309
3020 830
3021 150
3022 974
3023 132
3024 251
3025 367
3026 468
3027 522
3028 531
3029 603
3030 562
3031 428
3032 792
3033 249
3034 945
3035 42
3036 405
3037 19
3038 659
3039 163
3040 726
3041 668
3042 410
3043 322
3044 354
3045 987
3046 251
3047 520
3048 841
3049 430
3050 915
3051 62
3052 354
3053 378
3054 654
3055 560
3056 373
3057 948
3058 791
3059 990
3060 157
3061 537
3062 518
3063 974
3064 96
3065 489
3066 44
3067 270
3068 47
3069 602
3070 417
3071 635
3072 315
3073 681
3074 392
3075 703
3076 448
3077 230
3078 494
3079 974
3080 983
3081 417
3082 981
3083 472
3084 185
3085 59
3086 419
3087 523
3088 813
3089 850
3090 9
3091 727
3092 898
3093 464
3094 547
3095 829
3096 644
3097 533
3098 256
3099 873
3100 748
3101 232
3102 655
3103 799
3104 36
3105 473
3106 158
3107 351
3108 297
3109 223
3110 459
3111 210
3112 297
3113 179
3114 805
3115 420
3116 673
3117 767
3118 557
3119 497
3120 485
3121 976
3122 125
3123 527
3124 715
3125 183
3126 193
3127 242
3128 632
3129 463
3130 437
3131 520
3132 799
3133 65
3134 372
3135 618
3136 793
3137 368
3138 710
3139 157
3140 674
3141 684
3142 795
3143 556
3144 795
3145 16
3146 939
3147 616
3148 249
3149 812