0 1
1 0
2 1
3 1
4 1
5 0
6 0
7 1
8 1
9 0
10 0
11 0
12 1
13 1
14 0
15 1
16 0
17 0
18 0
19 1
20 0
21 0
22 1
23 0
24 1
25 0
26 0
27 0
28 0
29 0
30 0
31 0
32 1
33 0
34 1
35 0
36 0
37 1
38 1
39 0
40 1
41 0
42 0
43 0
44 0
45 1
46 1
47 0
48 0
49 1
50 0
51 0
52 1
53 0
54 0
55 0
56 0
57 0
58 0
59 0
60 1
61 1
62 1
63 1
64 1
65 0
66 0
67 0
68 0
69 0
70 1
71 1
72 1
73 1
74 1
75 1
76 1
77 1
78 0
79 0
80 1
81 1
82 0
83 0
84 0
85 0
86 0
87 0
88 1
89 1
90 1
91 0
92 1
93 1
94 1
95 0
96 1
97 0
98 0
99 0
100 0
101 1
102 0
103 1
104 1
105 0
106 0
107 1
108 1
109 0
110 0
111 1
112 1
113 0
114 1
115 0
116 1
117 1
118 0
119 1
120 0
121 0
122 1
123 1
124 1
125 0
126 1
127 0
128 1
129 1
130 1
131 1
132 0
133 0
134 1
135 1
136 0
137 0
138 1
139 1
140 0
141 1
142 0
143 1
144 0
145 1
146 0
147 1
148 0
149 1
150 1
151 1
152 1
153 0
154 1
155 0
156 0
157 0
158 1
159 0
160 1
161 1
162 1
163 1
164 1
165 0
166 0
167 0
168 1
169 0
170 0
171 0
172 1
173 1
174 1
175 1
176 0
177 1
178 0
179 0
180 1
181 1
182 0
183 0
184 1
185 0
186 0
187 0
188 0
189 0
190 0
191 1
192 1
193 1
194 1
195 1
196 0
197 0
198 0
199 0
200 1
201 1
202 0
203 0
204 1
205 0
206 0
207 1
208 0
209 1
210 1
211 1
212 1
213 1
214 0
215 0
216 0
217 1
218 1
219 1
220 0
221 0
222 1
223 1
224 1
225 1
226 1
227 1
228 0
229 0
230 0
231 1
232 0
233 0
234 1
235 0
236 1
237 1
238 0
239 1
240 0
241 1
242 0
243 0
244 0
245 0
246 1
247 1
248 0
249 0
250 1
251 0
252 1
253 0
254 0
255 1
256 1
257 1
258 0
259 0
260 0
261 1
262 1
263 0
264 1
265 1
266 1
267 0
268 1
269 1
270 1
271 0
272 0
273 0
274 1
275 0
276 0
277 0
278 1
279 1
280 0
281 0
282 0
283 0
284 1
285 1
286 1
287 0
288 0
289 1
290 0
291 1
292 0
293 0
294 1
295 0
296 0
297 0
298 1
299 1
300 1
301 0
302 0
303 1
304 1
305 0
306 0
307 0
308 1
309 1
310 0
311 1
312 0
313 1
314 1
315 1
316 0
317 1
318 0
319 1
320 1
321 0
322 0
323 1
324 0
325 0
326 1
327 1
328 1
329 0
330 1
331 0
332 0
333 1
334 1
335 1
336 1
337 0
338 0
339 1
340 0
341 0
342 0
343 1
344 1
345 0
346 0
347 0
348 1
349 0
350 1
351 1
352 1
353 1
354 0
355 0
356 0
357 0
358 0
359 1
360 0
361 0
362 0
363 0
364 0
365 0
366 0
367 1
368 1
369 0
370 0
371 0
372 0
373 1
374 0
375 0
376 1
377 0
378 0
379 1
380 0
381 0
382 1
383 0
384 0
385 0
386 1
387 0
388 1
389 0
390 1
391 0
392 1
393 0
394 1
395 1
396 1
397 0
398 0
399 0
400 0
401 1
402 1
403 0
404 0
405 1
406 1
407 1
408 0
409 0
410 0
411 1
412 1
413 0
414 0
415 0
416 1
417 0
418 0
419 1
420 1
421 0
422 1
423 0
424 1
425 1
426 0
427 0
428 0
429 1
430 0
431 0
432 0
433 1
434 1
435 1
436 1
437 1
438 1
439 0
440 1
441 1
442 0
443 0
444 1
445 1
446 1
447 0
448 1
449 0
450 0
451 1
452 1
453 1
454 1
455 1
456 0
457 0
458 1
459 1
460 1
461 0
462 0
463 1
464 1
465 1
466 1
467 1
468 0
469 1
470 0
471 0
472 0
473 0
474 0
475 1
476 1
477 1
478 0
479 0
480 1
481 0
482 1
483 0
484 1
485 0
486 0
487 0
488 0
489 0
490 1
491 0
492 1
493 1
494 0
495 1
496 1
497 0
498 1
499 0
500 1
501 1
502 0
503 1
504 1
505 1
506 0
507 0
508 1
509 1
510 1
511 0
512 0
513 1
514 1
515 0
516 1
517 1
518 1
519 0
520 0
521 1
522 1
523 1
524 1
525 1
526 1
527 0
528 1
529 0
530 0
531 1
532 0
533 0
534 1
535 0
536 0
537 0
538 0
539 0
540 1
541 1
542 0
543 1
544 0
545 1
546 1
547 0
548 0
549 1
550 1
551 1
552 0
553 1
554 0
555 1
556 0
557 0
558 1
559 0
560 0
561 0
562 0
563 0
564 1
565 1
566 0
567 1
568 0
569 0
570 0
571 1
572 1
573 0
574 0
575 1
576 1
577 0
578 0
579 1
580 1
581 1
582 0
583 1
584 0
585 0
586 1
587 0
588 0
589 0
590 1
591 1
592 1
593 0
594 1
595 1
596 0
597 0
598 0
599 0
600 0
601 0
602 0
603 0
604 0
605 0
606 1
607 1
608 0
609 0
610 0
611 0
612 0
613 1
614 1
615 0
616 0
617 1
618 1
619 0
620 0
621 0
622 0
623 1
624 1
625 0
626 1
627 0
628 0
629 1
630 0
631 1
632 1
633 1
634 1
635 0
636 0
637 0
638 0
639 0
640 0
641 1
642 1
643 1
644 1
645 1
646 0
647 0
648 0
649 1
650 1
651 1
652 1
653 1
654 1
655 0
656 1
657 1
658 0
659 0
660 1
661 0
662 1
663 0
664 1
665 0
666 1
667 0
668 1
669 0
670 1
671 1
672 1
673 0
674 0
675 1
676 0
677 0
678 0
679 0
680 1
681 1
682 1
683 1
684 1
685 0
686 1
687 1
688 1
689 1
690 0
691 0
692 1
693 0
694 0
695 1
696 0
697 0
698 1
699 0
700 0
701 1
702 0
703 0
704 1
705 0
706 1
707 0
708 1
709 1
710 1
711 0
712 1
713 1
714 1
715 0
716 1
717 0
718 1
719 0
720 0
721 0
722 1
723 0
724 0
725 1
726 1
727 0
728 1
729 1
730 0
731 1
732 1
733 0
734 0
735 0
736 1
737 0
738 0
739 0
740 1
741 1
742 1
743 0
744 1
745 0
746 0
747 1
748 0
749 0
750 1
751 1
752 1
753 0
754 1
755 0
756 0
757 1
758 1
759 0
760 1
761 0
762 0
763 0
764 1
765 0
766 1
767 1
768 0
769 0
770 0
771 1
772 1
773 1
774 0
775 0
776 0
777 0
778 1
779 0
780 1
781 0
782 0
783 0
784 1
785 0
786 0
787 1
788 1
789 1
790 1
791 1
792 0
793 0
794 1
795 0
796 0
797 0
798 0
799 1
800 1
801 0
802 1
803 0
804 1
805 1
806 1
807 0
808 1
809 1
810 1
811 0
812 1
813 1
814 0
815 0
816 1
817 0
818 1
819 0
820 0
821 0
822 0
823 1
824 1
825 1
826 0
827 0
828 1
829 0
830 0
831 0
832 1
833 0
834 0
835 1
836 0
837 0
838 1
839 0
840 1
841 1
842 1
843 1
844 1
845 0
846 1
847 0
848 1
849 1
850 0
851 1
852 1
853 0
854 0
855 1
856 0
857 0
858 0
859 1
860 1
861 0
862 1
863 0
864 0
865 1
866 0
867 1
868 1
869 0
870 1
871 0
872 0
873 1
874 1
875 0
876 0
877 0
878 0
879 1
880 0
881 1
882 1
883 0
884 0
885 1
886 0
887 0
888 1
889 0
890 0
891 0
892 1
893 0
894 1
895 1
896 1
897 0
898 1
899 0
900 1
901 0
902 0
903 1
904 0
905 0
906 1
907 0
908 0
909 1
910 0
911 1
912 0
913 1
914 1
915 1
916 1
917 1
918 1
919 1
920 1
921 1
922 1
923 0
924 1
925 0
926 1
927 1
928 0
929 1
930 1
931 1
932 0
933 0
934 0
935 1
936 0
937 1
938 1
939 0
940 0
941 1
942 0
943 0
944 0
945 1
946 1
947 0
948 0
949 0
950 1
951 0
952 0
953 0
954 0
955 1
956 1
957 0
958 1
959 0
960 1
961 0
962 0
963 0
964 1
965 0
966 1
967 0
968 0
969 1
970 1
971 0
972 0
973 0
974 0
975 1
976 1
977 0
978 1
979 1
980 0
981 0
982 1
983 1
984 1
985 1
986 1
987 1
988 1
989 1
990 1
991 1
992 1
993 1
994 0
995 0
996 0
997 0
998 0
999 0
1000 0
1001 1
1002 0
1003 1
1004 1
1005 0
1006 0
1007 1
1008 0
1009 0
1010 0
1011 0
1012 0
1013 0
1014 1
1015 1
1016 0
1017 0
1018 1
1019 0
1020 0
1021 1
1022 0
1023 0
1024 0
1025 0
1026 1
1027 1
1028 0
1029 0
1030 1
1031 0
1032 1
1033 0
1034 1
1035 1
1036 1
1037 1
1038 1
1039 0
1040 0
1041 1
1042 1
1043 0
1044 1
1045 0
1046 1
1047 0
1048 1
1049 1
1050 1
1051 0
1052 1
1053 0
1054 1
1055 1
1056 1
1057 1
1058 1
1059 1
1060 1
1061 0
1062 1
1063 0
1064 1
1065 0
1066 1
1067 1
1068 1
1069 0
1070 1
1071 1
1072 1
1073 0
1074 0
1075 1
1076 1
1077 0
1078 0
1079 1
1080 0
1081 0
1082 0
1083 0
1084 0
1085 0
1086 1
1087 1
1088 0
1089 0
1090 1
1091 0
1092 1
1093 0
1094 1
1095 0
1096 1
1097 1
1098 0
1099 0
1100 0
1101 1
1102 0
1103 0
1104 1
1105 1
1106 1
1107 1
1108 0
1109 0
1110 0
1111 0
1112 0
1113 0
1114 1
1115 1
1116 1
1117 0
1118 1
1119 1
1120 1
1121 1
1122 0
1123 1
1124 0
1125 1
1126 1
1127 1
1128 1
1129 0
1130 1
1131 1
1132 0
1133 1
1134 1
1135 1
1136 0
1137 0
1138 0
1139 1
1140 0
1141 1
1142 1
1143 0
1144 1
1145 1
1146 1
1147 0
1148 0
1149 0
1150 0
1151 0
1152 0
1153 1
1154 0
1155 0
1156 1
1157 0
1158 1
1159 0
1160 0
1161 1
1162 1
1163 1
1164 1
1165 0
1166 0
1167 0
1168 1
1169 0
1170 1
1171 0
1172 1
1173 1
1174 1
1175 1
1176 1
1177 1
1178 0
1179 0
1180 1
1181 1
1182 0
1183 0
1184 1
1185 1
1186 0
1187 1
1188 0
1189 0
1190 0
1191 0
1192 1
1193 1
1194 0
1195 0
1196 1
1197 0
1198 0
1199 1
1200 1
1201 0
1202 1
1203 1
1204 0
1205 0
1206 0
1207 1
1208 1
1209 0
1210 0
1211 0
1212 0
1213 1
1214 0
1215 0
1216 0
1217 0
1218 0
1219 0
1220 0
1221 0
1222 0
1223 0
1224 1
1225 0
1226 0
1227 1
1228 0
1229 1
1230 0
1231 1
1232 0
1233 0
1234 0
1235 1
1236 0
1237 1
1238 1
1239 0
1240 1
1241 0
1242 0
1243 1
1244 1
1245 1
1246 1
1247 1
1248 1
1249 0
1250 0
1251 1
1252 0
1253 0
1254 0
1255 1
1256 0
1257 1
1258 1
1259 1
1260 0
1261 0
1262 1
1263 0
1264 0
1265 1
1266 0
1267 0
1268 0
1269 0
1270 0
1271 1
1272 0
1273 1
1274 1
1275 0
1276 0
1277 0
1278 1
1279 1
1280 1
1281 1
1282 0
1283 1
1284 0
1285 1
1286 1
1287 1
1288 0
1289 0
1290 1
1291 0
1292 0
1293 0
1294 1
1295 1
1296 1
1297 1
1298 0
1299 1
1300 0
1301 0
1302 0
1303 0
1304 1
1305 1
1306 1
1307 0
1308 1
1309 0
1310 1
1311 0
1312 1
1313 0
1314 0
1315 0
1316 0
1317 1
1318 1
1319 0
1320 0
1321 1
1322 1
1323 0
1324 0
1325 1
1326 1
1327 0
1328 1
1329 1
1330 0
1331 1
1332 0
1333 1
1334 1
1335 1
1336 0
1337 1
1338 0
1339 1
1340 0
1341 0
1342 0
1343 1
1344 1
1345 1
1346 1
1347 1
1348 0
1349 1
1350 0
1351 1
1352 0
1353 0
1354 1
1355 1
1356 0
1357 0
1358 0
1359 0
1360 0
1361 0
1362 1
1363 0
1364 0
1365 1
1366 1
1367 1
1368 1
1369 1
1370 0
1371 1
1372 1
1373 1
1374 1
1375 0
1376 0
1377 1
1378 1
1379 1
1380 1
1381 1
1382 1
1383 0
1384 0
1385 1
1386 0
1387 0
1388 1
1389 1
1390 0
1391 1
1392 0
1393 0
1394 0
1395 0
1396 1
1397 1
1398 1
1399 1
1400 1
1401 1
1402 1
1403 1
1404 1
1405 0
1406 1
1407 1
1408 0
1409 1
1410 1
1411 0
1412 1
1413 1
1414 1
1415 1
1416 1
1417 0
1418 0
1419 1
1420 0
1421 1
1422 0
1423 0
1424 0
1425 1
1426 0
1427 0
1428 1
1429 0
1430 0
1431 1
1432 1
1433 1
1434 1
1435 0
1436 0
1437 0
1438 1
1439 0
1440 1
1441 0
1442 0
1443 0
1444 1
1445 0
1446 1
1447 1
1448 1
1449 1
1450 1
1451 1
1452 0
1453 0
1454 0
1455 0
1456 0
1457 0
1458 0
1459 1
1460 1
1461 0
1462 1
1463 1
1464 1
1465 1
1466 1
1467 1
1468 0
1469 1
1470 0
1471 1
1472 1
1473 0
1474 0
1475 1
1476 1
1477 0
1478 1
1479 0
1480 0
1481 0
1482 1
1483 1
1484 1
1485 1
1486 1
1487 1
1488 0
1489 0
1490 1
1491 1
1492 0
1493 0
1494 1
1495 1
1496 0
1497 0
1498 0
1499 1
1500 1
1501 1
1502 0
1503 1
1504 0
1505 0
1506 0
1507 1
1508 0
1509 1
1510 0
1511 0
1512 0
1513 0
1514 1
1515 1
1516 1
1517 0
1518 0
1519 1
1520 1
1521 0
1522 0
1523 0
1524 1
1525 1
1526 1
1527 1
1528 0
1529 0
1530 0
1531 1
1532 1
1533 1
1534 0
1535 0
1536 1
1537 0
1538 0
1539 1
1540 0
1541 1
1542 1
1543 1
1544 0
1545 1
1546 1
1547 0
1548 1
1549 1
1550 1
1551 0
1552 1
1553 0
1554 1
1555 0
1556 0
1557 1
1558 0
1559 0
1560 0
1561 1
1562 1
1563 0
1564 1
1565 0
1566 1
1567 0
1568 1
1569 0
1570 0
1571 0
1572 1
1573 1
1574 1
1575 0
1576 1
1577 1
1578 1
1579 1
1580 0
1581 1
1582 1
1583 1
1584 1
1585 1
1586 0
1587 0
1588 1
1589 1
1590 0
1591 0
1592 1
1593 0
1594 1
1595 0
1596 0
1597 0
1598 0
1599 0
1600 1
1601 0
1602 1
1603 1
1604 0
1605 0
1606 0
1607 0
1608 0
1609 1
1610 1
1611 1
1612 0
1613 0
1614 0
1615 1
1616 0
1617 0
1618 1
1619 1
1620 1
1621 0
1622 1
1623 1
1624 0
1625 0
1626 1
1627 1
1628 0
1629 0
1630 0
1631 1
1632 1
1633 0
1634 0
1635 1
1636 0
1637 1
1638 0
1639 1
1640 1
1641 0
1642 1
1643 1
1644 1
1645 0
1646 0
1647 0
1648 1
1649 0
1650 0
1651 0
1652 0
1653 1
1654 1
1655 1
1656 0
1657 1
1658 1
1659 0
1660 0
1661 1
1662 0
1663 1
1664 1
1665 1
1666 0
1667 0
1668 1
1669 0
1670 1
1671 0
1672 0
1673 0
1674 1
1675 0
1676 0
1677 0
1678 0
1679 1
1680 1
1681 1
1682 0
1683 1
1684 1
1685 1
1686 1
1687 1
1688 1
1689 1
1690 0
1691 1
1692 0
1693 1
1694 1
1695 1
1696 0
1697 0
1698 0
1699 1
1700 0
1701 1
1702 1
1703 1
1704 1
1705 1
1706 1
1707 0
1708 1
1709 1
1710 0
1711 1
1712 0
1713 1
1714 0
1715 0
1716 0
1717 1
1718 1
1719 0
1720 1
1721 1
1722 1
1723 1
1724 0
1725 1
1726 1
1727 0
1728 0
1729 1
1730 0
1731 1
1732 0
1733 0
1734 1
1735 0
1736 0
1737 0
1738 0
1739 1
1740 0
1741 1
1742 0
1743 1
1744 1
1745 0
1746 1
1747 1
1748 1
1749 0
1750 1
1751 0
1752 1
1753 0
1754 1
1755 1
1756 0
1757 0
1758 0
1759 1
1760 0
1761 1
1762 1
1763 0
1764 1
1765 1
1766 0
1767 1
1768 0
1769 1
1770 0
1771 0
1772 1
1773 0
1774 0
1775 1
1776 1
1777 0
1778 1
1779 1
1780 1
1781 1
1782 0
1783 0
1784 0
1785 1
1786 0
1787 1
1788 0
1789 1
1790 1
1791 0
1792 0
1793 0
1794 1
1795 1
1796 1
1797 1
1798 0
1799 1