0 1
0 2
0 3
0 4
0 5
0 6
0 7
0 8
0 9
0 10
0 11
0 12
0 13
0 14
0 15
0 16
0 17
0 18
0 19
0 20
0 21
0 22
0 23
0 24
0 25
0 26
0 27
0 28
0 29
0 30
0 32
0 33
0 35
0 37
0 38
0 40
0 42
0 46
0 47
0 48
0 50
0 51
0 52
0 53
0 54
0 59
0 63
0 64
0 65
0 67
0 69
0 70
0 71
0 74
0 76
0 80
0 81
0 83
0 86
0 87
0 88
0 93
0 94
0 99
0 106
0 107
0 108
0 109
0 114
0 116
0 117
0 120
0 123
0 133
0 138
0 140
0 143
0 144
0 145
0 149
0 151
0 153
0 154
0 155
0 159
0 162
0 164
0 165
0 168
0 170
0 172
0 180
0 181
0 188
0 194
0 203
0 205
0 207
0 214
0 221
0 225
0 227
0 243
0 246
0 253
0 254
0 264
0 266
0 269
0 296
0 298
0 312
0 316
0 317
0 319
0 331
0 332
0 349
0 364
0 365
0 368
0 370
0 375
0 378
0 381
0 388
0 394
0 397
0 418
0 421
0 435
0 443
0 451
0 458
0 463
0 464
0 471
0 479
0 484
0 494
0 499
0 502
0 505
0 507
0 522
0 523
0 528
0 533
0 540
0 554
0 556
0 575
0 578
0 580
0 599
0 613
0 621
0 626
0 628
0 641
0 651
0 658
0 664
0 665
0 666
0 669
0 670
0 671
0 673
0 680
0 684
0 687
0 691
0 692
0 696
0 699
0 704
0 707
0 709
0 716
0 720
0 721
0 726
0 728
0 730
0 738
0 746
0 756
0 759
0 773
0 777
0 779
1 18
1 19
1 20
1 24
1 25
1 27
1 28
1 30
1 31
1 39
1 40
1 46
1 50
1 58
1 63
1 64
1 66
1 68
1 69
1 70
1 71
1 72
1 78
1 88
1 89
1 92
1 124
1 137
1 151
1 155
1 162
1 172
1 174
1 182
1 226
1 232
1 284
1 292
1 293
1 332
1 358
1 360
1 392
1 424
1 491
1 501
1 510
1 511
1 515
1 524
1 556
1 568
1 576
1 588
1 643
1 659
1 663
1 702
1 747
1 749
1 763
1 765
1 780
1 790
1 792
2 18
2 19
2 20
2 21
2 22
2 25
2 26
2 30
2 31
2 35
2 38
2 42
2 45
2 46
2 48
2 49
2 53
2 63
2 65
2 71
2 75
2 77
2 88
2 99
2 123
2 134
2 136
2 137
2 140
2 142
2 146
2 150
2 155
2 175
2 178
2 192
2 206
2 208
2 213
2 215
2 220
2 230
2 242
2 246
2 247
2 250
2 253
2 257
2 262
2 264
2 282
2 290
2 300
2 303
2 304
2 337
2 338
2 348
2 349
2 363
2 380
2 416
2 419
2 425
2 435
2 461
2 469
2 471
2 479
2 497
2 514
2 516
2 545
2 549
2 560
2 575
2 587
2 588
2 589
2 625
2 639
2 664
2 679
2 684
2 688
2 689
2 706
2 727
2 752
2 753
2 767
2 789
3 18
3 19
3 20
3 21
3 22
3 23
3 24
3 25
3 27
3 28
3 29
3 32
3 33
3 35
3 37
3 38
3 57
3 59
3 61
3 66
3 68
3 69
3 83
3 85
3 86
3 87
3 91
3 100
3 104
3 108
3 114
3 120
3 136
3 143
3 144
3 197
3 198
3 203
3 216
3 219
3 221
3 229
3 232
3 258
3 262
3 263
3 264
3 268
3 271
3 316
3 317
3 389
3 413
3 414
3 419
3 444
3 464
3 473
3 484
3 553
3 566
3 576
3 585
3 620
3 634
3 652
3 671
3 672
3 706
3 788
3 796
3 798
4 18
4 19
4 20
4 21
4 22
4 23
4 24
4 25
4 26
4 28
4 30
4 33
4 34
4 35
4 36
4 37
4 38
4 41
4 46
4 47
4 48
4 49
4 52
4 65
4 77
4 81
4 85
4 86
4 91
4 92
4 103
4 110
4 114
4 125
4 130
4 131
4 146
4 147
4 160
4 168
4 169
4 170
4 176
4 183
4 184
4 187
4 189
4 190
4 203
4 210
4 216
4 221
4 239
4 245
4 253
4 261
4 265
4 266
4 268
4 282
4 288
4 290
4 297
4 309
4 316
4 317
4 324
4 328
4 343
4 347
4 357
4 371
4 372
4 376
4 386
4 403
4 406
4 407
4 424
4 427
4 429
4 449
4 450
4 464
4 477
4 504
4 513
4 517
4 518
4 533
4 534
4 544
4 553
4 563
4 564
4 578
4 580
4 585
4 608
4 609
4 613
4 631
4 639
4 641
4 652
4 663
4 669
4 690
4 692
4 708
4 720
4 730
4 740
4 741
4 743
4 749
4 757
4 758
4 777
4 794
5 18
5 19
5 20
5 21
5 26
5 27
5 29
5 30
5 31
5 34
5 38
5 39
5 40
5 44
5 49
5 54
5 59
5 60
5 68
5 116
5 129
5 137
5 141
5 159
5 178
5 180
5 184
5 211
5 261
5 266
5 305
5 325
5 333
5 348
5 374
5 415
5 438
5 441
5 445
5 451
5 477
5 495
5 514
5 535
5 543
5 556
5 558
5 565
5 573
5 598
5 629
5 676
5 677
5 695
5 704
5 707
5 712
5 769
5 776
5 785
5 791
6 18
6 19
6 20
6 21
6 22
6 23
6 25
6 27
6 29
6 30
6 31
6 32
6 33
6 34
6 38
6 39
6 55
6 63
6 82
6 85
6 100
6 104
6 109
6 119
6 120
6 137
6 138
6 143
6 146
6 151
6 153
6 154
6 159
6 168
6 183
6 185
6 204
6 207
6 208
6 209
6 212
6 223
6 243
6 248
6 254
6 261
6 270
6 286
6 339
6 360
6 373
6 413
6 418
6 423
6 431
6 448
6 468
6 503
6 504
6 513
6 516
6 533
6 590
6 604
6 605
6 607
6 608
6 616
6 649
6 675
6 682
6 709
6 710
6 712
6 715
6 729
6 793
6 798
7 18
7 19
7 21
7 22
7 23
7 24
7 25
7 26
7 27
7 29
7 30
7 31
7 32
7 33
7 36
7 37
7 39
7 40
7 42
7 43
7 44
7 46
7 47
7 49
7 52
7 53
7 55
7 58
7 59
7 62
7 65
7 68
7 75
7 78
7 81
7 83
7 85
7 87
7 100
7 101
7 111
7 114
7 117
7 122
7 125
7 132
7 137
7 140
7 141
7 154
7 162
7 174
7 178
7 179
7 187
7 190
7 191
7 201
7 206
7 207
7 215
7 231
7 233
7 246
7 256
7 268
7 278
7 282
7 285
7 295
7 297
7 299
7 306
7 311
7 329
7 330
7 331
7 334
7 345
7 349
7 352
7 354
7 359
7 363
7 365
7 371
7 372
7 379
7 387
7 392
7 430
7 432
7 437
7 446
7 451
7 480
7 493
7 502
7 509
7 521
7 535
7 575
7 585
7 600
7 605
7 618
7 644
7 650
7 651
7 658
7 663
7 672
7 674
7 675
7 699
7 714
7 734
7 744
7 778
7 780
7 784
8 18
8 20
8 21
8 22
8 23
8 28
8 29
8 30
8 34
8 40
8 44
8 47
8 52
8 59
8 64
8 68
8 72
8 79
8 80
8 83
8 93
8 102
8 107
8 113
8 114
8 119
8 133
8 136
8 143
8 147
8 153
8 213
8 219
8 239
8 304
8 320
8 334
8 339
8 359
8 370
8 378
8 379
8 397
8 402
8 430
8 469
8 485
8 504
8 537
8 538
8 562
8 585
8 598
8 639
8 655
8 696
8 700
8 701
8 725
8 736
8 776
8 789
9 18
9 19
9 20
9 22
9 24
9 34
9 35
9 39
9 47
9 55
9 56
9 58
9 60
9 61
9 65
9 68
9 83
9 84
9 118
9 119
9 139
9 147
9 158
9 161
9 168
9 173
9 197
9 211
9 232
9 284
9 307
9 352
9 384
9 385
9 400
9 412
9 429
9 440
9 442
9 488
9 489
9 625
9 636
9 648
9 783
10 18
10 19
10 20
10 21
10 22
10 24
10 25
10 27
10 28
10 35
10 36
10 41
10 42
10 43
10 47
10 52
10 53
10 55
10 57
10 66
10 76
10 77
10 99
10 114
10 129
10 139
10 141
10 151
10 154
10 175
10 185
10 188
10 196
10 216
10 222
10 231
10 265
10 274
10 293
10 313
10 317
10 328
10 362
10 379
10 411
10 441
10 462
10 472
10 489
10 514
10 541
10 629
10 633
10 649
10 684
10 724
10 729
10 741
10 747
10 775
11 18
11 19
11 21
11 25
11 29
11 30
11 31
11 32
11 38
11 47
11 48
11 62
11 71
11 73
11 74
11 75
11 79
11 88
11 96
11 102
11 105
11 109
11 112
11 119
11 124
11 125
11 136
11 139
11 148
11 177
11 202
11 203
11 214
11 217
11 225
11 237
11 267
11 278
11 295
11 308
11 310
11 319
11 320
11 345
11 357
11 360
11 362
11 377
11 410
11 433
11 447
11 457
11 479
11 526
11 535
11 567
11 573
11 594
11 622
11 637
11 667
11 677
11 699
11 703
11 720
11 735
11 755
11 779
11 783
12 18
12 19
12 20
12 21
12 22
12 23
12 24
12 26
12 31
12 32
12 34
12 35
12 37
12 49
12 51
12 55
12 58
12 59
12 76
12 84
12 92
12 96
12 103
12 126
12 146
12 147
12 148
12 155
12 166
12 184
12 200
12 243
12 308
12 332
12 362
12 388
12 428
12 434
12 456
12 459
12 463
12 504
12 508
12 514
12 518
12 525
12 527
12 528
12 533
12 535
12 558
12 559
12 583
12 615
12 668
12 703
12 704
12 706
12 743
12 766
12 771
12 785
12 788
12 797
13 18
13 19
13 20
13 21
13 23
13 24
13 26
13 27
13 29
13 36
13 38
13 42
13 49
13 50
13 61
13 64
13 65
13 73
13 74
13 76
13 93
13 98
13 105
13 106
13 112
13 113
13 115
13 118
13 123
13 134
13 135
13 139
13 170
13 177
13 178
13 180
13 209
13 210
13 211
13 212
13 218
13 231
13 246
13 259
13 269
13 270
13 273
13 282
13 284
13 287
13 305
13 311
13 323
13 347
13 355
13 362
13 364
13 375
13 395
13 402
13 421
13 427
13 492
13 508
13 524
13 542
13 551
13 584
13 602
13 620
13 627
13 647
13 648
13 658
13 660
13 688
13 689
13 695
13 729
13 753
13 761
13 770
14 18
14 19
14 20
14 21
14 22
14 23
14 24
14 26
14 28
14 29
14 31
14 36
14 38
14 39
14 40
14 41
14 44
14 45
14 46
14 49
14 52
14 54
14 56
14 61
14 67
14 71
14 73
14 77
14 86
14 87
14 88
14 90
14 91
14 95
14 97
14 103
14 104
14 107
14 123
14 133
14 137
14 148
14 161
14 163
14 175
14 176
14 194
14 203
14 206
14 216
14 224
14 227
14 229
14 233
14 237
14 239
14 240
14 255
14 259
14 260
14 263
14 265
14 274
14 277
14 286
14 295
14 297
14 308
14 311
14 316
14 358
14 367
14 390
14 399
14 419
14 480
14 491
14 512
14 533
14 538
14 549
14 557
14 563
14 586
14 604
14 650
14 675
14 691
14 693
14 730
14 739
14 783
14 789
14 792
15 18
15 19
15 20
15 22
15 23
15 24
15 25
15 26
15 27
15 33
15 35
15 39
15 40
15 44
15 45
15 47
15 50
15 56
15 57
15 68
15 69
15 70
15 77
15 80
15 91
15 93
15 102
15 108
15 111
15 120
15 126
15 134
15 156
15 161
15 164
15 173
15 176
15 191
15 198
15 213
15 214
15 225
15 229
15 240
15 250
15 255
15 260
15 269
15 276
15 278
15 281
15 283
15 301
15 313
15 321
15 324
15 329
15 335
15 344
15 355
15 364
15 370
15 372
15 386
15 401
15 405
15 422
15 433
15 442
15 468
15 478
15 491
15 495
15 504
15 520
15 540
15 542
15 556
15 566
15 571
15 575
15 586
15 595
15 598
15 619
15 623
15 626
15 627
15 639
15 644
15 698
15 745
15 751
15 761
15 769
15 783
15 793
15 798
16 18
16 19
16 20
16 21
16 22
16 23
16 25
16 26
16 28
16 31
16 32
16 37
16 39
16 45
16 51
16 53
16 54
16 57
16 60
16 61
16 62
16 76
16 78
16 80
16 82
16 83
16 85
16 95
16 97
16 99
16 102
16 113
16 116
16 119
16 120
16 129
16 130
16 153
16 160
16 162
16 163
16 171
16 172
16 181
16 186
16 191
16 195
16 211
16 212
16 222
16 246
16 249
16 264
16 270
16 281
16 303
16 309
16 319
16 338
16 353
16 365
16 369
16 382
16 389
16 392
16 394
16 424
16 440
16 445
16 458
16 475
16 488
16 494
16 496
16 518
16 524
16 536
16 547
16 551
16 594
16 603
16 634
16 638
16 669
16 674
16 679
16 685
16 700
16 713
16 756
16 758
16 766
16 769
16 780
16 794
16 795
16 799
17 23
17 80
17 112
17 143
17 147
17 164
17 219
17 276
17 283
17 363
17 444
17 498
17 562
17 600
18 19
18 20
18 21
18 22
18 23
18 24
18 25
18 26
18 27
18 28
18 29
18 30
18 32
18 33
18 34
18 35
18 36
18 38
18 40
18 41
18 42
18 44
18 45
18 46
18 48
18 49
18 51
18 52
18 53
18 54
18 55
18 58
18 60
18 63
18 65
18 69
18 70
18 72
18 73
18 74
18 75
18 76
18 77
18 80
18 81
18 85
18 89
18 93
18 96
18 101
18 105
18 107
18 114
18 120
18 130
18 131
18 134
18 135
18 143
18 147
18 156
18 159
18 161
18 163
18 170
18 171
18 176
18 178
18 182
18 189
18 194
18 196
18 199
18 209
18 219
18 230
18 232
18 235
18 244
18 246
18 248
18 254
18 257
18 258
18 261
18 267
18 273
18 276
18 284
18 288
18 295
18 298
18 318
18 336
18 339
18 341
18 342
18 349
18 350
18 351
18 368
18 370
18 371
18 374
18 376
18 380
18 384
18 385
18 402
18 404
18 406
18 410
18 415
18 418
18 421
18 424
18 426
18 443
18 454
18 457
18 462
18 464
18 471
18 473
18 480
18 481
18 484
18 485
18 489
18 496
18 502
18 508
18 513
18 521
18 522
18 528
18 531
18 555
18 558
18 566
18 567
18 573
18 587
18 592
18 611
18 619
18 625
18 635
18 649
18 652
18 672
18 673
18 678
18 683
18 686
18 692
18 693
18 712
18 716
18 721
18 728
18 729
18 740
18 746
18 754
18 758
18 765
18 768
18 777
19 20
19 21
19 22
19 23
19 24
19 26
19 27
19 28
19 29
19 30
19 31
19 32
19 33
19 34
19 36
19 38
19 41
19 43
19 45
19 46
19 51
19 52
19 53
19 57
19 59
19 66
19 67
19 71
19 78
19 81
19 82
19 85
19 89
19 93
19 99
19 103
19 107
19 112
19 115
19 117
19 128
19 131
19 133
19 138
19 139
19 152
19 156
19 166
19 169
19 175
19 184
19 186
19 188
19 190
19 193
19 196
19 212
19 225
19 241
19 242
19 243
19 250
19 267
19 275
19 276
19 287
19 304
19 308
19 313
19 317
19 324
19 344
19 351
19 352
19 355
19 367
19 383
19 385
19 388
19 408
19 411
19 414
19 432
19 448
19 452
19 458
19 472
19 473
19 499
19 504
19 507
19 516
19 519
19 527
19 529
19 543
19 563
19 565
19 579
19 582
19 595
19 626
19 676
19 683
19 687
19 692
19 708
19 711
19 746
19 777
19 780
20 21
20 22
20 23
20 24
20 25
20 26
20 27
20 28
20 30
20 31
20 32
20 33
20 34
20 35
20 39
20 40
20 41
20 43
20 47
20 48
20 49
20 51
20 53
20 55
20 60
20 66
20 67
20 70
20 73
20 79
20 80
20 82
20 84
20 87
20 88
20 89
20 97
20 98
20 100
20 102
20 103
20 104
20 108
20 109
20 122
20 125
20 131
20 136
20 145
20 149
20 156
20 160
20 161
20 173
20 176
20 181
20 182
20 198
20 203
20 205
20 206
20 207
20 209
20 210
20 211
20 212
20 213
20 215
20 216
20 220
20 223
20 224
20 226
20 227
20 229
20 234
20 238
20 239
20 243
20 245
20 246
20 249
20 260
20 263
20 268
20 273
20 274
20 278
20 289
20 295
20 311
20 323
20 328
20 330
20 334
20 336
20 337
20 346
20 352
20 357
20 362
20 365
20 366
20 369
20 378
20 382
20 409
20 425
20 427
20 432
20 458
20 482
20 484
20 500
20 510
20 520
20 529
20 561
20 562
20 563
20 570
20 575
20 576
20 590
20 600
20 611
20 620
20 625
20 629
20 632
20 636
20 641
20 642
20 649
20 659
20 666
20 677
20 688
20 689
20 693
20 695
20 697
20 705
20 718
20 724
20 728
20 748
20 762
20 764
20 766
20 774
20 778
20 794
20 797
20 799
21 22
21 23
21 24
21 25
21 26
21 29
21 30
21 33
21 36
21 41
21 42
21 43
21 44
21 52
21 53
21 60
21 65
21 67
21 70
21 75
21 84
21 87
21 88
21 96
21 98
21 102
21 109
21 111
21 125
21 144
21 147
21 151
21 158
21 161
21 167
21 169
21 173
21 174
21 178
21 179
21 180
21 183
21 184
21 187
21 196
21 199
21 218
21 222
21 249
21 252
21 256
21 259
21 262
21 273
21 289
21 296
21 299
21 300
21 310
21 316
21 321
21 334
21 336
21 347
21 348
21 349
21 350
21 357
21 371
21 372
21 381
21 382
21 396
21 399
21 401
21 405
21 410
21 412
21 428
21 430
21 434
21 437
21 444
21 445
21 462
21 501
21 522
21 539
21 545
21 570
21 589
21 596
21 602
21 627
21 636
21 637
21 651
21 663
21 673
21 681
21 716
21 718
21 719
21 730
21 731
21 764
21 780
21 781
22 23
22 24
22 25
22 26
22 27
22 28
22 29
22 30
22 32
22 33
22 34
22 35
22 36
22 37
22 39
22 42
22 44
22 46
22 49
22 50
22 54
22 56
22 57
22 59
22 60
22 61
22 62
22 63
22 68
22 69
22 71
22 72
22 75
22 77
22 79
22 81
22 84
22 86
22 90
22 94
22 95
22 99
22 101
22 102
22 103
22 106
22 110
22 118
22 119
22 127
22 128
22 131
22 132
22 137
22 141
22 142
22 144
22 147
22 152
22 158
22 168
22 175
22 176
22 177
22 179
22 183
22 185
22 191
22 193
22 194
22 195
22 196
22 197
22 198
22 201
22 207
22 224
22 229
22 231
22 236
22 240
22 241
22 243
22 247
22 250
22 262
22 273
22 276
22 279
22 281
22 293
22 295
22 296
22 298
22 301
22 302
22 318
22 333
22 335
22 340
22 341
22 342
22 345
22 349
22 354
22 355
22 356
22 359
22 362
22 366
22 372
22 376
22 382
22 384
22 405
22 407
22 410
22 428
22 457
22 459
22 460
22 467
22 470
22 485
22 487
22 490
22 498
22 529
22 531
22 532
22 534
22 536
22 541
22 554
22 555
22 561
22 570
22 571
22 579
22 583
22 584
22 586
22 610
22 618
22 622
22 634
22 636
22 638
22 640
22 642
22 649
22 654
22 664
22 668
22 672
22 678
22 683
22 688
22 697
22 699
22 703
22 722
22 729
22 733
22 767
22 772
22 781
22 783
22 798
23 24
23 25
23 26
23 27
23 28
23 31
23 32
23 34
23 35
23 36
23 37
23 39
23 43
23 44
23 45
23 48
23 50
23 51
23 54
23 56
23 57
23 58
23 59
23 62
23 70
23 71
23 75
23 79
23 80
23 83
23 85
23 86
23 87
23 90
23 95
23 98
23 99
23 106
23 116
23 126
23 130
23 131
23 132
23 133
23 134
23 135
23 160
23 161
23 162
23 170
23 183
23 189
23 190
23 192
23 196
23 200
23 205
23 223
23 247
23 248
23 253
23 262
23 277
23 284
23 286
23 288
23 296
23 298
23 307
23 309
23 319
23 330
23 339
23 346
23 360
23 391
23 421
23 425
23 426
23 435
23 436
23 439
23 444
23 455
23 456
23 462
23 483
23 508
23 512
23 522
23 527
23 538
23 540
23 542
23 545
23 559
23 603
23 607
23 608
23 620
23 622
23 676
23 685
23 690
23 726
23 729
23 731
23 743
23 755
24 25
24 26
24 27
24 28
24 29
24 30
24 31
24 32
24 36
24 37
24 39
24 40
24 41
24 43
24 45
24 46
24 48
24 49
24 51
24 57
24 58
24 69
24 70
24 71
24 73
24 74
24 78
24 84
24 86
24 87
24 92
24 93
24 95
24 100
24 103
24 105
24 108
24 120
24 121
24 122
24 125
24 126
24 129
24 133
24 134
24 136
24 140
24 145
24 146
24 150
24 154
24 164
24 167
24 169
24 170
24 175
24 204
24 211
24 213
24 215
24 219
24 229
24 231
24 233
24 234
24 238
24 242
24 244
24 250
24 251
24 258
24 263
24 265
24 266
24 271
24 274
24 286
24 293
24 296
24 302
24 303
24 307
24 310
24 312
24 314
24 317
24 326
24 362
24 363
24 365
24 370
24 371
24 374
24 377
24 378
24 398
24 402
24 424
24 429
24 439
24 459
24 474
24 477
24 495
24 497
24 509
24 517
24 539
24 547
24 551
24 553
24 557
24 569
24 573
24 596
24 598
24 599
24 604
24 609
24 618
24 631
24 632
24 646
24 650
24 661
24 700
24 727
24 739
24 742
24 768
24 778
25 27
25 28
25 29
25 30
25 33
25 36
25 37
25 38
25 41
25 42
25 44
25 46
25 47
25 48
25 51
25 53
25 58
25 59
25 63
25 64
25 71
25 72
25 75
25 78
25 82
25 84
25 85
25 87
25 91
25 92
25 96
25 97
25 99
25 108
25 111
25 119
25 130
25 133
25 136
25 140
25 141
25 146
25 167
25 170
25 173
25 174
25 175
25 176
25 180
25 194
25 200
25 202
25 210
25 211
25 218
25 229
25 231
25 237
25 258
25 274
25 275
25 280
25 286
25 287
25 288
25 301
25 304
25 305
25 314
25 323
25 329
25 341
25 363
25 368
25 389
25 390
25 391
25 394
25 407
25 428
25 430
25 432
25 455
25 475
25 480
25 484
25 491
25 497
25 507
25 510
25 518
25 528
25 533
25 555
25 559
25 563
25 567
25 569
25 577
25 593
25 594
25 599
25 603
25 604
25 608
25 638
25 645
25 658
25 660
25 672
25 677
25 699
25 723
25 726
25 727
25 730
25 737
25 742
25 745
25 757
25 764
25 777
25 779
26 27
26 28
26 29
26 31
26 32
26 35
26 36
26 37
26 38
26 40
26 41
26 42
26 45
26 46
26 47
26 49
26 51
26 53
26 56
26 63
26 67
26 69
26 73
26 76
26 80
26 82
26 83
26 84
26 88
26 94
26 97
26 106
26 110
26 111
26 112
26 117
26 118
26 119
26 121
26 124
26 133
26 134
26 135
26 142
26 144
26 146
26 147
26 149
26 151
26 154
26 155
26 156
26 164
26 174
26 180
26 184
26 187
26 190
26 194
26 196
26 202
26 203
26 205
26 206
26 210
26 215
26 218
26 220
26 221
26 230
26 237
26 255
26 262
26 271
26 272
26 278
26 300
26 303
26 305
26 311
26 315
26 323
26 326
26 327
26 331
26 333
26 342
26 350
26 352
26 354
26 374
26 383
26 392
26 400
26 401
26 404
26 406
26 413
26 415
26 428
26 437
26 438
26 445
26 458
26 461
26 462
26 470
26 494
26 500
26 530
26 532
26 542
26 544
26 571
26 583
26 584
26 603
26 611
26 648
26 650
26 659
26 666
26 693
26 701
26 705
26 722
26 727
26 732
26 735
26 752
26 765
26 775
26 783
26 786
26 793
27 28
27 31
27 33
27 34
27 35
27 36
27 37
27 38
27 41
27 43
27 45
27 46
27 50
27 52
27 53
27 55
27 57
27 58
27 61
27 63
27 64
27 66
27 67
27 71
27 73
27 76
27 79
27 89
27 90
27 93
27 99
27 103
27 112
27 113
27 118
27 122
27 131
27 148
27 150
27 165
27 170
27 178
27 183
27 190
27 193
27 195
27 205
27 213
27 214
27 227
27 229
27 233
27 236
27 240
27 242
27 252
27 259
27 266
27 278
27 281
27 290
27 308
27 309
27 310
27 311
27 312
27 314
27 320
27 325
27 332
27 333
27 336
27 337
27 342
27 345
27 350
27 351
27 359
27 371
27 385
27 395
27 396
27 411
27 413
27 419
27 424
27 425
27 432
27 435
27 437
27 446
27 462
27 463
27 477
27 478
27 483
27 492
27 498
27 499
27 514
27 521
27 522
27 529
27 560
27 565
27 568
27 571
27 577
27 578
27 579
27 619
27 631
27 664
27 675
27 685
27 694
27 702
27 704
27 711
27 742
27 762
27 766
28 29
28 31
28 32
28 33
28 34
28 35
28 40
28 42
28 43
28 45
28 48
28 56
28 57
28 61
28 65
28 68
28 70
28 71
28 78
28 79
28 86
28 90
28 92
28 97
28 98
28 108
28 109
28 110
28 117
28 130
28 132
28 135
28 136
28 139
28 144
28 145
28 152
28 159
28 161
28 166
28 174
28 175
28 191
28 193
28 198
28 201
28 219
28 223
28 225
28 237
28 253
28 255
28 278
28 286
28 295
28 305
28 310
28 311
28 314
28 320
28 332
28 334
28 337
28 347
28 350
28 352
28 353
28 357
28 365
28 381
28 392
28 418
28 427
28 476
28 477
28 516
28 554
28 565
28 582
28 583
28 616
28 629
28 638
28 653
28 657
28 663
28 664
28 681
28 684
28 784
28 798
29 30
29 31
29 33
29 34
29 36
29 38
29 40
29 42
29 44
29 48
29 56
29 57
29 58
29 61
29 66
29 73
29 79
29 85
29 87
29 88
29 90
29 103
29 107
29 115
29 123
29 135
29 138
29 142
29 144
29 145
29 147
29 158
29 163
29 164
29 183
29 209
29 217
29 218
29 220
29 239
29 247
29 268
29 279
29 284
29 301
29 306
29 316
29 318
29 322
29 324
29 339
29 370
29 371
29 372
29 374
29 383
29 389
29 403
29 409
29 411
29 434
29 446
29 465
29 466
29 467
29 504
29 517
29 522
29 526
29 531
29 532
29 555
29 558
29 577
29 578
29 581
29 582
29 592
29 600
29 605
29 609
29 613
29 614
29 620
29 623
29 624
29 628
29 629
29 634
29 645
29 651
29 652
29 662
29 676
29 699
29 703
29 705
29 718
29 754
29 777
30 32
30 33
30 34
30 35
30 37
30 41
30 42
30 43
30 44
30 45
30 49
30 50
30 53
30 54
30 55
30 56
30 59
30 61
30 63
30 64
30 65
30 69
30 73
30 74
30 82
30 84
30 92
30 95
30 96
30 97
30 105
30 120
30 122
30 123
30 128
30 129
30 132
30 133
30 137
30 141
30 151
30 153
30 155
30 157
30 158
30 160
30 166
30 171
30 173
30 176
30 182
30 187
30 189
30 191
30 193
30 194
30 201
30 207
30 213
30 217
30 226
30 246
30 250
30 251
30 255
30 288
30 294
30 297
30 299
30 303
30 307
30 313
30 316
30 329
30 335
30 336
30 341
30 347
30 348
30 355
30 358
30 359
30 369
30 395
30 423
30 430
30 453
30 455
30 460
30 475
30 479
30 481
30 490
30 492
30 494
30 505
30 515
30 526
30 529
30 546
30 548
30 553
30 557
30 566
30 581
30 626
30 627
30 628
30 639
30 648
30 694
30 700
30 723
30 724
30 730
30 736
30 753
30 761
30 768
30 770
30 772
31 32
31 34
31 36
31 39
31 40
31 41
31 42
31 43
31 45
31 48
31 49
31 51
31 54
31 55
31 57
31 60
31 61
31 62
31 64
31 66
31 67
31 68
31 74
31 81
31 83
31 87
31 88
31 89
31 90
31 91
31 93
31 96
31 100
31 103
31 108
31 110
31 115
31 116
31 117
31 119
31 123
31 134
31 135
31 159
31 171
31 175
31 186
31 191
31 192
31 201
31 204
31 208
31 217
31 220
31 222
31 241
31 242
31 253
31 254
31 257
31 263
31 273
31 277
31 298
31 312
31 318
31 319
31 321
31 346
31 371
31 378
31 379
31 387
31 391
31 394
31 395
31 397
31 398
31 400
31 402
31 410
31 422
31 428
31 434
31 435
31 438
31 444
31 462
31 465
31 472
31 481
31 484
31 492
31 505
31 525
31 542
31 543
31 549
31 597
31 598
31 607
31 623
31 654
31 656
31 665
31 668
31 669
31 681
31 682
31 686
31 690
31 692
31 697
31 702
31 706
31 720
31 721
31 731
31 740
31 747
31 765
31 769
31 797
32 33
32 34
32 35
32 37
32 39
32 42
32 44
32 45
32 46
32 47
32 48
32 52
32 66
32 70
32 72
32 78
32 81
32 85
32 89
32 94
32 96
32 111
32 113
32 123
32 129
32 133
32 142
32 146
32 148
32 152
32 153
32 158
32 163
32 167
32 176
32 189
32 193
32 195
32 198
32 210
32 213
32 217
32 219
32 230
32 249
32 279
32 280
32 291
32 292
32 300
32 322
32 341
32 344
32 394
32 409
32 412
32 414
32 426
32 435
32 441
32 456
32 463
32 482
32 483
32 504
32 506
32 509
32 523
32 530
32 531
32 536
32 549
32 555
32 570
32 580
32 589
32 608
32 619
32 650
32 668
32 692
32 704
32 724
32 747
32 753
32 761
32 766
32 780
33 36
33 37
33 38
33 43
33 48
33 50
33 51
33 58
33 59
33 68
33 69
33 80
33 81
33 90
33 92
33 99
33 110
33 112
33 114
33 117
33 125
33 140
33 141
33 144
33 145
33 148
33 150
33 156
33 163
33 165
33 196
33 202
33 205
33 215
33 216
33 218
33 224
33 226
33 242
33 247
33 249
33 265
33 279
33 308
33 310
33 324
33 329
33 330
33 361
33 383
33 391
33 412
33 413
33 425
33 434
33 449
33 458
33 486
33 502
33 503
33 548
33 561
33 587
33 613
33 619
33 629
33 637
33 663
33 688
33 700
33 710
33 712
33 716
33 744
33 753
33 765
33 767
34 39
34 41
34 44
34 47
34 49
34 54
34 57
34 59
34 71
34 72
34 75
34 76
34 77
34 80
34 81
34 84
34 87
34 88
34 90
34 91
34 92
34 94
34 99
34 100
34 101
34 105
34 108
34 111
34 114
34 120
34 121
34 123
34 125
34 127
34 129
34 140
34 141
34 144
34 145
34 151
34 153
34 155
34 158
34 165
34 167
34 169
34 174
34 175
34 176
34 179
34 180
34 182
34 189
34 197
34 205
34 208
34 209
34 217
34 224
34 229
34 233
34 236
34 238
34 239
34 244
34 272
34 274
34 277
34 289
34 300
34 312
34 319
34 322
34 328
34 330
34 331
34 333
34 337
34 353
34 358
34 369
34 378
34 384
34 385
34 441
34 454
34 466
34 467
34 472
34 476
34 477
34 483
34 497
34 525
34 536
34 539
34 551
34 552
34 560
34 576
34 582
34 587
34 607
34 613
34 621
34 628
34 631
34 633
34 642
34 655
34 663
34 670
34 697
34 698
34 715
34 720
34 786
34 796
34 797
35 37
35 38
35 40
35 43
35 44
35 47
35 53
35 56
35 59
35 63
35 64
35 69
35 75
35 77
35 80
35 85
35 90
35 91
35 93
35 98
35 105
35 115
35 121
35 124
35 129
35 132
35 134
35 139
35 140
35 143
35 145
35 150
35 152
35 154
35 158
35 159
35 165
35 167
35 169
35 173
35 183
35 184
35 188
35 191
35 196
35 198
35 209
35 219
35 242
35 251
35 255
35 256
35 262
35 277
35 278
35 283
35 287
35 295
35 298
35 326
35 342
35 343
35 344
35 347
35 349
35 355
35 356
35 367
35 389
35 391
35 400
35 410
35 429
35 433
35 441
35 453
35 468
35 475
35 480
35 495
35 510
35 519
35 531
35 546
35 559
35 567
35 595
35 601
35 612
35 636
35 642
35 644
35 649
35 657
35 689
35 691
35 717
35 719
35 724
35 737
35 754
35 797
36 37
36 39
36 40
36 41
36 43
36 50
36 51
36 52
36 54
36 55
36 56
36 57
36 58
36 60
36 61
36 62
36 68
36 72
36 75
36 78
36 80
36 83
36 89
36 98
36 100
36 101
36 106
36 111
36 121
36 124
36 128
36 130
36 134
36 138
36 139
36 140
36 156
36 159
36 160
36 162
36 177
36 183
36 187
36 188
36 192
36 195
36 203
36 204
36 207
36 218
36 224
36 246
36 255
36 263
36 264
36 265
36 273
36 275
36 281
36 282
36 289
36 306
36 316
36 321
36 328
36 329
36 330
36 343
36 344
36 351
36 386
36 403
36 405
36 408
36 450
36 459
36 460
36 465
36 473
36 475
36 483
36 485
36 491
36 514
36 526
36 573
36 581
36 584
36 602
36 604
36 608
36 621
36 631
36 636
36 639
36 658
36 667
36 673
36 676
36 682
36 691
36 711
36 722
36 725
36 738
36 743
37 39
37 41
37 42
37 43
37 49
37 55
37 56
37 60
37 61
37 64
37 67
37 70
37 72
37 78
37 80
37 88
37 91
37 95
37 96
37 100
37 112
37 120
37 124
37 125
37 130
37 138
37 144
37 148
37 152
37 153
37 157
37 158
37 162
37 170
37 171
37 173
37 174
37 176
37 187
37 194
37 197
37 205
37 212
37 220
37 232
37 247
37 248
37 249
37 251
37 256
37 263
37 267
37 287
37 291
37 302
37 326
37 334
37 335
37 366
37 377
37 380
37 386
37 392
37 393
37 398
37 404
37 410
37 413
37 448
37 461
37 463
37 465
37 480
37 511
37 527
37 535
37 550
37 555
37 568
37 573
37 604
37 613
37 622
37 652
37 686
37 721
37 756
37 776
37 794
38 41
38 43
38 45
38 50
38 53
38 57
38 58
38 59
38 62
38 68
38 69
38 70
38 73
38 77
38 81
38 87
38 94
38 102
38 110
38 111
38 116
38 119
38 123
38 132
38 146
38 150
38 153
38 155
38 157
38 159
38 166
38 176
38 188
38 190
38 192
38 196
38 203
38 214
38 219
38 225
38 228
38 247
38 267
38 268
38 274
38 300
38 315
38 317
38 326
38 327
38 332
38 345
38 346
38 350
38 354
38 359
38 360
38 383
38 397
38 400
38 401
38 424
38 440
38 446
38 448
38 449
38 476
38 479
38 486
38 493
38 500
38 505
38 522
38 525
38 533
38 552
38 556
38 564
38 566
38 579
38 585
38 591
38 607
38 621
38 628
38 656
38 679
38 681
38 704
38 710
38 734
38 771
38 781
38 795
39 40
39 44
39 50
39 53
39 54
39 60
39 61
39 62
39 65
39 68
39 72
39 82
39 92
39 94
39 97
39 106
39 115
39 122
39 129
39 132
39 135
39 137
39 138
39 143
39 146
39 151
39 154
39 159
39 168
39 169
39 179
39 201
39 204
39 206
39 216
39 219
39 224
39 225
39 229
39 236
39 239
39 241
39 252
39 257
39 259
39 267
39 278
39 324
39 327
39 333
39 342
39 353
39 355
39 358
39 378
39 383
39 395
39 397
39 406
39 429
39 457
39 481
39 515
39 523
39 539
39 549
39 551
39 564
39 571
39 582
39 593
39 604
39 606
39 627
39 628
39 631
39 648
39 657
39 658
39 664
39 680
39 712
39 725
39 730
39 742
39 756
39 784
40 46
40 47
40 54
40 62
40 65
40 66
40 73
40 74
40 78
40 79
40 82
40 86
40 89
40 100
40 102
40 103
40 108
40 111
40 118
40 123
40 127
40 143
40 145
40 150
40 163
40 165
40 167
40 172
40 180
40 194
40 217
40 251
40 252
40 267
40 268
40 270
40 271
40 292
40 302
40 304
40 308
40 313
40 317
40 329
40 338
40 367
40 381
40 382
40 393
40 394
40 400
40 401
40 444
40 448
40 472
40 474
40 481
40 493
40 510
40 527
40 570
40 603
40 605
40 607
40 637
40 677
40 719
40 735
40 744
40 757
40 762
40 770
41 42
41 43
41 44
41 46
41 50
41 52
41 54
41 55
41 62
41 65
41 66
41 70
41 72
41 73
41 75
41 77
41 79
41 83
41 84
41 85
41 87
41 89
41 90
41 95
41 101
41 104
41 109
41 110
41 115
41 118
41 136
41 137
41 138
41 139
41 140
41 153
41 163
41 164
41 169
41 174
41 178
41 179
41 181
41 186
41 197
41 201
41 214
41 216
41 233
41 248
41 256
41 260
41 263
41 275
41 277
41 285
41 286
41 289
41 290
41 293
41 294
41 307
41 311
41 346
41 362
41 363
41 377
41 382
41 395
41 397
41 405
41 421
41 432
41 438
41 451
41 452
41 465
41 470
41 471
41 473
41 479
41 501
41 508
41 538
41 543
41 548
41 565
41 574
41 576
41 595
41 608
41 618
41 625
41 631
41 661
41 666
41 705
41 716
41 739
41 741
41 743
41 755
41 770
41 786
41 787
41 792
41 797
42 47
42 48
42 50
42 55
42 60
42 62
42 75
42 80
42 83
42 92
42 113
42 115
42 116
42 118
42 124
42 130
42 134
42 164
42 171
42 177
42 189
42 193
42 214
42 215
42 226
42 246
42 256
42 269
42 283
42 298
42 315
42 322
42 324
42 325
42 345
42 377
42 410
42 415
42 416
42 469
42 473
42 516
42 527
42 542
42 553
42 555
42 580
42 584
42 617
42 618
42 653
42 685
42 798
43 45
43 46
43 47
43 56
43 66
43 77
43 81
43 84
43 88
43 90
43 91
43 95
43 100
43 101
43 107
43 115
43 116
43 136
43 137
43 141
43 142
43 151
43 154
43 156
43 161
43 164
43 174
43 194
43 196
43 201
43 204
43 206
43 207
43 209
43 220
43 225
43 226
43 232
43 243
43 244
43 250
43 266
43 269
43 277
43 280
43 289
43 296
43 297
43 306
43 309
43 329
43 330
43 335
43 388
43 392
43 412
43 417
43 427
43 432
43 437
43 457
43 477
43 486
43 487
43 489
43 502
43 526
43 537
43 538
43 565
43 572
43 573
43 595
43 610
43 623
43 628
43 640
43 651
43 668
43 684
43 756
43 775
43 779
43 792
44 45
44 50
44 51
44 52
44 67
44 69
44 71
44 74
44 77
44 83
44 88
44 90
44 91
44 100
44 108
44 114
44 115
44 120
44 124
44 131
44 134
44 149
44 162
44 165
44 167
44 170
44 185
44 187
44 200
44 202
44 206
44 210
44 221
44 222
44 236
44 245
44 250
44 272
44 273
44 274
44 279
44 284
44 293
44 297
44 302
44 318
44 319
44 331
44 332
44 346
44 353
44 354
44 364
44 386
44 394
44 398
44 404
44 411
44 418
44 419
44 425
44 427
44 438
44 455
44 467
44 478
44 488
44 500
44 507
44 511
44 512
44 517
44 520
44 530
44 534
44 537
44 541
44 564
44 583
44 591
44 613
44 649
44 667
44 678
44 699
44 706
44 707
44 719
44 762
44 763
44 776
45 48
45 49
45 50
45 54
45 56
45 59
45 60
45 62
45 67
45 74
45 86
45 91
45 97
45 100
45 103
45 107
45 112
45 131
45 135
45 139
45 149
45 152
45 168
45 169
45 180
45 191
45 197
45 212
45 222
45 225
45 231
45 234
45 241
45 254
45 258
45 271
45 273
45 287
45 296
45 303
45 307
45 321
45 335
45 369
45 372
45 383
45 393
45 398
45 409
45 417
45 420
45 426
45 445
45 449
45 455
45 463
45 478
45 487
45 509
45 550
45 587
45 592
45 630
45 633
45 660
45 676
45 683
45 685
45 687
45 702
45 722
45 723
45 733
45 744
45 751
45 764
45 767
45 771
45 791
46 50
46 51
46 54
46 61
46 62
46 65
46 66
46 73
46 76
46 81
46 83
46 92
46 108
46 110
46 112
46 113
46 115
46 116
46 122
46 128
46 157
46 160
46 169
46 187
46 211
46 221
46 228
46 231
46 233
46 234
46 236
46 239
46 253
46 264
46 271
46 273
46 275
46 284
46 290
46 302
46 306
46 345
46 347
46 356
46 359
46 365
46 370
46 373
46 393
46 408
46 429
46 430
46 432
46 433
46 447
46 450
46 464
46 473
46 512
46 515
46 518
46 522
46 528
46 547
46 553
46 568
46 599
46 631
46 638
46 640
46 660
46 671
46 738
46 743
46 761
46 784
46 785
47 48
47 52
47 68
47 76
47 78
47 86
47 93
47 96
47 97
47 99
47 100
47 121
47 122
47 124
47 204
47 214
47 218
47 228
47 241
47 243
47 246
47 248
47 269
47 271
47 272
47 291
47 294
47 301
47 307
47 319
47 355
47 389
47 406
47 409
47 449
47 463
47 470
47 482
47 488
47 490
47 587
47 621
47 640
47 646
47 695
47 720
47 759
48 51
48 52
48 58
48 64
48 67
48 69
48 70
48 82
48 86
48 89
48 92
48 96
48 98
48 113
48 117
48 123
48 124
48 126
48 129
48 137
48 144
48 151
48 161
48 169
48 173
48 176
48 177
48 195
48 199
48 202
48 203
48 220
48 230
48 236
48 237
48 256
48 262
48 268
48 269
48 272
48 277
48 279
48 298
48 307
48 308
48 313
48 322
48 333
48 334
48 342
48 348
48 361
48 374
48 388
48 389
48 392
48 395
48 430
48 449
48 453
48 456
48 458
48 462
48 466
48 475
48 484
48 507
48 511
48 548
48 549
48 564
48 568
48 586
48 632
48 634
48 644
48 652
48 666
48 693
48 698
48 705
48 715
48 729
48 742
48 760
48 770
48 775
48 794
49 55
49 56
49 59
49 64
49 65
49 66
49 68
49 89
49 91
49 94
49 97
49 101
49 107
49 111
49 121
49 124
49 125
49 130
49 131
49 134
49 162
49 166
49 198
49 204
49 208
49 216
49 225
49 227
49 235
49 241
49 246
49 254
49 257
49 270
49 388
49 399
49 415
49 422
49 458
49 463
49 472
49 477
49 484
49 485
49 494
49 505
49 551
49 581
49 606
49 609
49 662
49 694
49 707
49 729
49 731
49 758
49 764
49 773
50 51
50 55
50 56
50 64
50 76
50 78
50 93
50 94
50 98
50 107
50 113
50 119
50 127
50 141
50 157
50 160
50 164
50 167
50 177
50 181
50 183
50 184
50 187
50 190
50 217
50 223
50 242
50 245
50 250
50 261
50 269
50 316
50 318
50 338
50 362
50 386
50 408
50 421
50 452
50 453
50 482
50 488
50 489
50 509
50 560
50 569
50 647
50 653
50 671
50 696
50 707
50 722
50 743
50 751
50 752
50 758
51 52
51 55
51 58
51 60
51 62
51 63
51 67
51 72
51 81
51 86
51 92
51 95
51 96
51 98
51 99
51 108
51 110
51 114
51 116
51 117
51 124
51 129
51 131
51 142
51 145
51 148
51 197
51 200
51 209
51 215
51 225
51 231
51 235
51 236
51 237
51 263
51 265
51 267
51 268
51 273
51 284
51 299
51 311
51 339
51 344
51 353
51 366
51 377
51 410
51 417
51 426
51 428
51 429
51 437
51 443
51 444
51 455
51 461
51 501
51 518
51 534
51 593
51 607
51 657
51 712
51 719
51 739
51 750
51 771
51 779
51 786
51 795
52 53
52 54
52 57
52 58
52 61
52 63
52 69
52 71
52 74
52 76
52 78
52 79
52 87
52 91
52 96
52 97
52 103
52 104
52 105
52 121
52 122
52 125
52 127
52 132
52 165
52 171
52 178
52 181
52 183
52 194
52 200
52 202
52 206
52 243
52 292
52 302
52 314
52 344
52 392
52 397
52 404
52 431
52 433
52 457
52 460
52 461
52 490
52 515
52 559
52 562
52 605
52 633
52 640
52 642
52 674
52 694
52 729
52 739
52 742
52 772
52 793
53 56
53 57
53 60
53 63
53 64
53 67
53 75
53 77
53 93
53 103
53 110
53 113
53 126
53 130
53 131
53 135
53 141
53 152
53 173
53 178
53 186
53 195
53 201
53 208
53 215
53 217
53 218
53 226
53 237
53 262
53 264
53 267
53 292
53 327
53 329
53 383
53 399
53 424
53 431
53 456
53 466
53 503
53 519
53 533
53 588
53 590
53 591
53 604
53 614
53 662
53 664
53 679
53 683
53 708
53 726
53 790
54 58
54 63
54 66
54 72
54 73
54 74
54 103
54 105
54 106
54 127
54 128
54 132
54 136
54 141
54 166
54 171
54 188
54 207
54 213
54 216
54 228
54 235
54 238
54 241
54 260
54 276
54 280
54 295
54 322
54 354
54 370
54 430
54 435
54 450
54 454
54 478
54 493
54 506
54 509
54 541
54 555
54 566
54 649
54 654
54 680
54 715
54 732
54 737
54 767
54 792
55 60
55 62
55 63
55 98
55 99
55 111
55 118
55 126
55 133
55 134
55 137
55 140
55 150
55 172
55 177
55 182
55 185
55 186
55 189
55 190
55 193
55 198
55 199
55 218
55 234
55 287
55 303
55 305
55 307
55 315
55 318
55 327
55 360
55 404
55 406
55 453
55 454
55 460
55 468
55 521
55 522
55 528
55 548
55 597
55 614
55 626
55 664
55 667
55 688
55 710
55 720
55 721
55 732
55 765
56 61
56 63
56 64
56 69
56 72
56 74
56 76
56 78
56 91
56 94
56 102
56 111
56 114
56 115
56 122
56 133
56 157
56 161
56 177
56 178
56 188
56 199
56 201
56 204
56 205
56 209
56 211
56 221
56 230
56 233
56 234
56 235
56 238
56 242
56 268
56 272
56 279
56 295
56 303
56 314
56 321
56 323
56 324
56 358
56 367
56 384
56 412
56 431
56 432
56 453
56 467
56 482
56 492
56 503
56 505
56 511
56 520
56 542
56 561
56 574
56 602
56 611
56 616
56 639
56 646
56 661
56 682
56 695
56 702
56 707
56 717
56 759
56 762
56 768
56 772
56 792
57 60
57 67
57 68
57 74
57 79
57 80
57 83
57 93
57 95
57 101
57 102
57 114
57 127
57 136
57 144
57 146
57 149
57 155
57 169
57 172
57 210
57 226
57 234
57 240
57 267
57 283
57 285
57 296
57 323
57 377
57 382
57 387
57 405
57 411
57 420
57 489
57 508
57 537
57 554
57 567
57 642
57 657
57 672
57 679
57 680
57 699
57 711
58 65
58 67
58 73
58 79
58 82
58 94
58 96
58 102
58 122
58 132
58 139
58 142
58 153
58 159
58 160
58 169
58 173
58 181
58 212
58 216
58 228
58 234
58 242
58 248
58 255
58 265
58 269
58 270
58 305
58 340
58 351
58 433
58 451
58 483
58 501
58 530
58 535
58 572
58 577
58 614
58 615
58 619
58 643
58 683
58 691
58 697
58 703
58 711
58 736
58 776
59 67
59 72
59 75
59 77
59 85
59 102
59 106
59 111
59 138
59 141
59 152
59 186
59 234
59 237
59 245
59 292
59 336
59 350
59 363
59 368
59 395
59 408
59 426
59 428
59 434
59 448
59 483
59 487
59 521
59 525
59 532
59 536
59 560
59 575
59 607
59 609
59 618
59 624
59 652
59 660
59 662
59 667
59 690
59 691
60 70
60 71
60 75
60 81
60 86
60 89
60 90
60 104
60 108
60 119
60 142
60 157
60 172
60 189
60 201
60 202
60 237
60 249
60 251
60 255
60 258
60 293
60 301
60 302
60 310
60 315
60 331
60 343
60 347
60 356
60 370
60 373
60 397
60 414
60 422
60 454
60 466
60 467
60 468
60 487
60 491
60 507
60 517
60 532
60 541
60 561
60 564
60 567
60 572
60 583
60 623
60 633
60 667
60 696
60 713
60 717
60 755
61 62
61 64
61 74
61 84
61 95
61 100
61 104
61 105
61 118
61 120
61 124
61 149
61 150
61 156
61 180
61 204
61 206
61 216
61 231
61 255
61 263
61 272
61 292
61 300
61 310
61 325
61 354
61 358
61 360
61 366
61 384
61 457
61 498
61 513
61 564
61 579
61 592
61 593
61 615
61 770
62 65
62 70
62 90
62 111
62 121
62 127
62 147
62 149
62 162
62 165
62 175
62 189
62 209
62 215
62 220
62 223
62 259
62 350
62 367
62 372
62 375
62 419
62 421
62 440
62 442
62 471
62 515
62 516
62 555
62 586
62 594
62 606
62 607
62 619
62 633
62 639
62 768
62 773
62 794
63 64
63 66
63 90
63 101
63 106
63 109
63 114
63 115
63 126
63 127
63 130
63 131
63 160
63 174
63 177
63 249
63 282
63 287
63 295
63 302
63 311
63 316
63 332
63 333
63 336
63 339
63 340
63 345
63 352
63 354
63 387
63 393
63 398
63 426
63 431
63 476
63 507
63 509
63 513
63 562
63 577
63 594
63 611
63 617
63 634
63 674
63 678
63 721
63 733
63 734
63 766
64 66
64 72
64 74
64 76
64 110
64 118
64 125
64 127
64 133
64 154
64 160
64 163
64 172
64 179
64 181
64 191
64 193
64 198
64 207
64 211
64 217
64 261
64 263
64 276
64 281
64 290
64 310
64 314
64 328
64 340
64 382
64 386
64 393
64 442
64 455
64 456
64 458
64 473
64 482
64 483
64 494
64 497
64 538
64 561
64 597
64 615
64 616
64 619
64 621
64 644
64 683
64 684
64 690
64 709
64 713
64 722
64 726
64 753
64 755
64 767
64 769
65 69
65 70
65 71
65 73
65 89
65 99
65 100
65 106
65 116
65 125
65 129
65 147
65 162
65 170
65 178
65 186
65 195
65 196
65 197
65 235
65 256
65 263
65 323
65 329
65 355
65 367
65 382
65 412
65 413
65 441
65 458
65 486
65 496
65 530
65 552
65 554
65 612
65 632
65 645
65 664
65 678
65 689
65 713
65 721
65 732
65 787
65 794
66 79
66 93
66 95
66 107
66 112
66 116
66 126
66 128
66 129
66 138
66 139
66 148
66 149
66 155
66 157
66 158
66 168
66 184
66 185
66 191
66 192
66 196
66 198
66 206
66 210
66 213
66 244
66 247
66 261
66 277
66 286
66 291
66 303
66 304
66 313
66 329
66 352
66 361
66 363
66 376
66 378
66 379
66 381
66 389
66 424
66 428
66 461
66 547
66 552
66 574
66 575
66 588
66 623
66 629
66 641
66 665
66 689
66 701
66 724
66 782
67 74
67 88
67 104
67 112
67 126
67 127
67 131
67 143
67 151
67 168
67 213
67 215
67 224
67 233
67 253
67 272
67 277
67 301
67 303
67 315
67 319
67 323
67 335
67 354
67 388
67 389
67 413
67 435
67 438
67 470
67 488
67 501
67 512
67 519
67 582
67 714
67 716
67 758
68 77
68 78
68 89
68 90
68 97
68 104
68 122
68 135
68 160
68 161
68 172
68 179
68 182
68 183
68 186
68 200
68 208
68 216
68 221
68 222
68 235
68 259
68 280
68 291
68 298
68 320
68 321
68 332
68 354
68 373
68 420
68 421
68 430
68 433
68 438
68 443
68 454
68 468
68 471
68 479
68 505
68 511
68 520
68 567
68 574
68 580
68 589
68 649
68 653
68 674
68 685
68 705
68 709
68 724
68 729
68 753
68 756
68 778
68 785
69 72
69 82
69 87
69 96
69 98
69 105
69 113
69 116
69 125
69 128
69 168
69 172
69 181
69 187
69 227
69 242
69 265
69 291
69 292
69 294
69 323
69 324
69 332
69 335
69 343
69 366
69 367
69 376
69 398
69 406
69 411
69 420
69 441
69 501
69 519
69 530
69 560
69 586
69 598
69 626
69 629
69 661
69 668
69 679
69 680
69 682
69 694
69 701
69 705
69 759
70 109
70 119
70 131
70 133
70 144
70 147
70 150
70 156
70 168
70 173
70 185
70 215
70 224
70 229
70 244
70 267
70 272
70 284
70 292
70 299
70 320
70 323
70 379
70 391
70 462
70 510
70 572
70 623
70 625
70 685
70 689
70 697
70 704
70 759
71 79
71 82
71 101
71 103
71 104
71 115
71 123
71 126
71 127
71 140
71 152
71 178
71 186
71 200
71 227
71 228
71 234
71 239
71 250
71 258
71 280
71 298
71 325
71 331
71 334
71 353
71 388
71 403
71 420
71 421
71 445
71 451
71 465
71 499
71 500
71 598
71 632
71 638
71 697
71 710
71 735
71 764
71 768
72 75
72 76
72 80
72 82
72 87
72 94
72 95
72 97
72 98
72 104
72 105
72 106
72 127
72 128
72 129
72 136
72 146
72 154
72 166
72 205
72 208
72 209
72 219
72 230
72 247
72 248
72 254
72 257
72 273
72 279
72 280
72 282
72 286
72 290
72 294
72 301
72 326
72 337
72 356
72 377
72 389
72 409
72 423
72 427
72 432
72 449
72 489
72 503
72 517
72 523
72 530
72 552
72 587
72 591
72 598
72 600
72 656
72 662
72 718
72 723
72 730
72 732
72 743
72 752
72 779
72 783
72 784
73 76
73 79
73 81
73 86
73 106
73 112
73 117
73 125
73 138
73 142
73 149
73 153
73 157
73 160
73 161
73 164
73 188
73 203
73 211
73 217
73 233
73 234
73 239
73 245
73 272
73 295
73 309
73 314
73 318
73 328
73 342
73 403
73 417
73 435
73 455
73 473
73 476
73 484
73 488
73 494
73 495
73 502
73 515
73 519
73 534
73 584
73 599
73 601
73 611
73 612
73 624
73 626
73 630
73 650
73 669
73 679
73 681
73 682
73 685
73 694
73 705
73 707
73 716
73 731
73 744
73 748
73 788
74 79
74 84
74 85
74 86
74 110
74 118
74 121
74 137
74 162
74 163
74 169
74 192
74 210
74 224
74 228
74 232
74 238
74 254
74 272
74 273
74 279
74 288
74 293
74 333
74 354
74 368
74 374
74 375
74 387
74 396
74 448
74 451
74 490
74 493
74 514
74 515
74 537
74 570
74 578
74 581
74 588
74 615
74 618
74 655
74 676
74 679
74 691
74 754
75 78
75 82
75 84
75 86
75 91
75 92
75 117
75 122
75 129
75 130
75 157
75 159
75 162
75 168
75 169
75 174
75 179
75 182
75 186
75 187
75 211
75 212
75 218
75 227
75 233
75 255
75 256
75 259
75 274
75 283
75 284
75 288
75 293
75 302
75 304
75 307
75 308
75 338
75 339
75 342
75 351
75 369
75 377
75 381
75 400
75 404
75 417
75 443
75 460
75 464
75 477
75 488
75 494
75 520
75 531
75 534
75 547
75 549
75 568
75 580
75 581
75 583
75 593
75 601
75 629
75 635
75 643
75 663
75 677
75 700
75 707
75 708
75 715
75 742
75 788
76 77
76 83
76 104
76 106
76 113
76 120
76 126
76 144
76 151
76 171
76 173
76 181
76 205
76 220
76 271
76 276
76 281
76 287
76 345
76 358
76 376
76 398
76 440
76 457
76 459
76 464
76 481
76 514
76 519
76 545
76 549
76 561
76 585
76 588
76 656
76 672
76 709
76 745
76 794
77 85
77 93
77 94
77 96
77 106
77 116
77 117
77 119
77 120
77 122
77 136
77 148
77 151
77 163
77 182
77 183
77 191
77 200
77 203
77 204
77 208
77 211
77 214
77 220
77 223
77 236
77 237
77 240
77 241
77 258
77 260
77 262
77 266
77 274
77 280
77 286
77 287
77 306
77 314
77 320
77 330
77 334
77 336
77 342
77 351
77 373
77 374
77 386
77 395
77 412
77 421
77 425
77 426
77 432
77 436
77 449
77 466
77 469
77 474
77 490
77 499
77 513
77 521
77 524
77 525
77 534
77 537
77 551
77 552
77 560
77 571
77 579
77 583
77 584
77 592
77 601
77 657
77 674
77 681
77 697
77 702
77 724
77 729
77 741
77 757
77 781
77 783
77 796
78 81
78 82
78 91
78 94
78 100
78 101
78 102
78 105
78 107
78 114
78 123
78 134
78 141
78 145
78 149
78 154
78 157
78 184
78 187
78 197
78 227
78 237
78 240
78 278
78 288
78 289
78 340
78 360
78 363
78 365
78 378
78 387
78 405
78 415
78 422
78 447
78 463
78 482
78 529
78 533
78 544
78 561
78 634
78 686
78 689
78 693
78 781
78 788
78 797
79 108
79 116
79 129
79 164
79 213
79 269
79 272
79 286
79 292
79 315
79 321
79 362
79 388
79 398
79 409
79 411
79 454
79 462
79 491
79 546
79 570
79 598
79 612
79 625
79 687
79 692
79 712
79 720
79 754
80 93
80 105
80 107
80 110
80 114
80 117
80 126
80 140
80 152
80 164
80 167
80 183
80 193
80 195
80 203
80 204
80 221
80 225
80 227
80 233
80 239
80 254
80 264
80 285
80 324
80 333
80 346
80 353
80 354
80 372
80 385
80 423
80 443
80 456
80 457
80 481
80 490
80 498
80 512
80 519
80 522
80 524
80 548
80 622
80 638
80 710
80 716
80 755
81 82
81 83
81 92
81 94
81 95
81 97
81 109
81 114
81 156
81 176
81 179
81 209
81 215
81 223
81 254
81 260
81 269
81 284
81 357
81 366
81 386
81 394
81 406
81 415
81 439
81 446
81 499
81 508
81 521
81 575
81 597
81 608
81 692
81 736
82 84
82 88
82 97
82 102
82 110
82 111
82 119
82 128
82 132
82 135
82 137
82 167
82 220
82 236
82 241
82 242
82 244
82 254
82 269
82 276
82 346
82 347
82 359
82 368
82 381
82 398
82 403
82 416
82 430
82 442
82 456
82 461
82 483
82 497
82 502
82 503
82 514
82 528
82 550
82 558
82 560
82 562
82 574
82 594
82 599
82 601
82 650
82 748
83 84
83 92
83 99
83 109
83 120
83 136
83 150
83 155
83 171
83 177
83 179
83 193
83 217
83 270
83 271
83 338
83 355
83 376
83 400
83 409
83 452
83 457
83 465
83 476
83 492
83 522
83 591
83 605
83 626
83 660
83 682
84 85
84 104
84 107
84 109
84 113
84 115
84 132
84 135
84 147
84 185
84 219
84 229
84 231
84 236
84 241
84 254
84 257
84 258
84 262
84 275
84 283
84 290
84 310
84 352
84 359
84 365
84 391
84 487
84 489
84 494
84 520
84 526
84 585
84 587
84 606
84 686
84 754
84 770
84 788
85 98
85 107
85 109
85 110
85 128
85 133
85 138
85 146
85 149
85 164
85 185
85 204
85 212
85 226
85 230
85 240
85 330
85 356
85 368
85 375
85 379
85 398
85 419
85 495
85 503
85 531
85 548
85 591
85 608
85 617
85 687
85 696
85 726
85 739
85 754
85 757
85 762
85 790
86 89
86 96
86 98
86 99
86 104
86 112
86 115
86 118
86 120
86 149
86 164
86 171
86 186
86 192
86 198
86 200
86 225
86 233
86 252
86 280
86 349
86 379
86 396
86 397
86 401
86 419
86 424
86 426
86 430
86 435
86 436
86 453
86 470
86 513
86 514
86 516
86 519
86 534
86 538
86 646
86 713
86 718
86 741
86 779
86 781
87 88
87 89
87 95
87 101
87 102
87 104
87 118
87 135
87 140
87 152
87 157
87 166
87 168
87 178
87 180
87 183
87 192
87 193
87 199
87 204
87 208
87 217
87 222
87 226
87 232
87 238
87 247
87 286
87 287
87 291
87 304
87 310
87 312
87 331
87 337
87 338
87 361
87 378
87 382
87 383
87 394
87 396
87 439
87 446
87 468
87 471
87 500
87 541
87 581
87 592
87 625
87 675
87 679
87 703
87 715
87 761
88 98
88 109
88 126
88 130
88 139
88 143
88 145
88 150
88 157
88 166
88 168
88 170
88 192
88 212
88 221
88 224
88 241
88 256
88 265
88 266
88 285
88 307
88 312
88 319
88 326
88 328
88 338
88 345
88 357
88 362
88 394
88 404
88 409
88 475
88 503
88 505
88 542
88 563
88 569
88 577
88 580
88 588
88 600
88 607
88 616
88 624
88 691
88 707
88 747
88 760
88 768
88 786
88 788
88 791
89 103
89 105
89 116
89 121
89 122
89 141
89 148
89 149
89 151
89 157
89 159
89 166
89 169
89 205
89 207
89 213
89 217
89 220
89 223
89 241
89 256
89 276
89 278
89 279
89 281
89 287
89 289
89 292
89 297
89 314
89 328
89 333
89 350
89 356
89 364
89 388
89 412
89 414
89 448
89 466
89 481
89 485
89 500
89 503
89 525
89 553
89 593
89 610
89 612
89 614
89 650
89 653
89 655
89 659
89 665
89 670
89 673
89 680
89 703
89 707
89 726
89 728
89 736
89 748
89 759
89 762
89 789
89 793
90 130
90 137
90 156
90 158
90 199
90 209
90 214
90 219
90 243
90 288
90 331
90 376
90 391
90 424
90 427
90 463
90 485
90 488
90 520
90 610
90 618
90 621
90 632
90 711
90 719
90 739
90 742
90 766
90 775
91 94
91 117
91 128
91 134
91 135
91 153
91 154
91 162
91 170
91 192
91 208
91 228
91 230
91 232
91 236
91 251
91 253
91 266
91 281
91 336
91 338
91 385
91 394
91 427
91 445
91 530
91 555
91 557
91 601
91 609
91 669
91 680
91 682
91 703
91 705
91 708
91 731
91 733
91 737
91 761
91 791
91 799
92 97
92 102
92 109
92 140
92 143
92 152
92 162
92 181
92 182
92 193
92 212
92 223
92 232
92 238
92 267
92 318
92 324
92 331
92 370
92 386
92 391
92 447
92 452
92 466
92 474
92 487
92 496
92 500
92 541
92 586
92 651
92 689
92 751
92 758
92 780
93 94
93 101
93 105
93 112
93 116
93 142
93 154
93 156
93 166
93 168
93 183
93 215
93 218
93 223
93 230
93 260
93 277
93 285
93 290
93 291
93 292
93 294
93 306
93 339
93 341
93 380
93 386
93 397
93 407
93 414
93 445
93 451
93 461
93 476
93 503
93 578
93 588
93 602
93 603
93 614
93 620
93 626
93 633
93 635
93 647
93 654
93 655
93 670
93 681
93 797
94 95
94 101
94 112
94 135
94 158
94 182
94 185
94 188
94 198
94 203
94 208
94 210
94 294
94 315
94 320
94 327
94 381
94 392
94 455
94 495
94 510
94 584
94 588
94 630
94 690
94 721
94 728
94 730
94 762
94 789
95 98
95 111
95 113
95 117
95 123
95 132
95 143
95 149
95 165
95 196
95 202
95 235
95 245
95 262
95 285
95 298
95 299
95 356
95 357
95 402
95 420
95 426
95 475
95 486
95 491
95 571
95 572
95 589
95 611
95 622
95 663
95 722
95 796
96 105
96 112
96 118
96 124
96 131
96 138
96 143
96 195
96 249
96 270
96 287
96 371
96 387
96 506
96 507
96 537
96 559
96 627
96 645
97 101
97 107
97 113
97 122
97 142
97 175
97 184
97 201
97 205
97 268
97 276
97 291
97 327
97 335
97 428
97 433
97 434
97 444
97 449
97 512
97 513
97 534
97 537
97 539
97 569
97 607
97 666
97 697
97 756
97 796
98 104
98 106
98 119
98 152
98 166
98 167
98 171
98 187
98 239
98 245
98 249
98 277
98 285
98 297
98 349
98 372
98 378
98 393
98 414
98 418
98 429
98 462
98 482
98 486
98 494
98 501
98 513
98 515
98 526
98 606
98 627
98 639
98 646
98 667
98 668
98 691
99 101
99 109
99 124
99 133
99 141
99 165
99 174
99 185
99 223
99 234
99 237
99 240
99 266
99 276
99 292
99 296
99 301
99 309
99 324
99 334
99 339
99 340
99 351
99 361
99 370
99 377
99 379
99 402
99 405
99 451
99 491
99 500
99 502
99 521
99 544
99 546
99 570
99 595
99 597
99 605
99 609
99 617
99 631
99 632
99 638
99 668
99 673
99 685
99 713
99 714
99 725
99 737
99 747
99 760
100 121
100 123
100 139
100 174
100 175
100 185
100 188
100 211
100 226
100 244
100 249
100 257
100 269
100 270
100 271
100 280
100 296
100 313
100 339
100 352
100 361
100 375
100 425
100 428
100 484
100 496
100 518
100 528
100 549
100 553
100 591
100 619
100 666
100 671
100 722
100 734
100 752
100 799
101 121
101 124
101 126
101 136
101 170
101 178
101 188
101 247
101 253
101 316
101 347
101 414
101 440
101 441
101 470
101 471
101 478
101 483
101 532
101 540
101 541
101 546
101 652
101 665
101 666
101 668
101 670
101 695
101 749
101 754
101 778
102 132
102 138
102 227
102 237
102 248
102 252
102 271
102 274
102 286
102 319
102 329
102 336
102 373
102 379
102 385
102 406
102 409
102 433
102 441
102 442
102 461
102 468
102 471
102 570
102 603
102 662
102 670
102 762
103 107
103 113
103 115
103 117
103 128
103 132
103 146
103 155
103 179
103 180
103 187
103 193
103 197
103 199
103 200
103 202
103 207
103 221
103 255
103 310
103 340
103 344
103 349
103 370
103 381
103 387
103 440
103 442
103 448
103 464
103 563
103 564
103 615
103 672
103 681
103 724
103 787
103 790
103 793
104 108
104 124
104 128
104 140
104 142
104 146
104 163
104 180
104 189
104 208
104 216
104 233
104 245
104 257
104 258
104 283
104 306
104 317
104 360
104 402
104 421
104 428
104 472
104 481
104 484
104 487
104 537
104 552
104 586
104 597
104 605
104 646
104 649
104 672
104 686
104 689
104 691
104 723
104 743
104 744
105 106
105 108
105 109
105 117
105 143
105 145
105 157
105 160
105 172
105 190
105 202
105 248
105 249
105 257
105 258
105 264
105 309
105 323
105 331
105 332
105 339
105 351
105 361
105 364
105 374
105 377
105 379
105 402
105 419
105 433
105 437
105 439
105 442
105 454
105 460
105 461
105 474
105 485
105 517
105 520
105 534
105 593
105 594
105 605
105 611
105 639
105 647
105 658
105 691
105 790
106 118
106 120
106 121
106 139
106 144
106 153
106 155
106 162
106 166
106 177
106 188
106 190
106 191
106 192
106 215
106 239
106 248
106 259
106 281
106 292
106 378
106 413
106 431
106 465
106 472
106 477
106 484
106 500
106 540
106 558
106 564
106 592
106 621
106 675
106 695
106 725
107 110
107 126
107 143
107 148
107 161
107 182
107 188
107 202
107 214
107 222
107 228
107 242
107 245
107 253
107 290
107 292
107 316
107 335
107 347
107 350
107 409
107 429
107 443
107 447
107 462
107 466
107 497
107 528
107 529
107 564
107 590
107 597
107 606
107 647
107 668
107 677
107 727
107 738
107 761
107 765
108 133
108 138
108 199
108 210
108 231
108 242
108 253
108 283
108 295
108 321
108 322
108 350
108 357
108 364
108 381
108 414
108 421
108 426
108 452
108 459
108 468
108 480
108 486
108 503
108 506
108 512
108 515
108 522
108 523
108 574
108 677
108 717
108 733
108 782
108 789
109 113
109 138
109 144
109 152
109 160
109 163
109 189
109 192
109 194
109 206
109 214
109 230
109 244
109 252
109 263
109 269
109 293
109 295
109 302
109 308
109 319
109 325
109 333
109 348
109 378
109 385
109 393
109 400
109 416
109 422
109 458
109 523
109 534
109 546
109 549
109 599
109 657
109 716
109 742
109 795
110 155
110 199
110 214
110 230
110 273
110 280
110 296
110 305
110 324
110 367
110 381
110 393
110 407
110 411
110 439
110 500
110 508
110 540
110 576
110 643
110 684
110 724
110 733
110 735
110 760
110 762
110 780
111 121
111 130
111 162
111 168
111 216
111 221
111 226
111 240
111 241
111 256
111 266
111 274
111 278
111 290
111 315
111 337
111 427
111 445
111 522
111 523
111 537
111 562
111 588
111 603
111 606
111 659
111 662
111 686
111 688
111 757
111 775
112 125
112 127
112 135
112 140
112 148
112 155
112 176
112 181
112 185
112 195
112 199
112 200
112 201
112 203
112 222
112 228
112 231
112 235
112 260
112 265
112 272
112 276
112 287
112 288
112 300
112 304
112 312
112 322
112 327
112 329
112 337
112 348
112 375
112 382
112 402
112 403
112 404
112 450
112 473
112 476
112 509
112 523
112 525
112 589
112 595
112 627
112 639
112 655
112 714
112 783
112 784
112 793
113 119
113 121
113 126
113 131
113 150
113 171
113 173
113 237
113 261
113 278
113 281
113 309
113 310
113 320
113 343
113 346
113 353
113 362
113 392
113 412
113 414
113 420
113 423
113 426
113 497
113 510
113 520
113 533
113 556
113 577
113 589
113 595
113 601
113 620
113 627
113 671
113 692
113 723
114 122
114 127
114 128
114 130
114 139
114 189
114 235
114 241
114 259
114 265
114 312
114 334
114 357
114 377
114 521
114 526
114 559
114 763
115 177
115 189
115 190
115 240
115 252
115 342
115 442
115 451
115 461
115 493
115 525
115 527
115 654
115 660
115 736
115 748
115 755
116 118
116 123
116 163
116 175
116 186
116 217
116 222
116 268
116 297
116 306
116 348
116 390
116 391
116 431
116 449
116 525
116 569
116 606
116 609
116 672
116 703
116 773
117 127
117 128
117 142
117 145
117 154
117 172
117 197
117 202
117 235
117 290
117 309
117 344
117 356
117 392
117 394
117 420
117 434
117 441
117 445
117 453
117 456
117 474
117 500
117 523
117 547
117 561
117 582
117 619
117 634
117 691
117 698
117 703
117 724
117 776
118 146
118 155
118 175
118 193
118 196
118 210
118 248
118 251
118 257
118 260
118 268
118 269
118 326
118 337
118 340
118 350
118 356
118 376
118 377
118 381
118 417
118 420
118 439
118 441
118 495
118 515
118 519
118 551
118 575
118 593
118 597
118 605
118 607
118 616
118 640
118 673
118 675
118 678
118 727
118 741
118 749
118 751
118 755
118 774
118 796
119 121
119 147
119 148
119 157
119 171
119 191
119 193
119 233
119 248
119 251
119 253
119 294
119 299
119 329
119 337
119 365
119 385
119 399
119 417
119 440
119 448
119 449
119 508
119 523
119 561
119 597
119 600
119 621
119 624
119 637
119 645
119 703
119 731
119 773
119 778
120 125
120 132
120 134
120 158
120 167
120 177
120 186
120 194
120 195
120 197
120 198
120 271
120 293
120 298
120 301
120 347
120 368
120 390
120 422
120 438
120 454
120 465
120 481
120 482
120 500
120 501
120 521
120 525
120 547
120 565
120 595
120 635
120 641
120 683
120 696
120 728
120 743
121 148
121 153
121 154
121 170
121 172
121 177
121 244
121 245
121 260
121 261
121 275
121 279
121 305
121 349
121 431
121 472
121 487
121 505
121 554
121 598
121 660
121 671
121 688
121 703
121 704
121 750
121 751
121 761
121 772
121 779
122 144
122 150
122 157
122 159
122 201
122 251
122 280
122 399
122 523
122 559
122 583
122 606
122 613
122 644
122 705
122 739
122 746
122 749
122 769
122 792
123 246
123 271
123 276
123 289
123 290
123 315
123 365
123 366
123 367
123 388
123 414
123 447
123 466
123 467
123 596
123 610
123 636
123 642
123 644
123 688
123 749
123 759
123 769
123 779
123 794
123 796
124 142
124 147
124 160
124 161
124 163
124 164
124 176
124 186
124 195
124 200
124 224
124 235
124 238
124 289
124 312
124 317
124 341
124 347
124 353
124 361
124 366
124 382
124 405
124 421
124 460
124 462
124 486
124 505
124 524
124 543
124 545
124 564
124 573
124 581
124 591
124 617
124 635
124 651
124 655
124 688
124 698
124 712
124 719
124 725
124 726
124 738
124 768
125 128
125 136
125 138
125 147
125 159
125 166
125 181
125 191
125 209
125 212
125 231
125 238
125 247
125 249
125 250
125 255
125 297
125 312
125 321
125 360
125 366
125 444
125 448
125 506
125 533
125 543
125 562
125 574
125 616
125 625
125 633
125 635
125 663
125 695
125 744
125 750
125 767
125 773
125 789
125 795
126 127
126 150
126 158
126 236
126 264
126 266
126 340
126 383
126 439
126 522
126 601
126 614
127 129
127 179
127 180
127 187
127 195
127 202
127 235
127 254
127 276
127 328
127 336
127 344
127 395
127 397
127 408
127 440
127 447
127 450
127 468
127 481
127 525
127 556
127 604
127 617
127 619
127 631
127 666
127 708
127 724
127 725
127 754
127 795
128 189
128 212
128 256
128 327
128 407
128 544
128 568
128 615
128 642
128 752
128 792
129 165
129 199
129 206
129 207
129 218
129 252
129 262
129 266
129 288
129 364
129 384
129 406
129 502
129 504
129 544
129 546
129 618
129 620
129 622
129 624
129 627
129 637
129 638
129 652
129 673
129 718
129 733
129 734
129 787
130 146
130 169
130 192
130 200
130 206
130 226
130 227
130 236
130 278
130 294
130 323
130 326
130 335
130 362
130 400
130 459
130 475
130 490
130 498
130 537
130 628
130 711
130 755
130 756
130 758
130 760
130 763
130 767
131 221
131 251
131 254
131 306
131 329
131 342
131 364
131 493
131 523
131 571
131 580
131 647
131 723
131 746
131 799
132 145
132 149
132 163
132 190
132 201
132 264
132 267
132 272
132 278
132 283
132 313
132 318
132 323
132 351
132 371
132 387
132 450
132 467
132 634
132 637
132 684
132 702
132 787
133 137
133 141
133 158
133 159
133 179
133 192
133 202
133 204
133 224
133 303
133 330
133 333
133 360
133 363
133 407
133 439
133 463
133 464
133 478
133 492
133 589
133 734
133 740
133 755
134 145
134 149
134 155
134 165
134 177
134 195
134 201
134 216
134 244
134 328
134 353
134 363
134 401
134 403
134 413
134 421
134 427
134 447
134 468
134 498
134 500
134 509
134 575
134 608
134 623
134 667
134 733
134 744
134 750
134 777
135 164
135 171
135 181
135 184
135 248
135 341
135 369
135 373
135 389
135 481
135 520
135 572
135 589
135 591
135 603
135 620
135 629
135 683
135 701
135 719
135 730
135 740
135 765
136 143
136 161
136 171
136 182
136 184
136 194
136 200
136 207
136 210
136 219
136 226
136 227
136 228
136 239
136 244
136 250
136 251
136 253
136 265
136 277
136 285
136 287
136 298
136 299
136 303
136 307
136 317
136 319
136 330
136 357
136 363
136 373
136 385
136 388
136 403
136 425
136 435
136 438
136 443
136 456
136 471
136 474
136 478
136 501
136 504
136 550
136 567
136 606
136 626
136 628
136 639
136 662
136 720
136 751
136 766
136 773
136 780
137 139
137 145
137 151
137 185
137 206
137 214
137 287
137 292
137 302
137 306
137 317
137 369
137 370
137 395
137 464
137 470
137 475
137 520
137 582
137 590
137 615
137 635
137 636
137 667
137 689
137 693
137 752
137 765
137 781
138 148
138 156
138 192
138 216
138 217
138 263
138 311
138 326
138 355
138 399
138 412
138 419
138 436
138 445
138 478
138 494
138 498
138 566
138 687
138 696
138 718
138 719
138 742
138 777
139 142
139 150
139 152
139 153
139 161
139 165
139 174
139 177
139 194
139 243
139 259
139 269
139 282
139 299
139 321
139 348
139 373
139 391
139 395
139 466
139 469
139 471
139 496
139 500
139 542
139 615
139 641
139 651
139 676
139 677
139 743
139 749
139 755
139 758
139 780
140 152
140 156
140 158
140 197
140 205
140 225
140 229
140 296
140 298
140 320
140 335
140 353
140 412
140 418
140 419
140 426
140 429
140 452
140 460
140 463
140 547
140 557
140 569
140 574
140 593
140 624
140 650
140 663
140 666
140 712
140 714
140 740
140 768
140 778
140 784
141 142
141 180
141 181
141 211
141 252
141 264
141 269
141 288
141 294
141 312
141 338
141 352
141 354
141 359
141 441
141 467
141 476
141 513
141 577
141 702
141 704
141 738
141 740
142 156
142 182
142 189
142 196
142 203
142 208
142 225
142 266
142 280
142 295
142 300
142 302
142 306
142 340
142 344
142 361
142 423
142 427
142 476
142 493
142 506
142 507
142 517
142 538
142 572
142 611
142 696
142 701
142 756
143 150
143 159
143 167
143 181
143 184
143 206
143 208
143 229
143 253
143 299
143 324
143 328
143 331
143 345
143 376
143 380
143 391
143 446
143 452
143 457
143 489
143 520
143 530
143 581
143 593
143 595
143 636
143 646
143 654
143 668
143 673
143 718
144 148
144 153
144 165
144 171
144 179
144 181
144 195
144 234
144 244
144 267
144 284
144 295
144 300
144 305
144 331
144 347
144 368
144 396
144 410
144 417
144 425
144 582
144 659
144 670
144 671
144 686
144 711
144 768
144 782
145 158
145 167
145 183
145 245
145 339
145 341
145 395
145 411
145 607
145 640
145 660
145 667
145 670
145 742
146 151
146 156
146 167
146 186
146 188
146 211
146 232
146 326
146 337
146 380
146 405
146 492
146 544
146 548
146 630
146 644
147 180
147 190
147 198
147 199
147 228
147 230
147 283
147 398
147 478
147 535
147 544
147 668
147 735
148 154
148 175
148 244
148 275
148 301
148 302
148 303
148 306
148 351
148 352
148 358
148 369
148 398
148 447
148 538
148 557
148 566
148 571
148 603
148 634
148 687
148 778
149 198
149 207
149 222
149 264
149 366
149 369
149 377
149 385
149 393
149 404
149 448
149 468
149 593
149 596
149 678
149 700
149 731
149 787
150 167
150 173
150 260
150 304
150 335
150 387
150 433
150 574
150 661
150 723
150 787
151 242
151 256
151 280
151 281
151 293
151 312
151 320
151 348
151 351
151 393
151 400
151 401
151 411
151 412
151 486
151 493
151 519
151 547
151 577
151 740
151 741
151 792
152 165
152 170
152 184
152 210
152 257
152 304
152 315
152 346
152 348
152 360
152 368
152 410
152 427
152 511
152 527
152 535
152 541
152 547
152 583
152 587
152 590
153 160
153 168
153 186
153 199
153 214
153 220
153 222
153 257
153 277
153 278
153 302
153 330
153 336
153 339
153 343
153 366
153 384
153 407
153 450
153 557
153 582
153 612
153 648
153 747
153 749
153 757
154 191
154 208
154 212
154 249
154 258
154 286
154 299
154 330
154 337
154 367
154 390
154 391
154 398
154 402
154 411
154 468
154 479
154 507
154 546
154 560
154 622
154 638
154 684
154 733
154 738
155 172
155 174
155 206
155 214
155 228
155 230
155 250
155 252
155 260
155 282
155 321
155 396
155 477
155 563
155 590
155 600
155 612
155 625
155 655
155 660
155 700
155 785
156 172
156 204
156 213
156 224
156 259
156 279
156 297
156 325
156 332
156 358
156 380
156 391
156 401
156 438
156 459
156 466
156 490
156 492
156 495
156 508
156 518
156 544
156 545
156 548
156 553
156 554
156 585
156 591
156 603
156 627
156 642
156 698
156 702
156 767
157 188
157 197
157 205
157 211
157 219
157 248
157 249
157 256
157 270
157 296
157 325
157 362
157 379
157 388
157 422
157 437
157 470
157 479
157 485
157 501
157 512
157 524
157 556
157 600
157 631
157 696
157 706
157 713
157 715
157 729
157 745
157 762
157 791
158 166
158 179
158 227
158 316
158 318
158 319
158 327
158 341
158 392
158 401
158 420
158 429
158 477
158 487
158 499
158 517
158 579
158 600
158 661
159 166
159 182
159 199
159 252
159 253
159 265
159 283
159 322
159 327
159 337
159 502
159 552
159 576
160 165
160 170
160 174
160 194
160 207
160 223
160 227
160 237
160 255
160 259
160 305
160 306
160 339
160 345
160 350
160 363
160 368
160 405
160 474
160 488
160 502
160 507
160 512
160 516
160 540
160 592
160 593
160 605
160 630
160 635
160 647
160 651
160 657
160 709
160 736
160 783
161 163
161 172
161 214
161 268
161 320
161 354
161 410
161 443
161 573
161 585
161 589
161 776
162 180
162 218
162 221
162 241
162 243
162 261
162 270
162 299
162 326
162 332
162 370
162 373
162 431
162 436
162 446
162 453
162 463
162 466
162 493
162 505
162 513
162 528
162 538
162 561
162 609
162 613
162 621
162 675
162 700
162 705
162 717
163 184
163 212
163 369
163 387
163 393
163 413
163 457
163 510
163 529
163 532
163 541
163 656
163 698
163 742
164 175
164 244
164 285
164 313
164 328
164 401
164 416
164 443
164 457
164 469
164 502
164 524
164 534
164 548
164 606
164 701
165 173
165 179
165 188
165 191
165 213
165 233
165 237
165 255
165 277
165 281
165 285
165 330
165 355
165 364
165 401
165 407
165 494
165 499
165 507
165 529
165 583
165 589
165 617
165 626
165 629
165 673
165 682
165 694
166 173
166 200
166 245
166 256
166 261
166 264
166 270
166 305
166 325
166 343
166 352
166 369
166 416
166 422
166 450
166 516
166 536
166 543
166 553
166 758
166 763
167 189
167 195
167 210
167 223
167 265
167 283
167 285
167 314
167 356
167 361
167 415
167 438
167 441
167 468
167 488
167 498
167 515
167 520
167 527
167 659
167 670
167 793
168 178
168 182
168 209
168 227
168 261
168 403
168 417
168 469
168 477
168 524
168 610
168 738
169 185
169 190
169 197
169 202
169 232
169 252
169 321
169 419
169 455
169 478
169 524
169 535
169 557
169 580
169 616
169 646
169 754
170 172
170 224
170 240
170 297
170 368
170 443
170 479
170 569
170 575
170 591
170 670
170 736
171 200
171 260
171 264
171 274
171 286
171 309
171 325
171 335
171 382
171 464
171 523
171 677
171 678
171 719
171 727
171 740
171 764
171 766
171 772
171 790
172 178
172 209
172 213
172 223
172 290
172 291
172 346
172 373
172 377
172 387
172 425
172 431
172 433
172 502
172 613
172 644
172 677
172 737
172 740
173 176
173 193
173 242
173 244
173 249
173 252
173 268
173 324
173 349
173 511
173 525
173 541
173 559
173 571
173 582
173 614
173 662
173 777
173 785
173 792
174 184
174 187
174 192
174 286
174 311
174 314
174 351
174 374
174 417
174 532
174 551
174 563
174 583
174 685
174 706
174 736
174 741
174 772
174 775
175 182
175 190
175 215
175 247
175 375
175 378
175 379
175 387
175 423
175 440
175 500
175 543
175 547
175 555
175 560
175 638
175 662
175 670
175 674
175 764
175 796
176 202
176 240
176 264
176 266
176 275
176 284
176 285
176 297
176 348
176 369
176 419
176 455
176 483
176 533
176 645
176 661
176 718
176 758
176 772
176 776
176 778
177 194
177 221
177 222
177 224
177 260
177 261
177 300
177 336
177 337
177 376
177 379
177 404
177 418
177 431
177 467
177 468
177 471
177 476
177 515
177 517
177 554
177 624
177 632
177 638
177 647
177 653
177 685
177 717
177 736
177 762
177 776
178 207
178 218
178 254
178 275
178 287
178 397
178 407
178 425
178 448
178 541
178 542
178 544
178 545
178 582
178 635
178 654
178 675
178 718
178 738
178 744
179 185
179 205
179 220
179 228
179 236
179 238
179 240
179 271
179 291
179 381
179 385
179 386
179 388
179 432
179 453
179 457
179 472
179 497
179 579
179 584
179 586
179 751
179 779
179 783
180 198
180 229
180 232
180 245
180 250
180 270
180 289
180 297
180 306
180 317
180 340
180 358
180 368
180 373
180 383
180 439
180 446
180 447
180 494
180 538
180 610
180 728
180 741
180 760
180 784
181 226
181 233
181 243
181 246
181 268
181 282
181 285
181 293
181 313
181 318
181 319
181 333
181 343
181 360
181 394
181 412
181 428
181 459
181 474
181 490
181 499
181 563
181 595
181 601
181 614
181 635
181 637
181 651
181 686
181 708
181 738
181 785
182 185
182 240
182 265
182 272
182 301
182 325
182 326
182 436
182 450
182 501
182 531
182 539
182 551
182 611
182 639
182 657
182 724
182 729
182 732
182 748
182 776
183 201
183 234
183 247
183 385
183 440
183 474
183 506
183 509
183 532
183 557
183 598
183 737
183 745
183 760
183 798
184 197
184 225
184 229
184 234
184 246
184 280
184 308
184 320
184 356
184 359
184 365
184 404
184 432
184 469
184 487
184 540
184 575
184 577
184 604
184 613
184 638
184 658
184 689
184 700
184 725
184 733
184 737
184 782
184 790
185 235
185 240
185 291
185 321
185 354
185 388
185 403
185 429
185 454
185 465
185 481
185 525
185 527
185 645
185 714
185 747
185 783
186 257
186 291
186 316
186 357
186 376
186 465
186 536
186 547
186 563
186 564
186 565
186 584
186 669
186 712
186 713
186 718
186 720
186 760
187 190
187 212
187 239
187 340
187 361
187 388
187 433
187 542
187 565
187 612
187 669
187 681
187 738
187 756
187 775
188 199
188 225
188 353
188 356
188 372
188 401
188 411
188 429
188 446
188 451
188 518
188 528
188 545
188 585
188 605
188 607
188 615
188 624
188 630
188 654
188 667
188 671
188 672
188 793
188 796
189 218
189 222
189 252
189 288
189 322
189 343
189 344
189 375
189 458
189 475
189 479
189 487
189 502
189 557
189 621
189 673
189 732
189 771
189 777
190 258
190 375
190 383
190 397
190 398
190 427
190 436
190 467
190 469
190 492
190 559
190 568
190 597
190 661
190 715
190 726
191 220
191 221
191 289
191 325
191 380
191 447
191 509
191 526
191 594
191 602
191 659
191 665
191 675
191 684
192 199
192 203
192 230
192 276
192 281
192 291
192 293
192 300
192 322
192 325
192 343
192 363
192 383
192 410
192 416
192 444
192 467
192 546
192 558
192 562
192 596
192 598
192 621
193 241
193 243
193 275
193 296
193 304
193 308
193 309
193 346
193 355
193 366
193 397
193 424
193 436
193 478
193 483
193 503
193 573
193 597
193 631
193 648
193 670
193 720
194 196
194 226
194 251
194 294
194 304
194 374
194 394
194 524
194 537
194 568
194 610
194 644
194 662
194 674
194 728
194 729
195 224
195 228
195 257
195 259
195 274
195 336
195 356
195 406
195 484
195 501
195 513
195 598
195 678
195 743
195 763
195 772
195 794
196 204
196 208
196 271
196 297
196 305
196 387
196 440
196 460
196 479
196 487
196 567
196 587
196 603
196 607
196 683
196 760
196 788
196 789
197 205
197 230
197 231
197 235
197 285
197 342
197 345
197 355
197 359
197 385
197 412
197 470
197 497
197 510
197 570
197 609
197 610
197 620
197 661
197 666
197 684
197 688
197 709
198 226
198 247
198 288
198 322
198 338
198 342
198 350
198 353
198 361
198 372
198 399
198 422
198 425
198 433
198 533
198 540
198 558
198 602
198 709
198 711
198 746
198 754
199 218
199 221
199 245
199 298
199 306
199 325
199 331
199 345
199 444
199 490
199 511
199 549
199 629
199 633
199 680
199 706
199 749
199 762
199 786
200 238
200 240
200 252
200 254
200 260
200 301
200 494
200 524
200 570
200 573
200 593
200 606
200 658
200 664
200 677
200 798
201 219
201 262
201 265
201 322
201 327
201 369
201 386
201 439
201 442
201 448
201 497
201 529
201 638
201 648
201 656
201 673
201 739
201 745
201 753
202 217
202 251
202 262
202 271
202 283
202 299
202 305
202 367
202 434
202 524
202 547
202 576
202 643
202 669
202 671
202 684
202 690
202 735
202 763
203 222
203 232
203 313
203 420
203 430
203 492
203 512
203 530
203 535
203 557
203 567
203 641
203 656
203 660
203 671
203 679
203 683
203 722
203 760
203 774
204 210
204 234
204 235
204 236
204 243
204 261
204 331
204 400
204 506
204 520
204 543
204 550
204 553
204 566
204 630
204 636
204 648
204 714
204 727
204 748
204 763
204 767
205 228
205 244
205 245
205 275
205 326
205 335
205 344
205 389
205 420
205 423
205 503
205 531
205 569
205 586
205 666
205 675
205 717
205 718
205 798
206 213
206 275
206 280
206 358
206 386
206 405
206 457
206 458
206 469
206 543
207 246
207 251
207 306
207 318
207 336
207 384
207 451
207 467
207 521
207 616
207 665
207 688
208 229
208 245
208 262
208 296
208 321
208 377
208 401
208 429
208 468
208 470
208 499
208 564
208 568
208 635
208 642
208 644
208 665
208 701
208 764
208 781
209 215
209 219
209 250
209 252
209 261
209 272
209 309
209 312
209 363
209 366
209 389
209 444
209 445
209 451
209 462
209 524
209 529
209 596
209 643
209 750
209 754
209 758
209 760
209 788
209 791
210 234
210 275
210 451
210 535
211 235
211 243
211 263
211 311
211 369
211 378
211 384
211 408
211 460
211 558
211 595
211 608
212 263
212 279
212 294
212 300
212 368
212 428
212 492
212 594
212 791
213 222
213 238
213 243
213 246
213 259
213 267
213 284
213 303
213 307
213 310
213 313
213 327
213 329
213 365
213 390
213 452
213 467
213 517
213 558
213 568
213 643
213 744
213 750
213 753
213 766
214 223
214 256
214 305
214 335
214 385
214 392
214 503
214 508
214 509
214 578
214 645
214 656
214 684
214 717
214 774
214 784
215 248
215 281
215 298
215 339
215 347
215 362
215 382
215 386
215 491
215 508
215 622
215 696
216 228
216 238
216 284
216 315
216 317
216 318
216 449
216 452
216 471
216 496
216 560
216 602
216 641
216 659
216 673
216 675
216 703
216 709
217 220
217 232
217 280
217 289
217 314
217 334
217 340
217 346
217 391
217 396
217 436
217 517
217 521
217 547
217 621
217 693
217 699
217 735
217 740
217 760
217 796
218 249
218 295
218 371
218 409
218 417
218 426
218 436
218 486
218 642
218 696
218 723
218 789
219 223
219 227
219 232
219 239
219 254
219 288
219 313
219 315
219 341
219 343
219 344
219 357
219 379
219 380
219 393
219 434
219 446
219 462
219 511
219 522
219 539
219 565
219 634
219 653
219 676
219 691
219 752
219 756
219 786
220 230
220 255
220 294
220 340
220 397
220 406
220 487
220 608
220 626
220 701
220 712
220 742
220 746
220 785
221 239
221 292
221 335
221 341
221 355
221 373
221 428
221 436
221 442
221 443
221 486
221 496
221 614
221 617
221 628
221 629
221 748
221 773
221 774
221 795
222 322
222 409
222 430
222 437
222 494
222 538
222 566
222 598
222 671
222 674
222 766
223 258
223 290
223 291
223 319
223 323
223 359
223 387
223 395
223 422
223 425
223 430
223 485
223 556
223 741
223 749
223 798
224 250
224 322
224 357
224 358
224 383
224 409
224 416
224 475
224 516
224 655
224 758
224 781
225 232
225 238
225 251
225 312
225 330
225 362
225 406
225 479
225 484
225 533
225 543
225 545
225 608
225 645
225 681
225 728
225 742
225 754
225 758
225 773
226 270
226 326
226 356
226 414
226 423
226 536
226 541
226 556
226 649
226 652
226 682
226 719
227 231
227 247
227 279
227 300
227 311
227 333
227 361
227 445
227 446
227 463
227 518
227 689
227 707
227 733
227 739
227 746
227 748
228 330
228 435
228 526
228 609
228 660
228 702
229 231
229 238
229 289
229 294
229 299
229 304
229 328
229 357
229 375
229 405
229 432
229 511
229 515
229 624
229 650
229 763
230 268
230 270
230 290
230 364
230 383
230 396
230 401
230 404
230 415
230 426
230 451
230 481
230 491
230 544
230 645
230 654
230 657
230 661
230 676
230 698
230 712
230 728
230 735
230 739
231 251
231 273
231 355
231 395
231 480
231 484
231 516
231 584
231 703
232 296
232 328
232 408
232 423
232 459
232 482
232 580
232 589
232 617
232 621
232 636
232 672
232 745
233 236
233 258
233 261
233 282
233 291
233 332
233 341
233 366
233 380
233 394
233 407
233 418
233 448
233 533
233 556
233 596
233 615
233 624
233 674
233 728
233 751
233 760
233 793
234 434
234 523
234 550
235 257
235 264
235 289
235 294
235 313
235 334
235 354
235 367
235 380
235 387
235 396
235 403
235 444
235 469
235 485
235 499
235 510
235 539
235 556
235 578
235 590
235 677
235 693
235 695
235 698
236 238
236 314
236 317
236 322
236 399
236 400
236 536
236 539
236 574
236 659
236 665
236 692
236 759
237 279
237 329
237 337
237 384
237 411
237 441
237 452
237 535
237 552
237 565
237 631
237 744
237 777
238 248
238 277
238 283
238 304
238 359
238 375
238 413
238 667
238 673
238 699
238 711
238 752
238 763
238 782
239 282
239 301
239 338
239 342
239 344
239 373
239 406
239 416
239 452
239 461
239 490
239 574
239 648
239 680
239 715
239 745
240 325
240 350
240 372
240 374
240 380
240 399
240 417
240 419
240 476
240 486
240 488
240 550
240 561
240 568
240 587
240 617
240 636
240 744
240 767
241 242
241 267
241 273
241 275
241 316
241 323
241 410
241 442
241 496
241 518
241 576
241 633
241 652
241 669
242 247
242 288
242 327
242 341
242 343
242 345
242 348
242 361
242 381
242 419
242 453
242 498
242 513
242 527
242 576
242 637
242 653
242 713
242 773
242 783
243 250
243 283
243 286
243 299
243 348
243 404
243 421
243 424
243 426
243 441
243 492
243 542
243 583
243 587
243 588
243 645
243 678
243 682
243 717
243 720
243 765
243 795
244 255
244 258
244 271
244 302
244 307
244 310
244 361
244 449
244 452
244 474
244 576
244 634
244 736
245 266
245 270
245 282
245 314
245 331
245 344
245 348
245 353
245 398
245 422
245 429
245 465
245 473
245 538
245 557
245 704
245 769
246 320
246 391
246 553
246 775
247 262
247 266
247 279
247 285
247 418
247 423
247 466
247 486
247 504
247 536
247 579
247 599
247 752
247 784
247 785
248 253
248 277
248 284
248 298
248 316
248 393
248 464
248 536
248 548
248 562
248 610
248 727
248 756
248 780
249 259
249 275
249 297
249 304
249 340
249 360
249 370
249 437
249 606
249 640
249 652
249 677
249 701
249 752
250 273
250 282
250 321
250 364
250 366
250 369
250 416
250 603
250 607
250 644
250 659
251 258
251 300
251 307
251 332
251 352
251 364
251 389
251 405
251 423
251 426
251 427
251 442
251 446
251 473
251 534
251 536
251 540
251 609
251 637
251 661
251 672
251 725
252 274
252 285
252 299
252 312
252 319
252 353
252 386
252 408
252 478
252 488
252 489
252 526
252 536
252 625
252 667
252 723
252 753
252 775
252 797
252 799
253 257
253 275
253 310
253 367
253 396
253 397
253 413
253 439
253 449
253 480
253 528
253 581
253 654
253 705
254 385
254 392
254 438
254 480
254 697
254 721
254 747
254 790
255 259
255 260
255 278
255 333
255 350
255 399
255 447
255 520
255 558
255 610
255 692
256 270
256 303
256 322
256 324
256 413
256 438
256 640
256 714
256 737
256 754
257 326
257 367
257 432
257 474
257 483
257 549
257 608
257 620
257 624
257 651
257 695
257 731
257 745
258 267
258 309
258 365
258 407
258 408
258 414
258 417
258 454
258 531
258 574
258 575
258 642
258 649
258 661
258 734
258 755
259 261
259 390
259 440
259 444
259 456
259 531
259 540
259 550
259 624
259 647
259 744
260 288
260 309
260 512
260 518
260 676
260 729
260 761
261 263
261 282
261 343
261 371
261 406
261 411
261 476
261 586
261 606
261 788
262 281
262 326
262 396
262 436
262 454
262 546
262 689
262 723
263 274
263 323
263 344
263 352
263 393
263 432
263 467
263 603
263 618
263 709
263 769
264 272
264 395
264 456
264 485
264 507
264 541
264 543
264 548
264 578
264 659
264 664
264 728
265 279
265 283
265 294
265 305
265 312
265 320
265 349
265 359
265 396
265 405
265 561
265 562
265 594
265 640
265 653
265 700
265 710
266 313
266 315
266 338
266 528
266 669
266 683
266 725
266 778
267 293
267 340
267 365
267 384
267 398
267 480
267 497
267 544
267 588
267 708
267 767
267 779
267 794
268 274
268 276
268 309
268 334
268 447
268 479
268 526
268 545
268 573
268 578
268 597
268 641
268 705
269 297
269 301
269 358
269 374
269 393
269 417
269 505
269 532
269 543
269 563
269 566
269 599
270 332
270 346
270 375
270 390
270 425
270 453
270 454
270 570
270 577
270 633
270 761
270 798
271 318
271 359
271 363
271 368
271 408
271 610
271 773
271 796
272 328
272 330
272 346
272 347
272 351
272 413
272 443
272 445
272 530
272 543
272 581
272 624
272 701
273 423
273 470
273 502
273 554
273 581
273 614
273 712
273 750
273 769
274 282
274 316
274 349
274 351
274 373
274 407
274 459
274 462
274 464
274 493
274 580
274 610
274 629
274 646
274 648
274 687
274 734
275 346
275 375
275 403
275 414
275 455
275 479
275 571
275 628
275 714
275 752
276 293
276 296
276 308
276 309
276 343
276 382
276 390
276 460
276 506
276 524
276 587
276 589
276 602
276 611
277 281
277 368
277 372
277 396
277 397
277 400
277 422
277 436
277 443
277 450
277 627
277 633
277 637
277 659
277 686
277 690
278 304
278 307
278 349
278 381
278 433
278 477
278 480
278 506
278 512
278 518
278 528
278 569
278 685
278 786
279 308
279 338
279 404
279 416
279 435
279 478
279 646
279 665
279 715
279 725
279 744
279 791
280 282
280 318
280 334
280 338
280 375
280 381
280 437
280 569
280 585
280 683
281 294
281 341
281 356
281 377
281 383
281 402
281 420
281 459
281 493
281 506
281 539
281 604
281 680
281 694
281 792
282 301
282 323
282 353
282 415
282 445
282 470
282 635
282 713
282 771
283 311
283 357
283 416
283 417
283 567
283 596
283 761
284 308
284 339
284 340
284 342
284 390
284 408
284 437
284 598
284 623
284 675
284 731
284 777
284 783
285 315
285 428
285 473
285 482
285 551
285 630
285 645
285 665
285 759
286 289
286 303
286 305
286 364
286 402
286 547
286 573
286 631
286 719
286 748
286 799
287 289
287 320
287 342
287 351
287 374
287 438
287 450
287 453
287 542
287 546
287 585
287 589
287 650
287 653
287 656
287 710
287 726
287 763
288 290
288 308
288 314
288 381
288 416
288 446
288 601
288 611
288 731
289 291
289 293
289 300
289 315
289 317
289 327
289 349
289 452
289 497
289 507
289 512
289 544
289 545
289 576
289 612
289 779
290 311
290 343
290 347
290 358
290 380
290 439
290 444
290 569
290 604
290 622
291 370
291 424
291 469
291 499
291 573
291 647
291 651
291 737
291 795
292 336
292 343
292 390
292 402
292 403
292 452
292 495
292 509
292 519
292 571
292 658
292 668
292 716
293 325
293 345
293 364
293 399
293 474
293 493
293 526
293 557
293 600
293 626
293 765
293 781
294 317
294 341
294 364
294 365
294 368
294 384
294 404
294 460
294 478
294 521
294 526
294 535
294 548
294 562
294 617
294 627
294 653
294 655
294 657
294 677
294 725
294 731
294 736
294 750
294 774
295 302
295 324
295 357
295 361
295 374
295 405
295 486
295 500
295 535
295 545
295 564
295 616
295 623
295 675
295 686
295 782
296 301
296 308
296 399
296 476
296 556
296 619
296 631
296 761
297 299
297 336
297 376
297 454
297 464
297 471
297 474
297 579
297 592
297 595
297 599
297 609
297 616
297 623
297 699
297 702
297 757
297 776
298 300
298 310
298 380
298 382
298 404
298 493
298 566
298 577
298 578
298 688
299 303
299 334
299 350
299 376
299 394
299 399
299 406
299 446
299 480
299 485
299 486
299 499
299 516
299 543
299 652
299 690
299 742
299 754
299 770
299 771
300 380
300 415
300 446
300 473
300 519
300 554
300 560
300 573
300 600
301 313
301 332
301 376
301 487
301 548
301 750
302 314
302 352
302 360
302 363
302 418
302 463
302 493
302 526
302 537
302 564
302 646
302 680
302 721
302 739
302 756
302 799
303 458
303 459
303 466
303 511
303 528
303 676
304 311
304 338
304 366
304 399
304 402
304 412
304 423
304 458
304 479
304 480
304 483
304 495
304 504
304 511
304 548
304 560
304 566
304 570
304 578
304 592
304 635
304 693
304 700
304 797
305 307
305 351
305 401
305 415
305 460
305 472
305 580
305 616
305 658
305 678
305 682
305 763
306 318
306 358
306 405
306 410
306 470
306 514
306 522
306 585
306 655
306 699
306 730
306 737
306 772
307 333
307 364
307 415
307 458
307 492
307 533
307 572
307 586
307 621
307 637
307 671
307 682
307 696
307 790
308 320
308 325
308 391
308 423
308 431
308 496
308 519
308 569
308 584
308 604
308 661
308 697
308 757
308 777
309 327
309 428
309 475
309 513
309 553
309 594
309 749
310 315
310 476
310 543
310 593
310 615
310 639
310 733
310 748
310 797
311 327
311 346
311 371
311 375
311 417
311 421
311 436
311 447
311 487
311 495
311 737
312 483
312 587
312 613
313 382
313 409
313 429
313 430
313 437
313 447
313 488
313 659
313 717
313 775
314 359
314 414
314 415
314 459
314 465
314 498
314 524
314 568
314 597
314 694
314 767
314 774
314 784
315 361
315 369
315 389
315 420
315 475
315 481
315 542
315 594
315 611
315 664
315 699
315 725
315 782
316 388
316 408
316 490
316 518
316 521
316 575
316 667
316 670
316 680
316 720
316 795
317 321
317 338
317 419
317 484
317 558
317 596
317 607
317 643
317 692
317 711
317 721
317 751
318 371
318 446
318 456
318 496
318 557
318 599
318 601
318 630
318 698
318 701
318 745
318 782
319 396
319 399
319 466
319 508
319 544
319 554
319 580
319 617
319 637
319 740
319 791
319 794
320 328
320 356
320 410
320 424
320 453
320 456
320 501
320 537
320 594
320 618
320 689
320 716
320 771
321 334
321 425
321 482
321 488
321 510
321 548
321 565
321 568
321 590
321 605
321 612
321 632
321 695
321 742
321 786
322 416
322 447
322 517
322 583
322 630
323 390
323 408
323 619
323 637
323 727
323 743
323 795
324 394
324 401
324 430
324 437
324 455
324 516
324 672
324 738
324 799
325 341
325 373
325 390
325 508
325 524
325 549
325 566
325 614
325 665
325 704
325 767
325 768
325 785
326 400
326 491
326 518
326 557
326 559
326 613
327 331
327 384
327 482
327 517
327 544
327 677
327 690
327 695
327 772
328 337
328 360
328 390
328 494
328 514
328 529
328 557
328 562
328 626
328 734
329 349
329 376
329 380
329 386
329 392
329 440
329 578
329 579
329 620
329 654
329 755
329 764
330 345
330 407
330 644
330 713
330 715
330 743
331 411
331 448
331 552
331 689
331 693
331 715
331 785
332 348
332 358
332 540
332 551
332 663
332 681
332 745
333 546
333 572
333 640
333 713
333 734
334 362
334 427
334 436
334 438
334 478
334 506
334 600
334 731
335 348
335 400
335 465
335 501
335 538
335 577
335 642
335 702
335 752
335 786
336 387
336 409
336 410
336 424
336 436
336 470
336 482
336 596
336 615
336 680
336 706
336 717
337 372
337 375
337 376
337 448
337 458
337 519
337 685
337 733
337 781
338 371
338 372
338 433
338 450
338 451
338 472
338 535
338 720
339 367
339 422
339 482
339 539
339 773
340 496
340 507
340 540
340 561
340 576
340 632
340 688
340 714
340 719
340 770
341 409
341 449
341 460
341 512
341 538
341 560
341 581
341 583
341 602
341 646
341 698
341 733
341 789
342 352
342 415
342 477
342 481
342 511
342 512
342 526
342 590
342 631
342 641
342 721
342 726
343 390
343 418
343 598
343 617
343 633
343 647
343 671
343 693
343 699
343 721
344 438
344 457
344 572
344 580
344 687
344 716
344 786
345 360
345 378
345 422
345 497
345 531
345 707
345 779
345 782
345 792
346 407
346 431
346 485
346 513
346 553
346 562
346 609
346 709
347 390
347 416
347 472
347 489
347 490
347 523
347 534
347 537
347 612
347 623
347 660
347 701
347 743
347 750
348 365
348 374
348 436
348 441
348 461
348 507
348 735
348 741
349 383
349 434
349 443
349 454
349 456
349 531
349 569
349 579
349 628
349 649
349 781
350 355
350 474
350 553
350 564
350 568
350 640
350 649
350 660
350 705
350 713
350 715
350 731
351 384
351 415
351 439
351 614
352 380
352 413
352 423
352 544
352 597
352 675
352 700
352 731
352 745
352 776
353 354
353 424
353 536
353 558
353 560
353 582
353 602
353 641
353 651
353 744
353 776
353 796
354 389
354 399
354 408
354 505
354 526
354 567
354 579
354 639
354 640
354 642
354 653
354 710
354 713
355 469
355 555
355 585
355 606
355 663
355 785
356 434
356 442
356 539
356 548
356 622
356 659
357 371
357 403
357 497
357 530
357 541
357 584
357 626
357 674
357 745
358 367
358 450
358 456
358 472
358 504
358 531
358 572
358 596
358 654
358 655
358 763
359 420
359 490
359 574
359 657
359 695
360 462
360 464
360 514
360 554
360 628
360 648
360 671
360 722
360 793
361 435
361 473
361 489
361 499
361 530
361 590
361 643
361 667
362 461
362 518
362 605
362 609
362 687
362 764
363 378
363 552
363 555
363 738
363 757
364 371
364 407
364 416
364 418
364 422
364 431
364 485
364 586
364 593
364 622
364 668
364 710
364 786
365 372
365 403
365 489
365 525
365 527
365 613
365 641
365 734
366 384
366 447
366 449
366 454
366 467
366 495
366 498
366 502
366 510
366 528
366 558
366 647
366 716
366 723
367 619
367 620
367 778
368 373
368 402
368 469
368 499
368 516
368 532
368 582
368 591
368 632
368 640
368 664
368 679
368 710
369 370
369 379
369 407
369 437
369 466
369 503
369 636
369 662
369 786
369 789
370 455
370 459
370 515
370 587
370 595
370 680
370 788
370 791
371 374
371 412
371 418
371 508
371 529
371 554
371 590
371 652
372 414
372 488
372 617
372 621
372 648
372 697
372 732
372 773
373 396
373 434
373 450
373 461
373 464
373 527
373 545
373 559
373 575
373 615
373 687
373 712
374 389
374 403
374 696
374 775
374 792
375 379
375 440
375 497
375 551
375 596
375 706
375 708
375 746
376 393
376 453
376 523
376 525
376 556
376 584
376 591
376 709
376 717
377 417
377 514
377 643
377 776
377 792
378 416
378 420
378 431
378 439
378 590
378 594
378 597
378 692
378 753
378 775
379 396
379 423
379 570
379 588
379 603
379 653
379 687
379 701
379 756
379 757
379 795
380 392
380 411
380 418
380 430
380 452
380 684
380 704
380 706
380 753
381 384
381 422
381 435
381 437
381 439
381 444
381 449
381 469
381 495
381 505
381 581
381 686
381 751
382 433
382 434
382 435
382 669
383 390
383 414
383 418
383 419
383 459
383 514
383 550
383 619
383 647
383 746
384 499
384 539
384 696
384 697
384 706
385 421
385 434
385 464
385 486
385 523
385 600
385 628
385 638
385 697
385 703
385 778
385 782
386 437
386 501
386 528
386 547
386 565
386 655
386 694
386 713
386 726
386 780
387 418
387 441
387 517
387 551
387 569
387 654
387 714
387 717
387 744
388 465
388 536
388 540
388 631
388 799
389 461
389 496
389 611
389 655
389 684
389 729
390 413
390 542
390 584
390 663
390 728
390 772
391 408
391 439
391 506
391 540
391 559
391 737
392 395
392 444
392 476
392 491
392 504
392 599
392 614
392 646
392 651
392 723
392 759
393 434
393 467
393 602
393 643
394 402
394 472
394 498
394 614
394 639
394 658
394 699
394 746
394 774
394 785
395 400
395 408
395 427
395 537
395 546
395 584
395 602
395 678
395 767
395 783
395 788
396 420
396 429
396 463
396 509
396 517
396 534
396 540
396 708
396 790
397 496
397 666
397 689
397 701
397 719
397 787
398 498
398 501
398 540
398 725
398 765
399 474
399 620
399 623
399 685
399 709
399 784
399 799
400 406
400 457
400 559
400 565
400 570
400 578
400 636
400 643
400 649
400 687
400 693
400 734
400 784
401 415
401 465
401 496
401 507
401 512
401 605
401 618
401 703
401 708
401 716
401 788
402 453
402 517
402 604
402 656
403 452
403 478
403 623
403 642
403 676
403 678
404 459
404 555
404 592
404 594
404 665
405 443
405 505
405 513
405 610
405 655
405 749
406 425
406 496
406 626
406 640
406 647
406 666
406 679
406 712
407 443
407 663
407 681
407 764
408 506
408 628
408 695
408 784
409 440
409 451
409 515
409 735
410 515
410 518
410 530
410 702
410 722
410 743
411 442
411 479
411 489
411 533
411 603
411 694
411 707
411 749
412 471
412 477
412 538
412 637
412 661
412 763
412 769
413 471
413 492
413 536
413 554
413 586
413 640
413 717
413 752
413 762
414 475
414 493
414 573
414 577
414 589
415 455
415 465
415 559
415 573
415 798
416 442
416 483
416 550
416 565
416 588
416 610
416 732
416 756
417 431
417 455
417 472
417 484
417 541
417 609
417 658
417 745
417 749
418 509
418 575
418 619
418 679
418 690
418 794
419 432
419 531
419 710
420 445
420 494
420 566
420 578
420 629
420 635
421 496
421 514
421 556
421 579
421 626
421 636
421 686
422 490
422 509
422 608
422 612
422 660
422 667
422 714
423 491
423 539
423 704
423 751
423 780
424 475
424 551
424 614
425 435
425 571
425 656
425 686
426 532
426 542
426 576
426 580
426 707
427 503
427 550
427 611
427 733
428 445
428 453
428 521
428 587
428 610
428 732
428 780
429 442
429 535
429 562
429 620
429 747
430 431
430 454
430 519
430 766
431 438
431 490
431 510
431 757
432 497
432 498
432 510
433 487
433 643
433 728
433 773
434 542
434 546
434 570
434 605
434 612
434 640
434 717
434 771
434 787
435 581
435 722
436 534
436 563
436 572
436 655
436 741
437 579
437 661
438 440
438 486
438 565
438 582
438 612
438 622
438 690
438 695
439 489
439 491
439 561
439 660
439 692
439 771
440 563
440 572
441 450
441 460
441 492
441 658
441 747
441 764
442 468
442 470
442 506
442 680
442 793
443 461
443 480
443 481
443 566
443 726
443 728
444 534
444 645
444 654
445 485
445 527
445 584
445 628
445 648
445 662
445 719
445 735
446 480
446 514
446 539
446 571
446 624
446 653
446 692
446 698
446 704
446 736
446 759
447 469
447 521
447 625
447 751
448 450
448 483
448 532
448 613
448 650
448 724
448 779
448 797
449 460
449 482
449 498
449 531
449 635
450 474
450 527
450 550
450 602
450 708
451 455
451 549
451 662
452 471
452 632
452 643
452 693
452 741
453 525
453 572
453 630
453 680
453 770
454 456
454 482
454 485
454 516
454 592
454 686
454 749
455 503
455 722
456 702
457 519
457 550
457 552
457 558
457 593
457 738
457 748
458 582
458 673
458 746
458 784
459 489
459 493
459 616
459 651
459 652
459 691
459 702
460 532
460 538
460 545
460 606
460 656
460 753
460 756
460 792
460 794
461 583
461 793
462 463
462 473
462 649
462 658
462 665
462 732
463 470
463 472
463 491
463 498
463 521
463 550
463 585
463 688
463 772
463 786
464 516
464 551
464 552
464 698
464 736
465 492
465 511
465 520
465 522
465 536
465 572
465 707
465 726
465 747
465 796
466 469
466 551
466 605
466 645
467 475
467 477
467 495
467 502
467 510
467 549
467 553
467 589
467 612
467 614
467 698
467 716
467 718
468 509
468 553
468 601
468 721
468 774
469 495
469 576
469 707
469 770
470 476
470 566
470 567
470 647
471 473
471 508
471 537
471 734
471 743
471 771
471 789
472 488
472 489
472 504
472 556
472 570
472 574
472 590
472 654
472 657
472 711
472 768
473 499
473 571
473 632
473 638
473 674
474 618
474 684
474 732
474 784
475 505
475 511
475 527
475 529
475 630
475 641
475 648
475 751
476 529
476 530
476 561
476 575
476 739
476 761
476 768
476 790
477 556
478 480
478 543
478 577
478 578
478 597
478 732
478 760
479 611
479 670
479 737
479 738
480 505
481 504
481 545
481 557
481 574
481 586
481 594
481 695
481 734
482 508
482 510
482 516
482 567
482 595
482 601
482 694
482 766
483 751
483 755
484 491
484 495
484 504
484 506
484 546
484 592
484 621
484 630
484 632
484 656
484 785
485 506
485 590
485 727
485 746
485 757
486 539
486 581
486 627
486 695
486 720
487 532
487 558
487 591
487 794
488 666
488 679
488 694
488 715
489 745
489 760
489 779
490 600
490 753
491 708
491 716
491 719
492 530
492 564
492 571
492 663
492 668
492 761
493 669
493 703
493 750
494 513
494 586
494 632
494 637
494 657
494 727
494 741
495 552
495 630
495 688
495 713
495 740
495 747
495 752
496 555
496 590
496 594
496 608
496 672
496 693
496 797
497 558
497 595
497 656
497 669
497 710
497 787
498 569
498 624
498 676
498 766
499 581
499 588
499 654
500 539
500 616
500 622
500 658
500 674
500 714
500 769
500 775
500 779
500 793
501 529
501 545
502 601
502 642
502 670
502 799
503 672
503 761
503 795
504 585
504 604
504 694
504 724
505 511
505 549
505 562
505 568
505 577
505 774
506 724
506 757
507 527
507 529
507 565
507 641
507 690
507 748
508 572
508 604
508 615
508 646
508 698
508 709
508 726
508 770
509 550
509 630
509 648
510 555
510 796
511 531
511 547
511 587
511 601
511 656
511 794
512 530
512 532
512 759
513 599
513 616
513 620
513 630
513 650
513 714
513 784
514 576
514 616
514 634
515 561
515 599
515 601
515 636
515 670
515 765
515 769
516 618
516 656
516 696
516 710
516 750
516 768
517 724
517 727
517 789
518 559
518 592
519 544
519 560
519 672
519 683
519 772
520 613
520 790
521 602
521 634
521 641
521 670
521 702
521 750
521 769
521 792
521 796
522 554
522 574
522 666
522 738
523 541
523 550
523 552
523 560
523 567
523 645
523 718
523 735
524 578
524 603
524 612
524 624
524 798
525 723
525 799
526 532
526 634
526 770
527 613
527 723
527 730
527 782
527 794
527 796
528 535
528 550
528 554
528 602
528 700
529 650
529 674
529 779
529 780
530 644
530 659
530 694
530 706
530 763
530 781
530 785
531 569
531 739
532 546
532 552
532 559
532 590
532 620
532 628
532 639
532 662
532 683
532 768
532 775
532 788
533 588
533 589
533 622
533 633
533 735
533 748
534 555
534 571
534 582
534 596
534 608
534 625
534 632
535 552
536 563
536 630
537 669
537 730
537 768
538 549
538 591
538 633
538 664
538 712
538 763
539 592
539 679
539 701
539 702
539 770
539 776
541 554
541 610
541 705
542 545
542 663
543 562
543 611
543 627
543 657
544 546
544 585
544 588
544 664
544 773
545 580
545 650
546 567
546 623
546 704
546 728
546 789
547 563
547 617
547 667
547 731
547 762
547 767
548 579
548 644
548 699
548 764
549 568
549 633
549 651
550 600
550 722
550 798
551 574
551 618
552 563
552 567
552 577
552 726
552 785
553 623
554 592
554 599
554 643
554 691
554 733
554 791
555 576
555 765
556 740
556 750
557 599
557 657
557 678
557 681
557 709
558 572
558 597
558 634
559 593
559 596
559 623
559 629
559 657
559 710
559 727
559 747
560 591
560 635
560 638
560 692
560 766
560 771
560 799
561 601
561 615
561 690
561 741
561 746
562 596
562 760
563 764
564 627
564 655
564 716
564 765
565 592
565 652
565 710
565 717
565 727
566 596
566 625
566 665
566 674
566 751
567 736
568 647
568 712
568 775
569 579
569 591
569 618
569 641
569 799
570 595
571 586
571 596
571 646
571 764
572 599
572 622
572 775
572 776
572 799
573 722
574 706
574 771
575 580
575 627
575 666
575 678
576 714
576 725
576 746
576 747
577 708
577 780
578 615
579 653
579 687
579 759
580 598
580 673
580 675
580 777
581 583
581 632
581 776
582 720
583 787
583 790
584 609
584 711
584 727
585 602
585 629
585 665
585 701
585 767
586 625
586 691
586 793
587 644
587 675
587 757
588 600
588 604
588 718
588 744
588 754
589 617
589 625
589 646
589 787
590 612
590 707
590 788
591 619
591 650
592 708
592 746
592 797
593 688
593 706
594 634
594 682
595 645
595 748
595 777
596 661
596 685
596 738
596 756
597 647
597 694
597 697
597 698
598 733
599 622
599 625
599 671
599 704
599 753
600 616
600 652
600 705
600 749
601 642
602 643
602 665
602 696
602 711
602 732
603 606
603 685
603 687
603 787
604 758
605 709
605 722
605 748
606 646
606 715
606 790
606 797
608 641
609 645
609 648
609 700
609 740
609 774
610 682
610 690
610 705
611 618
611 651
611 658
611 676
611 687
611 752
611 782
611 798
612 617
612 674
612 773
613 664
613 710
613 788
613 793
615 741
615 771
615 787
618 690
619 728
619 734
620 633
620 680
620 725
621 682
621 726
623 644
623 661
623 668
623 676
623 711
623 718
623 735
623 737
623 759
624 649
624 772
625 653
625 682
625 709
625 736
626 662
626 783
627 635
627 737
627 790
628 679
628 681
629 637
629 654
629 765
630 679
631 643
631 669
631 739
632 774
633 737
634 653
634 753
635 636
635 677
635 714
635 730
637 700
637 792
638 740
640 656
640 774
641 778
642 668
643 671
643 681
644 650
644 681
644 706
645 686
645 723
645 750
646 659
646 664
646 734
647 796
648 660
648 732
648 788
649 662
649 745
649 781
650 684
650 781
651 774
651 781
651 795
653 721
653 764
654 669
654 693
654 730
655 754
656 699
656 782
657 685
657 755
658 752
659 673
659 746
660 713
661 686
661 694
661 758
661 772
662 678
662 781
664 676
664 793
664 797
665 690
665 762
667 683
667 763
667 769
667 795
667 798
668 691
668 700
668 730
668 765
668 778
669 708
669 736
669 750
669 759
670 674
670 727
670 798
671 683
671 757
671 777
672 678
672 692
672 734
674 721
674 791
675 732
677 720
679 681
679 687
679 697
679 731
680 717
680 774
681 696
681 719
682 761
684 711
684 714
684 785
685 760
685 774
686 698
688 697
688 748
688 771
689 721
689 730
689 741
689 766
689 780
690 772
691 740
691 750
691 770
691 782
691 789
691 791
692 693
692 732
692 747
692 791
694 711
695 729
695 759
696 704
696 708
696 715
698 735
698 749
698 773
699 782
700 758
701 715
702 718
702 722
702 778
704 791
705 706
705 786
707 739
708 795
711 751
711 766
713 742
714 757
714 782
717 725
717 768
719 739
720 723
720 735
721 747
724 771
726 789
728 790
729 791
730 755
731 759
731 782
732 783
736 745
736 777
738 778
738 786
739 787
740 787
741 778
745 753
745 755
747 770
747 774
753 769
754 770
758 790
759 762
759 799
761 787
761 789
764 771
766 769
769 791
782 797
783 795
784 786