0 350.0 5661.0 32.348571428571425 0.1686954815827627 0.25501432664756446 0.014535259251700515 0.5730706075533661 0.13010009101294337 0.007338301462019573
1 350.0 5661.0 32.348571428571425 0.1686954815827627 0.13753581661891118 0.0038557514017514612 0.536923076923077 0.07759525011844336 0.004071761093044517
10 350.0 5661.0 32.348571428571425 0.1686954815827627 0.1174785100286533 0.003601629297688367 0.5287878787878788 0.05885368963185489 0.0035656952895795416
100 350.0 5661.0 32.348571428571425 0.1686954815827627 0.13753581661891118 0.0052098353345935485 0.5336391437308868 0.06293919764152837 0.004141066518615475
101 350.0 5661.0 32.348571428571425 0.1686954815827627 0.10028653295128939 0.0023980556074739397 0.5224550898203593 0.053011937652773726 0.003059964099007376
102 350.0 5661.0 32.348571428571425 0.1686954815827627 0.1146131805157593 0.003420220371021559 0.526395173453997 0.054050958538401944 0.0034901660782875876
103 350.0 5661.0 32.348571428571425 0.1686954815827627 0.08595988538681948 0.0012815433651788962 0.5178041543026706 0.04907396645328851 0.0026435439548377695
104 350.0 5661.0 32.348571428571425 0.1686954815827627 0.0830945558739255 0.0013295142736790564 0.5155096011816839 0.044170389541946416 0.0025734270231091046
105 350.0 5661.0 32.348571428571425 0.1686954815827627 0.10888252148997134 0.002826707856135451 0.524812030075188 0.05325485419016694 0.003306081735253175
106 350.0 5661.0 32.348571428571425 0.1686954815827627 0.0830945558739255 0.001280329264398692 0.5155096011816839 0.046024108984270194 0.002571130344061921
107 350.0 5661.0 32.348571428571425 0.1686954815827627 0.12034383954154727 0.004032753847834205 0.5279878971255674 0.05452065276243368 0.0036537010075003047
108 350.0 5661.0 32.348571428571425 0.1686954815827627 0.12320916905444125 0.004815320796653852 0.5295902883156297 0.04930471311304331 0.0037603789516331507
109 350.0 5661.0 32.348571428571425 0.1686954815827627 0.0830945558739255 0.0016393403583178855 0.5065312046444121 0.036204878203516415 0.002594616734800533
11 350.0 5661.0 32.348571428571425 0.1686954815827627 0.10888252148997134 0.002348370606236373 0.5256024096385542 0.06345893954254925 0.003287547367535017
110 350.0 5661.0 32.348571428571425 0.1686954815827627 0.0830945558739255 0.001537427463432432 0.5065312046444121 0.04064325545586181 0.002584358225716966
111 350.0 5661.0 32.348571428571425 0.1686954815827627 0.08595988538681948 0.0017462199217656092 0.5170370370370371 0.042205817871264394 0.002667745585824218
112 350.0 5661.0 32.348571428571425 0.1686954815827627 0.10028653295128939 0.0024777479837682524 0.5224550898203593 0.047333425217342566 0.0030741219188455326
113 350.0 5661.0 32.348571428571425 0.1686954815827627 0.06017191977077364 0.00043507596774562 0.5065312046444121 0.04104546203478239 0.001911447517000653
114 350.0 5661.0 32.348571428571425 0.1686954815827627 0.08595988538681948 0.0016093174168951146 0.5162721893491125 0.04561153702400663 0.0026643511723766717
115 350.0 5661.0 32.348571428571425 0.1686954815827627 0.12034383954154727 0.004307864144670712 0.524812030075188 0.05023727779105501 0.0036719037886804064
116 350.0 5661.0 32.348571428571425 0.1686954815827627 0.08595988538681948 0.0017738414160101456 0.5155096011816839 0.04142171998330005 0.0026685424103461003
117 350.0 5661.0 32.348571428571425 0.1686954815827627 0.07163323782234957 0.0009366898125657138 0.5117302052785924 0.03890775107013047 0.0022561500853147997
118 350.0 5661.0 32.348571428571425 0.1686954815827627 0.11174785100286533 0.0034424027679247813 0.5208955223880597 0.04611376383225375 0.0034283819304161273
119 350.0 5661.0 32.348571428571425 0.1686954815827627 0.09742120343839542 0.0029071667704639085 0.5094890510948905 0.041714476617360816 0.0030356709923977637
12 350.0 5661.0 32.348571428571425 0.1686954815827627 0.22636103151862463 0.013157073310945991 0.5638126009693053 0.11081959765425352 0.006586294356313183
120 350.0 5661.0 32.348571428571425 0.1686954815827627 0.09742120343839542 0.0026707266512536487 0.5155096011816839 0.040751894540462595 0.0030111492608854195
121 350.0 5661.0 32.348571428571425 0.1686954815827627 0.09455587392550142 0.0020255856115177656 0.5216741405082213 0.05254354446810911 0.002909703102425787
122 350.0 5661.0 32.348571428571425 0.1686954815827627 0.10601719197707736 0.0028523627391922866 0.5178041543026706 0.05009815095666586 0.003240044963811633
123 350.0 5661.0 32.348571428571425 0.1686954815827627 0.08595988538681948 0.0020153804669051406 0.5087463556851312 0.04023748205167029 0.0026862619837445213
124 350.0 5661.0 32.348571428571425 0.1686954815827627 0.1146131805157593 0.0037882078700817745 0.524812030075188 0.046769861535269165 0.0035015109780078173
125 350.0 5661.0 32.348571428571425 0.1686954815827627 0.06017191977077364 0.0003884670100467016 0.5036075036075036 0.03811404017857681 0.001905833205873915
126 350.0 5661.0 32.348571428571425 0.1686954815827627 0.08595988538681948 0.0018942819323268397 0.5057971014492754 0.03874830588383292 0.002681315140918279
127 350.0 5661.0 32.348571428571425 0.1686954815827627 0.06876790830945559 0.0007474412582981579 0.5080058224163028 0.04155596782729761 0.002154889682573071
128 350.0 5661.0 32.348571428571425 0.1686954815827627 0.0830945558739255 0.0018314316570007846 0.5050651230101303 0.033744480186671 0.002613455052429335
129 350.0 5661.0 32.348571428571425 0.1686954815827627 0.08595988538681948 0.0018662999548509603 0.5147492625368731 0.03935963961805987 0.0026800117613424573
13 350.0 5661.0 32.348571428571425 0.1686954815827627 0.15759312320916904 0.005761871040289994 0.5419254658385093 0.08360439073598697 0.004642750949430519
130 350.0 5661.0 32.348571428571425 0.1686954815827627 0.0830945558739255 0.0016404783874045918 0.5117302052785924 0.03981054093806285 0.0025910910831790446
131 350.0 5661.0 32.348571428571425 0.1686954815827627 0.09742120343839542 0.002310664837010047 0.5147492625368731 0.043406979753240066 0.0030002473545252617
132 350.0 5661.0 32.348571428571425 0.1686954815827627 0.0830945558739255 0.0016693797004037857 0.5117302052785924 0.03923328073223463 0.0025927411847747788
133 350.0 5661.0 32.348571428571425 0.1686954815827627 0.07736389684813753 0.001193895578826319 0.513235294117647 0.045983086515325705 0.0024167821967905987
134 350.0 5661.0 32.348571428571425 0.1686954815827627 0.09169054441260745 0.002338472228494271 0.5147492625368731 0.04390910449140452 0.002846901233596424
135 350.0 5661.0 32.348571428571425 0.1686954815827627 0.07163323782234957 0.0009710120139564902 0.5014367816091954 0.03745177054810842 0.0022586276739647478
136 350.0 5661.0 32.348571428571425 0.1686954815827627 0.0830945558739255 0.001661131622142504 0.513235294117647 0.04159976639180716 0.0025929157732925787
137 350.0 5661.0 32.348571428571425 0.1686954815827627 0.06303724928366762 0.0006770788208061568 0.4929378531073446 0.03301907457701562 0.0020135107183584383
138 350.0 5661.0 32.348571428571425 0.1686954815827627 0.0830945558739255 0.0016914417842697556 0.5109809663250366 0.04092872081742543 0.002596975095337656
139 350.0 5661.0 32.348571428571425 0.1686954815827627 0.06303724928366762 0.0007194101062323138 0.4929378531073446 0.03427027009184299 0.002011453121344093
14 350.0 5661.0 32.348571428571425 0.1686954815827627 0.21776504297994267 0.011495172470074493 0.5610932475884244 0.11027824394212692 0.006324038351866522
140 350.0 5661.0 32.348571428571425 0.1686954815827627 0.09455587392550142 0.0022083693126420077 0.5170370370370371 0.04665068125875226 0.0029131470844131003
141 350.0 5661.0 32.348571428571425 0.1686954815827627 0.0659025787965616 0.0008899467336961192 0.49928469241773965 0.03375611933092929 0.002101265914624863
142 350.0 5661.0 32.348571428571425 0.1686954815827627 0.07449856733524356 0.0009371772431022676 0.5050651230101303 0.04051336811660683 0.0023337994763692575
143 350.0 5661.0 32.348571428571425 0.1686954815827627 0.10028653295128939 0.003034715582504358 0.5193452380952381 0.04391663430967591 0.003102181480503864
144 350.0 5661.0 32.348571428571425 0.1686954815827627 0.07449856733524356 0.0011040656377036282 0.5028818443804035 0.03854870304890845 0.002341742509965281
145 350.0 5661.0 32.348571428571425 0.1686954815827627 0.08882521489971347 0.0020033844167138943 0.5109809663250366 0.04030622060842065 0.0027665335499705143
146 350.0 5661.0 32.348571428571425 0.1686954815827627 0.08882521489971347 0.002310866547642852 0.513235294117647 0.042040817104867456 0.002779297909008967
147 350.0 5661.0 32.348571428571425 0.1686954815827627 0.09169054441260745 0.002057904096110178 0.5139911634756995 0.04377504334668733 0.0028385969938043917
148 350.0 5661.0 32.348571428571425 0.1686954815827627 0.09455587392550142 0.0029278870874932766 0.5139911634756995 0.040476731660437255 0.0029525397072488815
149 350.0 5661.0 32.348571428571425 0.1686954815827627 0.07736389684813753 0.0013924300778964645 0.49857142857142855 0.037927198167344287 0.002432586577888943
15 350.0 5661.0 32.348571428571425 0.1686954815827627 0.16045845272206302 0.006906423564849845 0.543613707165109 0.0757210452199761 0.0047611501540221
150 350.0 5661.0 32.348571428571425 0.1686954815827627 0.07163323782234957 0.0011426159187699538 0.5021582733812949 0.03512936209079356 0.002271238629931607
151 350.0 5661.0 32.348571428571425 0.1686954815827627 0.06017191977077364 0.0006246120841322223 0.49573863636363635 0.03242598630568851 0.0019358180882219761
152 350.0 5661.0 32.348571428571425 0.1686954815827627 0.06017191977077364 0.00043691972900783925 0.5057971014492754 0.04174573160140152 0.001903652532486841
153 350.0 5661.0 32.348571428571425 0.1686954815827627 0.06876790830945559 0.0009841531763196579 0.49857142857142855 0.03617037773433724 0.0021769101711127874
154 350.0 5661.0 32.348571428571425 0.1686954815827627 0.06876790830945559 0.0010340032444316409 0.5036075036075036 0.03542346987290711 0.002190502303326382
155 350.0 5661.0 32.348571428571425 0.1686954815827627 0.07736389684813753 0.0014467121807436455 0.49928469241773965 0.03393397041937823 0.0024402513281252224
156 350.0 5661.0 32.348571428571425 0.1686954815827627 0.07449856733524356 0.0012147486440821963 0.5036075036075036 0.036459294297745755 0.0023526903474380516
157 350.0 5661.0 32.348571428571425 0.1686954815827627 0.07449856733524356 0.001092611254687238 0.49928469241773965 0.03992531701897332 0.00234894221376204
158 350.0 5661.0 32.348571428571425 0.1686954815827627 0.07163323782234957 0.0011901670024800602 0.4950354609929078 0.0325671515775277 0.0022808730904350883
159 350.0 5661.0 32.348571428571425 0.1686954815827627 0.08595988538681948 0.0019770806954406135 0.5043352601156069 0.038687088541978956 0.002690917939298738
16 350.0 5661.0 32.348571428571425 0.1686954815827627 0.10601719197707736 0.002382762062484012 0.5256024096385542 0.06009923487605037 0.003199750216982094
160 350.0 5661.0 32.348571428571425 0.1686954815827627 0.08595988538681948 0.001829565091540262 0.5094890510948905 0.03838787627473794 0.002681111280595557
161 350.0 5661.0 32.348571428571425 0.1686954815827627 0.08595988538681948 0.0019085720179689678 0.5109809663250366 0.0404079273669332 0.002688293956395353
162 350.0 5661.0 32.348571428571425 0.1686954815827627 0.06303724928366762 0.0007955445598618618 0.4950354609929078 0.03207554130080702 0.0020203279583090716
163 350.0 5661.0 32.348571428571425 0.1686954815827627 0.10028653295128939 0.003440040811352498 0.5109809663250366 0.03710377716039943 0.0031292026347296935
164 350.0 5661.0 32.348571428571425 0.1686954815827627 0.06017191977077364 0.0006690841494589772 0.49928469241773965 0.029288626062830125 0.001942376940373625
165 350.0 5661.0 32.348571428571425 0.1686954815827627 0.0830945558739255 0.0020156242558760076 0.5014367816091954 0.036091389288232786 0.002618119259845209
166 350.0 5661.0 32.348571428571425 0.1686954815827627 0.06876790830945559 0.0008794744109608524 0.5 0.03600134055190931 0.0021794349370388927
167 350.0 5661.0 32.348571428571425 0.1686954815827627 0.09742120343839542 0.0032284811402158746 0.5102339181286549 0.04002503446847826 0.0030432093170093813
168 350.0 5661.0 32.348571428571425 0.1686954815827627 0.06303724928366762 0.0010019880466614465 0.49363507779349364 0.027395960976569444 0.002049689912059462
169 350.0 5661.0 32.348571428571425 0.1686954815827627 0.0659025787965616 0.0009580132115032491 0.4922425952045134 0.032217096764508686 0.0021064610853311965
17 350.0 5661.0 32.348571428571425 0.1686954815827627 0.17191977077363896 0.006444196128622457 0.5470219435736677 0.09318807164649126 0.005033618614184185
170 350.0 5661.0 32.348571428571425 0.1686954815827627 0.07449856733524356 0.0014195304581350802 0.5021582733812949 0.03553569593313009 0.0023615807177303693
171 350.0 5661.0 32.348571428571425 0.1686954815827627 0.06303724928366762 0.0007895995622625439 0.4881118881118881 0.029101637502224238 0.0020282354106093176
172 350.0 5661.0 32.348571428571425 0.1686954815827627 0.06876790830945559 0.0012710885105169205 0.4978601997146933 0.03157045425167439 0.002202508865440632
173 350.0 5661.0 32.348571428571425 0.1686954815827627 0.0830945558739255 0.0019994767007116003 0.5021582733812949 0.034068583038400026 0.002626517582952458
174 350.0 5661.0 32.348571428571425 0.1686954815827627 0.08022922636103151 0.001627208708877545 0.513235294117647 0.04365903031862478 0.002511648904861972
175 350.0 5661.0 32.348571428571425 0.1686954815827627 0.07449856733524356 0.0014719945000241806 0.5043352601156069 0.03970198807548429 0.002364344899528404
176 350.0 5661.0 32.348571428571425 0.1686954815827627 0.07736389684813753 0.001516211125602232 0.5014367816091954 0.03228292428304008 0.0024566619732627167
177 350.0 5661.0 32.348571428571425 0.1686954815827627 0.08882521489971347 0.002398950095194339 0.5102339181286549 0.0391679782399535 0.002783706693209237
178 350.0 5661.0 32.348571428571425 0.1686954815827627 0.07449856733524356 0.001457163453916332 0.5050651230101303 0.03612952261660052 0.0023582519734922517
179 350.0 5661.0 32.348571428571425 0.1686954815827627 0.07736389684813753 0.0015672428688431794 0.5007173601147776 0.03372269639217978 0.002449098637663157
18 350.0 5661.0 32.348571428571425 0.1686954815827627 0.2922636103151862 0.018113255299043764 0.5855704697986577 0.15192091319544604 0.00835046792456704
180 350.0 5661.0 32.348571428571425 0.1686954815827627 0.08882521489971347 0.0024946845641733127 0.5043352601156069 0.035777345605149044 0.0027926468900122655
181 350.0 5661.0 32.348571428571425 0.1686954815827627 0.08595988538681948 0.0019801475082841086 0.5080058224163028 0.038890057181939504 0.0026841951564690126
182 350.0 5661.0 32.348571428571425 0.1686954815827627 0.05444126074498567 0.00045784257650114714 0.4840499306518724 0.030498613043291257 0.001771119496347405
183 350.0 5661.0 32.348571428571425 0.1686954815827627 0.06017191977077364 0.0007564965870606261 0.4860724233983287 0.030708103819451972 0.001946539644805115
184 350.0 5661.0 32.348571428571425 0.1686954815827627 0.05157593123209169 0.0005686387923641744 0.4761255115961801 0.022870692000508407 0.0017155205247491548
185 350.0 5661.0 32.348571428571425 0.1686954815827627 0.06017191977077364 0.0006935079616649293 0.4881118881118881 0.03255812146917873 0.0019412233845123724
186 350.0 5661.0 32.348571428571425 0.1686954815827627 0.06876790830945559 0.0010953970679201932 0.5007173601147776 0.03433345231262656 0.002195811736391126
187 350.0 5661.0 32.348571428571425 0.1686954815827627 0.06876790830945559 0.001148265199027038 0.4881118881118881 0.02744051105391035 0.0022017639861441974
188 350.0 5661.0 32.348571428571425 0.1686954815827627 0.05157593123209169 0.00032160547009217827 0.4978601997146933 0.03248636521993762 0.0016760645730907547
189 350.0 5661.0 32.348571428571425 0.1686954815827627 0.06303724928366762 0.0009338191996296251 0.4950354609929078 0.028808135342048593 0.0020370073631545164
19 350.0 5661.0 32.348571428571425 0.1686954815827627 0.39255014326647564 0.03799539731039793 0.6221033868092691 0.18900669614816756 0.011190079952469663
190 350.0 5661.0 32.348571428571425 0.1686954815827627 0.0659025787965616 0.0011912196604992632 0.4978601997146933 0.032019445700171185 0.0021299265719092165
191 350.0 5661.0 32.348571428571425 0.1686954815827627 0.05157593123209169 0.000417703237737226 0.4853963838664812 0.026847632890531957 0.0016965982443830803
192 350.0 5661.0 32.348571428571425 0.1686954815827627 0.05730659025787965 0.0004633612884347212 0.49573863636363635 0.034824116733258983 0.001843672052137994
193 350.0 5661.0 32.348571428571425 0.1686954815827627 0.05444126074498567 0.0004368041542815262 0.49857142857142855 0.03252550451085813 0.0017669346809817787
194 350.0 5661.0 32.348571428571425 0.1686954815827627 0.07163323782234957 0.0012974996665649878 0.5014367816091954 0.03563302772730446 0.002282172574762596
195 350.0 5661.0 32.348571428571425 0.1686954815827627 0.07736389684813753 0.0016513867516039632 0.5043352601156069 0.03761989130309385 0.002445396669471898
196 350.0 5661.0 32.348571428571425 0.1686954815827627 0.06303724928366762 0.0009183293764166558 0.49715099715099714 0.03130415495481424 0.0020377527759733
197 350.0 5661.0 32.348571428571425 0.1686954815827627 0.06303724928366762 0.0008005126080296442 0.49644381223328593 0.03207101844850208 0.002022020596449098
198 350.0 5661.0 32.348571428571425 0.1686954815827627 0.06017191977077364 0.0008458268271989129 0.4840499306518724 0.02718646873547033 0.0019602513298688454
199 350.0 5661.0 32.348571428571425 0.1686954815827627 0.07163323782234957 0.0012786469454412097 0.49857142857142855 0.034710870787638536 0.0022744176898979868
2 350.0 5661.0 32.348571428571425 0.1686954815827627 0.22349570200573066 0.011688436727893109 0.5629032258064516 0.11638889423624431 0.006474128832043038
20 350.0 5661.0 32.348571428571425 0.1686954815827627 0.35243553008595985 0.032981880309029925 0.6069565217391304 0.1671010312682239 0.010108058774875308
200 350.0 5661.0 32.348571428571425 0.1686954815827627 0.06017191977077364 0.0006809691715524282 0.4881118881118881 0.02836131662005356 0.0019473139947451396
201 350.0 5661.0 32.348571428571425 0.1686954815827627 0.06876790830945559 0.0012249418702133938 0.4943342776203966 0.029934181093630878 0.002213180675640062
202 350.0 5661.0 32.348571428571425 0.1686954815827627 0.07736389684813753 0.0015375392578025292 0.5080058224163028 0.03817626477628884 0.002452833269200462
203 350.0 5661.0 32.348571428571425 0.1686954815827627 0.0659025787965616 0.001005797078366734 0.5050651230101303 0.03643931131436551 0.0021036153409526954
204 350.0 5661.0 32.348571428571425 0.1686954815827627 0.06303724928366762 0.0009171157453258964 0.48337950138504154 0.02837690233344634 0.0020389321783301512
205 350.0 5661.0 32.348571428571425 0.1686954815827627 0.06017191977077364 0.000681415146833326 0.49715099715099714 0.03475005185881134 0.0019330282410899783
206 350.0 5661.0 32.348571428571425 0.1686954815827627 0.06303724928366762 0.00089866658093403 0.4929378531073446 0.03217945354268628 0.0020227213750521828
207 350.0 5661.0 32.348571428571425 0.1686954815827627 0.06017191977077364 0.0007665067149017927 0.4780821917808219 0.027164184177622615 0.0019565260084389658
208 350.0 5661.0 32.348571428571425 0.1686954815827627 0.07163323782234957 0.0013463993470309407 0.49715099715099714 0.0329960965766841 0.0022939096746676674
209 350.0 5661.0 32.348571428571425 0.1686954815827627 0.0659025787965616 0.0009470604960134395 0.49363507779349364 0.0327900031723076 0.002109903464905339
21 350.0 5661.0 32.348571428571425 0.1686954815827627 0.28939828080229224 0.021457699679690776 0.5845896147403685 0.14109286831641932 0.008339262152044214
210 350.0 5661.0 32.348571428571425 0.1686954815827627 0.07449856733524356 0.0012327386200311537 0.5028818443804035 0.036552975318364544 0.0023564786738843315
211 350.0 5661.0 32.348571428571425 0.1686954815827627 0.06876790830945559 0.0010842715387605207 0.49857142857142855 0.034355059424476544 0.0021889389726689767
212 350.0 5661.0 32.348571428571425 0.1686954815827627 0.05444126074498567 0.0006610151859114651 0.4908579465541491 0.02692535607267904 0.0017871501154288192
213 350.0 5661.0 32.348571428571425 0.1686954815827627 0.0659025787965616 0.0010680062817299673 0.4915492957746479 0.030208516077051835 0.002119788489084955
214 350.0 5661.0 32.348571428571425 0.1686954815827627 0.05157593123209169 0.00045127147995048273 0.4780821917808219 0.02412050861225699 0.001700496087707541
215 350.0 5661.0 32.348571428571425 0.1686954815827627 0.07736389684813753 0.0015169294954862824 0.5080058224163028 0.040657630806137365 0.0024371110189700916
216 350.0 5661.0 32.348571428571425 0.1686954815827627 0.06876790830945559 0.0011946955254908103 0.49857142857142855 0.03487622885457179 0.002189963321840343
217 350.0 5661.0 32.348571428571425 0.1686954815827627 0.05730659025787965 0.0006008041755809311 0.4922425952045134 0.029601597855659655 0.001865266671601902
218 350.0 5661.0 32.348571428571425 0.1686954815827627 0.05444126074498567 0.0003721910035847874 0.4929378531073446 0.036209166102365596 0.0017536179389243828
219 350.0 5661.0 32.348571428571425 0.1686954815827627 0.05730659025787965 0.000743859423953244 0.4929378531073446 0.028526913302703138 0.0018721001716885271
22 350.0 5661.0 32.348571428571425 0.1686954815827627 0.25501432664756446 0.014126739375882815 0.5730706075533661 0.13140918153516198 0.0073134399415678755
220 350.0 5661.0 32.348571428571425 0.1686954815827627 0.05157593123209169 0.0006286022310766045 0.4640957446808511 0.02206236092812316 0.0017205929417432484
221 350.0 5661.0 32.348571428571425 0.1686954815827627 0.05730659025787965 0.0007069175297286467 0.49363507779349364 0.02742260676389614 0.0018696119351833702
222 350.0 5661.0 32.348571428571425 0.1686954815827627 0.06017191977077364 0.0007397355093498361 0.4908579465541491 0.030046306133742175 0.0019493053280323445
223 350.0 5661.0 32.348571428571425 0.1686954815827627 0.06303724928366762 0.0007407256568448063 0.4929378531073446 0.0317374291144473 0.0020227134784952796
224 350.0 5661.0 32.348571428571425 0.1686954815827627 0.05730659025787965 0.0006204330733730287 0.4860724233983287 0.026474060897796973 0.0018729023719080016
225 350.0 5661.0 32.348571428571425 0.1686954815827627 0.06876790830945559 0.0012533704672011614 0.5007173601147776 0.03335156591467594 0.002202199820039226
226 350.0 5661.0 32.348571428571425 0.1686954815827627 0.04871060171919771 0.0002951994318919893 0.4915492957746479 0.03002907316778834 0.0016045549219116711
227 350.0 5661.0 32.348571428571425 0.1686954815827627 0.07163323782234957 0.0013595908914921966 0.4901685393258427 0.033205851973897235 0.002293426430216579
228 350.0 5661.0 32.348571428571425 0.1686954815827627 0.05444126074498567 0.0007624360983779609 0.4735413839891452 0.02331915145189151 0.0018042370152539344
229 350.0 5661.0 32.348571428571425 0.1686954815827627 0.06303724928366762 0.0010074749091745652 0.4922425952045134 0.028867913889811976 0.0020457925360183905
23 350.0 5661.0 32.348571428571425 0.1686954815827627 0.3037249283667622 0.021039826070824504 0.589527027027027 0.148191854851002 0.008691784070617638
230 350.0 5661.0 32.348571428571425 0.1686954815827627 0.05444126074498567 0.00045910712627122974 0.5007173601147776 0.036264354335798235 0.0017640245960739637
231 350.0 5661.0 32.348571428571425 0.1686954815827627 0.05444126074498567 0.0006042405492488439 0.48337950138504154 0.028145186861532206 0.0017926026112807937
232 350.0 5661.0 32.348571428571425 0.1686954815827627 0.06303724928366762 0.0008713773692917266 0.49928469241773965 0.03356004043583817 0.0020264146413646
233 350.0 5661.0 32.348571428571425 0.1686954815827627 0.06303724928366762 0.0008903743495783447 0.49715099715099714 0.03454587454939126 0.0020238481317302924
234 350.0 5661.0 32.348571428571425 0.1686954815827627 0.06017191977077364 0.000827036514960575 0.4787379972565158 0.026932501201011167 0.0019649056546250728
235 350.0 5661.0 32.348571428571425 0.1686954815827627 0.0659025787965616 0.0009428923364444697 0.5 0.03443158617502707 0.0021069363601391314
236 350.0 5661.0 32.348571428571425 0.1686954815827627 0.05730659025787965 0.0007521021752416813 0.4860724233983287 0.0252169536547337 0.0018785641713724886
237 350.0 5661.0 32.348571428571425 0.1686954815827627 0.05730659025787965 0.0008538080592357336 0.4787379972565158 0.025292141870214887 0.001890518105527784
238 350.0 5661.0 32.348571428571425 0.1686954815827627 0.05730659025787965 0.0006986843428482785 0.48204419889502764 0.02633832500808723 0.0018765690620398325
239 350.0 5661.0 32.348571428571425 0.1686954815827627 0.05730659025787965 0.0006328598666269882 0.46720214190093706 0.024702429745539503 0.0018784341992454784
24 350.0 5661.0 32.348571428571425 0.1686954815827627 0.2464183381088825 0.013989587532090791 0.5702614379084967 0.12499995062050846 0.007106771910714561
240 350.0 5661.0 32.348571428571425 0.1686954815827627 0.06017191977077364 0.0008652680728902479 0.4943342776203966 0.029936786197059587 0.001954054596553718
241 350.0 5661.0 32.348571428571425 0.1686954815827627 0.05157593123209169 0.0004748893409231675 0.4894810659186536 0.027741006692742428 0.0016964427673791277
242 350.0 5661.0 32.348571428571425 0.1686954815827627 0.06017191977077364 0.0008827644549466 0.4847222222222222 0.026449291948868796 0.001960307721444522
243 350.0 5661.0 32.348571428571425 0.1686954815827627 0.05444126074498567 0.0004329414152631563 0.49363507779349364 0.031495198817007436 0.0017686379969727491
244 350.0 5661.0 32.348571428571425 0.1686954815827627 0.06303724928366762 0.0009595658545688499 0.4943342776203966 0.030961885705815713 0.002040529894657752
245 350.0 5661.0 32.348571428571425 0.1686954815827627 0.06017191977077364 0.000729117719222 0.4922425952045134 0.032510047274624955 0.0019433993029354959
246 350.0 5661.0 32.348571428571425 0.1686954815827627 0.0659025787965616 0.0010947468415186219 0.4929378531073446 0.03344707318682942 0.002131133189918954
247 350.0 5661.0 32.348571428571425 0.1686954815827627 0.05444126074498567 0.000795540987819798 0.4847222222222222 0.024029716714826625 0.0018131011005002823
248 350.0 5661.0 32.348571428571425 0.1686954815827627 0.06303724928366762 0.0007640411435393672 0.49644381223328593 0.033448575544823785 0.0020262615306669276
249 350.0 5661.0 32.348571428571425 0.1686954815827627 0.06303724928366762 0.0008919466628414604 0.4929378531073446 0.029423495483165727 0.002035140584325353
25 350.0 5661.0 32.348571428571425 0.1686954815827627 0.22349570200573066 0.010174766319555122 0.5629032258064516 0.11933572225165401 0.00643508782348563
250 350.0 5661.0 32.348571428571425 0.1686954815827627 0.05730659025787965 0.0006135204391977077 0.4922425952045134 0.03218513314470358 0.0018636975821668094
251 350.0 5661.0 32.348571428571425 0.1686954815827627 0.06303724928366762 0.0010492772630925115 0.4840499306518724 0.027717674833626582 0.0020544582392455707
252 350.0 5661.0 32.348571428571425 0.1686954815827627 0.05444126074498567 0.0005599806846947529 0.4807162534435262 0.027780161269144402 0.0017800018868282883
253 350.0 5661.0 32.348571428571425 0.1686954815827627 0.05730659025787965 0.0008477373887636227 0.48005502063273725 0.024463422149312585 0.0018831579443285816
254 350.0 5661.0 32.348571428571425 0.1686954815827627 0.05730659025787965 0.0006894935570851565 0.4847222222222222 0.028734907338978842 0.00186539983042148
255 350.0 5661.0 32.348571428571425 0.1686954815827627 0.05730659025787965 0.0006666761631461805 0.4887955182072829 0.02633823681817817 0.0018808485267135776
256 350.0 5661.0 32.348571428571425 0.1686954815827627 0.05444126074498567 0.00039714527511753466 0.4908579465541491 0.03146971302220466 0.0017681284695317847
257 350.0 5661.0 32.348571428571425 0.1686954815827627 0.06303724928366762 0.001239960280424014 0.4887955182072829 0.02303491473687359 0.0020698656869478334
258 350.0 5661.0 32.348571428571425 0.1686954815827627 0.06017191977077364 0.0010917461824346975 0.48337950138504154 0.027485831676668907 0.0019765581528354897
259 350.0 5661.0 32.348571428571425 0.1686954815827627 0.05444126074498567 0.0006809783481208985 0.49573863636363635 0.028060812521470788 0.0017915243527474596
26 350.0 5661.0 32.348571428571425 0.1686954815827627 0.2148997134670487 0.01017782369239784 0.5601926163723917 0.1124925386328686 0.00621320649149441
260 350.0 5661.0 32.348571428571425 0.1686954815827627 0.06017191977077364 0.0007874747041608067 0.5057971014492754 0.03449327822244941 0.0019438023447199738
261 350.0 5661.0 32.348571428571425 0.1686954815827627 0.05444126074498567 0.0004519002780748749 0.49928469241773965 0.033968367193167176 0.0017743267174857484
262 350.0 5661.0 32.348571428571425 0.1686954815827627 0.05444126074498567 0.0005092573550202401 0.4853963838664812 0.02873708614080324 0.0017809598223129891
263 350.0 5661.0 32.348571428571425 0.1686954815827627 0.05157593123209169 0.000554466679756202 0.4840499306518724 0.02530926409827922 0.0017128950653332688
264 350.0 5661.0 32.348571428571425 0.1686954815827627 0.06303724928366762 0.00096727167270008 0.4887955182072829 0.03152032688829199 0.0020403179932304335
265 350.0 5661.0 32.348571428571425 0.1686954815827627 0.05157593123209169 0.0004399226012229907 0.48675034867503486 0.02764640653133658 0.0016966668749426779
266 350.0 5661.0 32.348571428571425 0.1686954815827627 0.06303724928366762 0.0012575250040721049 0.48675034867503486 0.025513545717564395 0.0020660335856293307
267 350.0 5661.0 32.348571428571425 0.1686954815827627 0.06303724928366762 0.0009862080880924907 0.49363507779349364 0.030334024881261953 0.0020454969878814415
268 350.0 5661.0 32.348571428571425 0.1686954815827627 0.05730659025787965 0.0007654342580536047 0.48005502063273725 0.024909433705439687 0.001885441068443687
269 350.0 5661.0 32.348571428571425 0.1686954815827627 0.06017191977077364 0.000758308658098475 0.49573863636363635 0.03164138924717035 0.0019543662625925574
27 350.0 5661.0 32.348571428571425 0.1686954815827627 0.2349570200573066 0.011093999657067258 0.5665584415584416 0.125265282595067 0.006756299106991183
270 350.0 5661.0 32.348571428571425 0.1686954815827627 0.0659025787965616 0.0009842905211691862 0.49644381223328593 0.03407375678931627 0.0021207625057871565
271 350.0 5661.0 32.348571428571425 0.1686954815827627 0.05730659025787965 0.0007773709012054157 0.4780821917808219 0.025876920390685346 0.0018819252407054877
272 350.0 5661.0 32.348571428571425 0.1686954815827627 0.05157593123209169 0.0005222327180538031 0.4761255115961801 0.02405729046802699 0.001710831358911761
273 350.0 5661.0 32.348571428571425 0.1686954815827627 0.06017191977077364 0.0011896884800938088 0.4774281805745554 0.023284159134422517 0.0019899663556856304
274 350.0 5661.0 32.348571428571425 0.1686954815827627 0.05444126074498567 0.0006866999824434935 0.48337950138504154 0.02782483719624594 0.0018004006642186958
275 350.0 5661.0 32.348571428571425 0.1686954815827627 0.04871060171919771 0.0004108677792703517 0.476775956284153 0.02246000787751402 0.0016248879321577481
276 350.0 5661.0 32.348571428571425 0.1686954815827627 0.04871060171919771 0.00030523960750280556 0.48675034867503486 0.026625708741067268 0.00160965882331149
277 350.0 5661.0 32.348571428571425 0.1686954815827627 0.05157593123209169 0.0006339889720089603 0.4735413839891452 0.022050005448611517 0.001729699870811925
278 350.0 5661.0 32.348571428571425 0.1686954815827627 0.05730659025787965 0.0008596591333360644 0.4774281805745554 0.025101539407012933 0.0018987766941052197
279 350.0 5661.0 32.348571428571425 0.1686954815827627 0.05444126074498567 0.0006801529179163774 0.49363507779349364 0.030448648873518617 0.0017889698313809073
28 350.0 5661.0 32.348571428571425 0.1686954815827627 0.2148997134670487 0.011333960618135026 0.5592948717948718 0.10675362487280582 0.0062430595233390375
280 350.0 5661.0 32.348571428571425 0.1686954815827627 0.05444126074498567 0.0007239291798703981 0.4787379972565158 0.024135960801148697 0.0018037688683810462
281 350.0 5661.0 32.348571428571425 0.1686954815827627 0.05157593123209169 0.0004357125063589441 0.48743016759776536 0.028312865023665854 0.0016956900810319285
282 350.0 5661.0 32.348571428571425 0.1686954815827627 0.05157593123209169 0.00042203595031542864 0.48743016759776536 0.026767504808261032 0.0016942244536056513
283 350.0 5661.0 32.348571428571425 0.1686954815827627 0.04871060171919771 0.00029786383972753695 0.4780821917808219 0.027064406406767404 0.0016082024736119192
284 350.0 5661.0 32.348571428571425 0.1686954815827627 0.05157593123209169 0.0003933211558758485 0.4908579465541491 0.02955385070291256 0.0016853395771510159
285 350.0 5661.0 32.348571428571425 0.1686954815827627 0.05157593123209169 0.00045265522397298815 0.4860724233983287 0.028656623611074877 0.0016973982825337053
286 350.0 5661.0 32.348571428571425 0.1686954815827627 0.05444126074498567 0.0005762451039300704 0.4929378531073446 0.02702126001644088 0.0017868450826908626
287 350.0 5661.0 32.348571428571425 0.1686954815827627 0.05444126074498567 0.0005106451685146973 0.4860724233983287 0.03053702404062756 0.0017781890285338306
288 350.0 5661.0 32.348571428571425 0.1686954815827627 0.05444126074498567 0.0008518721620084471 0.47547683923705725 0.02369330237077049 0.0018182839822976286
289 350.0 5661.0 32.348571428571425 0.1686954815827627 0.05157593123209169 0.0005693539124371605 0.4840499306518724 0.026454770184121117 0.0017109591555149876
29 350.0 5661.0 32.348571428571425 0.1686954815827627 0.21776504297994267 0.010378686318791866 0.5610932475884244 0.11632547822296449 0.00628693141489863
290 350.0 5661.0 32.348571428571425 0.1686954815827627 0.05444126074498567 0.0006072795742893486 0.4860724233983287 0.027329289698449274 0.0017893482255532808
291 350.0 5661.0 32.348571428571425 0.1686954815827627 0.06017191977077364 0.00092728894004381 0.49363507779349364 0.029243092507531765 0.0019676930981630284
292 350.0 5661.0 32.348571428571425 0.1686954815827627 0.05157593123209169 0.0006509498839724786 0.46908602150537637 0.021264269571765564 0.0017316673182989739
293 350.0 5661.0 32.348571428571425 0.1686954815827627 0.05444126074498567 0.0005915308121922897 0.48743016759776536 0.028838824192034707 0.0017891322333219533
294 350.0 5661.0 32.348571428571425 0.1686954815827627 0.06017191977077364 0.0010805595338710728 0.48743016759776536 0.02657081544548065 0.001974267466150865
295 350.0 5661.0 32.348571428571425 0.1686954815827627 0.04871060171919771 0.0005072074690333396 0.476775956284153 0.020930160654200326 0.0016298281146290869
296 350.0 5661.0 32.348571428571425 0.1686954815827627 0.05444126074498567 0.0006684169571188966 0.48337950138504154 0.027907130274307818 0.0017942710181353698
297 350.0 5661.0 32.348571428571425 0.1686954815827627 0.05157593123209169 0.0004897946102466794 0.48137931034482756 0.024098542221864923 0.0017072793640790674
298 350.0 5661.0 32.348571428571425 0.1686954815827627 0.05157593123209169 0.0006858324991789299 0.47162162162162163 0.020548563443457617 0.0017357621001556553
299 350.0 5661.0 32.348571428571425 0.1686954815827627 0.05157593123209169 0.0007455546917909703 0.4556135770234987 0.018470670485211407 0.001746099782734847
3 350.0 5661.0 32.348571428571425 0.1686954815827627 0.09742120343839542 0.0018246306865858843 0.5216741405082213 0.057975696291961976 0.0029539922200503017
30 350.0 5661.0 32.348571428571425 0.1686954815827627 0.20630372492836677 0.00938658215374808 0.5575079872204473 0.10676345727554873 0.005965791524466224
300 350.0 5661.0 32.348571428571425 0.1686954815827627 0.04871060171919771 0.0003723046292447286 0.4901685393258427 0.029179166865907286 0.0016157583196748106
301 350.0 5661.0 32.348571428571425 0.1686954815827627 0.05157593123209169 0.000593927193569646 0.48337950138504154 0.0268983599126703 0.0017127630280040116
302 350.0 5661.0 32.348571428571425 0.1686954815827627 0.05157593123209169 0.00036930652716169734 0.4950354609929078 0.03397420289479521 0.001686162021293584
303 350.0 5661.0 32.348571428571425 0.1686954815827627 0.05157593123209169 0.0005246326559344418 0.4922425952045134 0.02701089355294555 0.0017077813033480888
304 350.0 5661.0 32.348571428571425 0.1686954815827627 0.04871060171919771 0.00038924448482093515 0.4847222222222222 0.02588509585837479 0.0016186882625586479
305 350.0 5661.0 32.348571428571425 0.1686954815827627 0.04871060171919771 0.0005536973496070985 0.4787379972565158 0.022437098271401192 0.0016439659887845163
306 350.0 5661.0 32.348571428571425 0.1686954815827627 0.05730659025787965 0.0009111580336070748 0.48675034867503486 0.025384172210125247 0.0018870093884097775
307 350.0 5661.0 32.348571428571425 0.1686954815827627 0.04871060171919771 0.00045202138588691307 0.4722598105548038 0.0234625047316867 0.0016293719903931034
308 350.0 5661.0 32.348571428571425 0.1686954815827627 0.04871060171919771 0.0005062792013342609 0.46908602150537637 0.021729722918560887 0.0016385601512050822
309 350.0 5661.0 32.348571428571425 0.1686954815827627 0.05730659025787965 0.0008174342836318514 0.48337950138504154 0.026295410873442882 0.001893498721046848
31 350.0 5661.0 32.348571428571425 0.1686954815827627 0.2464183381088825 0.012903921846446892 0.5702614379084967 0.1262157199752856 0.00707382119961203
310 350.0 5661.0 32.348571428571425 0.1686954815827627 0.05157593123209169 0.0007389923285122498 0.47162162162162163 0.02038601967048385 0.0017310522174582151
311 350.0 5661.0 32.348571428571425 0.1686954815827627 0.04871060171919771 0.00042159314365846685 0.4780821917808219 0.026920248735816717 0.0016160196773246558
312 350.0 5661.0 32.348571428571425 0.1686954815827627 0.04871060171919771 0.00042796278584759044 0.48204419889502764 0.02442954408409831 0.0016266598998669207
313 350.0 5661.0 32.348571428571425 0.1686954815827627 0.05157593123209169 0.0004736720631039384 0.4793956043956044 0.025828937503717536 0.0017027926701702637
314 350.0 5661.0 32.348571428571425 0.1686954815827627 0.05444126074498567 0.0008825062070096757 0.4634794156706507 0.01975947640646702 0.0018222862747865063
315 350.0 5661.0 32.348571428571425 0.1686954815827627 0.05157593123209169 0.000562503581373902 0.46908602150537637 0.022501896318983187 0.001719799062179528
316 350.0 5661.0 32.348571428571425 0.1686954815827627 0.05157593123209169 0.0006081486256442745 0.4807162534435262 0.025424770928547048 0.0017171936360807956
317 350.0 5661.0 32.348571428571425 0.1686954815827627 0.04871060171919771 0.000501626495916642 0.4807162534435262 0.022825688037221625 0.0016389707115855687
318 350.0 5661.0 32.348571428571425 0.1686954815827627 0.04871060171919771 0.000517962294672852 0.48005502063273725 0.024958990604227935 0.0016365100749576237
319 350.0 5661.0 32.348571428571425 0.1686954815827627 0.05157593123209169 0.0004724963964290346 0.48743016759776536 0.028720680954264517 0.001699093982527245
32 350.0 5661.0 32.348571428571425 0.1686954815827627 0.2607449856733524 0.014665009079554151 0.5749588138385503 0.12844209076260202 0.007494083026117802
320 350.0 5661.0 32.348571428571425 0.1686954815827627 0.05157593123209169 0.0006100430154433785 0.4787379972565158 0.02320383079040113 0.001723934299146663
321 350.0 5661.0 32.348571428571425 0.1686954815827627 0.06017191977077364 0.001036653019410727 0.48675034867503486 0.025659140858540066 0.0019787712581157903
322 350.0 5661.0 32.348571428571425 0.1686954815827627 0.04871060171919771 0.00036576893617317537 0.4748299319727891 0.023652098346420517 0.0016188674930368802
323 350.0 5661.0 32.348571428571425 0.1686954815827627 0.04871060171919771 0.00045988273792844426 0.47547683923705725 0.024169432695911555 0.0016278414658072089
324 350.0 5661.0 32.348571428571425 0.1686954815827627 0.05730659025787965 0.000930290886497225 0.4774281805745554 0.02426709650993895 0.0018971177873453287
325 350.0 5661.0 32.348571428571425 0.1686954815827627 0.05157593123209169 0.000597550074753851 0.4709851551956815 0.023142250442760137 0.0017301031214016704
326 350.0 5661.0 32.348571428571425 0.1686954815827627 0.04871060171919771 0.00037319214145434666 0.4840499306518724 0.025194447616338263 0.001621792121968494
327 350.0 5661.0 32.348571428571425 0.1686954815827627 0.04871060171919771 0.0005237682925555013 0.47289972899729 0.024454365242384698 0.0016336139482633657
328 350.0 5661.0 32.348571428571425 0.1686954815827627 0.04871060171919771 0.00040572912614767257 0.4894810659186536 0.030375721285204303 0.0016172997133326035
329 350.0 5661.0 32.348571428571425 0.1686954815827627 0.04871060171919771 0.000380632069053909 0.4774281805745554 0.027130556247455577 0.0016228574089652338
33 350.0 5661.0 32.348571428571425 0.1686954815827627 0.17478510028653294 0.007318783568733388 0.5461658841940532 0.08769050955737556 0.005137336533131476
330 350.0 5661.0 32.348571428571425 0.1686954815827627 0.04871060171919771 0.0005999701599718897 0.4780821917808219 0.02226822934432508 0.0016446858206166318
331 350.0 5661.0 32.348571428571425 0.1686954815827627 0.04871060171919771 0.000390369113612976 0.4787379972565158 0.027335547359696483 0.001619595862527801
332 350.0 5661.0 32.348571428571425 0.1686954815827627 0.05157593123209169 0.0005364710423561828 0.4827109266943292 0.02696365316483194 0.0017069769117359962
333 350.0 5661.0 32.348571428571425 0.1686954815827627 0.04871060171919771 0.0004897864833135604 0.4908579465541491 0.02813917163565066 0.0016315680011625244
334 350.0 5661.0 32.348571428571425 0.1686954815827627 0.05157593123209169 0.0005020470208071228 0.48675034867503486 0.02669731966224827 0.0017149816696478322
335 350.0 5661.0 32.348571428571425 0.1686954815827627 0.04871060171919771 0.0005247441320199131 0.4741847826086957 0.02374674283251246 0.0016412935587160633
336 350.0 5661.0 32.348571428571425 0.1686954815827627 0.04871060171919771 0.00038571625518643365 0.48137931034482756 0.02706976003034275 0.0016197964328554077
337 350.0 5661.0 32.348571428571425 0.1686954815827627 0.05157593123209169 0.0007855008868108867 0.4709851551956815 0.022139564837215714 0.0017388002250404548
338 350.0 5661.0 32.348571428571425 0.1686954815827627 0.04871060171919771 0.00040709305393207194 0.4722598105548038 0.0238622451155304 0.001624438390537625
339 350.0 5661.0 32.348571428571425 0.1686954815827627 0.05157593123209169 0.0006047436077670001 0.48005502063273725 0.023858030025495004 0.0017179240239022131
34 350.0 5661.0 32.348571428571425 0.1686954815827627 0.23782234957020057 0.014296172618732282 0.567479674796748 0.11000967052292225 0.00692030594717563
340 350.0 5661.0 32.348571428571425 0.1686954815827627 0.04871060171919771 0.00038766521725656114 0.48137931034482756 0.025124898066983002 0.0016219042187076884
341 350.0 5661.0 32.348571428571425 0.1686954815827627 0.05157593123209169 0.0007185186591700087 0.4709851551956815 0.021641373314585984 0.0017375837993908363
342 350.0 5661.0 32.348571428571425 0.1686954815827627 0.04871060171919771 0.000305219463317118 0.4793956043956044 0.02634816872798214 0.0016119240038254617
343 350.0 5661.0 32.348571428571425 0.1686954815827627 0.04871060171919771 0.0005876416531175933 0.48137931034482756 0.023461856162041907 0.0016541486055965005
344 350.0 5661.0 32.348571428571425 0.1686954815827627 0.04871060171919771 0.0004603534241722823 0.48137931034482756 0.0287291733914964 0.0016283112773012923
345 350.0 5661.0 32.348571428571425 0.1686954815827627 0.04871060171919771 0.0005311554028392576 0.4774281805745554 0.02241739095604169 0.0016407254597698747
346 350.0 5661.0 32.348571428571425 0.1686954815827627 0.04871060171919771 0.0006623294328932612 0.465954606141522 0.020791956054111802 0.0016557139906741788
347 350.0 5661.0 32.348571428571425 0.1686954815827627 0.04871060171919771 0.0005511324844061562 0.4929378531073446 0.025149383441061362 0.0016445233414378662
348 350.0 5661.0 32.348571428571425 0.1686954815827627 0.04871060171919771 0.00035277467536531986 0.49644381223328593 0.030981902371206134 0.0016104163878140258
349 350.0 5661.0 32.348571428571425 0.1686954815827627 0.04871060171919771 0.0003842864357515757 0.4722598105548038 0.02388433926264911 0.0016274837237685096
35 350.0 5661.0 32.348571428571425 0.1686954815827627 0.16045845272206302 0.005261255478295813 0.5419254658385093 0.087459303907796 0.004699299668279234
36 350.0 5661.0 32.348571428571425 0.1686954815827627 0.1977077363896848 0.010284412811131523 0.5548489666136724 0.09396078594363563 0.005786885379751813
37 350.0 5661.0 32.348571428571425 0.1686954815827627 0.1833810888252149 0.00800814686634156 0.5496062992125984 0.09115659288658405 0.005369715932559166
38 350.0 5661.0 32.348571428571425 0.1686954815827627 0.166189111747851 0.006661658741963951 0.5444617784711389 0.08281697544048085 0.004897865232266181
39 350.0 5661.0 32.348571428571425 0.1686954815827627 0.15472779369627507 0.005005569620051643 0.5419254658385093 0.08060122124527726 0.00455235582973684
4 350.0 5661.0 32.348571428571425 0.1686954815827627 0.16045845272206302 0.006150325236752177 0.5410852713178295 0.0772613198249675 0.004738954524241054
40 350.0 5661.0 32.348571428571425 0.1686954815827627 0.20916905444126074 0.010917351602664426 0.5584 0.09748163165218483 0.006096344126613113
41 350.0 5661.0 32.348571428571425 0.1686954815827627 0.18051575931232092 0.007128889199627761 0.5496062992125984 0.09340010206434844 0.005274145001247686
42 350.0 5661.0 32.348571428571425 0.1686954815827627 0.1518624641833811 0.005058668311058982 0.5385802469135802 0.07789164198013544 0.0044727288628247965
43 350.0 5661.0 32.348571428571425 0.1686954815827627 0.20343839541547276 0.01023590560383056 0.5557324840764332 0.09631061464920156 0.005938876428058219
44 350.0 5661.0 32.348571428571425 0.1686954815827627 0.1518624641833811 0.005080921959820918 0.5410852713178295 0.08181488650158265 0.0044739216095074225
45 350.0 5661.0 32.348571428571425 0.1686954815827627 0.18051575931232092 0.006868658026672428 0.5496062992125984 0.0916363850445487 0.005267325079804218
46 350.0 5661.0 32.348571428571425 0.1686954815827627 0.12893982808022922 0.004011368140516985 0.5328244274809161 0.06550666266638334 0.003852380887225332
47 350.0 5661.0 32.348571428571425 0.1686954815827627 0.17478510028653294 0.008123671890998368 0.5470219435736677 0.08425148284372198 0.005150462204504181
48 350.0 5661.0 32.348571428571425 0.1686954815827627 0.1461318051575931 0.004961398588551203 0.5377503852080123 0.07493151007937818 0.004329462602857927
49 350.0 5661.0 32.348571428571425 0.1686954815827627 0.1489971346704871 0.005171317649325796 0.5394126738794436 0.07438720152342924 0.004413495751643104
5 350.0 5661.0 32.348571428571425 0.1686954815827627 0.05157593123209169 0.0005804550960539941 0.4950354609929078 0.03139397817257651 0.0017159661122471785
50 350.0 5661.0 32.348571428571425 0.1686954815827627 0.18624641833810887 0.008778309606614545 0.5504731861198738 0.08768057628331738 0.005469118870855071
51 350.0 5661.0 32.348571428571425 0.1686954815827627 0.18911174785100285 0.00990819416118975 0.5522151898734177 0.08354701845990732 0.0055678928156429955
52 350.0 5661.0 32.348571428571425 0.1686954815827627 0.15472779369627507 0.0065829916154673965 0.5394126738794436 0.07026714796455005 0.004612320093903847
53 350.0 5661.0 32.348571428571425 0.1686954815827627 0.1461318051575931 0.004859516822303388 0.5385802469135802 0.07403632706419551 0.004332234657490799
54 350.0 5661.0 32.348571428571425 0.1686954815827627 0.166189111747851 0.0071731457138613985 0.5427682737169518 0.07509239653772191 0.004918662885154274
55 350.0 5661.0 32.348571428571425 0.1686954815827627 0.16332378223495703 0.006794878148431256 0.5444617784711389 0.07755137339813216 0.004833637742277735
56 350.0 5661.0 32.348571428571425 0.1686954815827627 0.14326647564469913 0.0054675915700035166 0.5377503852080123 0.0704069242422949 0.004283507290764442
57 350.0 5661.0 32.348571428571425 0.1686954815827627 0.19484240687679083 0.011424142244918849 0.5530903328050714 0.08768071737123963 0.0057623434617167365
58 350.0 5661.0 32.348571428571425 0.1686954815827627 0.16045845272206302 0.0064976771773712005 0.5419254658385093 0.07261430803835242 0.004761383250922717
59 350.0 5661.0 32.348571428571425 0.1686954815827627 0.2464183381088825 0.018584630514759743 0.5702614379084967 0.10339313282820575 0.007216065213333158
6 350.0 5661.0 32.348571428571425 0.1686954815827627 0.22636103151862463 0.01342913569973736 0.5638126009693053 0.10617692030807584 0.006599157679504814
60 350.0 5661.0 32.348571428571425 0.1686954815827627 0.13753581661891118 0.004078886653805354 0.5344563552833078 0.06813978564967432 0.004092521667565921
61 350.0 5661.0 32.348571428571425 0.1686954815827627 0.10601719197707736 0.002354256324775567 0.524024024024024 0.05634479468951808 0.0032148215645191004
62 350.0 5661.0 32.348571428571425 0.1686954815827627 0.12320916905444125 0.0037039737114013824 0.5312024353120244 0.060693489194150144 0.0037082459455306275
63 350.0 5661.0 32.348571428571425 0.1686954815827627 0.15759312320916904 0.005790220602016061 0.5419254658385093 0.07399311838322532 0.004647158800804901
64 350.0 5661.0 32.348571428571425 0.1686954815827627 0.14326647564469913 0.005090146432186941 0.5377503852080123 0.0693224434172803 0.004270944848357174
65 350.0 5661.0 32.348571428571425 0.1686954815827627 0.09455587392550142 0.001964466212213046 0.5162721893491125 0.04890464162065461 0.0028970876014308197
66 350.0 5661.0 32.348571428571425 0.1686954815827627 0.166189111747851 0.007988681326187711 0.543613707165109 0.07120895573577533 0.004954899791588418
67 350.0 5661.0 32.348571428571425 0.1686954815827627 0.10601719197707736 0.0022517407806421966 0.524024024024024 0.058625953259743305 0.003202041526823308
68 350.0 5661.0 32.348571428571425 0.1686954815827627 0.10601719197707736 0.0025291274041580126 0.524024024024024 0.05667363139300342 0.0032214887091908144
69 350.0 5661.0 32.348571428571425 0.1686954815827627 0.10028653295128939 0.0021983179272820953 0.5208955223880597 0.05261706469744679 0.003051803225878516
7 350.0 5661.0 32.348571428571425 0.1686954815827627 0.20630372492836677 0.009694356872374962 0.5575079872204473 0.10559276526936837 0.005990304148883105
70 350.0 5661.0 32.348571428571425 0.1686954815827627 0.11174785100286533 0.002098270204601727 0.526395173453997 0.0620282170729062 0.0033361332854461682
71 350.0 5661.0 32.348571428571425 0.1686954815827627 0.11174785100286533 0.002997148948164705 0.524812030075188 0.058504056158560865 0.0033884899335957196
72 350.0 5661.0 32.348571428571425 0.1686954815827627 0.12034383954154727 0.0037767050336513525 0.527190332326284 0.055864037601952396 0.003643934521251684
73 350.0 5661.0 32.348571428571425 0.1686954815827627 0.13753581661891118 0.0048133805082597745 0.5328244274809161 0.06432705110821324 0.004114755750327412
74 350.0 5661.0 32.348571428571425 0.1686954815827627 0.14040114613180515 0.0055268452893436 0.5328244274809161 0.06184443286389731 0.0042223396471283235
75 350.0 5661.0 32.348571428571425 0.1686954815827627 0.1518624641833811 0.006608807398815006 0.5377503852080123 0.06492873844363126 0.004547172306923137
76 350.0 5661.0 32.348571428571425 0.1686954815827627 0.12320916905444125 0.003784637936756086 0.526395173453997 0.057232245983691254 0.0037100230590840664
77 350.0 5661.0 32.348571428571425 0.1686954815827627 0.1318051575931232 0.004756614940901624 0.5312024353120244 0.05886747384930535 0.003967097862538877
78 350.0 5661.0 32.348571428571425 0.1686954815827627 0.1318051575931232 0.004871269054240437 0.5336391437308868 0.06111320026862023 0.0039730571022431015
79 350.0 5661.0 32.348571428571425 0.1686954815827627 0.09455587392550142 0.001855668783779243 0.5178041543026706 0.05166949900855315 0.002896472109657394
8 350.0 5661.0 32.348571428571425 0.1686954815827627 0.1346704871060172 0.003841818079288606 0.5344563552833078 0.07581775490072344 0.003996305119474694
80 350.0 5661.0 32.348571428571425 0.1686954815827627 0.10888252148997134 0.0031684659215625516 0.5256024096385542 0.05523036627712342 0.003319803069875866
81 350.0 5661.0 32.348571428571425 0.1686954815827627 0.10028653295128939 0.002212083704755725 0.5162721893491125 0.049423179341216546 0.0030608830182288632
82 350.0 5661.0 32.348571428571425 0.1686954815827627 0.09742120343839542 0.0019393730101796409 0.5201192250372578 0.05587473180789289 0.0029658475895568987
83 350.0 5661.0 32.348571428571425 0.1686954815827627 0.1146131805157593 0.0029663230594131882 0.5256024096385542 0.0553230613185927 0.00346905550162297
84 350.0 5661.0 32.348571428571425 0.1686954815827627 0.16045845272206302 0.008385703921073503 0.5419254658385093 0.06827402965776824 0.004821480860266719
85 350.0 5661.0 32.348571428571425 0.1686954815827627 0.10315186246418338 0.002012597937223246 0.5256024096385542 0.054550705198345234 0.0031194239478751764
86 350.0 5661.0 32.348571428571425 0.1686954815827627 0.12320916905444125 0.0037238990507932287 0.5279878971255674 0.05889942616566119 0.0037114748008174603
87 350.0 5661.0 32.348571428571425 0.1686954815827627 0.10888252148997134 0.002942398019603316 0.524024024024024 0.05196346977575258 0.003313756592030744
88 350.0 5661.0 32.348571428571425 0.1686954815827627 0.10315186246418338 0.0020091663802003397 0.5216741405082213 0.0533456976825461 0.00311760156766574
89 350.0 5661.0 32.348571428571425 0.1686954815827627 0.08022922636103151 0.001093708455724262 0.5124816446402349 0.046231165823955644 0.0024788590047415977
9 350.0 5661.0 32.348571428571425 0.1686954815827627 0.05730659025787965 0.0006015858051606321 0.4908579465541491 0.03189705214376764 0.0018577878333884453
90 350.0 5661.0 32.348571428571425 0.1686954815827627 0.09169054441260745 0.0015359557290187558 0.513235294117647 0.04826731467406528 0.00280608669846985
91 350.0 5661.0 32.348571428571425 0.1686954815827627 0.10888252148997134 0.0027238264370665357 0.5232383808095952 0.05572684009012702 0.0033007214128344736
92 350.0 5661.0 32.348571428571425 0.1686954815827627 0.09455587392550142 0.0020926851624891466 0.5109809663250366 0.04422081994731599 0.0029049152678685963
93 350.0 5661.0 32.348571428571425 0.1686954815827627 0.09169054441260745 0.0017731111055447055 0.5162721893491125 0.04314376761072119 0.0028200260353728433
94 350.0 5661.0 32.348571428571425 0.1686954815827627 0.10315186246418338 0.002579766167028951 0.5185735512630015 0.04880551227518748 0.003152984771537629
95 350.0 5661.0 32.348571428571425 0.1686954815827627 0.09455587392550142 0.002134699400976738 0.5208955223880597 0.048698569249136195 0.002908740537747705
96 350.0 5661.0 32.348571428571425 0.1686954815827627 0.1146131805157593 0.0035077023612100147 0.5224550898203593 0.048861680842760075 0.003486527528633798
97 350.0 5661.0 32.348571428571425 0.1686954815827627 0.09455587392550142 0.0021595308711958618 0.5178041543026706 0.04805727377172712 0.002908282152796738
98 350.0 5661.0 32.348571428571425 0.1686954815827627 0.1174785100286533 0.0037395523834005276 0.5287878787878788 0.05447327656663485 0.003570992992585659
99 350.0 5661.0 32.348571428571425 0.1686954815827627 0.09169054441260745 0.0019486290643479641 0.513235294117647 0.04470128843763154 0.0028258007327417057