0 0
1 0
2 0
3 1
4 1
5 0
6 1
7 1
8 0
9 1
10 0
11 0
12 1
13 1
14 0
15 0
16 0
17 1
18 0
19 1
20 0
21 0
22 0
23 1
24 1
25 0
26 0
27 0
28 1
29 0
30 1
31 0
32 1
33 1
34 0
35 0
36 1
37 0
38 1
39 0
40 1
41 0
42 1
43 0
44 0
45 0
46 0
47 0
48 1
49 0
50 1
51 0
52 0
53 0
54 1
55 0
56 1
57 1
58 1
59 0
60 1
61 1
62 1
63 0
64 1
65 1
66 0
67 0
68 1
69 1
70 0
71 0
72 1
73 1
74 1
75 1
76 1
77 1
78 1
79 1
80 0
81 0
82 0
83 0
84 0
85 0
86 1
87 1
88 1
89 1
90 0
91 1
92 0
93 1
94 1
95 1
96 0
97 0
98 0
99 0
100 1
101 1
102 1
103 0
104 1
105 0
106 0
107 0
108 1
109 0
110 1
111 0
112 1
113 0
114 0
115 1
116 1
117 1
118 0
119 1
120 0
121 0
122 1
123 0
124 1
125 0
126 1
127 0
128 0
129 1
130 0
131 0
132 1
133 1
134 0
135 1
136 0
137 0
138 1
139 0
140 0
141 1
142 1
143 0
144 0
145 1
146 0
147 1
148 1
149 0
150 0
151 1
152 1
153 0
154 1
155 1
156 0
157 0
158 0
159 1
160 0
161 0
162 0
163 1
164 0
165 0
166 1
167 0
168 1
169 1
170 1
171 1
172 0
173 0
174 1
175 1
176 0
177 1
178 0
179 0
180 0
181 1
182 1
183 0
184 0
185 0
186 1
187 0
188 1
189 1
190 1
191 1
192 0
193 1
194 1
195 1
196 1
197 0
198 1
199 0
200 1
201 0
202 0
203 0
204 0
205 1
206 0
207 1
208 1
209 0
210 0
211 1
212 0
213 1
214 1
215 0
216 1
217 0
218 1
219 1
220 0
221 1
222 0
223 1
224 1
225 0
226 0
227 0
228 1
229 0
230 1
231 0
232 1
233 1
234 0
235 0
236 0
237 1
238 0
239 1
240 0
241 0
242 0
243 0
244 0
245 1
246 1
247 1
248 1
249 1
250 1
251 0
252 1
253 0
254 1
255 1
256 1
257 1
258 0
259 0
260 1
261 1
262 0
263 0
264 0
265 0
266 1
267 0
268 0
269 0
270 1
271 1
272 1
273 0
274 0
275 1
276 0
277 0
278 1
279 0
280 1
281 0
282 1
283 0
284 1
285 1
286 1
287 1
288 1
289 0
290 0
291 0
292 0
293 1
294 1
295 0
296 0
297 0
298 0
299 0
300 1
301 1
302 0
303 0
304 1
305 0
306 0
307 1
308 0
309 0
310 1
311 0
312 0
313 1
314 0
315 0
316 1
317 1
318 1
319 1
320 1
321 0
322 0
323 1
324 0
325 0
326 1
327 1
328 1
329 0
330 1
331 1
332 1
333 0
334 0
335 0
336 0
337 0
338 1
339 1
340 0
341 0
342 1
343 0
344 0
345 1
346 1
347 1
348 0
349 1
350 1
351 0
352 1
353 0
354 1
355 0
356 0
357 1
358 1
359 0
360 0
361 1
362 0
363 1
364 1
365 0
366 0
367 1
368 1
369 0
370 0
371 0
372 1
373 1
374 0
375 0
376 1
377 1
378 1
379 1
380 1
381 0
382 0
383 1
384 1
385 1
386 1
387 0
388 1
389 1
390 0
391 1
392 1
393 1
394 0
395 1
396 1
397 0
398 1
399 1
400 0
401 0
402 0
403 1
404 1
405 1
406 0
407 1
408 1
409 0
410 1
411 1
412 0
413 1
414 0
415 1
416 0
417 1
418 1
419 0
420 1
421 1
422 0
423 1
424 1
425 1
426 1
427 1
428 0
429 0
430 0
431 1
432 0
433 1
434 0
435 0
436 1
437 0
438 1
439 1
440 1
441 1
442 0
443 1
444 0
445 1
446 0
447 1
448 0
449 1
450 0
451 1
452 1
453 0
454 0
455 1
456 1
457 1
458 0
459 1
460 1
461 1
462 1
463 1
464 1
465 0
466 1
467 1
468 1
469 1
470 1
471 1
472 0
473 1
474 0
475 0
476 1
477 0
478 0
479 0
480 0
481 1
482 1
483 0
484 0
485 0
486 1
487 1
488 1
489 0
490 0
491 1
492 1
493 1
494 0
495 0
496 0
497 0
498 0
499 1
500 1
501 0
502 1
503 0
504 1
505 1
506 0
507 1
508 0
509 1
510 0
511 1
512 1
513 0
514 0
515 1
516 1
517 0
518 1
519 0
520 0
521 0
522 1
523 1
524 0
525 1
526 1
527 0
528 1
529 1
530 1
531 1
532 0
533 1
534 0
535 1
536 0
537 0
538 0
539 1
540 1
541 0
542 1
543 0
544 1
545 0
546 1
547 1
548 1
549 0
550 0
551 0
552 0
553 0
554 0
555 0
556 0
557 1
558 0
559 0
560 0
561 0
562 0
563 1
564 0
565 0
566 0
567 1
568 1
569 1
570 1
571 0
572 0
573 1
574 0
575 1
576 0
577 0
578 1
579 0
580 0
581 1
582 0
583 0
584 1
585 1
586 0
587 0
588 0
589 0
590 0
591 1
592 0
593 1
594 0
595 1
596 1
597 0
598 1
599 1