0 1
1 1
10 1
100 1
101 0
102 0
103 1
104 0
105 1
106 1
107 0
108 0
109 0
11 1
110 1
111 0
112 0
113 1
114 0
115 0
116 0
117 1
118 1
119 0
12 1
120 0
121 0
122 0
123 0
124 0
125 1
126 1
127 1
128 1
129 1
13 1
130 0
131 1
132 0
133 1
134 0
135 0
136 0
137 0
138 0
139 0
14 1
140 0
141 0
142 0
143 0
144 1
145 1
146 1
147 0
148 1
149 1
15 1
150 0
151 0
152 0
153 1
154 1
155 0
156 1
157 0
158 1
159 0
16 1
160 0
161 0
162 0
163 0
164 1
165 0
166 0
167 0
168 0
169 1
17 1
170 1
171 1
172 1
173 0
174 0
175 1
176 0
177 0
178 0
179 1
18 1
180 1
181 1
182 1
183 0
184 0
185 1
186 0
187 0
188 1
189 0
19 1
190 1
191 1
192 0
193 0
194 0
195 0
196 0
197 0
198 1
199 0
2 1
20 1
200 0
201 0
202 0
203 0
204 1
205 1
206 1
207 0
208 1
209 1
21 1
210 0
211 0
212 1
213 1
214 0
215 0
216 1
217 0
218 0
219 0
22 1
220 1
221 1
222 1
223 0
224 1
225 0
226 0
227 0
228 0
229 1
23 1
230 0
231 1
232 0
233 1
234 1
235 0
236 0
237 0
238 0
239 1
24 1
240 1
241 0
242 0
243 0
244 1
245 0
246 0
247 0
248 0
249 1
25 1
250 1
251 1
252 1
253 1
254 1
255 1
256 1
257 0
258 1
259 0
26 1
260 0
261 0
262 0
263 1
264 1
265 1
266 0
267 1
268 1
269 0
27 1
270 1
271 0
272 0
273 0
274 0
275 1
276 0
277 0
278 1
279 0
28 1
280 0
281 1
282 0
283 1
284 0
285 0
286 0
287 1
288 1
289 1
29 1
290 0
291 0
292 0
293 1
294 0
295 1
296 1
297 1
298 1
299 0
3 1
30 1
300 0
301 0
302 0
303 1
304 1
305 0
306 1
307 0
308 0
309 0
31 1
310 1
311 0
312 0
313 0
314 0
315 1
316 0
317 0
318 1
319 1
32 1
320 0
321 1
322 0
323 1
324 0
325 0
326 0
327 0
328 1
329 0
33 1
330 1
331 0
332 0
333 0
334 0
335 0
336 1
337 0
338 0
339 1
34 1
340 0
341 0
342 0
343 0
344 1
345 0
346 0
347 1
348 1
349 0
35 1
350 0
351 0
352 1
353 1
354 1
355 0
356 0
357 0
358 0
359 1
36 1
360 1
361 0
362 1
363 0
364 1
365 1
366 0
367 0
368 1
369 0
37 0
370 1
371 1
372 0
373 1
374 1
375 1
376 0
377 0
378 0
379 0
38 1
380 1
381 0
382 1
383 1
384 0
385 1
386 1
387 1
388 1
389 0
39 1
390 1
391 1
392 1
393 1
394 0
395 0
396 0
397 0
398 0
399 1
4 1
40 1
400 0
401 0
402 1
403 0
404 1
405 0
406 0
407 0
408 0
409 0
41 0
410 0
411 1
412 0
413 0
414 0
415 0
416 1
417 0
418 1
419 0
42 1
420 1
421 1
422 1
423 1
424 0
425 1
426 1
427 1
428 0
429 0
43 1
430 1
431 0
432 0
433 0
434 0
435 1
436 0
437 1
438 1
439 0
44 0
440 1
441 1
442 1
443 1
444 1
445 0
446 0
447 0
448 1
449 1
45 1
450 0
451 1
452 0
453 1
454 0
455 0
456 0
457 0
458 1
459 0
46 0
460 1
461 1
462 0
463 1
464 1
465 0
466 0
467 0
468 1
469 1
47 1
470 1
471 0
472 0
473 1
474 1
475 1
476 0
477 0
478 0
479 1
48 1
480 0
481 0
482 0
483 1
484 0
485 1
486 1
487 1
488 0
489 1
49 0
490 0
491 0
492 1
493 1
494 1
495 1
496 0
497 1
498 0
499 1
5 1
50 1
500 0
501 0
502 0
503 1
504 0
505 0
506 0
507 0
508 0
509 1
51 1
510 1
511 0
512 0
513 0
514 0
515 0
516 0
517 1
518 0
519 1
52 0
520 0
521 0
522 1
523 0
524 1
525 1
526 1
527 1
528 1
529 0
53 1
530 0
531 1
532 0
533 1
534 0
535 1
536 1
537 1
538 1
539 1
54 1
540 0
541 0
542 0
543 1
544 1
545 0
546 0
547 0
548 0
549 0
55 1
550 1
551 0
552 1
553 1
554 1
555 0
556 0
557 1
558 0
559 1
56 1
560 0
561 0
562 1
563 1
564 1
565 1
566 1
567 0
568 1
569 0
57 1
570 1
571 0
572 1
573 0
574 0
575 0
576 0
577 0
578 0
579 0
58 0
580 1
581 1
582 0
583 0
584 0
585 0
586 0
587 0
588 1
589 0
59 1
590 1
591 0
592 0
593 1
594 1
595 1
596 1
597 0
598 0
599 0
6 1
60 0
600 0
601 0
602 0
603 1
604 1
605 1
606 1
607 1
608 0
609 1
61 0
610 1
611 0
612 0
613 1
614 1
615 0
616 1
617 1
618 1
619 1
62 1
620 0
621 0
622 1
623 1
624 0
625 0
626 0
627 0
628 0
629 1
63 0
630 0
631 1
632 1
633 1
634 0
635 1
636 0
637 1
638 1
639 0
64 0
640 0
641 1
642 0
643 0
644 1
645 0
646 0
647 1
648 0
649 0
65 0
650 0
651 0
652 1
653 1
654 0
655 1
656 1
657 1
658 1
659 1
66 0
660 0
661 1
662 0
663 0
664 0
665 1
666 0
667 0
668 0
669 1
67 1
670 1
671 0
672 0
673 1
674 1
675 1
676 1
677 1
678 1
679 1
68 1
680 1
681 0
682 1
683 0
684 1
685 0
686 1
687 1
688 1
689 1
69 1
690 1
691 1
692 1
693 1
694 1
695 1
696 1
697 1
698 1
699 1
7 1
70 1
71 0
72 1
73 1
74 0
75 1
76 0
77 1
78 1
79 1
8 1
80 0
81 1
82 1
83 0
84 0
85 1
86 1
87 0
88 1
89 0
9 1
90 0
91 1
92 0
93 0
94 1
95 0
96 0
97 1
98 0
99 1