0 0
1 0
2 1
3 0
4 1
5 1
6 0
7 0
8 0
9 0
10 0
11 0
12 0
13 0
14 1
15 1
16 0
17 1
18 1
19 0
20 0
21 1
22 1
23 1
24 1
25 0
26 0
27 1
28 1
29 1
30 1
31 0
32 0
33 1
34 1
35 0
36 1
37 1
38 0
39 1
40 1
41 0
42 0
43 0
44 1
45 1
46 0
47 0
48 0
49 0
50 0
51 0
52 1
53 1
54 1
55 1
56 1
57 0
58 1
59 1
60 1
61 1
62 1
63 1
64 1
65 1
66 1
67 0
68 1
69 0
70 0
71 1
72 1
73 0
74 1
75 1
76 1
77 0
78 0
79 1
80 1
81 0
82 0
83 0
84 1
85 0
86 0
87 0
88 0
89 1
90 1
91 1
92 1
93 0
94 1
95 1
96 1
97 0
98 0
99 1
100 0
101 0
102 0
103 1
104 0
105 1
106 0
107 0
108 1
109 1
110 0
111 1
112 1
113 0
114 0
115 0
116 0
117 1
118 1
119 0
120 0
121 1
122 1
123 0
124 0
125 1
126 0
127 1
128 1
129 1
130 1
131 1
132 0
133 1
134 1
135 0
136 1
137 0
138 0
139 1
140 1
141 1
142 0
143 0
144 0
145 1
146 1
147 0
148 0
149 0
150 1
151 1
152 1
153 1
154 1
155 0
156 1
157 1
158 0
159 1
160 0
161 1
162 1
163 1
164 0
165 1
166 1
167 0
168 1
169 0
170 1
171 1
172 1
173 1
174 0
175 1
176 0
177 0
178 1
179 1
180 1
181 1
182 1
183 1
184 0
185 1
186 0
187 1
188 1
189 1
190 0
191 1
192 1
193 0
194 1
195 0
196 1
197 1
198 1
199 0
200 1
201 1
202 0
203 1
204 0
205 0
206 0
207 1
208 1
209 1
210 1
211 0
212 0
213 0
214 1
215 0
216 1
217 0
218 1
219 0
220 1
221 1
222 0
223 1
224 1
225 1
226 0
227 0
228 0
229 1
230 1
231 0
232 0
233 1
234 1
235 0
236 0
237 1
238 0
239 1
240 0
241 1
242 1
243 1
244 0
245 0
246 1
247 1
248 0
249 0
250 1
251 0
252 0
253 1
254 0
255 0
256 0
257 1
258 0
259 1
260 1
261 0
262 1
263 0
264 0
265 0
266 0
267 1
268 0
269 0
270 0
271 1
272 1
273 1
274 0
275 1
276 1
277 0
278 0
279 0
280 0
281 1
282 1
283 1
284 1
285 1
286 1
287 1
288 1
289 0
290 0
291 0
292 0
293 0
294 1
295 1
296 1
297 0
298 1
299 1
300 1
301 0
302 1
303 1
304 0
305 1
306 1
307 1
308 0
309 0
310 1
311 0
312 0
313 0
314 0
315 1
316 1
317 1
318 1
319 0
320 0
321 1
322 0
323 0
324 0
325 1
326 1
327 1
328 1
329 0
330 0
331 0
332 0
333 0
334 1
335 1
336 0
337 0
338 1
339 1
340 0
341 0
342 1
343 1
344 1
345 0
346 1
347 0
348 1
349 1
350 0
351 0
352 1
353 1
354 1
355 1
356 0
357 1
358 1
359 0
360 0
361 0
362 1
363 0
364 0
365 1
366 0
367 1
368 1
369 0
370 1
371 0
372 1
373 0
374 1
375 0
376 0
377 1
378 1
379 0
380 0
381 1
382 0
383 0
384 1
385 1
386 1
387 0
388 0
389 0
390 1
391 1
392 1
393 1
394 0
395 0
396 0
397 1
398 1
399 0
400 1
401 1
402 1
403 0
404 1
405 0
406 1
407 0
408 0
409 0
410 0
411 0
412 1
413 0
414 0
415 1
416 0
417 0
418 0
419 0
420 0
421 0
422 0
423 1
424 0
425 0
426 1
427 0
428 1
429 1
430 0
431 1
432 0
433 1
434 1
435 1
436 0
437 0
438 0
439 0
440 1
441 0
442 1
443 1
444 0
445 0
446 0
447 1
448 1
449 1
450 1
451 0
452 1
453 0
454 0
455 0
456 1
457 1
458 1
459 0
460 1
461 0
462 1
463 1
464 1
465 1
466 1
467 1
468 1
469 1
470 0
471 1
472 0
473 0
474 0
475 1
476 1
477 0
478 0
479 1
480 1
481 0
482 0
483 1
484 0
485 1
486 1
487 0
488 0
489 0
490 1
491 1
492 1
493 1
494 1
495 1
496 0
497 0
498 0
499 1
500 1
501 1
502 1
503 1
504 0
505 1
506 0
507 1
508 1
509 0
510 0
511 0
512 0
513 1
514 1
515 1
516 0
517 0
518 1
519 0
520 1
521 0
522 1
523 1
524 1
525 1
526 1
527 0
528 0
529 0
530 0
531 1
532 0
533 1
534 0
535 0
536 1
537 0
538 1
539 0
540 1
541 0
542 1
543 1
544 0
545 1
546 1
547 1
548 0
549 0
550 1
551 1
552 1
553 1
554 0
555 1
556 0
557 0
558 1
559 0
560 0
561 1
562 0
563 1
564 1
565 0
566 0
567 0
568 1
569 0
570 0
571 0
572 1
573 1
574 0
575 0
576 1
577 1
578 0
579 0
580 1
581 1
582 0
583 1
584 1
585 1
586 0
587 0
588 1
589 0
590 1
591 1
592 1
593 1
594 1
595 0
596 1
597 1
598 1
599 1
600 1
601 0
602 0
603 1
604 0
605 1
606 1
607 1
608 1
609 1
610 1
611 1
612 0
613 1
614 0
615 0
616 1
617 0
618 0
619 1
620 1
621 1
622 1
623 1
624 1
625 1
626 0
627 1
628 1
629 1
630 1
631 0
632 1
633 0
634 0
635 1
636 1
637 1
638 0
639 0
640 1
641 1
642 0
643 0
644 1
645 0
646 0
647 0
648 1
649 1
650 1
651 1
652 1
653 0
654 0
655 1
656 1
657 0
658 0
659 1
660 1
661 0
662 1
663 0
664 1
665 1
666 1
667 0
668 0
669 0
670 0
671 0
672 1
673 1
674 0
675 0
676 1
677 0
678 1
679 0
680 0
681 1
682 1
683 0
684 0
685 0
686 1
687 0
688 0
689 0
690 1
691 0
692 1
693 1
694 0
695 0
696 0
697 0
698 0
699 0
700 1
701 0
702 1
703 1
704 1
705 1
706 1
707 1
708 1
709 0
710 0
711 1
712 0
713 0
714 1
715 0
716 0
717 0
718 0
719 1
720 1
721 1
722 1
723 1
724 0
725 0
726 1
727 1
728 0
729 0
730 1
731 1
732 1
733 0
734 1
735 1
736 0
737 1
738 0
739 0
740 0
741 0
742 1
743 1
744 0
745 0
746 1
747 1
748 1
749 0
750 1
751 0
752 1
753 1
754 1
755 0
756 0
757 0
758 0
759 1
760 0
761 0
762 1
763 0
764 0
765 0
766 0
767 1
768 0
769 0
770 0
771 1
772 0
773 0
774 0
775 0
776 0
777 0
778 1
779 0
780 0
781 1
782 0
783 0
784 0
785 0
786 0
787 1
788 0
789 1
790 0
791 1
792 1
793 1
794 1
795 0
796 0
797 1
798 0
799 1
800 0
801 0
802 1
803 1
804 0
805 0
806 1
807 0
808 0
809 0
810 0
811 0
812 1
813 0
814 1
815 0
816 1
817 1
818 1
819 0
820 1
821 0
822 1
823 0
824 0
825 1
826 0
827 0
828 0
829 1
830 0
831 1
832 1
833 0
834 0
835 0
836 0
837 1
838 1
839 1
840 0
841 1
842 1
843 1
844 1
845 1
846 1
847 1
848 1
849 1
850 1
851 1
852 1
853 1
854 1
855 0
856 0
857 0
858 1
859 1
860 0
861 0
862 1
863 0
864 1
865 1
866 1
867 0
868 0
869 0
870 0
871 0
872 0
873 1
874 1
875 0
876 1
877 0
878 0
879 0
880 1
881 0
882 1
883 0
884 0
885 0
886 0
887 0
888 0
889 0
890 0
891 0
892 1
893 1
894 1
895 0
896 1
897 0
898 0
899 1
900 1
901 0
902 1
903 1
904 0
905 0
906 1
907 1
908 1
909 1
910 1
911 0
912 0
913 1
914 1
915 1
916 1
917 0
918 0
919 0
920 1
921 1
922 0
923 1
924 1
925 1
926 1
927 1
928 0
929 1
930 1
931 0
932 1
933 1
934 0
935 0
936 1
937 1
938 0
939 0
940 1
941 1
942 1
943 0
944 0
945 0
946 1
947 0
948 1
949 1
950 0
951 1
952 0
953 1
954 1
955 1
956 1
957 1
958 1
959 1
960 1
961 1
962 1
963 1
964 0
965 1
966 1
967 1
968 0
969 1
970 0
971 0
972 0
973 1
974 0
975 0
976 0
977 0
978 1
979 0
980 1
981 0
982 0
983 1
984 1
985 1
986 1
987 1
988 1
989 0
990 0
991 1
992 1
993 0
994 0
995 0
996 1
997 0
998 0
999 0
1000 1
1001 1
1002 0
1003 0
1004 1
1005 1
1006 0
1007 0
1008 1
1009 0
1010 1
1011 1
1012 1
1013 0
1014 1
1015 0
1016 1
1017 0
1018 0
1019 1
1020 1
1021 1
1022 0
1023 1
1024 1
1025 0
1026 0
1027 1
1028 1
1029 0
1030 0
1031 0
1032 1
1033 0
1034 0
1035 1
1036 0
1037 0
1038 1
1039 1
1040 0
1041 0
1042 0
1043 0
1044 1
1045 1
1046 1
1047 0
1048 1
1049 1
1050 1
1051 0
1052 0
1053 0
1054 0
1055 1
1056 0
1057 0
1058 0
1059 0
1060 0
1061 1
1062 0
1063 0
1064 1
1065 1
1066 0
1067 0
1068 1
1069 1
1070 0
1071 1
1072 1
1073 0
1074 1
1075 0
1076 0
1077 1
1078 0
1079 1
1080 1
1081 1
1082 0
1083 0
1084 1
1085 0
1086 1
1087 1
1088 1
1089 1
1090 0
1091 1
1092 1
1093 0
1094 1
1095 1
1096 1
1097 0
1098 0
1099 0
1100 0
1101 0
1102 0
1103 1
1104 0
1105 1
1106 0
1107 1
1108 1
1109 1
1110 0
1111 0
1112 0
1113 0
1114 0
1115 0
1116 0
1117 1
1118 0
1119 1
1120 1
1121 1
1122 1
1123 0
1124 0
1125 0
1126 0
1127 1
1128 0
1129 1
1130 1
1131 1
1132 0
1133 0
1134 1
1135 0
1136 0
1137 1
1138 1
1139 0
1140 1
1141 1
1142 1
1143 1
1144 1
1145 0
1146 1
1147 1
1148 0
1149 1
1150 0
1151 0
1152 0
1153 0
1154 1
1155 0
1156 0
1157 1
1158 0
1159 0
1160 0
1161 0
1162 0
1163 0
1164 1
1165 0
1166 1
1167 0
1168 1
1169 1
1170 0
1171 0
1172 0
1173 0
1174 1
1175 1
1176 1
1177 1
1178 1
1179 0
1180 1
1181 1
1182 0
1183 0
1184 1
1185 1
1186 1
1187 1
1188 0
1189 0
1190 0
1191 1
1192 0
1193 1
1194 0
1195 0
1196 0
1197 1
1198 0
1199 1
1200 0
1201 1
1202 0
1203 1
1204 1
1205 0
1206 1
1207 0
1208 1
1209 0
1210 0
1211 1
1212 0
1213 1
1214 0
1215 0
1216 1
1217 0
1218 1
1219 0
1220 1
1221 0
1222 1
1223 1
1224 1
1225 1
1226 0
1227 0
1228 0
1229 0
1230 1
1231 0
1232 0
1233 0
1234 0
1235 0
1236 0
1237 1
1238 0
1239 1
1240 1
1241 0
1242 0
1243 1
1244 0
1245 0
1246 1
1247 0
1248 1
1249 1
1250 0
1251 0
1252 1
1253 0
1254 1
1255 0
1256 0
1257 1
1258 0
1259 0
1260 0
1261 1
1262 1
1263 1
1264 1
1265 1
1266 1
1267 0
1268 1
1269 0
1270 1
1271 1
1272 0
1273 0
1274 0
1275 1
1276 1
1277 1
1278 1
1279 0
1280 0
1281 0
1282 1
1283 1
1284 0
1285 1
1286 1
1287 0
1288 1
1289 1
1290 1
1291 0
1292 1
1293 1
1294 0
1295 1
1296 0
1297 0
1298 0
1299 1
1300 0
1301 1
1302 0
1303 1
1304 0
1305 1
1306 1
1307 1
1308 1
1309 0
1310 0
1311 1
1312 0
1313 1
1314 1
1315 1
1316 0
1317 0
1318 0
1319 1
1320 0
1321 0
1322 0
1323 1
1324 0
1325 0
1326 1
1327 0
1328 0
1329 1
1330 1
1331 0
1332 1
1333 1
1334 0
1335 0
1336 1
1337 0
1338 1
1339 0
1340 1
1341 1
1342 0
1343 0
1344 0
1345 1
1346 0
1347 1
1348 0
1349 1
1350 0
1351 1
1352 0
1353 0
1354 0
1355 0
1356 1
1357 1
1358 0
1359 1
1360 0
1361 1
1362 0
1363 1
1364 1
1365 0
1366 0
1367 0
1368 1
1369 1
1370 1
1371 0
1372 1
1373 1
1374 1
1375 1
1376 1
1377 1
1378 1
1379 0
1380 1
1381 1
1382 0
1383 0
1384 1
1385 0
1386 0
1387 0
1388 1
1389 0
1390 1
1391 1
1392 1
1393 1
1394 0
1395 0
1396 0
1397 1
1398 1
1399 0
1400 0
1401 0
1402 1
1403 1
1404 0
1405 1
1406 1
1407 1
1408 1
1409 0
1410 0
1411 1
1412 1
1413 0
1414 0
1415 0
1416 1
1417 1
1418 0
1419 1
1420 1
1421 1
1422 1
1423 0
1424 1
1425 0
1426 1
1427 1
1428 1
1429 1
1430 0
1431 0
1432 0
1433 0
1434 0
1435 1
1436 1
1437 1
1438 0
1439 1
1440 0
1441 1
1442 0
1443 0
1444 0
1445 0
1446 0
1447 0
1448 0
1449 1
1450 0
1451 1
1452 0
1453 1
1454 0
1455 1
1456 1
1457 0
1458 1
1459 0
1460 1
1461 1
1462 1
1463 1
1464 1
1465 0
1466 1
1467 1
1468 1
1469 1
1470 1
1471 0
1472 1
1473 0
1474 0
1475 1
1476 1
1477 1
1478 1
1479 1
1480 1
1481 1
1482 0
1483 0
1484 0
1485 0
1486 1
1487 1
1488 0
1489 0
1490 0
1491 0
1492 0
1493 1
1494 0
1495 1
1496 1
1497 0
1498 0
1499 0
1500 1
1501 0
1502 1
1503 0
1504 0
1505 1
1506 0
1507 0
1508 0
1509 0
1510 1
1511 1
1512 0
1513 1
1514 1
1515 1
1516 1
1517 1
1518 0
1519 1
1520 1
1521 1
1522 0
1523 0
1524 1
1525 1
1526 1
1527 0
1528 0
1529 0
1530 0
1531 1
1532 1
1533 0
1534 1
1535 0
1536 0
1537 1
1538 0
1539 0
1540 1
1541 0
1542 0
1543 0
1544 0
1545 0
1546 0
1547 0
1548 1
1549 1
1550 0
1551 0
1552 1
1553 1
1554 1
1555 1
1556 0
1557 0
1558 1
1559 0
1560 1
1561 1
1562 1
1563 1
1564 0
1565 1
1566 1
1567 1
1568 1
1569 1
1570 0
1571 1
1572 1
1573 0
1574 1
1575 1
1576 1
1577 1
1578 1
1579 1
1580 1
1581 1
1582 1
1583 1
1584 1
1585 0
1586 0
1587 0
1588 0
1589 0
1590 0
1591 0
1592 1
1593 1
1594 1
1595 0
1596 0
1597 1
1598 0
1599 1
1600 1
1601 0
1602 0
1603 0
1604 1
1605 0
1606 0
1607 0
1608 1
1609 1
1610 0
1611 1
1612 0
1613 1
1614 0
1615 0
1616 1
1617 1
1618 1
1619 1
1620 0
1621 0
1622 1
1623 1
1624 1
1625 1
1626 0
1627 0
1628 0
1629 0
1630 1
1631 1
1632 0
1633 0
1634 0
1635 1
1636 0
1637 0
1638 0
1639 1
1640 1
1641 1
1642 0
1643 1
1644 1
1645 0
1646 0
1647 1
1648 1
1649 1
1650 0
1651 1
1652 1
1653 1
1654 0
1655 0
1656 0
1657 0
1658 0
1659 1
1660 0
1661 1
1662 1
1663 1
1664 0
1665 1
1666 1
1667 0
1668 1
1669 0
1670 0
1671 1
1672 1
1673 1
1674 1
1675 1
1676 0
1677 1
1678 1
1679 1
1680 1
1681 1
1682 0
1683 0
1684 0
1685 1
1686 0
1687 0
1688 0
1689 0
1690 0
1691 0
1692 0
1693 1
1694 0
1695 0
1696 1
1697 1
1698 1
1699 1
1700 0
1701 0
1702 0
1703 0
1704 0
1705 0
1706 0
1707 1
1708 0
1709 1
1710 0
1711 0
1712 1
1713 1
1714 0
1715 1
1716 1
1717 0
1718 1
1719 1
1720 1
1721 1
1722 1
1723 1
1724 0
1725 0
1726 0
1727 1
1728 0
1729 1
1730 0
1731 0
1732 1
1733 0
1734 0
1735 0
1736 1
1737 1
1738 1
1739 0
1740 0
1741 1
1742 1
1743 0
1744 1
1745 1
1746 0
1747 1
1748 1
1749 1
1750 0
1751 0
1752 1
1753 0
1754 1
1755 1
1756 0
1757 1
1758 0
1759 0
1760 0
1761 0
1762 0
1763 0
1764 1
1765 1
1766 0
1767 0
1768 0
1769 1
1770 1
1771 0
1772 0
1773 1
1774 0
1775 0
1776 0
1777 1
1778 0
1779 1
1780 0
1781 1
1782 1
1783 0
1784 1
1785 1
1786 1
1787 1
1788 0
1789 1
1790 0
1791 1
1792 1
1793 1
1794 0
1795 1
1796 0
1797 1
1798 0
1799 1
1800 0
1801 1
1802 0
1803 1
1804 1
1805 0
1806 0
1807 0
1808 1
1809 1
1810 1
1811 1
1812 0
1813 0
1814 0
1815 0
1816 0
1817 0
1818 0
1819 1
1820 0
1821 0
1822 1
1823 1
1824 1
1825 1
1826 1
1827 0
1828 1
1829 0
1830 1
1831 1
1832 0
1833 0
1834 1
1835 0
1836 1
1837 1
1838 1
1839 1
1840 1
1841 0
1842 1
1843 1
1844 1
1845 0
1846 0
1847 0
1848 1
1849 1
1850 1
1851 0
1852 1
1853 1
1854 1
1855 0
1856 1
1857 1
1858 1
1859 1
1860 1
1861 0
1862 1
1863 0
1864 0
1865 0
1866 1
1867 0
1868 1
1869 0
1870 0
1871 0
1872 0
1873 0
1874 0
1875 0
1876 1
1877 1
1878 1
1879 0
1880 1
1881 1
1882 0
1883 0
1884 1
1885 1
1886 1
1887 1
1888 0
1889 1
1890 0
1891 1
1892 0
1893 0
1894 1
1895 0
1896 0
1897 1
1898 0
1899 0
1900 1
1901 1
1902 0
1903 1
1904 0
1905 1
1906 0
1907 0
1908 1
1909 0
1910 1
1911 1
1912 1
1913 0
1914 1
1915 1
1916 1
1917 1
1918 1
1919 1
1920 0
1921 0
1922 0
1923 1
1924 0
1925 0
1926 0
1927 1
1928 1
1929 0
1930 0
1931 0
1932 0
1933 0
1934 0
1935 1
1936 1
1937 1
1938 0
1939 1
1940 0
1941 0
1942 0
1943 0
1944 0
1945 0
1946 1
1947 0
1948 1
1949 1
1950 0
1951 1
1952 1
1953 0
1954 1
1955 1
1956 1
1957 0
1958 1
1959 0
1960 0
1961 1
1962 0
1963 0
1964 1
1965 0
1966 0
1967 0
1968 1
1969 0
1970 0
1971 0
1972 0
1973 1
1974 1
1975 1
1976 1
1977 0
1978 0
1979 0
1980 1
1981 1
1982 1
1983 1
1984 0
1985 0
1986 1
1987 1
1988 0
1989 1
1990 0
1991 1
1992 1
1993 0
1994 0
1995 0
1996 1
1997 0
1998 1
1999 1
2000 0
2001 1
2002 1
2003 0
2004 0
2005 1
2006 1
2007 0
2008 0
2009 0
2010 1
2011 0
2012 0
2013 0
2014 1
2015 1
2016 1
2017 0
2018 1
2019 1
2020 1
2021 1
2022 0
2023 0
2024 1
2025 0
2026 0
2027 0
2028 1
2029 1
2030 1
2031 1
2032 1
2033 1
2034 1
2035 0
2036 0
2037 0
2038 0
2039 0
2040 1
2041 0
2042 0
2043 0
2044 1
2045 0
2046 0
2047 1
2048 0
2049 0
2050 0
2051 1
2052 1
2053 0
2054 1
2055 0
2056 1
2057 0
2058 0
2059 1
2060 1
2061 0
2062 0
2063 0
2064 0
2065 1
2066 1
2067 0
2068 0
2069 1
2070 1
2071 0
2072 1
2073 0
2074 0
2075 0
2076 0
2077 0
2078 1
2079 1
2080 0
2081 0
2082 0
2083 0
2084 1
2085 1
2086 1
2087 1
2088 0
2089 0
2090 0
2091 1
2092 0
2093 1
2094 1
2095 0
2096 1
2097 1
2098 0
2099 0
2100 1
2101 0
2102 0
2103 0
2104 0
2105 1
2106 1
2107 0
2108 0
2109 1
2110 0
2111 0
2112 0
2113 0
2114 0
2115 0
2116 0
2117 0
2118 0
2119 1
2120 1
2121 0
2122 1
2123 0
2124 0
2125 1
2126 1
2127 0
2128 0
2129 0
2130 1
2131 0
2132 1
2133 0
2134 1
2135 0
2136 1
2137 1
2138 1
2139 0
2140 1
2141 1
2142 1
2143 0
2144 1
2145 1
2146 1
2147 0
2148 0
2149 0
2150 0
2151 0
2152 1
2153 0
2154 0
2155 1
2156 0
2157 1
2158 1
2159 0
2160 0
2161 0
2162 0
2163 1
2164 0
2165 1
2166 0
2167 0
2168 0
2169 0
2170 1
2171 1
2172 1
2173 1
2174 1
2175 1
2176 0
2177 0
2178 0
2179 1
2180 0
2181 1
2182 0
2183 1
2184 0
2185 1
2186 0
2187 1
2188 0
2189 0
2190 1
2191 0
2192 1
2193 0
2194 0
2195 1
2196 0
2197 0
2198 1
2199 1
2200 0
2201 0
2202 1
2203 1
2204 1
2205 1
2206 1
2207 1
2208 0
2209 0
2210 0
2211 1
2212 1
2213 0
2214 1
2215 0
2216 0
2217 0
2218 0
2219 1
2220 0
2221 0
2222 0
2223 1
2224 1
2225 0
2226 0
2227 0
2228 1
2229 0
2230 0
2231 0
2232 0
2233 0
2234 1
2235 1
2236 1
2237 1
2238 1
2239 1
2240 1
2241 1
2242 0
2243 0
2244 1
2245 1
2246 0
2247 1
2248 1
2249 0
2250 1
2251 0
2252 1
2253 0
2254 0
2255 0
2256 1
2257 1
2258 1
2259 0
2260 1
2261 1
2262 1
2263 0
2264 0
2265 0
2266 1
2267 1
2268 0
2269 0
2270 0
2271 0
2272 1
2273 0
2274 0
2275 1
2276 1
2277 0
2278 0
2279 1
2280 1
2281 0
2282 0
2283 1
2284 0
2285 0
2286 1
2287 1
2288 1
2289 1
2290 0
2291 1
2292 0
2293 1
2294 0
2295 1
2296 1
2297 0
2298 1
2299 0
2300 0
2301 0
2302 1
2303 0
2304 0
2305 0
2306 1
2307 1
2308 0
2309 0
2310 0
2311 1
2312 0
2313 1
2314 1
2315 0
2316 0
2317 0
2318 0
2319 0
2320 0
2321 0
2322 0
2323 0
2324 1
2325 1
2326 0
2327 1
2328 1
2329 1
2330 1
2331 1
2332 0
2333 0
2334 0
2335 1
2336 0
2337 0
2338 0
2339 0
2340 1
2341 1
2342 1
2343 1
2344 0
2345 1
2346 0
2347 0
2348 1
2349 1
2350 0
2351 0
2352 0
2353 0
2354 0
2355 1
2356 1
2357 1
2358 1
2359 1
2360 0
2361 1
2362 0
2363 0
2364 1
2365 0
2366 0
2367 0
2368 0
2369 1
2370 0
2371 1
2372 0
2373 1
2374 0
2375 1
2376 1
2377 0
2378 1
2379 1
2380 1
2381 1
2382 1
2383 1
2384 1
2385 1
2386 0
2387 0
2388 0
2389 0
2390 1
2391 0
2392 0
2393 1
2394 0
2395 0
2396 0
2397 1
2398 1
2399 0
2400 0
2401 1
2402 1
2403 1
2404 0
2405 0
2406 1
2407 0
2408 1
2409 0
2410 0
2411 1
2412 1
2413 1
2414 1
2415 0
2416 0
2417 1
2418 0
2419 1
2420 0
2421 1
2422 0
2423 1
2424 0
2425 0
2426 1
2427 1
2428 0
2429 0
2430 0
2431 0
2432 0
2433 0
2434 0
2435 1
2436 0
2437 1
2438 1
2439 0
2440 0
2441 1
2442 1
2443 1
2444 1
2445 1
2446 0
2447 0
2448 1
2449 0
2450 0
2451 1
2452 0
2453 1
2454 0
2455 1
2456 0
2457 0
2458 0
2459 1
2460 1
2461 0
2462 0
2463 1
2464 1
2465 1
2466 1
2467 0
2468 1
2469 1
2470 1
2471 0
2472 1
2473 0
2474 1
2475 1
2476 0
2477 0
2478 1
2479 0
2480 1
2481 0
2482 0
2483 1
2484 0
2485 1
2486 0
2487 0
2488 0
2489 1
2490 0
2491 1
2492 1
2493 1
2494 1
2495 1
2496 0
2497 0
2498 0
2499 1
2500 1
2501 0
2502 1
2503 0
2504 1
2505 1
2506 0
2507 1
2508 0
2509 1
2510 0
2511 0
2512 1
2513 0
2514 0
2515 1
2516 1
2517 1
2518 1
2519 0
2520 1
2521 1
2522 1
2523 0
2524 0
2525 1
2526 0
2527 0
2528 1
2529 1
2530 0
2531 1
2532 1
2533 1
2534 1
2535 0
2536 1
2537 0
2538 1
2539 1
2540 1
2541 1
2542 1
2543 0
2544 0
2545 1
2546 1
2547 1
2548 1
2549 0
2550 0
2551 1
2552 1
2553 0
2554 1
2555 1
2556 1
2557 0
2558 0
2559 1
2560 0
2561 0
2562 1
2563 0
2564 0
2565 0
2566 0
2567 1
2568 0
2569 0
2570 0
2571 1
2572 1
2573 1
2574 1
2575 0
2576 0
2577 0
2578 0
2579 1
2580 0
2581 0
2582 1
2583 0
2584 0
2585 0
2586 0
2587 0
2588 1
2589 1
2590 0
2591 1
2592 1
2593 1
2594 1
2595 1
2596 1
2597 1
2598 1
2599 1
2600 0
2601 1
2602 0
2603 1
2604 0
2605 0
2606 0
2607 0
2608 0
2609 0
2610 1
2611 0
2612 0
2613 1
2614 1
2615 1
2616 0
2617 1
2618 0
2619 0
2620 1
2621 0
2622 1
2623 1
2624 1
2625 0
2626 0
2627 1
2628 1
2629 1
2630 1
2631 0
2632 1
2633 0
2634 1
2635 0
2636 0
2637 1
2638 0
2639 0
2640 1
2641 1
2642 0
2643 1
2644 1
2645 1
2646 0
2647 0
2648 1
2649 1
2650 0
2651 0
2652 0
2653 1
2654 0
2655 0
2656 1
2657 1
2658 1
2659 1
2660 1
2661 0
2662 1
2663 1
2664 0
2665 0
2666 1
2667 0
2668 0
2669 0
2670 0
2671 1
2672 1
2673 1
2674 0
2675 1
2676 1
2677 0
2678 0
2679 0
2680 0
2681 1
2682 1
2683 1
2684 1
2685 1
2686 0
2687 0
2688 1
2689 1
2690 1
2691 0
2692 1
2693 0
2694 0
2695 0
2696 1
2697 0
2698 1
2699 0
2700 1
2701 0
2702 1
2703 1
2704 0
2705 0
2706 1
2707 0
2708 0
2709 1
2710 1
2711 1
2712 1
2713 1
2714 0
2715 0
2716 1
2717 1
2718 0
2719 1
2720 0
2721 1
2722 1
2723 0
2724 0
2725 0
2726 0
2727 1
2728 1
2729 0
2730 1
2731 1
2732 1
2733 1
2734 0
2735 1
2736 1
2737 0
2738 0
2739 1
2740 1
2741 0
2742 0
2743 1
2744 0
2745 1
2746 1
2747 1
2748 0
2749 1
2750 1
2751 0
2752 0
2753 0
2754 1
2755 0
2756 1
2757 0
2758 0
2759 1
2760 0
2761 1
2762 0
2763 1
2764 1
2765 0
2766 0
2767 1
2768 1
2769 0
2770 1
2771 0
2772 0
2773 0
2774 1
2775 1
2776 1
2777 0
2778 0
2779 0
2780 1
2781 1
2782 0
2783 0
2784 0
2785 0
2786 1
2787 0
2788 1
2789 0
2790 1
2791 1
2792 1
2793 1
2794 1
2795 0
2796 1
2797 0
2798 1
2799 1
2800 1
2801 0
2802 1
2803 0
2804 0
2805 0
2806 1
2807 0
2808 0
2809 1
2810 1
2811 1
2812 0
2813 1
2814 1
2815 0
2816 1
2817 1
2818 1
2819 1
2820 1
2821 1
2822 0
2823 1
2824 1
2825 0
2826 0
2827 1
2828 0
2829 0
2830 0
2831 1
2832 1
2833 0
2834 1
2835 0
2836 0
2837 0
2838 0
2839 1
2840 1
2841 1
2842 0
2843 1
2844 1
2845 1
2846 0
2847 1
2848 1
2849 0
2850 0
2851 0
2852 0
2853 1
2854 1
2855 0
2856 1
2857 1
2858 0
2859 1
2860 0
2861 0
2862 0
2863 1
2864 0
2865 1
2866 1
2867 0
2868 0
2869 1
2870 1
2871 1
2872 1
2873 1
2874 0
2875 1
2876 1
2877 1
2878 1
2879 0
2880 1
2881 0
2882 1
2883 1
2884 1
2885 0
2886 1
2887 0
2888 0
2889 0
2890 0
2891 0
2892 1
2893 1
2894 1
2895 1
2896 0
2897 0
2898 1
2899 1
2900 1
2901 1
2902 0
2903 1
2904 0
2905 0
2906 1
2907 0
2908 1
2909 1
2910 1
2911 1
2912 1
2913 0
2914 0
2915 1
2916 0
2917 1
2918 0
2919 1
2920 1
2921 0
2922 1
2923 0
2924 0
2925 1
2926 1
2927 0
2928 0
2929 1
2930 1
2931 0
2932 0
2933 0
2934 0
2935 1
2936 1
2937 1
2938 1
2939 1
2940 1
2941 1
2942 1
2943 1
2944 0
2945 0
2946 1
2947 1
2948 1
2949 1
2950 1
2951 0
2952 0
2953 1
2954 1
2955 1
2956 0
2957 0
2958 1
2959 0
2960 0
2961 0
2962 1
2963 1
2964 0
2965 1
2966 1
2967 0
2968 1
2969 0
2970 1
2971 0
2972 0
2973 1
2974 0
2975 0
2976 0
2977 1
2978 0
2979 1
2980 0
2981 0
2982 1
2983 1
2984 1
2985 0
2986 1
2987 1
2988 0
2989 0
2990 0
2991 1
2992 0
2993 0
2994 1
2995 0
2996 0
2997 0
2998 0
2999 0
3000 0
3001 0
3002 1
3003 1
3004 1
3005 0
3006 1
3007 0
3008 0
3009 1
3010 0
3011 1
3012 1
3013 0
3014 1
3015 1
3016 1
3017 0
3018 1
3019 0
3020 1
3021 1
3022 1
3023 1
3024 1
3025 1
3026 1
3027 1
3028 1
3029 1
3030 0
3031 0
3032 0
3033 1
3034 1
3035 0
3036 0
3037 0
3038 1
3039 1
3040 0
3041 1
3042 0
3043 1
3044 1
3045 1
3046 1
3047 1
3048 1
3049 0
3050 0
3051 0
3052 1
3053 0
3054 1
3055 0
3056 0
3057 1
3058 0
3059 0
3060 0
3061 1
3062 0
3063 1
3064 0
3065 1
3066 1
3067 0
3068 0
3069 1
3070 1
3071 1
3072 0
3073 1
3074 0
3075 1
3076 1
3077 0
3078 1
3079 1
3080 1
3081 1
3082 1
3083 1
3084 0
3085 0
3086 1
3087 1
3088 1
3089 0
3090 1
3091 0
3092 1
3093 0
3094 0
3095 0
3096 0
3097 0
3098 0
3099 1
3100 0
3101 1
3102 0
3103 1
3104 0
3105 0
3106 0
3107 1
3108 1
3109 0
3110 1
3111 1
3112 0
3113 1
3114 1
3115 0
3116 1
3117 0
3118 0
3119 0
3120 1
3121 0
3122 1
3123 0
3124 0
3125 0
3126 0
3127 1
3128 1
3129 1
3130 1
3131 0
3132 0
3133 1
3134 0
3135 0
3136 1
3137 1
3138 0
3139 0
3140 0
3141 1
3142 1
3143 1
3144 1
3145 1
3146 0
3147 1
3148 0
3149 1
3150 1
3151 1
3152 0
3153 0
3154 0
3155 1
3156 1
3157 0
3158 1
3159 1
3160 1
3161 1
3162 0
3163 0
3164 0
3165 0
3166 1
3167 0
3168 1
3169 0
3170 1
3171 0
3172 1
3173 0
3174 1
3175 1
3176 0
3177 1
3178 0
3179 0
3180 1
3181 1
3182 1
3183 1
3184 1
3185 0
3186 1
3187 1
3188 1
3189 1
3190 0
3191 1
3192 1
3193 0
3194 0
3195 1
3196 0
3197 1
3198 0
3199 1
3200 1
3201 0
3202 1
3203 0
3204 1
3205 1
3206 1
3207 1
3208 1
3209 0
3210 0
3211 0
3212 0
3213 0
3214 1
3215 0
3216 1
3217 0
3218 1
3219 1
3220 1
3221 0
3222 0
3223 0
3224 1
3225 0
3226 0
3227 1
3228 1
3229 1
3230 1
3231 1
3232 0
3233 0
3234 1
3235 1
3236 0
3237 0
3238 1
3239 1
3240 1
3241 0
3242 0
3243 1
3244 1
3245 0
3246 0
3247 1
3248 0
3249 1
3250 0
3251 1
3252 1
3253 0
3254 1
3255 1
3256 0
3257 1
3258 0
3259 0
3260 1
3261 1
3262 1
3263 0
3264 0
3265 1
3266 1
3267 1
3268 1
3269 0
3270 0
3271 1
3272 1
3273 1
3274 1
3275 0
3276 1
3277 0
3278 1
3279 0
3280 0
3281 0
3282 1
3283 1
3284 1
3285 0
3286 0
3287 1
3288 1
3289 0
3290 0
3291 1
3292 0
3293 0
3294 1
3295 0
3296 1
3297 0
3298 0
3299 1
3300 1
3301 0
3302 0
3303 1
3304 0
3305 0
3306 1
3307 1
3308 1
3309 0
3310 0
3311 0
3312 0
3313 0
3314 0
3315 1
3316 0
3317 1
3318 1
3319 1
3320 0
3321 0
3322 0
3323 0
3324 0
3325 1
3326 1
3327 0
3328 0
3329 1
3330 0
3331 1
3332 0
3333 1
3334 0
3335 1
3336 1
3337 0
3338 0
3339 0
3340 1
3341 1
3342 1
3343 1
3344 0
3345 1
3346 1
3347 1
3348 0
3349 1
3350 1
3351 1
3352 1
3353 1
3354 0
3355 0
3356 1
3357 0
3358 0
3359 0
3360 0
3361 1
3362 1
3363 0
3364 0
3365 0
3366 0
3367 1
3368 0
3369 0
3370 1
3371 1
3372 1
3373 0
3374 0
3375 0
3376 0
3377 1
3378 0
3379 1
3380 1
3381 1
3382 0
3383 0
3384 0
3385 1
3386 1
3387 1
3388 1
3389 0
3390 1
3391 0
3392 1
3393 0
3394 0
3395 1
3396 0
3397 0
3398 1
3399 0
3400 0
3401 1
3402 1
3403 1
3404 0
3405 0
3406 0
3407 1
3408 1
3409 0
3410 1
3411 1
3412 0
3413 1
3414 0
3415 0
3416 1
3417 1
3418 1
3419 0
3420 0
3421 0
3422 0
3423 1
3424 1
3425 0
3426 0
3427 0
3428 1
3429 0
3430 1
3431 1
3432 1
3433 1
3434 1
3435 0
3436 1
3437 1
3438 0
3439 1
3440 0
3441 1
3442 0
3443 1
3444 0
3445 1
3446 1
3447 0
3448 0
3449 1
3450 1
3451 0
3452 0
3453 1
3454 0
3455 1
3456 1
3457 1
3458 1
3459 1
3460 0
3461 1
3462 0
3463 1
3464 1
3465 1
3466 0
3467 1
3468 0
3469 1
3470 1
3471 0
3472 1
3473 1
3474 1
3475 0
3476 1
3477 1
3478 0
3479 0
3480 0
3481 0
3482 0
3483 1
3484 0
3485 1
3486 1
3487 1
3488 0
3489 1
3490 1
3491 1
3492 1
3493 1
3494 1
3495 0
3496 1
3497 0
3498 0
3499 0
3500 0
3501 1
3502 0
3503 0
3504 1
3505 0
3506 0
3507 0
3508 1
3509 0
3510 1
3511 1
3512 0
3513 1
3514 1
3515 1
3516 0
3517 1
3518 1
3519 0
3520 1
3521 0
3522 1
3523 0
3524 0
3525 0
3526 0
3527 1
3528 1
3529 0
3530 1
3531 0
3532 0
3533 0
3534 0
3535 0
3536 1
3537 1
3538 0
3539 1
3540 1
3541 1
3542 0
3543 0
3544 1
3545 0
3546 0
3547 1
3548 0
3549 0
3550 1
3551 0
3552 0
3553 1
3554 0
3555 1
3556 0
3557 1
3558 1
3559 0
3560 0
3561 1
3562 1
3563 0
3564 0
3565 0
3566 1
3567 1
3568 1
3569 0
3570 1
3571 1
3572 1
3573 0
3574 1
3575 0
3576 0
3577 0
3578 1
3579 1
3580 0
3581 1
3582 1
3583 0
3584 0
3585 1
3586 0
3587 1
3588 0
3589 0
3590 0
3591 1
3592 1
3593 0
3594 1
3595 1
3596 1
3597 1
3598 1
3599 0
3600 1
3601 0
3602 0
3603 0
3604 1
3605 1
3606 0
3607 1
3608 0
3609 1
3610 1
3611 0
3612 1
3613 0
3614 0
3615 1
3616 0
3617 1
3618 0
3619 1
3620 1
3621 1
3622 1
3623 0
3624 0
3625 0
3626 0
3627 0
3628 1
3629 0
3630 0
3631 1
3632 1
3633 1
3634 1
3635 1
3636 0
3637 0
3638 0
3639 0
3640 0
3641 0
3642 0
3643 1
3644 0
3645 1
3646 1
3647 0
3648 1
3649 1
3650 1
3651 0
3652 0
3653 1
3654 0
3655 0
3656 0
3657 1
3658 0
3659 0
3660 1
3661 0
3662 0
3663 0
3664 1
3665 0
3666 0
3667 0
3668 0
3669 0
3670 1
3671 0
3672 1
3673 0
3674 0
3675 1
3676 0
3677 0
3678 0
3679 0
3680 1
3681 0
3682 0
3683 1
3684 1
3685 0
3686 0
3687 0
3688 1
3689 0
3690 1
3691 1
3692 0
3693 0
3694 0
3695 0
3696 0
3697 0
3698 1
3699 0
3700 0
3701 1
3702 1
3703 0
3704 1
3705 0
3706 1
3707 0
3708 0
3709 1
3710 1
3711 0
3712 0
3713 0
3714 0
3715 1
3716 1
3717 1
3718 1
3719 0
3720 1
3721 1
3722 0
3723 1
3724 1
3725 1
3726 1
3727 1
3728 0
3729 1
3730 0
3731 1
3732 0
3733 1
3734 0
3735 0
3736 1
3737 1
3738 0
3739 0
3740 1
3741 0
3742 1
3743 1
3744 0
3745 1
3746 1
3747 0
3748 0
3749 1
3750 0
3751 0
3752 0
3753 0
3754 1
3755 0
3756 0
3757 0
3758 0
3759 0
3760 1
3761 1
3762 0
3763 0
3764 1
3765 0
3766 0
3767 1
3768 1
3769 0
3770 0
3771 1
3772 1
3773 0
3774 0
3775 1
3776 0
3777 1
3778 1
3779 1
3780 1
3781 1
3782 1
3783 0
3784 1
3785 0
3786 0
3787 1
3788 0
3789 1
3790 0
3791 1
3792 1
3793 0
3794 1
3795 1
3796 0
3797 0
3798 0
3799 1
3800 0
3801 1
3802 0
3803 0
3804 1
3805 0
3806 0
3807 0
3808 1
3809 1
3810 1
3811 1
3812 0
3813 1
3814 1
3815 0
3816 0
3817 0
3818 1
3819 0
3820 1
3821 1
3822 0
3823 1
3824 0
3825 0
3826 1
3827 1
3828 1
3829 1
3830 0
3831 0
3832 0
3833 0
3834 1
3835 0
3836 0
3837 1
3838 1
3839 1
3840 1
3841 0
3842 0
3843 1
3844 0
3845 0
3846 1
3847 0
3848 1
3849 1
3850 0
3851 0
3852 0
3853 0
3854 1
3855 1
3856 0
3857 1
3858 1
3859 1
3860 0
3861 0
3862 1
3863 1
3864 1
3865 1
3866 1
3867 0
3868 1
3869 0
3870 1
3871 1
3872 0
3873 0
3874 1
3875 1
3876 0
3877 0
3878 0
3879 0
3880 1
3881 1
3882 1
3883 0
3884 0
3885 1
3886 0
3887 0
3888 0
3889 0
3890 1
3891 1
3892 1
3893 1
3894 0
3895 1
3896 0
3897 0
3898 0
3899 1
3900 0
3901 1
3902 0
3903 1
3904 0
3905 0
3906 0
3907 1
3908 0
3909 1
3910 1
3911 0
3912 1
3913 1
3914 0
3915 0
3916 1
3917 1
3918 1
3919 1
3920 0
3921 1
3922 1
3923 1
3924 1
3925 1
3926 1
3927 0
3928 0
3929 0
3930 0
3931 0
3932 1
3933 1
3934 1
3935 0
3936 0
3937 1
3938 1
3939 1
3940 1
3941 1
3942 1
3943 0
3944 1
3945 1
3946 0
3947 0
3948 0
3949 1
3950 1
3951 1
3952 0
3953 0
3954 1
3955 0
3956 1
3957 1
3958 1
3959 0
3960 0
3961 0
3962 0
3963 1
3964 1
3965 0
3966 0
3967 0
3968 0
3969 1
3970 1
3971 0
3972 1
3973 1
3974 0
3975 0
3976 0
3977 1
3978 1
3979 1
3980 0
3981 0
3982 1
3983 1
3984 0
3985 1
3986 1
3987 0
3988 0
3989 1
3990 0
3991 1
3992 0
3993 1
3994 0
3995 0
3996 1
3997 1
3998 0
3999 1
4000 0
4001 1
4002 1
4003 1
4004 1
4005 1
4006 1
4007 1
4008 1
4009 1
4010 0
4011 1
4012 0
4013 1
4014 0
4015 0
4016 1
4017 0
4018 1
4019 0
4020 0
4021 1
4022 1
4023 0
4024 1
4025 1
4026 0
4027 0
4028 0
4029 1
4030 1
4031 1
4032 1
4033 1
4034 0
4035 1
4036 1
4037 0
4038 1
4039 0
4040 0
4041 1
4042 0
4043 1
4044 0
4045 1
4046 0
4047 1
4048 0
4049 1
4050 0
4051 1
4052 1
4053 1
4054 1
4055 1
4056 1
4057 1
4058 1
4059 1
4060 1
4061 0
4062 1
4063 1
4064 0
4065 0
4066 0
4067 1
4068 1
4069 1
4070 1
4071 0
4072 1
4073 0
4074 1
4075 0
4076 0
4077 1
4078 0
4079 0
4080 1
4081 0
4082 0
4083 1
4084 1
4085 0
4086 0
4087 0
4088 0
4089 1
4090 1
4091 1
4092 0
4093 1
4094 1
4095 0
4096 0
4097 1
4098 1
4099 0
4100 1
4101 0
4102 0
4103 1
4104 0
4105 0
4106 1
4107 1
4108 0
4109 1
4110 0
4111 0
4112 1
4113 1
4114 1
4115 1
4116 1
4117 1
4118 0
4119 1
4120 1
4121 1
4122 0
4123 0
4124 0
4125 0
4126 0
4127 0
4128 0
4129 1
4130 1
4131 1
4132 1
4133 0
4134 0
4135 0
4136 1
4137 1
4138 1
4139 0
4140 1
4141 1
4142 0
4143 1
4144 0
4145 0
4146 0
4147 1
4148 0
4149 0
4150 0
4151 1
4152 0
4153 1
4154 1
4155 1
4156 0
4157 1
4158 1
4159 0
4160 1
4161 1
4162 0
4163 1
4164 0
4165 1
4166 1
4167 1
4168 0
4169 0
4170 1
4171 0
4172 0
4173 1
4174 0
4175 0
4176 1
4177 0
4178 0
4179 0
4180 0
4181 1
4182 1
4183 0
4184 1
4185 0
4186 1
4187 1
4188 0
4189 1
4190 1
4191 0
4192 1
4193 0
4194 0
4195 1
4196 1
4197 0
4198 1
4199 0
4200 0
4201 1
4202 1
4203 0
4204 0
4205 1
4206 0
4207 1
4208 1
4209 1
4210 1
4211 0
4212 0
4213 1
4214 1
4215 0
4216 1
4217 1
4218 0
4219 0
4220 0
4221 0
4222 0
4223 1
4224 1
4225 0
4226 0
4227 0
4228 0
4229 0
4230 1
4231 1
4232 0
4233 1
4234 0
4235 0
4236 1
4237 0
4238 0
4239 1
4240 1
4241 0
4242 1
4243 0
4244 0
4245 0
4246 0
4247 0
4248 1
4249 0
4250 0
4251 0
4252 0
4253 1
4254 1
4255 0
4256 1
4257 0
4258 1
4259 0
4260 1
4261 0
4262 0
4263 0
4264 1
4265 1
4266 0
4267 1
4268 0
4269 1
4270 0
4271 0
4272 1
4273 0
4274 0
4275 0
4276 0
4277 0
4278 1
4279 0
4280 1
4281 0
4282 1
4283 0
4284 1
4285 1
4286 1
4287 0
4288 0
4289 0
4290 1
4291 1
4292 1
4293 0
4294 0
4295 1
4296 1
4297 1
4298 1
4299 0
4300 1
4301 0
4302 0
4303 0
4304 0
4305 0
4306 1
4307 0
4308 0
4309 0
4310 0
4311 1
4312 0
4313 0
4314 0
4315 1
4316 0
4317 0
4318 1
4319 1
4320 1
4321 0
4322 0
4323 1
4324 0
4325 1
4326 1
4327 1
4328 1
4329 0
4330 0
4331 0
4332 0
4333 0
4334 0
4335 1
4336 0
4337 0
4338 1
4339 1
4340 0
4341 0
4342 1
4343 0
4344 1
4345 0
4346 1
4347 1
4348 1
4349 0
4350 1
4351 0
4352 0
4353 1
4354 0
4355 0
4356 1
4357 0
4358 0
4359 1
4360 0
4361 1
4362 1
4363 0
4364 0
4365 1
4366 0
4367 0
4368 0
4369 1
4370 0
4371 1
4372 0
4373 1
4374 1
4375 1
4376 1
4377 0
4378 1
4379 0
4380 0
4381 1
4382 1
4383 1
4384 1
4385 1
4386 0
4387 0
4388 1
4389 1
4390 0
4391 0
4392 1
4393 0
4394 0
4395 1
4396 1
4397 0
4398 0
4399 0
4400 0
4401 1
4402 0
4403 0
4404 1
4405 1
4406 0
4407 1
4408 0
4409 0
4410 0
4411 1
4412 1
4413 0
4414 1
4415 1
4416 1
4417 1
4418 1
4419 0
4420 0
4421 0
4422 0
4423 0
4424 1
4425 1
4426 0
4427 1
4428 0
4429 0
4430 0
4431 0
4432 0
4433 0
4434 0
4435 0
4436 0
4437 1
4438 1
4439 1
4440 0
4441 0
4442 1
4443 0
4444 0
4445 0
4446 0
4447 1
4448 0
4449 1
4450 0
4451 0
4452 1
4453 1
4454 0
4455 0
4456 0
4457 0
4458 0
4459 0
4460 1
4461 1
4462 0
4463 1
4464 1
4465 0
4466 0
4467 1
4468 1
4469 1
4470 1
4471 1
4472 0
4473 1
4474 1
4475 0
4476 0
4477 0
4478 0
4479 0
4480 0
4481 1
4482 1
4483 1
4484 0
4485 0
4486 1
4487 1
4488 0
4489 0
4490 0
4491 0
4492 0
4493 0
4494 0
4495 1
4496 0
4497 0
4498 1
4499 1
4500 0
4501 0
4502 0
4503 1
4504 1
4505 0
4506 1
4507 1
4508 1
4509 0
4510 0
4511 0
4512 0
4513 1
4514 0
4515 1
4516 0
4517 1
4518 1
4519 1
4520 0
4521 1
4522 0
4523 0
4524 1
4525 0
4526 1
4527 0
4528 1
4529 0
4530 0
4531 1
4532 0
4533 1
4534 1
4535 0
4536 0
4537 0
4538 0
4539 1
4540 1
4541 1
4542 0
4543 1
4544 0
4545 0
4546 1
4547 1
4548 1
4549 0
4550 0
4551 0
4552 1
4553 1
4554 0
4555 0
4556 0
4557 1
4558 0
4559 0
4560 1
4561 0
4562 1
4563 1
4564 0
4565 1
4566 1
4567 1
4568 0
4569 0
4570 1
4571 1
4572 1
4573 0
4574 0
4575 0
4576 1
4577 0
4578 0
4579 1
4580 1
4581 0
4582 1
4583 1
4584 1
4585 1
4586 1
4587 0
4588 1
4589 0
4590 0
4591 0
4592 0
4593 1
4594 1
4595 0
4596 1
4597 1
4598 0
4599 1
4600 0
4601 0
4602 1
4603 1
4604 1
4605 1
4606 0
4607 1
4608 1
4609 1
4610 1
4611 1
4612 0
4613 0
4614 0
4615 1
4616 1
4617 1
4618 0
4619 1
4620 1
4621 0
4622 0
4623 0
4624 1
4625 1
4626 0
4627 0
4628 0
4629 0
4630 0
4631 0
4632 0
4633 0
4634 1
4635 1
4636 0
4637 0
4638 0
4639 1
4640 1
4641 0
4642 1
4643 0
4644 0
4645 1
4646 1
4647 0
4648 0
4649 1
4650 1
4651 1
4652 0
4653 1
4654 1
4655 0
4656 0
4657 0
4658 1
4659 1
4660 1
4661 1
4662 1
4663 1
4664 0
4665 0
4666 1
4667 1
4668 0
4669 0
4670 0
4671 1
4672 0
4673 0
4674 0
4675 1
4676 0
4677 0
4678 0
4679 1
4680 0
4681 0
4682 0
4683 0
4684 0
4685 1
4686 1
4687 0
4688 0
4689 1
4690 0
4691 1
4692 0
4693 1
4694 1
4695 1
4696 1
4697 0
4698 0
4699 1