0 979
1 405
2 724
3 334
4 763
5 144
6 179
7 512
8 686
9 801
10 538
11 670
12 678
13 497
14 781
15 668
16 540
17 746
18 48
19 600
20 239
21 615
22 364
23 592
24 113
25 662
26 406
27 813
28 3
29 386
30 493
31 419
32 532
33 930
34 127
35 899
36 73
37 294
38 572
39 416
40 344
41 375
42 428
43 186
44 927
45 497
46 149
47 508
48 706
49 686
50 449
51 748
52 691
53 974
54 111
55 519
56 472
57 510
58 766
59 83
60 136
61 699
62 78
63 780
64 476
65 718
66 236
67 928
68 500
69 526
70 344
71 301
72 44
73 110
74 746
75 897
76 256
77 655
78 96
79 595
80 733
81 744
82 450
83 874
84 742
85 626
86 76
87 481
88 509
89 934
90 775
91 304
92 645
93 290
94 284
95 61
96 526
97 365
98 882
99 535
100 501
101 827
102 865
103 805
104 612
105 401
106 508
107 404
108 118
109 95
110 54
111 637
112 760
113 107
114 726
115 657
116 451
117 765
118 317
119 436
120 59
121 131
122 877
123 456
124 902
125 391
126 471
127 331
128 980
129 417
130 62
131 403
132 284
133 819
134 672
135 216
136 228
137 838
138 661
139 943
140 432
141 474
142 294
143 19
144 60
145 35
146 752
147 885
148 681
149 502
150 208
151 68
152 917
153 104
154 84
155 405
156 343
157 334
158 342
159 938
160 216
161 687
162 670
163 735
164 210
165 619
166 912
167 246
168 744
169 372
170 375
171 58
172 296
173 733
174 914
175 205
176 287
177 263
178 994
179 650
180 375
181 270
182 132
183 155
184 288
185 768
186 441
187 232
188 75
189 726
190 561
191 702
192 983
193 720
194 574
195 67
196 427
197 990
198 593
199 984
200 572
201 617
202 40
203 876
204 917
205 420
206 733
207 800
208 152
209 602
210 947
211 541
212 254
213 936
214 903
215 275
216 288
217 299
218 812
219 216
220 885
221 139
222 202
223 530
224 275
225 956
226 76
227 906
228 751
229 791
230 167
231 884
232 454
233 634
234 621
235 895
236 628
237 297
238 373
239 86
240 454
241 8
242 649
243 113
244 625
245 654
246 976
247 441
248 840
249 939
250 796
251 415
252 783
253 560
254 705
255 51
256 423
257 477
258 115
259 482
260 550
261 290
262 264
263 840
264 276
265 885
266 69
267 252
268 719
269 137
270 788
271 515
272 937
273 402
274 676
275 786
276 382
277 758
278 365
279 473
280 237
281 348
282 830
283 16
284 114
285 593
286 956
287 511
288 451
289 350
290 708
291 266
292 848
293 538
294 165
295 638
296 107
297 657
298 290
299 791
300 366
301 675
302 58
303 593
304 939
305 970
306 959
307 403
308 287
309 454
310 50
311 477
312 605
313 492
314 378
315 478
316 843
317 631
318 160
319 92
320 237
321 164
322 637
323 187
324 813
325 819
326 355
327 573
328 454
329 772
330 657
331 382
332 444
333 726
334 940
335 623
336 363
337 2
338 247
339 145
340 836
341 536
342 543
343 480
344 156
345 360
346 172
347 530
348 457
349 581
350 425
351 597
352 379
353 634
354 535
355 225
356 38
357 730
358 914
359 868
360 341
361 67
362 855
363 810
364 882
365 919
366 743
367 922
368 396
369 630
370 197
371 670
372 617
373 783
374 144
375 675
376 410
377 129
378 60
379 436
380 426
381 781
382 498
383 629
384 542
385 165
386 588
387 881
388 960
389 38
390 844
391 904
392 334
393 62
394 993
395 731
396 528
397 906
398 266
399 672
400 47
401 726
402 566
403 597
404 906
405 95
406 452
407 178
408 997
409 508
410 571
411 536
412 15
413 305
414 779
415 703
416 497
417 841
418 544
419 220
420 967
421 362
422 511
423 951
424 181
425 958
426 299
427 171
428 982
429 983
430 269
431 169
432 160
433 980
434 952
435 257
436 764
437 562
438 143
439 782
440 558
441 536
442 689
443 735
444 29
445 86
446 963
447 438
448 440
449 20
450 51
451 192
452 89
453 832
454 462
455 311
456 269
457 266
458 579
459 709
460 848
461 807
462 401
463 355
464 860
465 463
466 358
467 208
468 593
469 589
470 131
471 15
472 912
473 946
474 981
475 626
476 451
477 171
478 66
479 658
480 497
481 592
482 907
483 978
484 774
485 949
486 249
487 423
488 572
489 816
490 687
491 937
492 771
493 468
494 964
495 726
496 158
497 284
498 14
499 978
500 866
501 721
502 14
503 728
504 363
505 812
506 51
507 60
508 981
509 604
510 81
511 213
512 337
513 462
514 19
515 138
516 886
517 466
518 322
519 387
520 753
521 668
522 131
523 706
524 237
525 984
526 770
527 157
528 758
529 54
530 162
531 219
532 606
533 675
534 213
535 441
536 504
537 292
538 651
539 437
540 886
541 298
542 537
543 312
544 94
545 592
546 556
547 211
548 903
549 879
550 932
551 343
552 711
553 10
554 10
555 256
556 984
557 881
558 70
559 860
560 727
561 622
562 8
563 185
564 628
565 425
566 41
567 971
568 555
569 769
570 82
571 891
572 27
573 429
574 676
575 532
576 439
577 164
578 772
579 865
580 425
581 747
582 186
583 50
584 99
585 141
586 282
587 639
588 772
589 779
590 308
591 690
592 498
593 636
594 334
595 246
596 356
597 392
598 872
599 495
600 806
601 527
602 678
603 118
604 386
605 721
606 438
607 681
608 736
609 812
610 927
611 106
612 144
613 665
614 989
615 519
616 956
617 489
618 692
619 416
620 388
621 896
622 160
623 408
624 719
625 771
626 985
627 9
628 560
629 401
630 320
631 581
632 648
633 775
634 262
635 466
636 272
637 413
638 117
639 665
640 698
641 538
642 34
643 525
644 792
645 4
646 430
647 25
648 393
649 201
650 586
651 714
652 82
653 924
654 691
655 751
656 505
657 185
658 280
659 116
660 242
661 630
662 163
663 85
664 989
665 413
666 623
667 993
668 113
669 335
670 299
671 830
672 692
673 72
674 88
675 960
676 304
677 910
678 272
679 602
680 66
681 133
682 723
683 774
684 185
685 259
686 613
687 332
688 366
689 603
690 643
691 234
692 23
693 49
694 744
695 273
696 737
697 989
698 72
699 59
700 870
701 202
702 46
703 568
704 363
705 973
706 999
707 568
708 886
709 90
710 759
711 137
712 542
713 866
714 366
715 204
716 552
717 926
718 764
719 780
720 153
721 304
722 628
723 37
724 534
725 860
726 672
727 291
728 274
729 600
730 871
731 658
732 563
733 160
734 67
735 430
736 973
737 906
738 351
739 627
740 495
741 784
742 517
743 239
744 947
745 657
746 585
747 129
748 328
749 742
750 503
751 17
752 728
753 327
754 941
755 36
756 666
757 850
758 574
759 389
760 116
761 124
762 775
763 433
764 21
765 586
766 341
767 980
768 873
769 41
770 44
771 182
772 428
773 806
774 766
775 976
776 992
777 980
778 121
779 748
780 889
781 277
782 195
783 927
784 221
785 32
786 198
787 925
788 129
789 580
790 99
791 366
792 457
793 450
794 731
795 981
796 737
797 9
798 546
799 26
800 137
801 78
802 850
803 190
804 343
805 977
806 206
807 806
808 602
809 501
810 916
811 745
812 206
813 899
814 723
815 699
816 910
817 947
818 944
819 84
820 680
821 258
822 789
823 279
824 459
825 336
826 379
827 424
828 194
829 164
830 582
831 338
832 172
833 322
834 896
835 639
836 332
837 332
838 4
839 668
840 647
841 381
842 184
843 329
844 60
845 600
846 590
847 8
848 135
849 980
850 970
851 158
852 434
853 571
854 229
855 85
856 851
857 969
858 209
859 675
860 385
861 102
862 78
863 72
864 127
865 419
866 556
867 927
868 845
869 584
870 829
871 870
872 834
873 220
874 34
875 410
876 206
877 77
878 188
879 628
880 976
881 839
882 842
883 954
884 204
885 198
886 524
887 728
888 300
889 183
890 972
891 565
892 837
893 234
894 591
895 522
896 987
897 362
898 566
899 600
900 28
901 138
902 742
903 541
904 879
905 594
906 803
907 76
908 355
909 401
910 335
911 741
912 268
913 374
914 315
915 669
916 249
917 94
918 452
919 957
920 757
921 586
922 813
923 312
924 312
925 473
926 673
927 933
928 477
929 992
930 98
931 923
932 703
933 566
934 418
935 185
936 18
937 201
938 455
939 554
940 998
941 57
942 87
943 72
944 5
945 130
946 924
947 962
948 259
949 209
950 337
951 811
952 262
953 677
954 465
955 496
956 632
957 442
958 752
959 413
960 122
961 39
962 856
963 187
964 453
965 540
966 677
967 940
968 791
969 699
970 452
971 933
972 838
973 184
974 830
975 454
976 755
977 162
978 671
979 710
980 397
981 483
982 135
983 962
984 554
985 542
986 107
987 188
988 181
989 849
990 106
991 48
992 777
993 238
994 627
995 380
996 556
997 332
998 402
999 32
1000 877
1001 635
1002 788
1003 615
1004 822
1005 733
1006 663
1007 714
1008 60
1009 964
1010 475
1011 217
1012 836
1013 888
1014 545
1015 183
1016 724
1017 541
1018 198
1019 727
1020 477
1021 241
1022 217
1023 240
1024 130
1025 19
1026 828
1027 142
1028 418
1029 958
1030 661
1031 257
1032 348
1033 935
1034 1
1035 331
1036 543
1037 930
1038 778
1039 38
1040 845
1041 403
1042 24
1043 560
1044 222
1045 438
1046 775
1047 805
1048 343
1049 725
1050 629
1051 370
1052 724
1053 401
1054 221
1055 244
1056 96
1057 107
1058 892
1059 576
1060 757
1061 36
1062 609
1063 143
1064 143
1065 497
1066 431
1067 529
1068 767
1069 426
1070 932
1071 491
1072 549
1073 685
1074 347
1075 991
1076 914
1077 501
1078 461
1079 723
1080 182
1081 479
1082 184
1083 698
1084 452
1085 411
1086 330
1087 811
1088 792
1089 325
1090 739
1091 223
1092 847
1093 71
1094 407
1095 924
1096 772
1097 820
1098 598
1099 769
1100 600
1101 208
1102 606
1103 502
1104 911
1105 982
1106 871
1107 319
1108 552
1109 447
1110 322
1111 755
1112 567
1113 635
1114 35
1115 698
1116 8
1117 138
1118 838
1119 187
1120 314
1121 961
1122 168
1123 781
1124 656
1125 283
1126 695
1127 812
1128 75
1129 105
1130 918
1131 658
1132 532
1133 856
1134 801
1135 242
1136 761
1137 243
1138 163
1139 527
1140 508
1141 178
1142 635
1143 870
1144 661
1145 76
1146 223
1147 838
1148 843
1149 300
1150 489
1151 555
1152 181
1153 975
1154 57
1155 812
1156 881
1157 932
1158 293
1159 170
1160 309
1161 944
1162 328
1163 684
1164 475
1165 632
1166 298
1167 751
1168 298
1169 360
1170 83
1171 942
1172 248
1173 600
1174 962
1175 926
1176 26
1177 140
1178 457
1179 414
1180 569
1181 629
1182 824
1183 410
1184 65
1185 47
1186 134
1187 794
1188 97
1189 925
1190 883
1191 543
1192 878
1193 347
1194 911
1195 303
1196 245
1197 175
1198 586
1199 37
1200 193
1201 809
1202 18
1203 1
1204 533
1205 643
1206 75
1207 637
1208 217
1209 986
1210 106
1211 925
1212 414
1213 49
1214 736
1215 106
1216 971
1217 736
1218 674
1219 999
1220 652
1221 896
1222 842
1223 428
1224 565
1225 119
1226 121
1227 353
1228 89
1229 563
1230 226
1231 593
1232 284
1233 906
1234 891
1235 875
1236 585
1237 836
1238 372
1239 935
1240 827
1241 158
1242 976
1243 153
1244 205
1245 411
1246 978
1247 923
1248 506
1249 878
1250 690
1251 403
1252 116
1253 966
1254 155
1255 633
1256 453
1257 33
1258 306
1259 342
1260 468
1261 496
1262 209
1263 177
1264 463
1265 156
1266 152
1267 278
1268 461
1269 839
1270 359
1271 112
1272 993
1273 356
1274 11
1275 295
1276 172
1277 456
1278 400
1279 266
1280 978
1281 6
1282 150
1283 376
1284 708
1285 924
1286 325
1287 915
1288 286
1289 860
1290 73
1291 130
1292 812
1293 534
1294 650
1295 154
1296 857
1297 695
1298 831
1299 272
1300 471
1301 690
1302 144
1303 470
1304 721
1305 22
1306 304
1307 196
1308 845
1309 361
1310 617
1311 841
1312 962
1313 567
1314 210
1315 929
1316 960
1317 426
1318 914
1319 738
1320 981
1321 822
1322 78
1323 595
1324 845
1325 223
1326 811
1327 84
1328 205
1329 983
1330 485
1331 659
1332 932
1333 170
1334 861
1335 365
1336 565
1337 766
1338 351
1339 722
1340 503
1341 190
1342 639
1343 840
1344 986
1345 981
1346 743
1347 657
1348 418
1349 530
1350 260
1351 270
1352 383
1353 57
1354 638
1355 59
1356 204
1357 989
1358 896
1359 544
1360 375
1361 609
1362 632
1363 651
1364 320
1365 809
1366 815
1367 149
1368 615
1369 494
1370 639
1371 424
1372 128
1373 993
1374 912
1375 444
1376 592
1377 593
1378 276
1379 148
1380 939
1381 77
1382 837
1383 771
1384 802
1385 245
1386 657
1387 378
1388 966
1389 672
1390 954
1391 470
1392 236
1393 221
1394 69
1395 990
1396 553
1397 652
1398 453
1399 289
1400 518
1401 112
1402 651
1403 880
1404 676
1405 617
1406 819
1407 176
1408 976
1409 140
1410 482
1411 651
1412 176
1413 754
1414 283
1415 398
1416 215
1417 990
1418 694
1419 513
1420 233
1421 145
1422 258
1423 708
1424 49
1425 511
1426 275
1427 908
1428 687
1429 461
1430 970
1431 86
1432 863
1433 7
1434 928
1435 600
1436 140
1437 758
1438 425
1439 70
1440 11
1441 691
1442 751
1443 617
1444 604
1445 106
1446 90
1447 222
1448 366
1449 919
1450 771
1451 836
1452 210
1453 600
1454 97
1455 171
1456 496
1457 179
1458 242
1459 588
1460 857
1461 891
1462 871
1463 331
1464 100
1465 236
1466 170
1467 729
1468 892
1469 839
1470 925
1471 755
1472 298
1473 60
1474 752
1475 263
1476 315
1477 700
1478 937
1479 442
1480 845
1481 756
1482 93
1483 774
1484 871
1485 222
1486 531
1487 751
1488 371
1489 884
1490 185
1491 319
1492 316
1493 238
1494 15
1495 826
1496 684
1497 992
1498 740
1499 595
1500 248
1501 184
1502 502
1503 882
1504 861
1505 394
1506 35
1507 490
1508 391
1509 412
1510 46
1511 895
1512 433
1513 368
1514 17
1515 782
1516 114
1517 935
1518 799
1519 739
1520 139
1521 234
1522 288
1523 986
1524 895
1525 146
1526 244
1527 283
1528 631
1529 838
1530 585
1531 463
1532 417
1533 651
1534 36
1535 161
1536 594
1537 320
1538 444
1539 491
1540 867
1541 614
1542 415
1543 835
1544 567
1545 548
1546 451
1547 853
1548 867
1549 937
1550 16
1551 269
1552 539
1553 606
1554 972
1555 313
1556 621
1557 187
1558 519
1559 367
1560 904
1561 707
1562 458
1563 293
1564 938
1565 689
1566 852
1567 295
1568 81
1569 955
1570 979
1571 894
1572 867
1573 878
1574 14
1575 601
1576 123
1577 503
1578 484
1579 652
1580 941
1581 43
1582 237
1583 463
1584 401
1585 710
1586 831
1587 823
1588 370
1589 842
1590 886
1591 156
1592 638
1593 591
1594 23
1595 48
1596 618
1597 416
1598 264
1599 469
1600 107
1601 979
1602 22
1603 711
1604 393
1605 106
1606 557
1607 307
1608 956
1609 616
1610 798
1611 920
1612 98
1613 480
1614 513
1615 938
1616 942
1617 838
1618 381
1619 804
1620 250
1621 794
1622 297
1623 480
1624 361
1625 300
1626 796
1627 702
1628 210
1629 791
1630 530
1631 482
1632 581
1633 39
1634 668
1635 996
1636 130
1637 741
1638 202
1639 877
1640 536
1641 686
1642 221
1643 884
1644 644
1645 586
1646 19
1647 861
1648 476
1649 542
1650 484
1651 305
1652 99
1653 619
1654 677
1655 859
1656 362
1657 881
1658 971
1659 612
1660 823
1661 94
1662 351
1663 367
1664 763
1665 688
1666 987
1667 198
1668 323
1669 485
1670 717
1671 430
1672 859
1673 889
1674 932
1675 783
1676 400
1677 336
1678 205
1679 866
1680 518
1681 635
1682 645
1683 928
1684 331
1685 15
1686 488
1687 457
1688 539
1689 808
1690 891
1691 634
1692 634
1693 326
1694 583
1695 342
1696 724
1697 610
1698 417
1699 926
1700 830
1701 909
1702 918
1703 30
1704 962
1705 67
1706 2
1707 674
1708 155
1709 411
1710 746
1711 77
1712 105
1713 825
1714 825
1715 652
1716 442
1717 899
1718 431
1719 175
1720 568
1721 346
1722 183
1723 246
1724 469
1725 189
1726 750
1727 342
1728 759
1729 717
1730 669
1731 257
1732 269
1733 174
1734 460
1735 456
1736 820
1737 203
1738 815
1739 536
1740 992
1741 445
1742 281
1743 877
1744 709
1745 281
1746 235
1747 335
1748 766
1749 692
1750 838
1751 204
1752 615
1753 598
1754 420
1755 283
1756 597
1757 37
1758 365
1759 224
1760 797
1761 50
1762 937
1763 413
1764 299
1765 934
1766 705
1767 746
1768 775
1769 145
1770 503
1771 305
1772 65
1773 396
1774 893
1775 215
1776 35
1777 24
1778 683
1779 821
1780 581
1781 873
1782 832
1783 635
1784 781
1785 149
1786 782
1787 652
1788 851
1789 440
1790 189
1791 435
1792 360
1793 8
1794 651
1795 876
1796 697
1797 141
1798 842
1799 150
1800 34
1801 464
1802 257
1803 593
1804 420
1805 881
1806 16
1807 80
1808 582
1809 178
1810 238
1811 657
1812 375
1813 568
1814 248
1815 508
1816 694
1817 658
1818 147
1819 345
1820 201
1821 254
1822 890
1823 270
1824 374
1825 15
1826 258
1827 370
1828 833
1829 664
1830 716
1831 849
1832 676
1833 169
1834 155
1835 950
1836 719
1837 951
1838 677
1839 93
1840 680
1841 848
1842 185
1843 230
1844 633
1845 240
1846 674
1847 248
1848 36
1849 105
1850 188
1851 399
1852 580
1853 572
1854 477
1855 481
1856 599
1857 38
1858 279
1859 997
1860 477
1861 417
1862 897
1863 996
1864 359
1865 584
1866 898
1867 903
1868 845
1869 249
1870 430
1871 29
1872 825
1873 200
1874 200
1875 411
1876 65
1877 362
1878 608
1879 353
1880 47
1881 757
1882 470
1883 153
1884 722
1885 620
1886 247
1887 365
1888 347
1889 294
1890 9
1891 98
1892 387
1893 395
1894 379
1895 497
1896 925
1897 554
1898 233
1899 479
1900 541
1901 388
1902 389
1903 975
1904 31
1905 503
1906 709
1907 886
1908 913
1909 566
1910 488
1911 268
1912 772
1913 304
1914 686
1915 242
1916 684
1917 46
1918 766
1919 543
1920 253
1921 660
1922 910
1923 794
1924 364
1925 478
1926 761
1927 842
1928 974
1929 116
1930 996
1931 547
1932 939
1933 196
1934 662
1935 538
1936 702
1937 477
1938 625
1939 703
1940 936
1941 235
1942 802
1943 53
1944 369
1945 31
1946 943
1947 631
1948 633
1949 975
1950 664
1951 716
1952 959
1953 696
1954 834
1955 407
1956 103
1957 102
1958 41
1959 470
1960 881
1961 401
1962 909
1963 401
1964 432
1965 528
1966 479
1967 139
1968 435
1969 863
1970 987
1971 580
1972 938
1973 911
1974 39
1975 225
1976 52
1977 435
1978 549
1979 199
1980 849
1981 444
1982 806
1983 487
1984 868
1985 917
1986 297
1987 878
1988 967
1989 78
1990 205
1991 850
1992 904
1993 297
1994 464
1995 955
1996 364
1997 746
1998 465
1999 267
2000 21
2001 604
2002 767
2003 108
2004 813
2005 246
2006 990
2007 17
2008 568
2009 32
2010 825
2011 291
2012 964
2013 699
2014 992
2015 100
2016 240
2017 790
2018 346
2019 416
2020 632
2021 962
2022 850
2023 879
2024 23
2025 441
2026 390
2027 407
2028 425
2029 944
2030 822
2031 274
2032 383
2033 375
2034 292
2035 346
2036 350
2037 666
2038 412
2039 928
2040 351
2041 247
2042 474
2043 685
2044 779
2045 204
2046 497
2047 223
2048 34
2049 324
2050 437
2051 780
2052 211
2053 100
2054 15
2055 766
2056 504
2057 527
2058 306
2059 142
2060 834
2061 179
2062 726
2063 173
2064 994
2065 875
2066 603
2067 996
2068 564
2069 806
2070 196
2071 257
2072 380
2073 96
2074 495
2075 294
2076 950
2077 304
2078 513
2079 29
2080 899
2081 411
2082 684
2083 999
2084 903
2085 539
2086 779
2087 278
2088 321
2089 707
2090 890
2091 790
2092 841
2093 979
2094 540
2095 861
2096 389
2097 675
2098 529
2099 785
2100 138
2101 470
2102 298
2103 781
2104 186
2105 172
2106 645
2107 868
2108 504
2109 232
2110 500
2111 497
2112 774
2113 278
2114 555
2115 766
2116 750
2117 509
2118 778
2119 776
2120 172
2121 429
2122 823
2123 931
2124 465
2125 267
2126 793
2127 477
2128 939
2129 359
2130 4
2131 709
2132 204
2133 504
2134 174
2135 904
2136 701
2137 874
2138 544
2139 788
2140 771
2141 836
2142 524
2143 387
2144 795
2145 190
2146 609
2147 887
2148 282
2149 547
2150 30
2151 11
2152 286
2153 143
2154 391
2155 345
2156 993
2157 573
2158 190
2159 721
2160 668
2161 655
2162 896
2163 892
2164 18
2165 531
2166 628
2167 451
2168 101
2169 643
2170 734
2171 312
2172 372
2173 256
2174 699
2175 458
2176 704
2177 122
2178 577
2179 200
2180 457
2181 264
2182 319
2183 175
2184 137
2185 648
2186 579
2187 777
2188 956
2189 230
2190 599
2191 890
2192 868
2193 218
2194 157
2195 250
2196 832
2197 97
2198 863
2199 964
2200 413
2201 631
2202 485
2203 469
2204 877
2205 472
2206 927
2207 134
2208 669
2209 534
2210 137
2211 247
2212 224
2213 154
2214 793
2215 290
2216 696
2217 720
2218 695
2219 517
2220 143
2221 724
2222 750
2223 698
2224 641
2225 265
2226 65
2227 315
2228 231
2229 557
2230 652
2231 840
2232 303
2233 646
2234 638
2235 331
2236 505
2237 738
2238 805
2239 270
2240 334
2241 96
2242 540
2243 382
2244 629
2245 629
2246 644
2247 490
2248 451
2249 198
2250 451
2251 561
2252 100
2253 921
2254 573
2255 885
2256 726
2257 821
2258 314
2259 800
2260 509
2261 893
2262 759
2263 187
2264 509
2265 198
2266 175
2267 587
2268 53
2269 216
2270 75
2271 133
2272 278
2273 235
2274 146
2275 786
2276 119
2277 925
2278 44
2279 165
2280 675
2281 7
2282 652
2283 778
2284 654
2285 398
2286 772
2287 908
2288 544
2289 233
2290 144
2291 838
2292 99
2293 248
2294 978
2295 164
2296 698
2297 211
2298 677
2299 40
2300 26
2301 353
2302 595
2303 417
2304 581
2305 571
2306 413
2307 3
2308 240
2309 926
2310 70
2311 623
2312 716
2313 418
2314 107
2315 41
2316 642
2317 302
2318 105
2319 150
2320 587
2321 723
2322 642
2323 108
2324 96
2325 574
2326 480
2327 645
2328 128
2329 94
2330 28
2331 23
2332 435
2333 420
2334 289
2335 677
2336 938
2337 63
2338 571
2339 81
2340 693
2341 263
2342 452
2343 455
2344 433
2345 128
2346 180
2347 108
2348 812
2349 406
2350 826
2351 290
2352 624
2353 551
2354 35
2355 492
2356 140
2357 583
2358 876
2359 75
2360 970
2361 601
2362 195
2363 392
2364 986
2365 645
2366 273
2367 465
2368 802
2369 279
2370 800
2371 119
2372 358
2373 457
2374 297
2375 33
2376 97
2377 135
2378 628
2379 289
2380 931
2381 578
2382 829
2383 982
2384 223
2385 483
2386 534
2387 276
2388 603
2389 563
2390 226
2391 398
2392 170
2393 759
2394 346
2395 772
2396 547
2397 839
2398 501
2399 270
2400 698
2401 278
2402 505
2403 132
2404 252
2405 843
2406 658
2407 636
2408 70
2409 330
2410 321
2411 701
2412 16
2413 524
2414 896
2415 776
2416 546
2417 589
2418 103
2419 608
2420 467
2421 329
2422 892
2423 836
2424 84
2425 782
2426 440
2427 346
2428 13
2429 55
2430 655
2431 732
2432 836
2433 112
2434 724
2435 416
2436 61
2437 912
2438 630
2439 482
2440 355
2441 996
2442 189
2443 473
2444 864
2445 699
2446 568
2447 841
2448 386
2449 326
2450 445
2451 760
2452 431
2453 749
2454 891
2455 641
2456 37
2457 713
2458 445
2459 435
2460 808
2461 688
2462 152
2463 999
2464 514
2465 300
2466 904
2467 683
2468 28
2469 175
2470 158
2471 155
2472 683
2473 51
2474 139
2475 51
2476 95
2477 216
2478 86
2479 439
2480 913
2481 616
2482 989
2483 965
2484 536
2485 992
2486 909
2487 698
2488 399
2489 742
2490 669
2491 28
2492 159
2493 286
2494 487
2495 622
2496 443
2497 66
2498 961
2499 157
2500 575
2501 150
2502 652
2503 710
2504 143
2505 680
2506 367
2507 330
2508 483
2509 201
2510 529
2511 489
2512 161
2513 484
2514 913
2515 327
2516 708
2517 815
2518 510
2519 426
2520 192
2521 821
2522 575
2523 491
2524 700
2525 57
2526 809
2527 402
2528 894
2529 253
2530 868
2531 686
2532 757
2533 944
2534 100
2535 697
2536 747
2537 403
2538 734
2539 485
2540 786
2541 800
2542 887
2543 498
2544 767
2545 190
2546 670
2547 323
2548 609
2549 481
2550 413
2551 140
2552 118
2553 944
2554 410
2555 559
2556 824
2557 28
2558 689
2559 94
2560 272
2561 636
2562 486
2563 776
2564 613
2565 42
2566 823
2567 35
2568 399
2569 401
2570 702
2571 74
2572 378
2573 257
2574 43
2575 14
2576 811
2577 947
2578 689
2579 562
2580 847
2581 752
2582 460
2583 376
2584 151
2585 208
2586 714
2587 11
2588 653
2589 31
2590 296
2591 498
2592 210
2593 926
2594 920
2595 3
2596 469
2597 394
2598 452
2599 674
2600 767
2601 495
2602 482
2603 951
2604 630
2605 991
2606 869
2607 652
2608 793
2609 52
2610 173
2611 770
2612 794
2613 312
2614 764
2615 999
2616 285
2617 580
2618 180
2619 10
2620 609
2621 2
2622 464
2623 62
2624 306
2625 470
2626 296
2627 909
2628 766
2629 857
2630 648
2631 466
2632 795
2633 697
2634 357
2635 847
2636 729
2637 186
2638 628
2639 402
2640 912
2641 530
2642 486
2643 259
2644 416
2645 475
2646 636
2647 974
2648 964
2649 16
2650 337
2651 749
2652 54
2653 83
2654 408
2655 265
2656 804
2657 340
2658 127
2659 544
2660 628
2661 549
2662 530
2663 972
2664 893
2665 931
2666 326
2667 935
2668 98
2669 33
2670 323
2671 6
2672 733
2673 956
2674 808
2675 835
2676 646
2677 275
2678 813
2679 728
2680 812
2681 121
2682 647
2683 430
2684 716
2685 651
2686 716
2687 159
2688 532
2689 364
2690 703
2691 266
2692 639
2693 793
2694 495
2695 424
2696 259
2697 797
2698 912
2699 755
2700 581
2701 291
2702 184
2703 850
2704 649
2705 89
2706 703
2707 141
2708 39
2709 462
2710 869
2711 420
2712 542
2713 844
2714 776
2715 494
2716 540
2717 156
2718 278
2719 514
2720 481
2721 474
2722 830
2723 921
2724 923
2725 459
2726 837
2727 788
2728 712
2729 341
2730 881
2731 49
2732 295
2733 73
2734 929
2735 545
2736 250
2737 80
2738 574
2739 165
2740 18
2741 833
2742 436
2743 946
2744 505
2745 260
2746 902
2747 238
2748 164
2749 292
2750 581
2751 694
2752 948
2753 877
2754 888
2755 315
2756 313
2757 248
2758 313
2759 539
2760 988
2761 526
2762 533
2763 329
2764 203
2765 155
2766 843
2767 376
2768 399
2769 906
2770 350
2771 260
2772 792
2773 451
2774 271
2775 644
2776 329
2777 408
2778 388
2779 93
2780 424
2781 436
2782 664
2783 188
2784 981
2785 288
2786 18
2787 308
2788 931
2789 375
2790 202
2791 449
2792 238
2793 843
2794 816
2795 372
2796 570
2797 566
2798 971
2799 304
2800 466
2801 655
2802 592
2803 981
2804 323
2805 892
2806 615
2807 708
2808 726
2809 794
2810 498
2811 689
2812 311
2813 228
2814 869
2815 834
2816 248
2817 565
2818 781
2819 505
2820 950
2821 982
2822 80
2823 63
2824 683
2825 191
2826 769
2827 81
2828 122
2829 543
2830 934
2831 363
2832 341
2833 531
2834 516
2835 343
2836 583
2837 136
2838 864
2839 604
2840 179
2841 854
2842 511
2843 716
2844 662
2845 549
2846 453
2847 576
2848 142
2849 96
2850 257
2851 173
2852 43
2853 622
2854 561
2855 979
2856 256
2857 503
2858 546
2859 792
2860 523
2861 888
2862 663
2863 655
2864 469
2865 45
2866 76
2867 459
2868 583
2869 714
2870 210
2871 775
2872 343
2873 435
2874 363
2875 861
2876 240
2877 918
2878 68
2879 997
2880 339
2881 638
2882 550
2883 76
2884 581
2885 670
2886 246
2887 27
2888 838
2889 186
2890 975
2891 714
2892 399
2893 530
2894 244
2895 214
2896 536
2897 887
2898 680
2899 113
2900 494
2901 155
2902 234
2903 347
2904 33
2905 435
2906 418
2907 894
2908 241
2909 330
2910 589
2911 293
2912 513
2913 993
2914 943
2915 970
2916 620
2917 602
2918 114
2919 511
2920 599
2921 910
2922 346
2923 613
2924 580
2925 581
2926 82
2927 470
2928 253
2929 568
2930 152
2931 394
2932 175
2933 903
2934 995
2935 21
2936 114
2937 531
2938 286
2939 788
2940 958
2941 153
2942 412
2943 786
2944 445
2945 456
2946 258
2947 843
2948 877
2949 857
2950 353
2951 258
2952 257
2953 715
2954 729
2955 250
2956 625
2957 201
2958 382
2959 345
2960 657
2961 738
2962 968
2963 911
2964 368
2965 172
2966 27
2967 873
2968 598
2969 803
2970 211
2971 782
2972 507
2973 378
2974 312
2975 373
2976 686
2977 568
2978 783
2979 962
2980 948
2981 590
2982 111
2983 585
2984 637
2985 120
2986 141
2987 890
2988 767
2989 580
2990 987
2991 192
2992 98
2993 817
2994 881
2995 935
2996 472
2997 699
2998 157
2999 683
3000 395
3001 382
3002 974
3003 152
3004 359
3005 560
3006 728
3007 272
3008 986
3009 243
3010 322
3011 22
3012 13
3013 217
3014 19
3015 671
3016 193
3017 226
3018 590
3019 84
3020 708
3021 299
3022 761
3023 297
3024 69
3025 872
3026 354
3027 635
3028 445
3029 327
3030 463
3031 590
3032 568
3033 632
3034 310
3035 37
3036 939
3037 690
3038 15
3039 423
3040 255
3041 649
3042 46
3043 453
3044 639
3045 805
3046 324
3047 117
3048 241
3049 648
3050 671
3051 797
3052 400
3053 488
3054 150
3055 739
3056 358
3057 32
3058 677
3059 107
3060 828
3061 751
3062 65
3063 39
3064 845
3065 84
3066 39
3067 152
3068 260
3069 938
3070 105
3071 741
3072 207
3073 612
3074 521
3075 70
3076 427
3077 214
3078 404
3079 32
3080 148
3081 649
3082 648
3083 904
3084 457
3085 28
3086 85
3087 895
3088 813
3089 510
3090 648
3091 291
3092 987
3093 550
3094 56
3095 277
3096 235
3097 833
3098 538
3099 153
3100 521
3101 141
3102 363
3103 508
3104 195
3105 81
3106 650
3107 365
3108 348
3109 207
3110 126
3111 147
3112 293
3113 599
3114 605
3115 932
3116 989
3117 311
3118 718
3119 996
3120 719
3121 902
3122 4
3123 162
3124 892
3125 653
3126 851
3127 756
3128 178
3129 622
3130 418
3131 843
3132 767
3133 121
3134 152
3135 330
3136 820
3137 99
3138 973
3139 103
3140 812
3141 974
3142 761
3143 159
3144 177
3145 482
3146 701
3147 257
3148 217
3149 519
3150 79
3151 218
3152 456
3153 166
3154 640
3155 539
3156 9
3157 526
3158 201
3159 983
3160 324
3161 362
3162 814
3163 689
3164 548
3165 661
3166 139
3167 489
3168 525
3169 442
3170 656
3171 191
3172 907
3173 686
3174 351
3175 876
3176 958
3177 506
3178 839
3179 740
3180 772
3181 605
3182 818
3183 747
3184 935
3185 671
3186 971
3187 713
3188 546
3189 775
3190 768
3191 915
3192 919
3193 844
3194 172
3195 559
3196 165
3197 471
3198 620
3199 376
3200 501
3201 902
3202 911
3203 720
3204 507
3205 350
3206 753
3207 690
3208 640
3209 476
3210 315
3211 362
3212 726
3213 739
3214 675
3215 494
3216 194
3217 723
3218 412
3219 316
3220 840
3221 249
3222 27
3223 184
3224 250
3225 590
3226 297
3227 554
3228 204
3229 970
3230 812
3231 969
3232 945
3233 721
3234 159
3235 940
3236 772
3237 282
3238 280
3239 988
3240 186
3241 972
3242 298
3243 283
3244 587
3245 788
3246 242
3247 451
3248 971
3249 534
3250 57
3251 626
3252 407
3253 598
3254 458
3255 999
3256 863
3257 298
3258 602
3259 282
3260 692
3261 131
3262 422
3263 379
3264 436
3265 519
3266 24
3267 768
3268 859
3269 110
3270 151
3271 716
3272 737
3273 730
3274 37
3275 917
3276 763
3277 257
3278 206
3279 91
3280 658
3281 254
3282 59
3283 834
3284 936
3285 312
3286 2
3287 556
3288 935
3289 796
3290 655
3291 235
3292 433
3293 878
3294 451
3295 815
3296 553
3297 899
3298 580
3299 79
3300 253
3301 388
3302 563
3303 576
3304 890
3305 681
3306 831
3307 458
3308 383
3309 706
3310 821
3311 653
3312 461
3313 550
3314 779
3315 120
3316 403
3317 74
3318 432
3319 785
3320 760
3321 670
3322 268
3323 491
3324 796
3325 542
3326 200
3327 306
3328 685
3329 501
3330 282
3331 667
3332 469
3333 509
3334 570
3335 279
3336 164
3337 250
3338 778
3339 409
3340 789
3341 950
3342 954
3343 673
3344 445
3345 390
3346 373
3347 435
3348 250
3349 648
3350 94
3351 668
3352 393
3353 43
3354 66
3355 392
3356 509
3357 782
3358 211
3359 442
3360 914
3361 848
3362 801
3363 51
3364 606
3365 100
3366 622
3367 836
3368 393
3369 601
3370 7
3371 33
3372 273
3373 149
3374 985
3375 224
3376 386
3377 317
3378 78
3379 22
3380 920
3381 434
3382 929
3383 515
3384 69
3385 240
3386 569
3387 269
3388 50
3389 486
3390 373
3391 724
3392 795
3393 308
3394 436
3395 880
3396 649
3397 350
3398 991
3399 465
3400 154
3401 215
3402 363
3403 177
3404 395
3405 707
3406 634
3407 467
3408 208
3409 37
3410 816
3411 286
3412 296
3413 351
3414 299
3415 873
3416 275
3417 718
3418 620
3419 168
3420 893
3421 631
3422 89
3423 613
3424 181
3425 190
3426 286
3427 53
3428 588
3429 845
3430 993
3431 158
3432 729
3433 662
3434 114
3435 171
3436 181
3437 742
3438 545
3439 509
3440 999
3441 310
3442 50
3443 177
3444 470
3445 487
3446 492
3447 877
3448 161
3449 712
3450 896
3451 204
3452 823
3453 372
3454 953
3455 311
3456 740
3457 196
3458 66
3459 548
3460 264
3461 331
3462 706
3463 241
3464 755
3465 953
3466 670
3467 992
3468 496
3469 560
3470 205
3471 873
3472 182
3473 202
3474 337
3475 758
3476 132
3477 92
3478 455
3479 809
3480 89
3481 944
3482 38
3483 449
3484 756
3485 101
3486 496
3487 471
3488 776
3489 2
3490 682
3491 652
3492 588
3493 865
3494 791
3495 11
3496 715
3497 842
3498 404
3499 863
3500 717
3501 243
3502 389
3503 720
3504 795
3505 959
3506 897
3507 604
3508 875
3509 578
3510 917
3511 29
3512 813
3513 157
3514 377
3515 670
3516 714
3517 633
3518 347
3519 235
3520 123
3521 678
3522 378
3523 956
3524 760
3525 921
3526 627
3527 85
3528 705
3529 100
3530 708
3531 538
3532 123
3533 112
3534 993
3535 621
3536 585
3537 375
3538 164
3539 243
3540 721
3541 607
3542 68
3543 330
3544 45
3545 603
3546 669
3547 597
3548 767
3549 918
3550 234
3551 180
3552 173
3553 635
3554 620
3555 698
3556 963
3557 162
3558 793
3559 543
3560 273
3561 156
3562 207
3563 655
3564 437
3565 135
3566 86
3567 387
3568 137
3569 859
3570 325
3571 235
3572 280
3573 969
3574 888
3575 538
3576 392
3577 415
3578 986
3579 763
3580 825
3581 104
3582 522
3583 111
3584 18
3585 518
3586 191
3587 376
3588 659
3589 678
3590 99
3591 172
3592 559
3593 386
3594 263
3595 560
3596 305
3597 949
3598 154
3599 308
3600 165
3601 856
3602 781
3603 210
3604 455
3605 103
3606 5
3607 986
3608 895
3609 682
3610 990
3611 389
3612 579
3613 677
3614 378
3615 755
3616 213
3617 902
3618 688
3619 734
3620 319
3621 494
3622 143
3623 934
3624 205
3625 844
3626 172
3627 4
3628 179
3629 517
3630 819
3631 551
3632 245
3633 80
3634 730
3635 610
3636 61
3637 447
3638 219
3639 778
3640 528
3641 897
3642 10
3643 809
3644 265
3645 285
3646 525
3647 42
3648 310
3649 98
3650 110
3651 276
3652 245
3653 434
3654 988
3655 841
3656 555
3657 507
3658 772
3659 869
3660 695
3661 90
3662 902
3663 701
3664 981
3665 783
3666 892
3667 195
3668 42
3669 596
3670 884
3671 565
3672 546
3673 805
3674 103
3675 594
3676 79
3677 61
3678 368
3679 876
3680 986
3681 612
3682 840
3683 857
3684 217
3685 780
3686 612
3687 649
3688 343
3689 444
3690 113
3691 185
3692 796
3693 526
3694 801
3695 809
3696 703
3697 922
3698 165
3699 677
3700 881
3701 258
3702 967
3703 945
3704 198
3705 946
3706 189
3707 903
3708 151
3709 965
3710 631
3711 232
3712 431
3713 135
3714 979
3715 409
3716 179
3717 756
3718 658
3719 94
3720 329
3721 727
3722 270
3723 274
3724 904
3725 22
3726 19
3727 153
3728 147
3729 657
3730 649
3731 672
3732 423
3733 462
3734 649
3735 280
3736 299
3737 441
3738 172
3739 464
3740 469
3741 663
3742 82
3743 291
3744 865
3745 202
3746 610
3747 416
3748 778
3749 758
3750 910
3751 450
3752 223
3753 873
3754 125
3755 954
3756 311
3757 593
3758 109
3759 236
3760 149
3761 662
3762 728
3763 388
3764 630
3765 691
3766 281
3767 802
3768 714
3769 704
3770 693
3771 987
3772 567
3773 839
3774 851
3775 189
3776 323
3777 177
3778 209
3779 945
3780 346
3781 540
3782 305
3783 787
3784 409
3785 270
3786 939
3787 880
3788 263
3789 894
3790 522
3791 92
3792 327
3793 756
3794 599
3795 742
3796 715
3797 666
3798 87
3799 964
3800 367
3801 140
3802 923
3803 48
3804 77
3805 770
3806 501
3807 294
3808 355
3809 547
3810 112
3811 638
3812 232
3813 310
3814 863
3815 287
3816 228
3817 344
3818 509
3819 479
3820 15
3821 109
3822 755
3823 794
3824 945
3825 482
3826 726
3827 512
3828 738
3829 953
3830 482
3831 970
3832 79
3833 975
3834 208
3835 717
3836 553
3837 653
3838 127
3839 783
3840 855
3841 246
3842 422
3843 959
3844 318
3845 358
3846 691
3847 703
3848 791
3849 723
3850 816
3851 393
3852 606
3853 873
3854 955
3855 260
3856 416
3857 991
3858 694
3859 802
3860 800
3861 77
3862 59
3863 17
3864 836
3865 364
3866 488
3867 725
3868 424
3869 879
3870 771
3871 49
3872 581
3873 714
3874 685
3875 435
3876 55
3877 270
3878 44
3879 790
3880 691
3881 827
3882 985
3883 852
3884 169
3885 260
3886 387
3887 764
3888 399
3889 149
3890 279
3891 338
3892 529
3893 809
3894 78
3895 143
3896 470
3897 86
3898 485
3899 757
3900 465
3901 25
3902 924
3903 348
3904 963
3905 332
3906 390
3907 20
3908 189
3909 410
3910 413
3911 252
3912 444
3913 382
3914 341
3915 922
3916 718
3917 520
3918 160
3919 326
3920 805
3921 323
3922 335
3923 813
3924 42
3925 244
3926 432
3927 699
3928 789
3929 34
3930 347
3931 896
3932 209
3933 552
3934 287
3935 716
3936 854
3937 368
3938 355
3939 140
3940 9
3941 155
3942 321
3943 213
3944 65
3945 275
3946 954
3947 141
3948 573
3949 521
3950 892
3951 765
3952 800
3953 820
3954 913
3955 755
3956 980
3957 476
3958 679
3959 284
3960 81
3961 110
3962 179
3963 100
3964 297
3965 524
3966 377
3967 204
3968 626
3969 563
3970 492
3971 95
3972 986
3973 414
3974 831
3975 916
3976 714
3977 187
3978 547
3979 251
3980 491
3981 52
3982 989
3983 180
3984 855
3985 861
3986 970
3987 663
3988 476
3989 678
3990 646
3991 981
3992 570
3993 598
3994 189
3995 851
3996 280
3997 122
3998 689
3999 92
4000 974
4001 539
4002 815
4003 465
4004 350
4005 626
4006 362
4007 506
4008 920
4009 848
4010 801
4011 314
4012 770
4013 989
4014 970
4015 876
4016 173
4017 281
4018 800
4019 895
4020 912
4021 794
4022 575
4023 348
4024 185
4025 797
4026 420
4027 885
4028 87
4029 550
4030 560
4031 449
4032 272
4033 694
4034 942
4035 467
4036 692
4037 506
4038 674
4039 660
4040 872
4041 647
4042 486
4043 797
4044 432
4045 972
4046 535
4047 126
4048 553
4049 223
4050 157
4051 172
4052 434
4053 902
4054 243
4055 482
4056 823
4057 102
4058 474
4059 949
4060 819
4061 376
4062 942
4063 449
4064 442
4065 918
4066 464
4067 632
4068 623
4069 142
4070 30
4071 298
4072 745
4073 542
4074 333
4075 731
4076 676
4077 753
4078 597
4079 429
4080 586
4081 794
4082 316
4083 481
4084 781
4085 433
4086 203
4087 932
4088 3
4089 411
4090 573
4091 498
4092 927
4093 332
4094 900
4095 513
4096 150
4097 976
4098 136
4099 673
4100 232
4101 626
4102 513
4103 592
4104 321
4105 973
4106 918
4107 828
4108 544
4109 536
4110 67
4111 501
4112 217
4113 909
4114 723
4115 313
4116 340
4117 818
4118 134
4119 585
4120 767
4121 830
4122 46
4123 499
4124 735
4125 547
4126 200
4127 523
4128 135
4129 124
4130 436
4131 303
4132 693
4133 615
4134 742
4135 885
4136 666
4137 709
4138 636
4139 892
4140 20
4141 181
4142 90
4143 885
4144 580
4145 773
4146 400
4147 205
4148 88
4149 745
4150 139
4151 981
4152 923
4153 332
4154 304
4155 294
4156 650
4157 115
4158 591
4159 366
4160 348
4161 452
4162 164
4163 687
4164 812
4165 970
4166 566
4167 19
4168 497
4169 891
4170 332
4171 104
4172 24
4173 716
4174 350
4175 460
4176 486
4177 589
4178 275
4179 728
4180 276
4181 304
4182 754
4183 998
4184 959
4185 998
4186 551
4187 651
4188 953
4189 259
4190 305
4191 58
4192 307
4193 427
4194 219
4195 498
4196 491
4197 61
4198 541
4199 929
4200 635
4201 791
4202 646
4203 447
4204 100
4205 956
4206 366
4207 594
4208 741
4209 165
4210 635
4211 258
4212 22
4213 870
4214 507
4215 560
4216 428
4217 217
4218 820
4219 136
4220 673
4221 318
4222 835
4223 804
4224 692
4225 636
4226 284
4227 553
4228 928
4229 720
4230 28
4231 929
4232 572
4233 106
4234 819
4235 897
4236 393
4237 789
4238 927
4239 981
4240 76
4241 349
4242 186
4243 639
4244 992
4245 400
4246 111
4247 322
4248 876
4249 650
4250 998
4251 881
4252 857
4253 634
4254 834
4255 801
4256 428
4257 839
4258 612
4259 647
4260 295
4261 480
4262 401
4263 894
4264 82
4265 212
4266 256
4267 492
4268 36
4269 84
4270 602
4271 265
4272 984
4273 86
4274 212
4275 499
4276 614
4277 573
4278 492
4279 202
4280 833
4281 590
4282 260
4283 374
4284 574
4285 459
4286 192
4287 602
4288 844
4289 146
4290 643
4291 189
4292 786
4293 250
4294 208
4295 254
4296 294
4297 709
4298 400
4299 103
4300 762
4301 966
4302 870
4303 666
4304 126
4305 81
4306 463
4307 863
4308 227
4309 472
4310 779
4311 148
4312 418
4313 697
4314 395
4315 35
4316 164
4317 17
4318 466
4319 19
4320 689
4321 291
4322 316
4323 36
4324 858
4325 844
4326 211
4327 922
4328 201
4329 53
4330 716
4331 478
4332 755
4333 362
4334 313
4335 498
4336 795
4337 176
4338 195
4339 271
4340 796
4341 620
4342 975
4343 931
4344 633
4345 816
4346 745
4347 892
4348 48
4349 760
4350 570
4351 397
4352 914
4353 571
4354 115
4355 480
4356 638
4357 607
4358 157
4359 308
4360 607
4361 684
4362 406
4363 747
4364 197
4365 320
4366 86
4367 819
4368 476
4369 333
4370 595
4371 551
4372 832
4373 589
4374 138
4375 947
4376 221
4377 843
4378 819
4379 623
4380 339
4381 836
4382 850
4383 624
4384 130
4385 602
4386 353
4387 158
4388 843
4389 757
4390 683
4391 228
4392 976
4393 255
4394 353
4395 633
4396 790
4397 549
4398 259
4399 89
4400 869
4401 747
4402 641
4403 611
4404 133
4405 264
4406 552
4407 940
4408 492
4409 837
4410 773
4411 788
4412 765
4413 845
4414 217
4415 215
4416 441
4417 57
4418 624
4419 253
4420 124
4421 60
4422 357
4423 197
4424 869
4425 27
4426 413
4427 405
4428 108
4429 609
4430 829
4431 248
4432 352
4433 456
4434 470
4435 606
4436 408
4437 824
4438 457
4439 571
4440 813
4441 128
4442 173
4443 818
4444 706
4445 482
4446 461
4447 103
4448 72
4449 796
4450 665
4451 3
4452 520
4453 801
4454 983
4455 978
4456 614
4457 628
4458 52
4459 292
4460 373
4461 136
4462 703
4463 17
4464 380
4465 707
4466 885
4467 700
4468 333
4469 846
4470 984
4471 672
4472 286
4473 202
4474 322
4475 593
4476 588
4477 304
4478 567
4479 965
4480 981
4481 715
4482 16
4483 583
4484 43
4485 774
4486 405
4487 11
4488 168
4489 529
4490 270
4491 379
4492 804
4493 325
4494 964
4495 446
4496 977
4497 853
4498 375
4499 370
4500 153
4501 62
4502 956
4503 15
4504 844
4505 975
4506 479
4507 137
4508 668
4509 513
4510 215
4511 617
4512 24
4513 714
4514 710
4515 826
4516 332
4517 628
4518 284
4519 123
4520 972
4521 793
4522 689
4523 557
4524 2
4525 117
4526 345
4527 816
4528 283
4529 597
4530 291
4531 17
4532 587
4533 618
4534 174
4535 739
4536 16
4537 683
4538 929
4539 51
4540 62
4541 735
4542 279
4543 124
4544 980
4545 421
4546 647
4547 520
4548 884
4549 824
4550 294
4551 600
4552 170
4553 142
4554 945
4555 815
4556 640
4557 682
4558 818
4559 407
4560 439
4561 393
4562 593
4563 655
4564 272
4565 358
4566 955
4567 265
4568 110
4569 510
4570 445
4571 436
4572 504
4573 220
4574 542
4575 270
4576 878
4577 794
4578 28
4579 573
4580 349
4581 266
4582 828
4583 301
4584 170
4585 27
4586 404
4587 600
4588 627
4589 482
4590 810
4591 168
4592 840
4593 925
4594 61
4595 241
4596 613
4597 340
4598 774
4599 754
4600 119
4601 368
4602 798
4603 761
4604 490
4605 624
4606 854
4607 869
4608 72
4609 391
4610 760
4611 814
4612 651
4613 151
4614 336
4615 925
4616 371
4617 104
4618 892
4619 503
4620 244
4621 11
4622 248
4623 673
4624 533
4625 675
4626 601
4627 843
4628 677
4629 572
4630 661
4631 247
4632 908
4633 173
4634 837
4635 168
4636 505
4637 545
4638 103
4639 86
4640 186
4641 465
4642 61
4643 249
4644 909
4645 580
4646 101
4647 104
4648 103
4649 92
4650 380
4651 70
4652 148
4653 888
4654 191
4655 902
4656 696
4657 301
4658 953
4659 115
4660 643
4661 735
4662 364
4663 450
4664 662
4665 377
4666 646
4667 685
4668 936
4669 938
4670 217
4671 306
4672 271
4673 128
4674 498
4675 449
4676 724
4677 188
4678 460
4679 502
4680 852
4681 404
4682 65
4683 76
4684 427
4685 245
4686 459
4687 95
4688 19
4689 38
4690 310
4691 871
4692 463
4693 893
4694 318
4695 732
4696 529
4697 483
4698 442
4699 549