0 1
0 2
0 496
0 494
0 8
0 492
0 490
0 11
0 12
0 487
0 14
0 486
0 485
0 35
0 403
0 19
0 365
0 389
0 270
0 275
0 89
0 272
0 126
0 117
0 397
0 462
0 476
0 192
0 457
0 144
0 347
0 451
0 417
1 4
1 498
1 5
1 497
1 496
1 8
1 491
1 489
1 14
1 488
1 486
1 229
1 367
1 207
1 455
1 443
1 364
1 326
1 342
1 244
1 425
1 230
1 434
1 240
1 258
1 300
2 3
2 5
2 6
2 498
2 7
2 497
2 496
2 495
2 11
2 14
2 489
2 16
2 17
2 295
2 477
2 80
2 279
2 120
2 454
2 26
2 356
2 463
2 320
2 183
2 389
2 117
2 226
2 175
3 4
3 5
3 8
3 497
3 10
3 496
3 11
3 13
3 14
3 492
3 491
3 16
3 490
3 489
3 18
3 21
3 395
3 142
3 251
3 211
3 174
3 296
3 284
3 233
3 263
3 411
4 7
4 8
4 498
4 497
4 496
4 495
4 14
4 494
4 493
4 16
4 491
4 18
4 490
4 489
4 235
4 78
4 401
4 487
4 297
4 420
4 5
4 263
4 154
4 279
4 90
4 146
4 468
4 202
4 243
4 185
4 369
5 8
5 9
5 10
5 11
5 499
5 498
5 497
5 14
5 496
5 494
5 17
5 18
5 20
5 490
5 50
5 268
5 454
5 61
5 451
5 23
5 449
5 380
5 457
5 60
5 315
5 431
5 129
5 44
5 141
6 8
6 10
6 11
6 499
6 14
6 15
6 497
6 496
6 17
6 18
6 19
6 20
6 492
6 491
6 156
6 443
6 213
6 88
6 183
6 377
6 444
6 74
6 112
6 168
7 10
7 15
7 16
7 17
7 18
7 20
7 21
7 493
7 492
7 333
7 431
7 162
7 281
7 466
7 126
7 378
7 234
7 248
7 338
7 380
7 118
7 108
7 443
7 283
7 272
8 10
8 13
8 14
8 18
8 497
8 496
8 495
8 22
8 494
8 493
8 364
8 347
8 416
8 427
8 438
8 373
8 168
8 194
8 439
8 233
8 241
8 481
8 170
8 382
8 240
9 11
9 13
9 14
9 19
9 498
9 22
9 23
9 24
9 494
9 474
9 154
9 493
9 157
9 179
9 50
9 320
9 119
9 381
9 74
9 159
9 286
9 221
9 324
10 13
10 17
10 19
10 21
10 499
10 22
10 498
10 23
10 496
10 495
10 248
10 117
10 427
10 122
10 80
10 303
10 186
10 278
10 126
10 232
10 257
10 311
10 352
10 65
10 167
10 267
11 12
11 19
11 20
11 21
11 22
11 498
11 25
11 146
11 255
11 417
11 249
11 405
11 452
11 354
11 428
11 432
11 295
11 369
11 459
12 16
12 19
12 20
12 21
12 23
12 24
12 499
12 498
12 27
12 497
12 166
12 401
12 266
12 48
12 361
12 390
12 325
12 359
12 371
12 373
12 221
12 60
12 379
12 25
13 15
13 16
13 19
13 21
13 22
13 25
13 26
13 27
13 28
13 498
13 362
13 35
13 439
13 408
13 233
13 386
13 85
13 46
13 30
13 238
13 39
13 437
13 290
13 359
13 420
13 402
14 15
14 16
14 20
14 26
14 27
14 29
14 195
14 146
14 60
14 64
14 473
14 226
14 462
14 183
14 287
14 214
14 84
14 354
14 296
14 157
14 123
14 472
15 16
15 17
15 18
15 19
15 20
15 26
15 27
15 28
15 29
15 95
15 209
15 256
15 267
15 54
15 61
15 335
15 170
15 347
15 162
15 421
15 445
15 236
15 55
15 142
15 375
16 18
16 20
16 23
16 24
16 27
16 28
16 76
16 296
16 245
16 354
16 337
16 345
16 413
16 320
16 347
16 301
16 79
16 113
16 480
16 261
16 499
16 496
16 207
16 401
17 18
17 20
17 22
17 24
17 28
17 31
17 173
17 386
17 88
17 248
17 489
17 114
17 141
17 19
17 62
17 39
17 399
17 207
17 497
17 119
18 20
18 22
18 25
18 26
18 27
18 28
18 31
18 32
18 33
18 44
18 60
18 123
18 328
18 121
18 229
18 238
18 64
18 139
18 449
18 414
19 20
19 23
19 24
19 25
19 26
19 28
19 32
19 33
19 128
19 420
19 321
19 320
19 476
19 460
19 400
19 158
19 196
19 464
19 478
19 427
19 209
20 21
20 22
20 25
20 26
20 29
20 30
20 31
20 32
20 34
20 232
20 327
20 239
20 461
20 280
20 481
20 84
20 287
20 105
20 298
20 468
21 25
21 28
21 30
21 31
21 34
21 36
21 84
21 111
21 92
21 452
21 352
21 221
21 314
21 339
21 52
22 25
22 26
22 27
22 31
22 32
22 34
22 36
22 171
22 109
22 448
22 370
22 305
22 408
22 195
22 231
22 172
22 314
22 216
22 35
23 25
23 30
23 33
23 35
23 36
23 37
23 407
23 199
23 238
23 423
23 137
23 386
23 206
23 450
23 272
23 403
23 85
23 371
23 430
23 24
23 285
23 458
24 25
24 29
24 31
24 32
24 33
24 34
24 38
24 39
24 153
24 56
24 269
24 43
24 339
24 470
24 103
24 246
24 215
24 69
24 220
25 27
25 29
25 31
25 32
25 33
25 35
25 37
25 276
25 404
25 143
25 497
25 355
25 62
25 69
25 436
25 132
25 433
25 251
25 134
25 317
25 387
25 53
25 136
25 43
25 122
25 238
26 27
26 28
26 29
26 30
26 31
26 32
26 34
26 36
26 38
26 40
26 444
26 94
26 284
26 62
26 312
26 99
26 300
26 182
26 268
26 297
26 248
26 479
26 140
26 153
26 339
26 338
26 136
26 311
27 33
27 34
27 41
27 42
27 351
27 440
27 496
27 345
27 423
27 205
27 164
27 295
27 194
27 110
27 437
27 328
27 145
27 364
27 321
28 29
28 30
28 31
28 32
28 33
28 34
28 35
28 36
28 37
28 41
28 43
28 200
28 452
28 197
28 392
28 333
28 491
28 379
28 285
28 401
29 30
29 31
29 32
29 35
29 36
29 39
29 40
29 42
29 122
29 438
29 495
29 343
29 424
29 160
29 261
29 437
29 346
29 458
29 119
29 337
30 32
30 33
30 34
30 36
30 38
30 41
30 42
30 43
30 44
30 285
30 150
30 55
30 273
30 444
30 270
30 305
30 312
30 449
30 215
30 72
30 264
30 114
30 116
30 103
30 158
30 401
30 50
30 186
31 32
31 33
31 35
31 36
31 38
31 40
31 41
31 359
31 389
31 397
31 467
31 55
31 267
31 309
31 138
31 199
31 406
31 85
31 48
31 358
31 83
31 186
31 452
32 33
32 40
32 47
32 85
32 169
32 398
32 208
32 424
32 460
32 230
32 438
32 413
32 36
32 128
32 81
32 407
32 72
32 50
32 415
32 253
32 141
32 76
33 39
33 42
33 43
33 45
33 46
33 47
33 362
33 452
33 157
33 134
33 439
33 213
33 383
33 192
33 233
33 490
33 84
33 365
33 415
34 36
34 37
34 38
34 40
34 41
34 44
34 47
34 49
34 303
34 493
34 93
34 354
34 465
34 290
34 297
34 418
34 454
34 467
34 404
34 72
34 161
35 40
35 41
35 42
35 43
35 44
35 48
35 49
35 50
35 394
35 312
35 71
35 444
35 268
35 451
35 401
35 149
35 134
36 39
36 40
36 42
36 45
36 48
36 259
36 67
36 330
36 382
36 250
36 151
36 194
36 111
36 224
36 361
36 114
36 292
36 288
36 397
36 482
37 38
37 39
37 43
37 44
37 45
37 47
37 51
37 52
37 164
37 462
37 264
37 182
37 439
37 188
37 85
37 154
37 416
37 277
37 301
37 467
37 486
37 83
37 440
38 39
38 42
38 44
38 47
38 48
38 50
38 51
38 374
38 100
38 495
38 247
38 260
38 76
38 165
38 307
38 454
38 372
38 494
38 73
38 474
38 80
39 40
39 41
39 42
39 43
39 44
39 48
39 53
39 54
39 403
39 318
39 207
39 132
39 470
39 166
39 235
39 253
39 420
39 280
39 257
39 277
39 245
39 208
40 41
40 45
40 47
40 49
40 51
40 52
40 53
40 413
40 155
40 196
40 349
40 226
40 456
40 218
40 106
40 272
40 146
40 425
40 330
40 435
40 201
40 453
40 290
40 132
41 42
41 43
41 44
41 48
41 53
41 54
41 56
41 390
41 287
41 487
41 477
41 193
41 324
41 315
41 269
41 449
41 123
41 165
41 423
42 43
42 45
42 47
42 48
42 49
42 56
42 321
42 213
42 408
42 155
42 231
42 409
42 449
42 359
42 192
42 411
42 182
42 453
42 315
42 303
42 234
42 371
42 97
43 44
43 45
43 47
43 48
43 50
43 57
43 327
43 125
43 495
43 97
43 204
43 381
43 130
43 171
43 217
43 283
43 85
43 135
43 63
43 54
43 200
43 236
43 210
43 256
44 45
44 46
44 52
44 53
44 55
44 57
44 58
44 491
44 419
44 493
44 74
44 432
44 392
44 163
44 123
44 83
44 68
44 389
44 496
44 274
44 460
44 269
45 48
45 49
45 50
45 51
45 52
45 53
45 56
45 57
45 58
45 60
45 166
45 245
45 487
45 88
45 206
45 472
45 182
45 323
45 199
45 210
45 480
45 439
45 62
45 82
45 108
45 445
45 207
46 47
46 50
46 53
46 56
46 57
46 59
46 60
46 325
46 276
46 198
46 161
46 70
46 378
46 272
46 322
46 48
46 466
46 281
46 392
46 160
46 233
47 48
47 50
47 51
47 52
47 53
47 55
47 57
47 59
47 60
47 61
47 62
47 367
47 422
47 499
47 352
47 325
47 443
47 122
47 360
47 100
47 114
48 49
48 53
48 55
48 62
48 63
48 327
48 499
48 268
48 175
48 195
48 213
48 255
48 430
48 447
48 389
48 251
48 273
48 353
48 133
48 298
49 50
49 52
49 54
49 55
49 57
49 62
49 63
49 64
49 473
49 195
49 165
49 178
49 463
49 128
49 160
49 247
49 432
49 462
49 336
49 114
49 488
49 268
50 51
50 52
50 53
50 54
50 58
50 59
50 61
50 62
50 63
50 64
50 297
50 446
50 464
50 433
50 71
50 374
50 187
50 316
50 408
50 211
51 53
51 54
51 60
51 61
51 62
51 63
51 64
51 65
51 66
51 454
51 139
51 461
51 191
51 411
51 379
51 471
51 155
51 271
51 56
51 441
51 473
51 94
51 170
52 53
52 55
52 57
52 60
52 64
52 66
52 67
52 141
52 311
52 223
52 381
52 343
52 481
52 255
52 335
52 120
52 243
52 401
52 387
52 237
52 307
52 324
52 414
52 468
52 291
52 319
52 448
53 58
53 61
53 62
53 67
53 350
53 315
53 108
53 210
53 325
53 273
53 437
53 121
53 426
53 359
53 194
53 135
53 277
53 439
53 90
53 433
53 454
53 235
53 166
54 55
54 58
54 59
54 60
54 64
54 495
54 435
54 142
54 240
54 413
54 246
54 336
54 492
54 264
54 235
54 326
54 456
54 117
54 135
54 179
54 214
54 282
54 84
54 92
54 239
55 59
55 60
55 63
55 65
55 67
55 68
55 337
55 184
55 460
55 270
55 357
55 381
55 285
55 222
55 109
55 492
55 291
55 435
55 446
55 375
55 378
56 57
56 58
56 60
56 61
56 65
56 66
56 67
56 243
56 187
56 171
56 262
56 437
56 482
56 316
56 89
56 256
56 450
56 430
56 170
57 60
57 64
57 66
57 71
57 72
57 331
57 359
57 426
57 372
57 347
57 180
57 316
57 183
57 424
57 152
57 356
57 208
57 200
57 453
58 59
58 60
58 64
58 65
58 66
58 69
58 70
58 71
58 256
58 239
58 298
58 219
58 317
58 181
58 337
58 402
58 251
58 370
59 61
59 63
59 64
59 66
59 68
59 69
59 70
59 71
59 72
59 73
59 74
59 486
59 247
59 404
59 464
59 104
59 431
59 122
59 274
59 438
59 223
59 156
60 64
60 65
60 66
60 70
60 71
60 72
60 75
60 286
60 252
60 88
60 257
60 408
60 172
60 399
60 466
60 406
60 115
60 455
60 400
60 67
60 123
60 158
60 192
61 64
61 67
61 69
61 70
61 71
61 74
61 75
61 76
61 295
61 227
61 351
61 426
61 161
61 319
61 175
61 197
61 66
61 436
61 323
61 217
62 63
62 68
62 69
62 71
62 75
62 76
62 77
62 182
62 138
62 183
62 246
62 256
62 480
62 245
62 129
62 252
62 222
62 201
62 332
63 64
63 65
63 68
63 70
63 74
63 75
63 76
63 77
63 282
63 171
63 206
63 200
63 457
63 286
63 483
63 434
63 323
63 183
63 369
63 344
63 378
63 348
64 65
64 66
64 67
64 71
64 72
64 73
64 76
64 78
64 79
64 394
64 255
64 485
64 293
64 469
64 298
64 171
64 474
64 242
65 66
65 68
65 71
65 72
65 74
65 75
65 76
65 77
65 78
65 79
65 490
65 272
65 416
65 246
65 407
65 243
65 385
65 198
65 233
65 308
65 299
65 491
65 270
66 67
66 68
66 71
66 74
66 76
66 77
66 81
66 382
66 200
66 408
66 346
66 373
66 159
66 438
66 177
66 290
66 339
66 149
66 488
66 255
66 247
67 69
67 70
67 72
67 73
67 75
67 76
67 339
67 345
67 142
67 252
67 247
67 423
67 169
67 114
67 482
67 320
67 143
67 238
67 164
67 232
67 192
67 435
68 71
68 75
68 76
68 77
68 81
68 82
68 83
68 381
68 101
68 133
68 491
68 443
68 470
68 159
68 446
68 482
68 73
68 416
68 423
68 290
68 373
68 196
69 74
69 75
69 76
69 78
69 80
69 81
69 82
69 83
69 84
69 434
69 312
69 315
69 331
69 245
69 469
69 323
69 286
69 175
70 72
70 73
70 74
70 79
70 81
70 85
70 158
70 334
70 118
70 419
70 365
70 384
70 390
70 403
70 102
70 364
70 270
70 90
71 72
71 73
71 75
71 77
71 82
71 84
71 86
71 119
71 230
71 278
71 150
71 323
71 438
71 464
71 166
71 410
71 256
71 334
71 395
71 214
71 401
71 493
71 253
72 75
72 77
72 78
72 79
72 82
72 83
72 84
72 85
72 87
72 160
72 356
72 245
72 149
72 266
72 98
72 487
72 228
72 327
72 337
72 147
72 146
72 457
73 75
73 76
73 77
73 78
73 80
73 86
73 88
73 318
73 251
73 94
73 260
73 97
73 392
73 304
73 484
73 490
73 136
73 410
73 200
73 194
73 280
74 78
74 79
74 81
74 83
74 85
74 86
74 427
74 261
74 190
74 285
74 201
74 396
74 148
74 457
74 481
74 498
74 279
74 299
74 164
75 77
75 78
75 80
75 83
75 86
75 88
75 89
75 318
75 257
75 384
75 226
75 336
75 477
75 401
75 310
75 261
75 337
75 213
75 106
75 392
75 116
75 111
75 342
75 410
76 78
76 79
76 82
76 84
76 85
76 86
76 89
76 420
76 213
76 490
76 228
76 344
76 223
76 244
76 141
76 373
76 80
76 127
76 117
77 78
77 80
77 81
77 82
77 83
77 84
77 85
77 88
77 89
77 91
77 220
77 218
77 163
77 433
77 283
77 215
77 292
77 487
77 210
77 497
77 262
77 453
77 263
77 441
78 79
78 81
78 82
78 83
78 84
78 85
78 87
78 89
78 91
78 93
78 291
78 308
78 363
78 319
78 234
78 223
78 405
78 492
78 219
79 81
79 85
79 86
79 87
79 94
79 173
79 338
79 357
79 176
79 181
79 275
79 286
79 227
79 467
79 401
79 448
79 329
79 265
79 195
79 428
80 85
80 88
80 89
80 93
80 94
80 264
80 188
80 220
80 377
80 347
80 340
80 403
80 230
80 300
80 210
80 408
80 341
80 366
80 459
80 229
80 215
80 281
81 84
81 85
81 86
81 87
81 89
81 92
81 93
81 95
81 96
81 346
81 133
81 209
81 455
81 354
81 109
81 280
81 214
81 220
81 385
81 413
82 84
82 85
82 87
82 88
82 89
82 90
82 91
82 96
82 295
82 261
82 125
82 205
82 118
82 247
82 362
82 206
82 492
82 481
82 406
82 468
82 456
83 84
83 87
83 88
83 90
83 97
83 342
83 428
83 402
83 116
83 458
83 124
83 111
83 394
83 349
83 493
83 294
83 194
83 313
83 254
83 272
83 309
83 499
83 139
83 130
84 85
84 86
84 87
84 88
84 90
84 92
84 95
84 96
84 99
84 322
84 362
84 202
84 386
84 384
84 282
84 113
84 178
84 126
84 217
84 413
84 127
84 254
85 88
85 89
85 94
85 97
85 98
85 99
85 100
85 405
85 305
85 456
85 483
85 318
85 476
85 249
85 336
86 87
86 89
86 90
86 92
86 93
86 95
86 96
86 100
86 101
86 431
86 132
86 197
86 393
86 91
86 139
86 312
86 397
86 449
86 490
87 88
87 89
87 90
87 92
87 93
87 97
87 99
87 101
87 102
87 396
87 352
87 218
87 248
87 276
87 151
87 208
87 477
87 153
87 404
88 94
88 95
88 98
88 99
88 359
88 106
88 167
88 185
88 414
88 280
88 324
88 362
88 141
88 249
88 432
88 214
88 199
88 420
88 261
88 455
88 496
88 228
88 169
89 92
89 93
89 94
89 96
89 97
89 100
89 101
89 279
89 140
89 356
89 273
89 136
89 116
89 366
89 412
89 192
89 91
89 401
89 429
90 91
90 93
90 98
90 101
90 205
90 447
90 498
90 338
90 319
90 214
90 380
90 288
90 281
90 246
90 286
90 387
90 329
91 95
91 100
91 101
91 102
91 103
91 106
91 123
91 230
91 335
91 197
91 412
91 130
91 327
91 238
91 208
91 180
91 386
91 425
91 492
91 199
91 205
92 95
92 96
92 98
92 100
92 101
92 102
92 103
92 104
92 107
92 400
92 208
92 110
92 492
92 353
92 311
92 99
92 135
93 95
93 96
93 98
93 99
93 100
93 106
93 108
93 361
93 202
93 488
93 195
93 201
93 142
93 374
93 132
93 300
93 115
93 410
94 98
94 100
94 101
94 103
94 104
94 109
94 482
94 408
94 450
94 193
94 266
94 372
94 153
94 301
94 236
94 180
94 359
94 126
95 98
95 99
95 102
95 103
95 105
95 107
95 109
95 416
95 385
95 458
95 354
95 477
95 230
95 294
95 418
95 299
95 430
95 306
96 98
96 99
96 100
96 101
96 102
96 103
96 104
96 107
96 109
96 110
96 229
96 294
96 241
96 323
96 446
96 321
96 272
96 125
97 98
97 99
97 100
97 103
97 104
97 105
97 108
97 109
97 111
97 112
97 329
97 244
97 272
97 319
97 458
97 464
97 207
97 342
97 259
97 383
97 453
98 99
98 101
98 104
98 105
98 109
98 110
98 111
98 112
98 494
98 181
98 163
98 244
98 462
98 347
98 416
98 445
98 211
98 475
99 103
99 105
99 108
99 111
99 112
99 113
99 114
99 193
99 352
99 150
99 492
99 462
99 269
99 463
99 304
99 140
99 273
99 425
99 120
99 457
99 435
99 448
100 101
100 102
100 103
100 104
100 108
100 109
100 111
100 112
100 209
100 435
100 414
100 223
100 404
100 458
100 272
100 403
100 130
100 311
100 488
100 224
100 161
100 422
100 376
100 318
101 102
101 103
101 106
101 108
101 109
101 110
101 111
101 112
101 115
101 300
101 421
101 219
101 272
101 425
101 227
101 354
101 439
101 429
101 387
101 118
102 103
102 109
102 110
102 111
102 112
102 114
102 116
102 117
102 449
102 189
102 186
102 409
102 382
102 168
102 399
102 481
102 388
102 119
103 104
103 106
103 107
103 108
103 109
103 110
103 114
103 118
103 245
103 234
103 199
103 288
103 176
103 161
103 385
104 108
104 109
104 110
104 111
104 112
104 113
104 114
104 116
104 117
104 371
104 144
104 191
104 421
104 403
104 182
104 166
104 472
104 352
104 274
104 171
104 431
104 133
104 246
105 107
105 112
105 114
105 117
105 120
105 171
105 168
105 441
105 370
105 410
105 401
105 468
105 164
105 398
105 345
105 271
105 293
105 221
105 285
105 156
105 188
106 108
106 109
106 112
106 115
106 121
106 373
106 149
106 486
106 293
106 384
106 360
106 477
106 237
106 487
106 363
106 443
106 156
107 108
107 109
107 110
107 112
107 118
107 119
107 121
107 250
107 411
107 282
107 222
107 462
107 386
107 473
107 191
107 347
107 160
107 275
107 312
107 461
107 165
108 115
108 117
108 119
108 120
108 123
108 336
108 189
108 390
108 484
108 378
108 384
108 172
108 407
108 487
108 464
108 317
108 441
108 335
109 111
109 113
109 121
109 123
109 279
109 418
109 331
109 482
109 165
109 389
109 473
109 350
109 374
109 252
109 265
109 167
109 384
110 112
110 114
110 115
110 116
110 118
110 119
110 120
110 121
110 123
110 459
110 190
110 334
110 288
110 139
110 420
110 245
110 147
110 155
110 277
111 113
111 114
111 115
111 116
111 119
111 122
111 126
111 137
111 246
111 131
111 244
111 336
111 377
111 379
111 364
111 475
111 204
111 399
111 402
111 306
112 114
112 117
112 119
112 123
112 126
112 388
112 429
112 156
112 222
112 241
112 371
112 444
112 439
112 448
112 261
112 155
112 225
112 210
112 269
112 118
112 162
112 374
112 212
113 116
113 117
113 121
113 122
113 124
113 125
113 126
113 127
113 128
113 246
113 267
113 453
113 452
113 423
113 180
113 475
113 174
114 119
114 124
114 125
114 126
114 127
114 320
114 493
114 460
114 194
114 393
114 359
114 401
114 454
114 480
114 331
114 389
114 231
114 197
115 118
115 119
115 120
115 122
115 123
115 124
115 126
115 127
115 128
115 367
115 297
115 203
115 262
115 269
115 343
115 197
115 290
115 382
115 363
115 439
115 245
115 306
115 471
115 372
115 156
116 117
116 120
116 121
116 123
116 124
116 125
116 128
116 129
116 131
116 395
116 198
116 424
116 196
116 267
116 349
116 467
116 356
116 438
117 119
117 121
117 122
117 123
117 128
117 141
117 325
117 449
117 230
117 488
117 443
117 459
117 319
117 173
117 490
117 198
117 163
117 445
117 409
117 241
118 119
118 120
118 121
118 122
118 125
118 126
118 129
118 130
118 391
118 292
118 399
118 183
118 139
118 447
118 230
118 457
118 335
119 124
119 126
119 127
119 128
119 130
119 131
119 133
119 220
119 231
119 330
119 208
119 322
119 312
119 213
119 155
119 286
119 304
119 433
120 121
120 122
120 124
120 127
120 129
120 133
120 134
120 135
120 361
120 454
120 243
120 294
120 218
120 148
120 366
120 164
120 203
120 334
120 278
120 320
120 393
120 410
120 312
120 413
120 252
121 124
121 125
121 128
121 129
121 132
121 133
121 134
121 135
121 136
121 217
121 143
121 298
121 382
121 238
121 362
121 289
121 305
121 348
121 426
121 489
121 229
121 145
121 207
121 216
122 125
122 126
122 128
122 130
122 133
122 137
122 210
122 343
122 438
122 475
122 437
122 281
122 318
122 469
122 405
122 301
122 213
123 126
123 130
123 131
123 132
123 133
123 134
123 136
123 180
123 347
123 240
123 226
123 425
123 396
123 472
124 126
124 128
124 129
124 130
124 131
124 132
124 135
124 138
124 313
124 142
124 195
124 467
124 150
124 481
124 271
124 354
124 159
124 302
124 298
124 325
124 316
125 126
125 127
125 131
125 134
125 135
125 175
125 335
125 405
125 346
125 238
125 181
125 430
125 383
125 153
125 395
125 457
125 195
125 252
125 160
126 128
126 131
126 132
126 133
126 135
126 137
126 138
126 140
126 141
126 413
126 483
126 459
126 223
126 158
126 419
126 341
126 443
126 192
126 299
127 128
127 130
127 131
127 132
127 133
127 134
127 137
127 139
127 141
127 142
127 324
127 412
127 417
127 298
127 247
127 275
127 452
127 376
127 286
127 216
127 237
128 130
128 132
128 133
128 138
128 139
128 140
128 141
128 142
128 212
128 425
128 294
128 270
128 179
128 169
128 285
128 370
128 217
128 264
128 387
129 130
129 132
129 133
129 135
129 137
129 139
129 140
129 142
129 143
129 144
129 394
129 169
129 309
129 206
129 388
129 478
129 393
129 195
129 164
129 227
129 154
129 404
130 131
130 133
130 135
130 136
130 137
130 138
130 140
130 141
130 142
130 143
130 145
130 302
130 416
130 269
130 230
130 363
130 327
130 467
130 471
130 372
130 254
130 499
130 424
130 212
131 133
131 134
131 135
131 137
131 138
131 140
131 142
131 143
131 144
131 145
131 146
131 491
131 489
131 412
131 328
131 246
131 466
131 389
131 340
131 197
131 269
131 362
131 306
132 133
132 134
132 140
132 142
132 145
132 146
132 424
132 458
132 236
132 291
132 431
132 425
132 476
132 200
132 497
132 377
133 134
133 136
133 137
133 139
133 140
133 142
133 144
133 145
133 146
133 147
133 396
133 380
133 291
133 415
133 425
133 336
133 414
133 393
133 162
133 423
133 365
133 367
133 385
134 136
134 138
134 140
134 141
134 142
134 143
134 147
134 149
134 251
134 259
134 177
134 386
134 334
134 208
134 275
134 464
134 269
134 377
134 470
134 476
135 137
135 138
135 140
135 142
135 143
135 144
135 146
135 379
135 419
135 469
135 283
135 356
135 279
135 171
135 364
135 434
135 423
135 395
135 329
136 137
136 138
136 140
136 141
136 143
136 144
136 145
136 146
136 150
136 251
136 269
136 423
136 450
136 391
136 446
136 231
136 453
136 351
137 138
137 142
137 144
137 146
137 147
137 150
137 151
137 348
137 139
137 440
137 389
137 474
137 187
137 207
137 234
137 394
137 188
137 323
138 139
138 141
138 144
138 148
138 149
138 150
138 153
138 496
138 416
138 489
138 375
138 242
138 321
138 224
138 479
138 158
138 390
138 177
138 291
139 142
139 143
139 144
139 148
139 154
139 161
139 388
139 321
139 168
139 237
139 231
139 276
139 397
140 142
140 145
140 146
140 149
140 150
140 155
140 247
140 398
140 474
140 341
140 414
140 442
140 278
140 217
140 492
141 142
141 145
141 146
141 149
141 150
141 151
141 152
141 153
141 155
141 270
141 404
141 210
141 303
141 171
141 230
141 368
141 204
141 226
141 326
142 143
142 144
142 146
142 147
142 148
142 151
142 152
142 156
142 319
142 391
142 328
142 362
142 380
142 164
142 180
142 467
142 475
142 338
142 302
142 344
143 144
143 145
143 146
143 148
143 150
143 154
143 155
143 157
143 158
143 215
143 319
143 382
143 275
143 359
143 239
143 235
143 436
143 433
143 172
143 220
143 257
144 147
144 148
144 149
144 150
144 155
144 156
144 157
144 158
144 312
144 410
144 430
144 351
144 395
144 287
144 261
144 326
144 470
144 281
144 459
144 290
144 354
145 147
145 151
145 152
145 153
145 154
145 156
145 159
145 468
145 195
145 244
145 491
145 321
145 367
145 403
145 333
145 256
145 292
145 499
145 332
145 426
145 155
145 478
145 416
145 347
145 439
146 148
146 151
146 152
146 153
146 157
146 158
146 159
146 161
146 492
146 304
146 332
146 166
146 223
146 348
146 283
146 282
146 343
146 265
146 412
146 258
146 379
147 148
147 150
147 151
147 152
147 153
147 155
147 156
147 161
147 163
147 222
147 371
147 317
147 401
147 462
147 154
147 411
147 292
147 340
147 463
148 149
148 150
148 152
148 155
148 156
148 157
148 158
148 159
148 160
148 162
148 211
148 220
148 345
148 455
148 267
149 153
149 155
149 156
149 158
149 159
149 160
149 164
149 339
149 373
149 310
149 207
149 278
149 479
149 249
149 486
149 177
150 155
150 156
150 157
150 159
150 161
150 162
150 165
150 499
150 444
150 441
150 383
150 270
150 368
150 456
151 162
151 163
151 164
151 165
151 450
151 453
151 354
151 396
151 364
151 373
151 336
151 314
151 455
151 168
151 246
151 274
151 295
151 215
152 153
152 156
152 159
152 160
152 163
152 164
152 165
152 167
152 454
152 350
152 205
152 384
152 255
152 186
152 338
152 442
152 490
152 270
152 409
152 415
152 209
152 417
152 181
152 222
152 269
152 274
153 157
153 158
153 160
153 161
153 162
153 164
153 371
153 235
153 171
153 272
153 327
153 419
153 445
154 157
154 158
154 162
154 163
154 164
154 165
154 242
154 435
154 199
154 178
154 191
154 316
154 351
154 211
154 432
154 481
155 156
155 159
155 160
155 163
155 164
155 167
155 168
155 169
155 170
155 199
155 188
155 286
155 346
155 359
155 322
156 157
156 159
156 162
156 166
156 167
156 170
156 171
156 391
156 269
156 323
156 376
156 213
156 311
156 468
156 385
156 360
156 266
156 452
156 297
157 158
157 163
157 166
157 168
157 169
157 172
157 374
157 232
157 365
157 405
157 225
157 358
157 298
157 357
157 183
157 162
157 471
158 159
158 160
158 163
158 165
158 170
158 205
158 300
158 303
158 291
158 409
158 245
158 216
158 405
159 161
159 162
159 163
159 164
159 166
159 167
159 168
159 171
159 173
159 396
159 341
159 321
159 324
159 277
159 467
159 363
159 204
159 497
159 278
160 161
160 162
160 163
160 166
160 167
160 168
160 170
160 171
160 173
160 445
160 421
160 429
160 360
160 307
160 218
161 162
161 164
161 168
161 170
161 171
161 173
161 174
161 176
161 374
161 288
161 388
161 319
161 492
161 440
161 336
161 266
162 163
162 165
162 167
162 169
162 171
162 174
162 175
162 206
162 236
162 320
162 218
162 479
162 185
162 232
162 440
162 307
162 379
163 165
163 166
163 168
163 170
163 171
163 175
163 176
163 268
163 444
163 372
163 488
163 231
163 413
163 454
163 487
163 249
163 388
163 457
163 446
163 214
163 374
164 166
164 167
164 168
164 170
164 172
164 173
164 174
164 175
164 330
164 199
164 454
164 295
164 453
164 268
164 310
164 223
164 382
164 246
164 482
164 437
164 239
165 167
165 170
165 173
165 175
165 176
165 177
165 178
165 179
165 473
165 474
165 312
165 346
165 277
165 252
165 256
165 333
165 475
165 356
165 421
165 392
165 344
165 357
166 167
166 170
166 171
166 175
166 179
166 180
166 181
166 459
166 223
166 398
166 472
166 330
166 354
166 434
166 304
166 215
167 173
167 175
167 176
167 177
167 179
167 180
167 328
167 325
167 247
167 270
167 262
167 345
167 202
167 168
167 357
167 411
167 489
167 293
168 170
168 171
168 172
168 173
168 174
168 175
168 179
168 180
168 182
168 183
168 461
168 380
168 498
168 470
168 450
168 184
168 310
169 173
169 175
169 177
169 179
169 180
169 181
169 183
169 184
169 342
169 172
169 375
169 218
169 316
169 292
169 200
169 417
169 174
169 371
169 182
170 171
170 172
170 173
170 174
170 178
170 179
170 180
170 181
170 182
170 184
170 185
170 383
170 470
170 339
170 426
170 473
170 286
170 279
170 485
170 324
170 478
171 172
171 173
171 174
171 176
171 178
171 179
171 180
171 181
171 182
171 185
171 186
171 284
171 313
171 229
171 248
171 452
171 447
172 173
172 174
172 176
172 177
172 178
172 186
172 187
172 385
172 204
172 402
172 419
172 301
172 256
172 434
172 436
173 175
173 178
173 180
173 181
173 182
173 184
173 188
173 482
173 239
173 474
173 222
173 487
173 387
173 311
173 414
173 467
173 420
173 434
173 199
173 416
173 344
174 175
174 177
174 180
174 181
174 182
174 183
174 184
174 187
174 188
174 189
174 249
174 479
174 227
174 221
174 216
174 456
174 276
174 484
174 390
175 176
175 178
175 179
175 180
175 181
175 185
175 187
175 189
175 353
175 287
175 346
175 494
175 215
175 437
176 181
176 184
176 186
176 187
176 188
176 189
176 191
176 400
176 333
176 227
176 303
176 436
176 259
176 347
176 277
176 433
176 282
176 358
176 495
177 183
177 184
177 186
177 187
177 189
177 190
177 191
177 345
177 274
177 278
177 255
177 326
177 235
177 494
177 196
177 228
177 452
177 217
177 254
177 412
177 290
178 181
178 183
178 184
178 185
178 189
178 191
178 192
178 193
178 225
178 440
178 351
178 310
178 459
179 180
179 183
179 186
179 187
179 190
179 193
179 194
179 314
179 382
179 235
179 310
179 476
179 461
179 276
179 468
179 411
179 280
179 422
179 269
180 188
180 190
180 203
180 335
180 469
180 483
180 338
180 395
180 317
180 493
180 488
180 455
180 236
180 377
180 368
180 478
181 182
181 183
181 184
181 185
181 188
181 189
181 191
181 192
181 195
181 341
181 338
181 406
181 487
181 489
181 217
181 308
181 345
181 260
182 185
182 188
182 189
182 190
182 192
182 194
182 195
182 273
182 347
182 447
182 493
182 395
182 403
183 184
183 189
183 190
183 191
183 193
183 196
183 198
183 199
183 344
183 424
183 365
183 433
183 499
183 389
183 213
183 366
183 306
184 186
184 187
184 189
184 192
184 193
184 194
184 195
184 196
184 197
184 198
184 222
184 483
184 390
184 447
184 461
184 331
184 339
184 381
184 268
184 425
184 394
184 364
185 188
185 190
185 191
185 193
185 196
185 197
185 199
185 200
185 367
185 337
185 421
185 398
185 450
185 431
185 277
186 191
186 192
186 196
186 198
186 199
186 356
186 265
186 299
186 214
186 425
186 417
186 423
186 427
186 343
186 372
186 298
186 354
186 264
187 188
187 189
187 191
187 192
187 193
187 196
187 199
187 200
187 201
187 371
187 249
187 367
187 394
187 422
187 234
187 213
187 397
187 391
187 423
188 192
188 193
188 195
188 198
188 199
188 200
188 202
188 203
188 358
188 415
188 242
188 432
188 482
188 439
188 190
188 263
188 487
189 190
189 191
189 194
189 195
189 197
189 199
189 203
189 204
189 221
189 335
189 436
189 315
189 254
189 322
189 293
189 325
189 343
189 306
189 321
189 440
190 191
190 194
190 196
190 200
190 201
190 202
190 407
190 295
190 486
190 281
190 387
190 337
190 353
190 427
190 459
190 439
190 218
190 256
190 289
190 430
191 192
191 194
191 198
191 200
191 201
191 203
191 204
191 206
191 334
191 361
191 341
191 212
191 226
191 422
191 471
191 241
192 193
192 194
192 196
192 197
192 198
192 199
192 358
192 434
192 483
192 322
192 383
192 315
192 430
192 385
192 245
192 429
192 314
193 194
193 196
193 200
193 203
193 206
193 373
193 256
193 260
193 455
193 332
193 376
193 442
193 425
193 294
193 388
193 276
193 358
193 334
193 379
193 251
193 404
194 195
194 196
194 200
194 201
194 206
194 207
194 266
194 434
194 456
194 463
194 367
194 203
194 326
194 444
194 322
194 438
194 404
195 196
195 198
195 201
195 205
195 206
195 207
195 208
195 209
195 490
195 499
195 224
195 344
195 346
195 481
195 443
196 197
196 200
196 202
196 205
196 207
196 208
196 209
196 210
196 390
196 355
196 242
196 476
196 374
196 232
196 281
196 354
196 305
196 422
197 198
197 201
197 202
197 205
197 206
197 211
197 212
197 479
197 481
197 278
197 420
197 265
197 315
197 230
198 199
198 201
198 202
198 203
198 206
198 209
198 210
198 211
198 213
198 299
198 491
198 410
198 484
198 297
198 360
198 323
199 200
199 202
199 204
199 205
199 210
199 214
199 274
199 326
199 391
199 381
199 303
199 465
199 209
200 201
200 202
200 203
200 205
200 209
200 210
200 211
200 215
200 326
200 388
200 414
201 202
201 203
201 208
201 209
201 212
201 213
201 216
201 320
201 412
201 360
201 498
201 307
201 249
201 219
201 422
201 295
201 389
202 203
202 207
202 210
202 212
202 214
202 217
202 494
202 333
202 289
202 492
202 296
202 298
202 286
202 300
202 462
202 315
202 396
203 205
203 207
203 209
203 214
203 215
203 216
203 217
203 218
203 368
203 336
203 429
203 240
203 485
203 363
203 295
203 258
203 494
203 431
203 477
204 205
204 206
204 207
204 208
204 209
204 211
204 214
204 216
204 218
204 219
204 351
204 376
204 396
204 252
204 293
204 304
204 237
204 318
204 289
205 206
205 208
205 209
205 210
205 211
205 215
205 219
205 460
205 419
205 279
205 454
205 267
205 488
205 284
205 230
205 476
205 429
205 432
206 208
206 212
206 215
206 216
206 217
206 220
206 234
206 499
206 365
206 458
206 484
206 313
206 331
206 397
206 239
206 357
206 376
207 209
207 211
207 212
207 214
207 215
207 217
207 218
207 219
207 496
207 471
207 310
207 316
207 420
207 400
207 345
207 327
208 209
208 211
208 214
208 220
208 221
208 222
208 494
208 416
208 393
208 499
208 487
208 448
208 407
208 417
209 211
209 213
209 214
209 216
209 217
209 219
209 222
209 223
209 224
209 439
209 282
209 241
209 235
209 244
209 453
210 212
210 213
210 216
210 219
210 220
210 222
210 223
210 224
210 459
210 491
210 423
210 231
210 309
210 353
210 240
210 342
210 388
210 245
210 215
211 212
211 216
211 217
211 218
211 221
211 223
211 265
211 344
211 279
211 284
211 288
211 235
211 253
211 266
212 214
212 218
212 219
212 221
212 222
212 223
212 225
212 226
212 430
212 294
212 267
212 309
212 232
212 278
212 314
212 354
212 301
212 422
212 234
213 218
213 220
213 222
213 228
213 485
213 488
213 269
213 331
213 342
213 330
213 219
213 324
213 277
213 474
213 335
213 460
214 215
214 218
214 219
214 220
214 221
214 222
214 224
214 225
214 228
214 432
214 287
214 415
214 307
214 230
214 342
214 403
214 347
214 263
215 217
215 222
215 223
215 224
215 225
215 228
215 243
215 395
215 424
215 361
215 455
215 351
215 421
215 407
215 429
215 445
215 483
215 364
215 409
215 331
216 217
216 218
216 219
216 222
216 225
216 227
216 228
216 231
216 289
216 353
216 361
216 251
216 263
216 496
216 349
216 362
216 247
217 218
217 220
217 221
217 224
217 227
217 230
217 463
217 237
217 286
217 459
217 258
217 375
217 430
217 240
217 255
218 226
218 227
218 229
218 230
218 232
218 233
218 275
218 462
218 330
218 414
218 466
218 487
218 247
218 474
218 267
219 220
219 221
219 223
219 225
219 227
219 228
219 229
219 230
219 231
219 232
219 233
219 234
219 283
219 274
219 309
219 297
220 224
220 228
220 230
220 232
220 234
220 498
220 439
220 387
220 291
220 288
220 389
220 409
220 474
220 479
220 343
220 350
221 223
221 225
221 226
221 229
221 230
221 234
221 284
221 499
221 467
221 382
221 397
221 311
221 447
221 336
221 337
221 302
222 226
222 228
222 231
222 233
222 234
222 235
222 236
222 237
222 475
222 498
222 298
222 243
222 329
222 465
222 300
222 335
222 378
222 353
222 382
222 250
222 275
223 224
223 226
223 230
223 231
223 233
223 236
223 237
223 396
223 462
223 264
223 317
223 426
223 452
223 284
224 225
224 226
224 228
224 229
224 230
224 231
224 235
224 237
224 238
224 240
224 371
224 432
224 410
224 485
224 258
224 345
224 464
225 229
225 230
225 231
225 232
225 234
225 236
225 237
225 238
225 239
225 240
225 496
225 360
225 437
225 343
225 312
225 369
225 401
225 270
225 397
225 453
225 487
225 351
225 410
226 227
226 228
226 229
226 232
226 233
226 234
226 236
226 238
226 272
226 346
226 407
226 448
226 438
226 385
226 330
226 251
226 277
227 229
227 231
227 233
227 235
227 403
227 315
227 425
227 270
227 470
227 398
227 447
227 257
227 267
228 229
228 230
228 231
228 233
228 238
228 239
228 240
228 243
228 442
228 269
228 310
228 268
228 382
228 447
229 230
229 231
229 232
229 233
229 235
229 237
229 238
229 241
229 342
229 324
229 432
229 450
229 288
229 496
230 238
230 239
230 243
230 245
230 370
230 290
230 392
230 428
230 391
230 421
230 446
230 425
230 407
230 247
231 232
231 239
231 242
231 245
231 319
231 465
231 264
231 257
231 352
231 347
231 456
231 390
231 462
231 438
231 424
232 234
232 235
232 240
232 243
232 246
232 247
232 485
232 251
232 280
232 370
232 487
232 488
232 402
232 275
233 234
233 235
233 236
233 238
233 243
233 244
233 245
233 246
233 247
233 262
233 301
233 335
233 420
233 381
233 332
233 469
233 414
234 235
234 236
234 240
234 242
234 246
234 481
234 480
234 347
234 285
234 309
234 404
234 394
234 341
234 352
234 283
234 298
234 410
234 491
235 236
235 237
235 238
235 240
235 242
235 243
235 247
235 250
235 381
235 351
235 321
235 450
235 356
235 394
235 459
235 380
235 360
236 237
236 238
236 240
236 241
236 242
236 243
236 245
236 251
236 330
236 477
236 417
236 256
236 487
236 266
237 240
237 241
237 242
237 243
237 245
237 247
237 447
237 351
237 391
237 442
237 491
237 264
237 480
237 352
237 463
237 302
238 240
238 241
238 242
238 246
238 250
238 251
238 253
238 452
238 360
238 352
238 389
238 409
238 326
238 279
238 451
239 240
239 249
239 253
239 254
239 361
239 376
239 327
239 306
239 484
239 286
239 273
239 424
239 455
240 244
240 250
240 251
240 252
240 253
240 272
240 267
240 381
240 499
240 353
241 242
241 243
241 244
241 245
241 247
241 248
241 249
241 250
241 252
241 255
241 256
241 275
241 355
241 270
242 243
242 244
242 247
242 248
242 251
242 252
242 253
242 254
242 255
242 277
242 350
242 442
242 273
242 329
242 395
242 476
242 363
242 478
242 361
242 426
242 293
243 247
243 248
243 255
243 258
243 482
243 475
243 401
243 341
243 431
243 464
243 442
244 245
244 246
244 248
244 251
244 252
244 253
244 257
244 258
244 320
244 289
244 394
244 416
244 277
244 292
244 306
245 249
245 251
245 252
245 257
245 259
245 355
245 474
245 433
245 295
245 313
245 454
245 496
245 472
245 258
245 341
246 247
246 250
246 252
246 253
246 254
246 258
246 259
246 260
246 298
246 262
246 248
246 396
246 289
246 271
247 249
247 251
247 253
247 255
247 257
247 259
247 262
247 324
247 343
247 433
247 413
247 470
247 498
248 249
248 251
248 252
248 253
248 254
248 256
248 259
248 260
248 261
248 262
248 263
248 383
248 380
248 478
248 369
248 312
248 320
249 251
249 256
249 258
249 260
249 263
249 428
249 408
249 302
249 432
249 496
249 280
249 314
249 336
249 385
250 254
250 256
250 258
250 259
250 260
250 261
250 263
250 264
250 265
250 484
250 305
250 276
250 301
250 475
250 314
251 252
251 254
251 256
251 258
251 259
251 260
251 263
251 264
251 450
251 323
251 373
251 405
251 289
251 376
252 253
252 255
252 260
252 261
252 264
252 266
252 337
252 433
252 484
252 370
252 334
252 412
252 325
252 300
252 285
252 491
253 254
253 255
253 256
253 257
253 258
253 259
253 260
253 263
253 264
253 265
253 266
253 267
253 268
253 385
253 284
253 421
253 283
253 451
253 425
253 384
253 475
254 255
254 258
254 260
254 267
254 269
254 440
254 360
254 388
254 470
254 325
254 466
254 472
254 404
254 484
254 431
255 256
255 259
255 263
255 265
255 266
255 270
255 472
255 334
255 329
255 374
255 371
255 275
255 391
256 258
256 262
256 263
256 264
256 267
256 270
256 381
256 342
256 488
256 380
256 421
256 288
256 410
257 259
257 260
257 261
257 265
257 266
257 267
257 268
257 271
257 295
257 423
257 430
257 401
257 375
257 381
258 259
258 261
258 263
258 265
258 266
258 267
258 269
258 270
258 271
258 273
258 354
258 378
258 450
258 275
258 452
258 300
258 431
259 260
259 261
259 262
259 263
259 266
259 267
259 270
259 272
259 273
259 274
259 472
259 407
259 498
259 445
259 392
259 497
259 474
260 261
260 267
260 269
260 271
260 272
260 273
260 274
260 275
260 382
260 496
260 306
260 402
260 264
260 370
260 329
260 338
260 447
260 311
260 283
260 351
260 371
261 262
261 265
261 266
261 270
261 271
261 273
261 274
261 276
261 283
261 371
261 498
261 360
261 448
261 380
261 407
261 455
262 263
262 264
262 267
262 269
262 270
262 271
262 274
262 276
262 277
262 342
262 374
262 428
262 325
262 494
262 335
262 412
262 403
263 264
263 268
263 269
263 272
263 273
263 275
263 276
263 277
263 396
263 436
263 413
263 409
263 353
263 338
263 350
264 266
264 267
264 268
264 274
264 275
264 276
264 277
264 279
264 331
264 367
264 394
264 428
264 427
264 382
264 481
265 267
265 270
265 271
265 272
265 273
265 274
265 275
265 279
265 343
265 488
265 478
265 381
265 356
265 384
266 267
266 268
266 270
266 271
266 274
266 275
266 276
266 277
266 278
266 279
266 280
266 357
266 412
266 349
266 409
266 299
266 310
267 269
267 270
267 271
267 274
267 276
267 280
267 281
267 319
267 449
267 337
267 304
267 488
268 271
268 273
268 275
268 279
268 280
268 281
268 282
268 436
268 493
268 325
268 485
268 377
268 470
269 270
269 276
269 277
269 278
269 281
269 442
269 288
269 355
269 423
270 271
270 272
270 275
270 277
270 279
270 280
270 281
270 282
270 313
270 353
270 435
270 411
270 374
271 272
271 273
271 274
271 275
271 276
271 277
271 278
271 279
271 281
271 283
271 284
271 286
271 372
271 476
271 398
271 345
271 319
271 420
272 273
272 278
272 281
272 282
272 286
272 359
272 412
272 420
272 426
272 437
272 471
272 392
273 274
273 276
273 278
273 280
273 283
273 285
273 286
273 287
273 288
273 306
273 295
273 478
273 444
273 425
273 294
274 277
274 279
274 282
274 283
274 284
274 287
274 306
274 363
274 473
274 310
274 297
274 299
274 444
274 435
274 328
274 339
275 276
275 277
275 278
275 281
275 283
275 284
275 288
275 324
275 386
275 367
276 277
276 279
276 280
276 281
276 283
276 287
276 291
276 498
276 466
276 454
276 389
276 427
277 280
277 281
277 282
277 283
277 284
277 285
277 307
277 389
277 391
277 407
277 328
277 366
277 341
277 396
277 310
278 285
278 287
278 290
278 291
278 292
278 293
278 486
278 447
278 413
278 431
278 452
278 377
278 454
279 282
279 283
279 287
279 288
279 289
279 290
279 292
279 293
279 294
279 405
279 491
279 449
279 308
279 307
279 301
279 284
279 439
279 348
279 340
280 284
280 287
280 288
280 292
280 293
280 428
280 492
280 363
280 410
280 299
280 333
280 298
280 339
281 282
281 286
281 287
281 291
281 292
281 293
281 295
281 402
281 386
281 329
281 472
281 407
281 374
282 283
282 284
282 291
282 292
282 294
282 295
282 394
282 438
282 446
282 386
282 396
282 461
282 475
282 380
282 388
283 284
283 285
283 286
283 287
283 290
283 292
283 295
283 298
283 347
283 301
283 391
283 431
283 447
284 285
284 290
284 293
284 294
284 295
284 296
284 297
284 299
284 413
284 316
284 494
284 491
284 417
284 459
284 418
285 286
285 287
285 291
285 294
285 295
285 297
285 299
285 388
285 416
285 364
285 321
285 301
285 339
286 287
286 288
286 289
286 291
286 292
286 293
286 295
286 297
286 300
286 301
286 334
286 437
286 350
286 310
286 495
286 438
286 494
287 289
287 290
287 291
287 295
287 296
287 297
287 298
287 300
287 301
287 359
287 375
287 399
287 354
287 459
287 386
287 316
287 423
288 289
288 290
288 292
288 294
288 300
288 333
288 313
288 316
288 360
288 440
288 447
288 458
289 290
289 293
289 294
289 295
289 299
289 302
289 303
289 370
289 314
289 371
289 493
289 386
289 387
290 291
290 292
290 294
290 295
290 296
290 299
290 300
290 303
290 430
290 394
290 490
290 437
290 480
290 474
290 444
291 292
291 294
291 296
291 300
291 302
291 303
291 305
291 306
291 349
291 365
291 309
291 498
291 480
291 458
291 410
292 293
292 294
292 295
292 297
292 300
292 301
292 305
292 307
292 349
292 403
292 327
292 434
292 296
292 499
293 294
293 296
293 297
293 298
293 299
293 302
293 307
293 308
293 476
293 313
293 451
293 481
293 353
293 323
293 401
293 319
293 408
294 295
294 300
294 303
294 304
294 308
294 323
294 350
294 468
294 320
294 369
294 456
294 346
294 498
294 435
294 459
294 480
294 317
294 325
295 298
295 299
295 303
295 305
295 309
295 469
295 347
296 298
296 299
296 300
296 302
296 306
296 308
296 310
296 311
296 437
296 409
296 453
296 341
296 495
296 364
296 375
296 374
297 299
297 301
297 303
297 304
297 309
297 311
297 312
297 425
297 466
297 372
297 413
297 400
297 371
297 355
298 305
298 307
298 309
298 310
298 379
298 331
298 460
298 474
298 376
299 300
299 302
299 303
299 305
299 306
299 308
299 309
299 313
299 473
299 372
299 418
299 487
299 365
299 366
299 361
299 375
300 301
300 302
300 305
300 311
300 314
300 497
300 418
300 352
300 491
300 407
300 480
301 302
301 303
301 304
301 306
301 307
301 309
301 310
301 313
301 316
301 355
301 372
301 445
301 493
301 433
302 304
302 306
302 307
302 308
302 310
302 311
302 312
302 313
302 314
302 315
302 316
302 317
302 377
302 397
302 438
302 415
302 492
303 305
303 311
303 313
303 314
303 315
303 317
303 318
303 480
303 389
303 400
303 461
303 464
303 352
304 306
304 308
304 309
304 310
304 311
304 314
304 317
304 318
304 321
304 368
304 418
304 340
304 420
305 306
305 314
305 315
305 316
305 319
305 371
305 476
305 473
305 333
305 463
305 364
305 440
305 402
305 384
305 468
305 490
306 307
306 308
306 310
306 311
306 314
306 315
306 316
306 317
306 370
306 325
307 308
307 309
307 310
307 313
307 314
307 316
307 325
307 349
307 473
307 323
307 453
307 461
307 436
307 468
308 309
308 313
308 314
308 315
308 316
308 317
308 318
308 319
308 322
308 323
308 431
308 349
308 324
309 313
309 316
309 317
309 318
309 319
309 323
309 324
309 391
309 426
309 382
309 356
309 378
309 440
309 410
309 491
309 333
309 326
310 311
310 312
310 313
310 314
310 316
310 317
310 319
310 321
310 322
310 323
310 471
310 488
310 339
310 427
311 312
311 313
311 315
311 317
311 321
311 322
311 324
311 325
311 492
311 439
311 455
311 490
311 400
311 369
311 445
312 316
312 317
312 319
312 322
312 323
312 327
312 476
312 357
313 315
313 318
313 319
313 320
313 321
313 325
313 326
313 328
313 453
313 340
314 315
314 316
314 317
314 320
314 321
314 322
314 323
314 327
314 328
314 493
314 340
314 333
314 410
314 472
315 318
315 319
315 320
315 321
315 326
315 330
315 460
315 349
315 343
315 402
315 438
315 454
315 323
315 398
316 317
316 320
316 322
316 330
316 380
316 347
316 332
316 390
316 318
316 431
316 365
316 342
316 339
316 465
316 433
316 361
316 424
316 480
317 318
317 319
317 321
317 322
317 498
317 414
317 398
317 375
317 389
317 453
317 467
317 461
318 319
318 320
318 322
318 325
318 326
318 328
318 329
318 330
318 372
318 444
318 381
318 462
319 327
319 330
319 333
319 403
319 420
319 353
319 461
319 421
319 493
320 323
320 325
320 327
320 329
320 384
320 405
320 339
320 370
320 438
320 362
320 410
320 394
321 322
321 325
321 327
321 328
321 332
321 335
321 363
321 400
321 441
321 476
321 343
321 347
321 329
321 443
321 366
322 323
322 325
322 326
322 327
322 328
322 331
322 333
322 335
322 336
322 384
322 410
322 366
322 419
322 434
323 324
323 325
323 326
323 327
323 335
323 337
323 338
323 424
323 481
323 491
324 327
324 328
324 329
324 334
324 337
324 339
324 405
324 424
324 368
325 327
325 329
325 330
325 331
325 335
325 336
325 337
325 340
325 415
325 372
325 375
325 394
325 360
325 392
326 328
326 330
326 331
326 332
326 335
326 336
326 339
326 340
326 341
326 482
326 474
326 494
326 462
327 329
327 332
327 334
327 336
327 339
327 490
327 475
327 347
327 435
327 441
328 331
328 333
328 335
328 336
328 337
328 339
328 342
328 374
328 490
328 435
328 440
328 453
328 460
329 330
329 332
329 337
329 338
329 340
329 341
329 342
329 344
329 494
329 416
329 385
330 333
330 335
330 338
330 339
330 340
330 341
330 344
330 393
330 369
330 416
330 379
330 411
330 412
330 385
330 365
330 403
331 332
331 335
331 336
331 339
331 340
331 341
331 343
331 344
331 345
331 346
331 356
331 461
331 349
331 398
332 333
332 334
332 336
332 337
332 342
332 345
332 366
332 415
332 446
332 476
332 391
332 428
332 359
332 487
332 409
332 390
333 334
333 335
333 339
333 340
333 342
333 344
333 346
333 348
333 365
333 467
333 382
333 474
333 482
333 371
333 469
333 385
334 337
334 339
334 342
334 344
334 347
334 348
334 409
334 494
334 456
334 371
335 336
335 339
335 341
335 342
335 345
335 350
335 456
336 338
336 339
336 341
336 344
336 345
336 346
336 347
336 348
336 350
336 495
336 393
336 413
337 339
337 341
337 342
337 343
337 347
337 348
337 351
337 363
337 415
338 339
338 341
338 343
338 345
338 349
338 350
338 351
338 352
338 353
338 425
338 386
338 488
339 341
339 346
339 348
339 349
339 350
339 352
339 494
339 423
339 427
339 378
340 341
340 342
340 343
340 344
340 345
340 346
340 347
340 349
340 354
340 378
340 432
340 426
340 449
340 374
341 345
341 347
341 351
341 353
341 354
341 355
341 418
341 438
341 452
342 344
342 347
342 351
342 353
342 354
342 357
342 368
342 489
342 492
342 482
342 399
343 344
343 345
343 346
343 349
343 351
343 354
343 355
343 357
343 358
343 366
344 345
344 347
344 348
344 349
344 350
344 351
344 356
344 359
344 436
344 466
344 366
345 347
345 348
345 351
345 353
345 354
345 355
345 357
345 470
345 487
346 347
346 349
346 355
346 359
346 360
346 411
346 487
346 350
346 445
346 457
347 351
347 352
347 356
347 358
347 359
347 387
347 471
347 419
348 350
348 351
348 354
348 355
348 357
348 358
348 359
348 360
348 362
348 363
348 428
348 477
349 354
349 356
349 357
349 358
349 359
349 362
349 364
349 491
349 478
349 381
350 351
350 353
350 362
350 363
350 383
350 492
350 380
350 462
350 429
350 473
350 491
350 432
351 356
351 358
351 360
351 362
351 363
351 364
351 421
351 371
351 468
351 493
351 461
351 478
352 353
352 354
352 355
352 356
352 360
352 361
352 362
352 364
352 368
352 453
352 396
353 355
353 356
353 357
353 360
353 361
353 365
353 366
353 367
353 368
353 445
353 439
353 416
354 355
354 356
354 357
354 358
354 359
354 361
354 364
354 363
354 396
355 356
355 359
355 360
355 361
355 365
355 367
355 368
355 370
355 458
356 359
356 360
356 366
356 369
356 370
356 475
356 418
356 463
356 434
356 382
357 361
357 362
357 364
357 365
357 366
357 369
357 370
357 371
357 372
357 453
357 421
357 378
357 427
357 373
358 359
358 360
358 361
358 362
358 363
358 364
358 366
358 367
358 368
358 370
358 371
358 373
358 421
358 382
358 385
359 362
359 368
359 372
359 374
359 479
359 456
359 435
360 365
360 366
360 368
360 369
360 458
360 482
360 479
360 409
360 487
361 364
361 365
361 367
361 368
361 370
361 371
361 375
361 376
361 432
361 387
361 497
361 378
361 491
362 363
362 365
362 367
362 370
362 371
362 373
362 374
362 376
362 458
362 428
362 436
363 370
363 373
363 374
363 375
363 376
363 379
363 458
363 421
363 479
364 365
364 367
364 369
364 372
364 373
364 376
364 378
364 439
364 447
364 397
364 441
364 427
364 422
364 390
365 368
365 371
365 373
365 375
365 377
365 380
365 468
365 432
365 415
366 367
366 368
366 370
366 372
366 373
366 374
366 376
366 379
366 381
366 451
366 464
366 402
367 369
367 370
367 371
367 373
367 375
367 376
367 377
367 379
367 380
367 382
367 436
367 451
367 448
367 389
368 369
368 370
368 372
368 374
368 375
368 376
368 378
368 379
368 381
368 382
368 383
368 495
368 427
368 465
369 371
369 373
369 374
369 376
369 379
369 381
369 420
369 489
369 472
369 464
369 473
369 431
370 373
370 374
370 375
370 376
370 377
370 378
370 379
370 380
370 381
370 382
370 383
370 385
370 433
370 398
370 408
370 421
370 439
370 428
370 434
371 375
371 377
371 378
371 381
371 382
371 386
371 414
371 461
372 375
372 384
372 385
372 387
372 418
372 480
372 474
372 426
373 377
373 378
373 381
373 384
373 385
373 447
373 393
373 474
373 399
374 376
374 377
374 378
374 379
374 381
374 383
374 387
374 389
374 403
374 425
374 395
374 472
375 380
375 381
375 382
375 383
375 384
375 386
375 388
375 389
375 420
375 495
375 430
375 448
375 468
376 377
376 379
376 380
376 381
376 382
376 384
376 385
376 388
376 390
376 391
377 378
377 379
377 380
377 382
377 383
377 386
377 387
377 390
377 391
377 392
377 406
377 471
378 381
378 383
378 389
378 390
378 391
378 428
378 494
378 416
379 380
379 381
379 382
379 383
379 387
379 388
379 389
379 390
379 392
379 394
379 468
380 383
380 385
380 386
380 389
380 390
380 392
380 394
380 395
380 489
380 445
380 456
381 383
381 384
381 388
381 391
381 392
381 393
381 395
381 396
382 388
382 389
382 391
382 392
382 395
382 396
382 422
382 401
382 461
383 387
383 388
383 389
383 391
383 393
383 394
383 395
383 396
383 397
383 398
383 431
383 413
384 385
384 387
384 389
384 390
384 391
384 396
384 397
384 402
384 457
384 493
384 421
384 447
385 387
385 389
385 390
385 392
385 394
385 395
385 396
385 397
386 388
386 392
386 393
386 398
386 399
386 401
386 497
386 445
386 423
386 394
387 388
387 393
387 394
387 395
387 396
387 399
387 400
387 401
387 424
387 405
387 398
388 394
388 397
388 399
388 400
388 401
388 402
388 403
388 497
388 479
388 467
388 409
389 396
389 401
389 437
389 451
389 416
390 391
390 393
390 396
390 397
390 401
390 405
390 490
390 420
390 443
391 393
391 396
391 400
391 401
391 402
391 406
391 411
391 438
391 482
391 395
392 393
392 394
392 396
392 398
392 400
392 401
392 402
392 407
392 436
392 496
393 394
393 397
393 400
393 402
393 404
393 406
393 407
393 408
393 450
394 397
394 398
394 401
394 403
394 404
394 405
394 407
394 453
394 395
395 398
395 400
395 402
395 405
395 407
395 409
395 448
395 442
395 463
396 397
396 399
396 400
396 401
396 403
396 404
396 407
396 411
397 398
397 399
397 400
397 402
397 406
397 408
397 411
397 476
397 434
397 477
398 399
398 405
398 406
398 407
398 409
398 411
398 412
398 419
398 492
398 443
399 402
399 405
399 406
399 407
399 408
399 409
399 411
399 412
399 413
399 414
399 494
399 487
399 465
399 431
400 403
400 404
400 405
400 409
400 412
400 413
400 414
400 415
400 478
400 473
400 429
401 406
401 407
401 409
401 412
401 413
401 415
401 429
401 420
401 495
401 456
402 403
402 404
402 407
402 410
402 412
402 457
402 441
402 486
402 446
403 405
403 409
403 411
403 412
403 413
403 414
403 416
403 417
403 451
404 407
404 411
404 412
404 413
404 414
404 416
404 486
404 442
404 473
405 408
405 409
405 414
405 415
405 417
405 418
405 419
405 434
405 486
405 480
406 407
406 408
406 409
406 411
406 412
406 413
406 414
406 415
406 419
406 421
406 462
406 472
407 408
407 409
407 410
407 413
407 414
407 417
407 421
407 422
408 412
408 413
408 414
408 417
408 418
408 453
408 488
408 491
408 435
408 467
409 410
409 411
409 413
409 422
409 424
409 453
409 430
409 463
409 484
410 411
410 413
410 414
410 415
410 416
410 417
410 418
410 419
410 421
410 465
410 489
411 413
411 414
411 417
411 418
411 420
411 422
411 423
411 424
411 426
411 441
411 496
412 413
412 414
412 415
412 418
412 419
412 422
412 423
412 425
412 427
412 465
412 461
413 414
413 416
413 417
413 421
413 423
413 424
413 425
413 426
413 428
413 485
413 459
413 469
414 415
414 421
414 422
414 424
414 427
414 428
414 429
415 416
415 419
415 422
415 423
415 424
415 426
415 428
415 429
415 478
416 419
416 420
416 424
416 426
416 428
416 429
416 431
416 446
416 444
417 418
417 419
417 422
417 423
417 424
417 426
417 427
417 429
417 430
417 431
417 485
417 490
418 419
418 420
418 423
418 424
418 427
418 428
418 430
418 431
418 432
418 433
418 458
418 495
418 475
419 421
419 423
419 426
419 427
419 428
419 430
419 431
419 433
419 434
419 446
419 472
419 442
419 458
420 422
420 423
420 424
420 432
420 433
420 477
420 460
420 439
420 488
421 422
421 423
421 425
421 430
421 436
421 482
421 449
421 427
421 474
422 424
422 425
422 427
422 429
422 431
422 432
422 436
422 446
422 461
422 483
423 424
423 425
423 426
423 428
423 430
423 431
423 432
423 433
423 435
423 436
423 438
423 453
424 427
424 428
424 430
424 431
424 433
424 434
424 437
424 438
424 439
425 434
425 435
425 439
425 440
425 477
425 426
426 427
426 428
426 430
426 431
426 433
426 435
426 436
426 438
426 440
426 497
427 428
427 429
427 432
427 434
427 436
427 442
427 448
427 498
428 433
428 434
428 435
428 437
428 438
428 440
428 442
428 459
429 432
429 433
429 434
429 435
429 436
429 437
429 438
429 441
429 443
429 444
430 432
430 435
430 436
430 437
430 438
430 440
430 441
430 442
431 433
431 435
431 436
431 437
431 438
431 439
431 440
431 443
431 444
431 450
431 492
431 464
431 487
432 434
432 436
432 437
432 438
432 442
432 444
432 480
432 472
432 488
433 435
433 438
433 440
433 444
433 447
433 468
433 493
433 461
434 435
434 436
434 439
434 441
434 444
434 445
434 477
434 468
435 437
435 439
435 440
435 441
435 443
435 446
435 448
435 458
435 489
436 439
436 440
436 441
436 442
436 443
436 445
436 446
436 448
436 450
436 451
437 440
437 445
437 446
437 447
437 450
437 452
438 439
438 442
438 447
438 449
438 450
438 452
439 445
439 446
439 448
439 450
439 451
439 453
439 460
439 496
439 455
440 442
440 443
440 444
440 447
440 450
440 452
440 454
440 455
440 485
440 456
440 488
440 441
440 469
441 443
441 444
441 445
441 446
441 447
441 448
441 450
441 452
441 453
441 454
441 455
442 443
442 444
442 448
442 453
442 454
442 455
442 456
442 457
442 463
443 444
443 446
443 447
443 450
443 452
443 453
443 455
443 458
443 479
444 449
444 450
444 451
444 452
444 453
444 454
444 458
444 459
444 496
444 448
445 446
445 447
445 448
445 449
445 450
445 452
445 453
445 454
445 457
446 448
446 449
446 451
446 455
446 458
446 460
446 461
447 448
447 453
447 454
447 458
447 459
447 462
447 485
448 451
448 453
448 454
448 455
448 456
448 459
448 460
448 461
449 450
449 451
449 452
449 454
449 456
449 457
449 458
449 459
449 460
449 462
449 463
449 464
449 473
450 452
450 453
450 454
450 458
450 459
450 460
450 461
450 464
450 465
450 494
451 452
451 453
451 457
451 458
451 461
451 465
452 454
452 455
452 456
452 460
452 461
452 463
452 466
452 467
452 495
452 459
453 454
453 461
453 463
453 464
454 456
454 457
454 458
454 459
454 465
454 466
454 468
454 462
455 456
455 457
455 459
455 460
455 462
455 463
455 464
455 465
455 466
455 467
455 470
455 492
456 457
456 458
456 459
456 462
456 464
456 466
456 468
456 471
456 499
457 459
457 460
457 461
457 462
457 463
457 465
457 466
457 467
457 472
457 484
458 462
458 464
458 465
458 466
458 469
459 460
459 462
459 463
459 464
459 466
459 467
459 472
459 474
459 480
459 492
460 462
460 464
460 467
460 468
460 470
460 471
460 474
460 493
461 462
461 463
461 470
461 471
461 474
461 475
461 489
461 467
462 466
462 473
462 476
462 481
463 465
463 466
463 467
463 471
463 472
463 473
463 474
463 475
463 476
464 465
464 467
464 470
464 471
464 472
464 473
464 475
464 476
464 478
464 493
465 468
465 469
465 470
465 472
465 473
465 474
465 475
465 477
465 478
465 479
466 467
466 468
466 470
466 471
466 472
466 473
466 476
466 478
466 479
466 480
466 481
467 469
467 475
467 476
467 479
467 482
467 473
467 484
468 472
468 474
468 476
468 478
468 481
469 470
469 471
469 473
469 474
469 475
469 478
469 480
469 484
469 494
470 471
470 473
470 474
470 475
470 479
470 482
470 483
470 484
470 493
470 481
471 473
471 477
471 479
471 481
471 482
471 483
471 484
471 486
472 473
472 474
472 479
472 480
472 485
472 486
472 487
472 496
473 475
473 476
473 479
473 480
473 484
473 485
473 486
473 487
473 488
473 492
473 494
474 476
474 478
474 479
474 482
474 488
474 489
475 477
475 478
475 484
475 485
475 488
475 489
476 478
476 480
476 484
476 485
476 487
476 491
476 492
477 479
477 483
477 484
477 485
477 487
477 488
477 490
477 491
477 496
478 479
478 481
478 482
478 483
478 484
478 485
478 486
478 490
478 493
478 499
479 481
479 482
479 484
479 485
479 489
479 490
479 491
479 492
479 493
479 494
480 481
480 482
480 485
480 486
480 487
480 488
480 490
480 493
481 482
481 483
481 484
481 485
481 486
481 487
481 488
481 490
481 493
482 483
482 486
482 488
482 490
482 492
482 494
482 496
483 484
483 487
483 490
483 491
483 492
483 493
483 494
483 495
483 496
483 497
483 498
484 485
484 486
484 488
484 490
484 491
484 492
484 497
484 498
484 499
485 487
485 488
485 489
485 494
485 495
485 496
485 497
485 499
486 489
486 491
486 492
486 493
486 494
486 495
486 496
486 498
486 499
486 497
487 490
487 493
487 497
488 489
488 492
488 496
488 497
489 491
489 492
489 495
489 496
489 497
489 498
490 493
490 494
490 495
490 499
491 496
491 499
492 495
492 496
492 497
493 497
495 497
495 498