0 0
1 1
2 0
3 0
4 0
5 1
6 1
7 1
8 0
9 0
10 1
11 0
12 0
13 1
14 0
15 1
16 1
17 1
18 1
19 1
20 0
21 1
22 0
23 1
24 1
25 0
26 1
27 0
28 1
29 1
30 0
31 0
32 0
33 1
34 0
35 0
36 0
37 1
38 0
39 1
40 1
41 0
42 1
43 0
44 0
45 0
46 0
47 0
48 0
49 0
50 1
51 0
52 0
53 1
54 1
55 0
56 1
57 1
58 1
59 1
60 1
61 1
62 0
63 0
64 1
65 1
66 1
67 1
68 1
69 0
70 0
71 1
72 1
73 1
74 0
75 0
76 1
77 1
78 0
79 1
80 0
81 0
82 0
83 1
84 1
85 1
86 0
87 0
88 1
89 1
90 0
91 1
92 0
93 1
94 1
95 0
96 0
97 1
98 1
99 1
100 1
101 1
102 0
103 1
104 0
105 0
106 1
107 1
108 0
109 0
110 0
111 0
112 0
113 1
114 1
115 0
116 1
117 1
118 0
119 0
120 0
121 1
122 0
123 1
124 1
125 0
126 0
127 0
128 0
129 1
130 1
131 0
132 0
133 0
134 0
135 1
136 1
137 0
138 1
139 1
140 1
141 1
142 1
143 1
144 0
145 0
146 0
147 0
148 0
149 0
150 0
151 1
152 0
153 0
154 0
155 1
156 0
157 0
158 1
159 0
160 1
161 0
162 1
163 0
164 0
165 1
166 1
167 0
168 0
169 0
170 0
171 1
172 1
173 1
174 0
175 0
176 0
177 1
178 0
179 1
180 0
181 1
182 1
183 0
184 0
185 0
186 1
187 0
188 1
189 0
190 1
191 0
192 0
193 1
194 1
195 0
196 1
197 0
198 0
199 0
200 0
201 0
202 1
203 1
204 0
205 0
206 0
207 1
208 1
209 0
210 0
211 1
212 0
213 0
214 1
215 1
216 1
217 0
218 1
219 1
220 0
221 0
222 1
223 1
224 1
225 1
226 1
227 0
228 1
229 0
230 0
231 0
232 1
233 1
234 0
235 0
236 0
237 0
238 1
239 0
240 0
241 0
242 0
243 1
244 0
245 0
246 0
247 0
248 1
249 0
250 0
251 0
252 1
253 1
254 1
255 1
256 0
257 0
258 0
259 1
260 1
261 1
262 0
263 1
264 0
265 0
266 0
267 0
268 1
269 0
270 0
271 1
272 1
273 1
274 0
275 1
276 1
277 1
278 1
279 0
280 1
281 0
282 1
283 0
284 1
285 1
286 1
287 1
288 0
289 1
290 1
291 1
292 0
293 0
294 0
295 1
296 1
297 0
298 1
299 0
300 1
301 0
302 1
303 1
304 1
305 0
306 0
307 1
308 0
309 1
310 1
311 1
312 0
313 1
314 1
315 0
316 0
317 1
318 1
319 1
320 0
321 0
322 1
323 1
324 1
325 1
326 0
327 1
328 0
329 1
330 0
331 1
332 0
333 0
334 0
335 1
336 1
337 1
338 1
339 1
340 1
341 0
342 1
343 1
344 1
345 0
346 0
347 0
348 0
349 1
350 1
351 0
352 1
353 0
354 1
355 1
356 1
357 0
358 0
359 1
360 0
361 1
362 1
363 0
364 1
365 0
366 1
367 1
368 0
369 0
370 1
371 0
372 1
373 1
374 0
375 0
376 0
377 0
378 1
379 1
380 1
381 1
382 0
383 0
384 1
385 0
386 0
387 0
388 0
389 1
390 0
391 1
392 1
393 1
394 1
395 0
396 1
397 0
398 1
399 0
400 0
401 1
402 0
403 1
404 1
405 1
406 1
407 1
408 1
409 1
410 1
411 1
412 1
413 1
414 1
415 0
416 1
417 1
418 0
419 0
420 1
421 0
422 0
423 1
424 0
425 1
426 1
427 0
428 1
429 1
430 1
431 1
432 0
433 1
434 1
435 1
436 1
437 0
438 0
439 1
440 0
441 1
442 1
443 1
444 0
445 0
446 0
447 1
448 0
449 1
450 0
451 0
452 1
453 1
454 0
455 1
456 0
457 1
458 1
459 0
460 0
461 0
462 0
463 1
464 1
465 0
466 1
467 1
468 0
469 0
470 0
471 1
472 0
473 0
474 1
475 0
476 1
477 0
478 1
479 0
480 1
481 1
482 1
483 1
484 0
485 0
486 1
487 0
488 0
489 0
490 1
491 1
492 1
493 1
494 0
495 1
496 1
497 1
498 1
499 1
500 1
501 1
502 0
503 0
504 1
505 1
506 1
507 1
508 0
509 0
510 1
511 0
512 0
513 0
514 0
515 0
516 1
517 0
518 0
519 0
520 1
521 0
522 0
523 1
524 1
525 1
526 1
527 1
528 1
529 1
530 1
531 1
532 0
533 1
534 1
535 1
536 0
537 0
538 0
539 1
540 1
541 0
542 0
543 1
544 0
545 1
546 1
547 1
548 1
549 1
550 0
551 0
552 0
553 0
554 1
555 1
556 1
557 0
558 0
559 1
560 1
561 0
562 0
563 0
564 1
565 0
566 1
567 0
568 1
569 0
570 1
571 1
572 1
573 1
574 1
575 0
576 1
577 1
578 0
579 0
580 0
581 1
582 0
583 0
584 1
585 0
586 0
587 0
588 0
589 1
590 1
591 1
592 1
593 1
594 0
595 1
596 1
597 0
598 0
599 1
600 0
601 1
602 1
603 1
604 0
605 0
606 1
607 1
608 0
609 0
610 1
611 0
612 1
613 1
614 1
615 1
616 1
617 0
618 0
619 1
620 0
621 1
622 0
623 0
624 0
625 1
626 1
627 1
628 1
629 0
630 0
631 1
632 0
633 1
634 0
635 1
636 0
637 0
638 0
639 0
640 0
641 1
642 0
643 1
644 1
645 0
646 0
647 1
648 1
649 1
650 0
651 0
652 1
653 0
654 0
655 0
656 1
657 1
658 0
659 0
660 1
661 0
662 0
663 0
664 1
665 1
666 1
667 1
668 0
669 0
670 0
671 1
672 1
673 0
674 0
675 1
676 1
677 1
678 0
679 1
680 0
681 1
682 0
683 0
684 0
685 0
686 1
687 0
688 1
689 0
690 0
691 0
692 0
693 1
694 0
695 1
696 1
697 1
698 1
699 0
700 0
701 0
702 0
703 0
704 0
705 1
706 0
707 0
708 0
709 0
710 0
711 1
712 0
713 0
714 1
715 1
716 0
717 1
718 1
719 0
720 0
721 1
722 0
723 0
724 0
725 1
726 0
727 0
728 1
729 1
730 1
731 1
732 1
733 1
734 0
735 1
736 0
737 0
738 1
739 0
740 0
741 1
742 0
743 1
744 0
745 0
746 0
747 0
748 1
749 1
750 1
751 0
752 0
753 0
754 0
755 0
756 0
757 0
758 1
759 0
760 0
761 1
762 0
763 1
764 1
765 1
766 0
767 0
768 0
769 0
770 0
771 0
772 0
773 1
774 0
775 1
776 1
777 1
778 0
779 1
780 0
781 1
782 0
783 0
784 0
785 1
786 0
787 0
788 1
789 1
790 1
791 0
792 0
793 0
794 0
795 1
796 1
797 1
798 1
799 1
800 1
801 1
802 1
803 1
804 1
805 1
806 0
807 0
808 1
809 0
810 0
811 0
812 0
813 0
814 0
815 0
816 1
817 0
818 1
819 0
820 1
821 1
822 0
823 0
824 1
825 0
826 0
827 0
828 0
829 1
830 0
831 1
832 1
833 1
834 0
835 1
836 0
837 0
838 1
839 1
840 0
841 0
842 0
843 1
844 0
845 0
846 0
847 0
848 1
849 1
850 1
851 1
852 0
853 1
854 0
855 0
856 0
857 1
858 1
859 0
860 0
861 1
862 1
863 0
864 1
865 1
866 1
867 0
868 0
869 1
870 1
871 0
872 1
873 1
874 0
875 1
876 0
877 0
878 1
879 0
880 1
881 1
882 1
883 0
884 0
885 1
886 1
887 0
888 0
889 1
890 0
891 1
892 1
893 1
894 0
895 0
896 1
897 1
898 0
899 0
900 0
901 1
902 1
903 1
904 1
905 1
906 0
907 0
908 0
909 0
910 0
911 1
912 1
913 1
914 0
915 0
916 1
917 1
918 0
919 0
920 1
921 0
922 0
923 1
924 0
925 0
926 1
927 1
928 1
929 1
930 0
931 0
932 1
933 0
934 1
935 1
936 0
937 1
938 0
939 1
940 0
941 0
942 1
943 0
944 0
945 1
946 0
947 0
948 1
949 0
950 1
951 1
952 1
953 1
954 0
955 1
956 1
957 1
958 0
959 1
960 1
961 0
962 1
963 1
964 1
965 0
966 1
967 1
968 0
969 1
970 0
971 1
972 0
973 1
974 1
975 1
976 1
977 0
978 1
979 1
980 1
981 1
982 1
983 1
984 1
985 0
986 0
987 0
988 1
989 1
990 1
991 0
992 1
993 1
994 1
995 0
996 0
997 1
998 1
999 1
1000 1
1001 1
1002 0
1003 1
1004 0
1005 0
1006 1
1007 1
1008 1
1009 1
1010 0
1011 0
1012 0
1013 1
1014 0
1015 0
1016 1
1017 1
1018 1
1019 1
1020 0
1021 0
1022 1
1023 0
1024 0
1025 1
1026 1
1027 0
1028 0
1029 1
1030 1
1031 1
1032 1
1033 0
1034 1
1035 1
1036 0
1037 0
1038 1
1039 1
1040 1
1041 1
1042 0
1043 1
1044 1
1045 1
1046 1
1047 0
1048 0
1049 0
1050 0
1051 1
1052 0
1053 0
1054 1
1055 1
1056 1
1057 0
1058 1
1059 0
1060 0
1061 1
1062 1
1063 0
1064 0
1065 1
1066 1
1067 0
1068 1
1069 1
1070 1
1071 0
1072 0
1073 0
1074 1
1075 0
1076 1
1077 0
1078 1
1079 1
1080 1
1081 0
1082 1
1083 0
1084 1
1085 1
1086 1
1087 0
1088 1
1089 1
1090 1
1091 0
1092 0
1093 0
1094 0
1095 0
1096 0
1097 0
1098 0
1099 1
1100 1
1101 0
1102 0
1103 0
1104 0
1105 1
1106 0
1107 1
1108 0
1109 1
1110 0
1111 0
1112 0
1113 1
1114 0
1115 0
1116 0
1117 0
1118 1
1119 1
1120 0
1121 0
1122 0
1123 1
1124 0
1125 0
1126 0
1127 0
1128 0
1129 1
1130 1
1131 1
1132 0
1133 1
1134 1
1135 1
1136 1
1137 0
1138 0
1139 0
1140 1
1141 1
1142 0
1143 1
1144 1
1145 0
1146 0
1147 1
1148 0
1149 1
1150 1
1151 1
1152 0
1153 0
1154 0
1155 0
1156 1
1157 0
1158 0
1159 1
1160 1
1161 0
1162 0
1163 0
1164 0
1165 1
1166 1
1167 1
1168 0
1169 1
1170 0
1171 0
1172 1
1173 0
1174 1
1175 1
1176 0
1177 0
1178 1
1179 0
1180 1
1181 1
1182 1
1183 0
1184 1
1185 0
1186 1
1187 0
1188 1
1189 0
1190 1
1191 1
1192 1
1193 0
1194 1
1195 1
1196 0
1197 0
1198 1
1199 0
1200 0
1201 1
1202 1
1203 1
1204 1
1205 0
1206 0
1207 1
1208 1
1209 1
1210 1
1211 1
1212 1
1213 1
1214 1
1215 1
1216 0
1217 1
1218 0
1219 1
1220 0
1221 0
1222 0
1223 1
1224 1
1225 0
1226 1
1227 1
1228 0
1229 1
1230 1
1231 1
1232 1
1233 0
1234 1
1235 0
1236 0
1237 0
1238 0
1239 0
1240 0
1241 0
1242 1
1243 1
1244 0
1245 1
1246 0
1247 0
1248 0
1249 1
1250 0
1251 0
1252 1
1253 0
1254 0
1255 1
1256 0
1257 0
1258 0
1259 0
1260 0
1261 1
1262 0
1263 1
1264 1
1265 1
1266 0
1267 0
1268 1
1269 0
1270 1
1271 0
1272 1
1273 0
1274 0
1275 0
1276 0
1277 1
1278 0
1279 1
1280 1
1281 1
1282 1
1283 1
1284 0
1285 0
1286 1
1287 1
1288 1
1289 1
1290 0
1291 0
1292 1
1293 0
1294 1
1295 0
1296 0
1297 0
1298 0
1299 1
1300 0
1301 1
1302 1
1303 0
1304 1
1305 0
1306 0
1307 1
1308 0
1309 1
1310 1
1311 1
1312 1
1313 1
1314 1
1315 1
1316 1
1317 1
1318 0
1319 1
1320 1
1321 0
1322 0
1323 1
1324 0
1325 1
1326 0
1327 0
1328 0
1329 1
1330 1
1331 0
1332 0
1333 0
1334 0
1335 0
1336 0
1337 1
1338 1
1339 0
1340 1
1341 0
1342 1
1343 0
1344 0
1345 1
1346 1
1347 0
1348 1
1349 1
1350 0
1351 1
1352 1
1353 1
1354 1
1355 0
1356 0
1357 0
1358 1
1359 0
1360 1
1361 0
1362 0
1363 1
1364 0
1365 0
1366 1
1367 0
1368 0
1369 0
1370 0
1371 1
1372 1
1373 1
1374 1
1375 1
1376 1
1377 0
1378 1
1379 0
1380 0
1381 0
1382 0
1383 1
1384 1
1385 1
1386 1
1387 0
1388 0
1389 0
1390 1
1391 0
1392 0
1393 0
1394 0
1395 0
1396 0
1397 0
1398 1
1399 1
1400 1
1401 1
1402 1
1403 0
1404 0
1405 1
1406 0
1407 1
1408 0
1409 1
1410 1
1411 0
1412 0
1413 0
1414 1
1415 0
1416 1
1417 1
1418 0
1419 0
1420 1
1421 0
1422 1
1423 0
1424 0
1425 0
1426 0
1427 1
1428 1
1429 1
1430 1
1431 0
1432 0
1433 1
1434 1
1435 1
1436 0
1437 1
1438 1
1439 1
1440 1
1441 0
1442 0
1443 1
1444 0
1445 1
1446 0
1447 1
1448 0
1449 0
1450 1
1451 0
1452 1
1453 1
1454 0
1455 1
1456 1
1457 1
1458 1
1459 1
1460 0
1461 1
1462 1
1463 0
1464 0
1465 0
1466 0
1467 0
1468 1
1469 0
1470 1
1471 0
1472 1
1473 0
1474 0
1475 1
1476 1
1477 1
1478 0
1479 0
1480 0
1481 0
1482 1
1483 0
1484 0
1485 1
1486 1
1487 1
1488 1
1489 0
1490 1
1491 1
1492 0
1493 0
1494 1
1495 1
1496 0
1497 0
1498 1
1499 0
1500 0
1501 1
1502 1
1503 1
1504 0
1505 0
1506 1
1507 0
1508 0
1509 0
1510 0
1511 1
1512 1
1513 0
1514 1
1515 0
1516 0
1517 1
1518 1
1519 1
1520 1
1521 1
1522 1
1523 0
1524 0
1525 0
1526 1
1527 0
1528 0
1529 0
1530 0
1531 1
1532 0
1533 1
1534 1
1535 0
1536 1
1537 1
1538 0
1539 0
1540 1
1541 1
1542 1
1543 0
1544 1
1545 1
1546 1
1547 1
1548 1
1549 1