0 60
0 130
0 202
0 239
1 14
1 79
1 218
1 249
1 317
2 65
2 169
2 199
2 348
3 24
3 28
3 55
3 94
3 114
3 146
3 149
3 162
3 173
3 250
3 290
4 10
4 49
4 56
4 64
4 250
4 339
5 80
5 104
5 142
5 146
5 151
5 161
5 215
5 299
5 346
6 69
6 220
6 229
6 298
6 304
6 332
7 32
7 72
7 81
7 133
7 158
7 185
7 191
7 226
7 271
7 289
7 299
7 349
8 81
8 87
8 135
8 137
8 220
8 298
9 98
9 157
9 162
9 194
9 203
9 270
10 24
10 58
10 209
10 232
10 233
10 346
11 13
11 33
11 68
11 117
11 133
11 155
11 192
11 210
11 231
11 281
11 315
12 28
12 59
12 126
12 190
12 317
13 43
13 113
13 148
13 163
13 166
13 311
13 336
13 342
14 54
14 246
14 248
14 257
14 265
14 300
14 341
15 68
15 106
15 260
15 268
15 270
16 27
16 57
16 66
16 76
16 102
16 160
16 193
16 200
16 205
16 333
17 26
17 152
17 163
17 253
17 305
17 332
17 343
18 21
18 32
18 74
18 87
18 108
18 237
19 37
19 106
19 167
19 242
19 249
19 321
20 41
20 48
20 49
20 281
20 321
20 327
21 65
21 105
21 168
21 240
22 51
22 56
22 68
22 78
22 101
22 157
22 205
22 235
22 293
23 123
23 130
23 276
23 284
23 339
24 80
25 47
25 98
25 109
25 114
25 148
25 187
25 252
26 172
26 209
26 241
26 251
26 277
26 310
26 331
26 334
27 67
27 117
27 120
27 150
28 33
28 70
28 184
28 259
28 332
28 337
29 92
29 125
29 149
29 236
29 296
30 38
30 51
30 112
30 116
30 168
30 169
30 268
30 283
30 297
30 299
31 58
31 140
31 148
31 210
31 228
31 250
31 301
31 316
32 35
32 63
32 91
32 104
32 124
32 143
32 231
32 287
33 64
33 105
33 206
33 217
33 224
33 246
33 265
33 322
34 41
34 161
34 191
34 256
35 134
35 139
35 146
35 151
35 185
35 283
36 71
36 74
36 92
36 122
36 155
36 166
36 216
36 240
37 60
37 78
37 204
37 233
37 245
37 344
38 47
38 156
38 175
38 188
38 208
39 51
39 59
39 225
39 305
40 128
40 133
40 215
40 240
40 276
40 286
40 314
41 83
41 152
41 249
41 310
41 337
42 117
42 155
42 184
42 238
42 309
43 48
43 138
43 147
43 265
43 279
43 318
43 340
44 125
44 168
44 189
44 195
44 222
44 232
44 267
44 271
44 288
45 59
45 65
45 87
45 185
45 256
45 271
45 284
45 325
45 332
45 343
46 138
46 179
46 250
46 274
46 278
47 65
47 102
47 103
47 109
47 153
47 229
47 247
47 268
47 283
47 284
47 347
48 71
48 154
48 192
48 193
48 290
49 206
49 225
49 256
49 269
49 289
49 303
49 339
49 343
50 136
50 258
50 276
50 343
51 175
51 266
52 121
52 152
52 318
52 333
53 63
53 159
53 200
53 201
53 203
53 242
53 249
53 295
53 338
53 343
54 61
54 80
54 124
54 136
54 180
54 240
54 306
55 118
55 139
55 179
55 190
55 197
55 240
55 248
55 329
56 73
56 103
56 127
56 163
56 207
56 328
57 67
57 137
57 212
57 217
57 247
57 282
57 294
57 340
58 73
58 94
58 102
58 114
58 202
58 300
58 343
59 95
59 103
59 149
59 216
60 123
60 175
60 252
60 261
60 289
60 298
61 84
61 168
61 175
61 178
61 185
61 244
61 287
61 294
61 306
62 70
62 91
62 293
63 92
63 125
63 155
63 238
63 279
63 284
64 71
64 75
64 113
64 119
64 123
64 130
64 174
64 187
64 189
64 211
64 234
64 240
64 257
64 262
64 274
64 299
65 110
65 146
65 164
65 170
65 197
65 215
65 229
65 260
65 290
66 104
66 183
66 187
66 242
66 293
67 142
67 143
67 186
67 216
67 221
67 231
67 255
68 93
68 142
68 155
68 279
68 318
68 338
69 144
69 182
69 235
69 244
69 246
69 268
69 283
69 327
70 169
70 256
71 93
71 198
71 247
71 254
71 330
71 343
73 77
73 109
73 254
73 275
73 319
73 330
74 93
74 172
74 259
74 287
74 312
75 132
75 181
75 205
76 167
76 169
76 200
76 223
76 240
76 269
77 101
77 144
77 217
77 286
77 298
77 312
77 337
78 105
78 124
78 144
78 208
78 242
78 243
78 244
79 100
79 249
79 278
79 347
80 87
80 199
80 207
80 209
80 253
81 132
81 135
81 137
81 193
81 209
81 219
81 301
81 334
82 223
82 255
82 256
82 309
83 115
83 149
83 175
83 202
83 311
83 318
84 95
84 118
84 150
84 201
84 224
84 263
84 264
84 267
84 295
85 106
85 148
85 160
85 173
85 202
85 270
86 161
86 166
86 170
86 180
86 223
87 109
87 112
87 131
87 133
87 165
87 182
87 185
87 257
88 116
88 147
88 224
88 278
89 94
89 205
89 267
90 124
90 126
90 144
90 211
90 299
90 321
90 330
91 146
91 157
91 225
91 233
91 238
92 109
92 111
92 136
93 152
93 165
93 173
93 228
93 275
93 296
94 111
94 193
94 313
95 157
95 183
95 285
95 336
96 176
96 230
96 231
96 325
97 175
97 189
98 195
98 288
98 291
98 318
98 325
99 148
99 150
99 223
99 261
99 329
100 107
100 119
100 154
100 162
100 163
100 194
100 349
101 103
101 126
101 209
101 222
101 229
101 235
101 283
101 322
101 342
102 126
102 129
102 195
102 213
102 287
102 301
102 338
103 119
103 163
103 229
103 238
103 270
103 323
103 325
103 326
104 111
104 167
104 188
104 241
104 260
104 262
104 285
104 310
105 116
105 134
105 153
105 290
105 322
106 176
106 178
106 191
106 202
106 324
106 335
107 188
107 261
107 266
107 296
107 341
108 128
108 178
108 189
108 211
108 281
108 347
109 206
109 239
109 247
110 145
110 274
110 306
111 130
111 131
111 168
111 213
111 222
111 290
111 302
111 325
112 113
112 152
112 192
112 265
113 160
113 211
113 265
113 296
113 311
113 324
113 335
113 346
114 116
114 118
114 202
114 223
114 247
114 286
114 314
115 136
115 176
115 190
115 192
115 216
115 279
115 298
115 319
116 138
116 217
116 285
116 315
117 135
117 152
117 164
117 234
118 139
119 161
119 259
119 287
120 121
120 260
120 275
120 319
121 122
121 225
121 274
121 276
121 286
122 153
122 268
123 164
123 177
123 180
123 274
123 291
123 301
124 198
124 204
124 235
124 264
124 312
125 126
126 131
126 221
126 227
126 263
126 307
127 172
127 212
127 246
127 249
127 259
127 274
128 227
128 237
129 175
129 211
129 214
129 219
129 242
129 339
129 348
130 196
130 198
130 207
130 216
130 236
130 243
130 300
130 336
131 150
131 186
131 224
132 160
132 164
132 208
132 223
132 250
132 305
132 316
133 169
133 178
133 207
133 215
133 241
133 244
133 265
133 290
134 202
134 210
134 280
134 330
135 149
135 153
135 182
135 276
135 282
135 316
135 319
136 149
136 189
137 145
137 200
137 211
138 190
138 199
138 241
138 273
138 322
138 338
138 340
139 208
139 261
139 276
140 157
140 212
140 331
141 161
141 192
141 195
141 200
141 208
141 263
142 150
142 151
142 174
142 234
142 235
142 243
143 231
143 285
143 336
144 203
144 330
145 151
145 160
145 200
145 229
145 261
146 167
146 240
146 284
147 165
148 236
149 179
149 182
149 184
149 216
149 239
149 258
149 317
150 211
150 222
150 281
150 335
151 180
151 228
151 234
151 272
151 281
152 174
152 188
152 306
152 341
153 174
153 263
153 296
154 242
154 268
154 330
154 344
155 275
155 280
155 311
155 324
156 215
156 230
156 263
156 270
156 288
156 325
157 184
157 199
157 293
157 318
158 219
158 231
158 273
158 287
158 333
158 344
158 347
159 188
159 237
159 249
159 253
159 289
159 296
159 301
159 307
160 223
160 271
160 286
161 178
161 232
161 305
161 310
162 205
162 249
162 329
162 338
163 267
164 227
164 241
164 255
165 195
165 314
166 200
166 216
166 271
166 335
167 276
167 307
167 335
168 193
168 294
168 334
169 192
169 220
169 276
169 279
169 345
170 208
170 227
170 286
170 311
170 319
170 332
170 342
171 197
171 326
172 299
172 306
173 232
173 293
174 194
174 341
174 344
175 217
175 249
175 281
175 322
176 336
177 191
177 253
177 297
178 215
178 299
178 305
178 329
179 273
179 347
180 190
180 204
180 222
180 226
180 229
180 234
180 295
181 211
181 215
181 275
181 321
181 334
182 210
182 211
182 271
182 316
182 327
182 333
183 228
183 239
183 250
183 269
183 327
183 334
183 336
184 190
184 232
184 309
184 311
185 191
185 202
185 207
185 252
185 333
186 206
186 264
187 210
187 225
187 243
187 247
188 204
188 226
188 272
188 289
188 322
189 207
189 217
189 319
189 328
189 337
190 197
190 227
190 229
190 236
190 248
190 251
190 252
190 300
190 316
190 339
191 258
191 266
192 217
192 246
192 264
192 287
192 334
192 339
192 341
192 343
193 264
193 266
193 292
193 345
194 214
194 218
194 259
194 305
194 328
195 280
195 297
195 317
195 329
196 321
196 325
196 327
196 332
197 204
197 292
197 293
198 266
198 286
198 307
198 332
199 245
199 251
199 262
199 287
199 333
200 215
200 255
200 320
200 332
200 337
201 209
201 231
201 249
201 281
202 209
202 212
203 257
204 260
204 300
204 326
205 206
205 275
205 317
205 328
205 329
206 220
206 242
206 263
206 279
206 341
207 239
207 330
207 341
208 237
208 285
208 300
208 346
209 210
209 233
209 342
209 346
210 305
211 322
212 327
212 331
213 304
214 333
215 291
215 320
216 261
217 245
217 328
217 331
218 226
218 233
218 305
218 340
218 348
219 249
219 342
220 241
220 262
220 288
220 325
221 237
221 247
221 256
221 334
221 338
222 251
222 257
222 326
223 239
223 320
223 327
223 336
223 340
224 243
224 285
224 291
224 293
224 304
224 309
224 339
225 295
225 305
225 327
226 251
226 274
226 333
226 344
226 347
227 278
227 302
227 324
228 279
228 293
229 236
229 294
229 299
230 254
230 267
230 284
231 246
231 326
232 276
232 333
233 234
233 283
233 311
233 312
233 317
236 309
236 312
236 339
237 277
237 308
238 244
238 256
238 278
238 323
238 325
239 330
239 335
240 250
241 268
241 288
241 296
241 319
242 281
242 286
242 336
243 324
243 326
243 331
245 320
245 335
246 329
247 296
247 323
248 345
249 260
249 272
249 284
250 251
250 349
251 268
251 281
251 343
253 308
253 320
254 303
254 307
255 268
255 319
256 266
256 267
256 304
257 265
257 276
257 295
258 329
258 349
259 275
259 318
260 300
261 269
261 289
261 312
261 329
262 267
262 343
264 270
264 279
265 343
266 321
267 288
267 343
268 299
270 298
270 310
270 346
271 331
272 276
272 328
272 331
273 288
273 309
274 279
275 279
275 285
275 335
275 343
276 288
276 310
276 311
277 293
278 290
278 303
280 321
280 343
282 299
283 313
283 332
283 343
284 329
285 322
286 289
286 332
286 334
286 339
286 347
287 329
288 325
288 339
289 293
289 320
290 329
290 341
292 297
292 320
293 298
294 345
296 341
297 346
300 307
300 322
301 304
301 338
302 310
302 326
302 349
304 318
306 309
306 329
307 339
311 330
312 320
312 338
314 349
316 328
317 331
317 349
318 328
318 342
319 332
320 334
322 345
323 333
325 346
326 335
326 340
327 328
330 341
332 347
335 339
336 345