0 450.0 7361.0 32.715555555555554 0.14316133848315732 0.32962138084632514 0.03272462030759304 0.5986666666666667 0.177156023307488 0.009256284860953715
1 450.0 7361.0 32.715555555555554 0.14316133848315732 0.10244988864142539 0.003480009421292189 0.522093023255814 0.05936625686900063 0.0030471185541
10 450.0 7361.0 32.715555555555554 0.14316133848315732 0.12917594654788417 0.004421195908976269 0.5345238095238095 0.07901194887136358 0.0037233502637635633
100 450.0 7361.0 32.715555555555554 0.14316133848315732 0.08240534521158129 0.0020486964116737407 0.5102272727272728 0.04623022572389314 0.002481155595701596
101 450.0 7361.0 32.715555555555554 0.14316133848315732 0.09354120267260578 0.0029332807343178634 0.521486643437863 0.051748726966672695 0.002790830855645245
102 450.0 7361.0 32.715555555555554 0.14316133848315732 0.11135857461024498 0.004059040702321607 0.5233100233100233 0.05117130587481575 0.0033016285872644003
103 450.0 7361.0 32.715555555555554 0.14316133848315732 0.08463251670378619 0.0028347756265589548 0.5090702947845805 0.041551365331066556 0.002574210906061819
104 450.0 7361.0 32.715555555555554 0.14316133848315732 0.08685968819599109 0.0023101572669119845 0.5137299771167048 0.04997216572155508 0.0026024576100268032
105 450.0 7361.0 32.715555555555554 0.14316133848315732 0.07126948775055679 0.0013207608300346342 0.5022371364653244 0.03948201758132398 0.0021680569815720266
106 450.0 7361.0 32.715555555555554 0.14316133848315732 0.08463251670378619 0.0021072858682459257 0.5125570776255708 0.046182423740664065 0.002540976756227876
107 450.0 7361.0 32.715555555555554 0.14316133848315732 0.08463251670378619 0.001843986417508327 0.5137299771167048 0.05152000540959191 0.0025188642207482695
108 450.0 7361.0 32.715555555555554 0.14316133848315732 0.10913140311804008 0.0045268062961633364 0.5166858457997698 0.049402125756333494 0.0032601353938846622
109 450.0 7361.0 32.715555555555554 0.14316133848315732 0.11135857461024498 0.004678065712119903 0.5227008149010477 0.052715220365704134 0.0033143009562144545
11 450.0 7361.0 32.715555555555554 0.14316133848315732 0.14699331848552338 0.0074503430537159075 0.5364396654719236 0.07632713179599086 0.004281007842258121
110 450.0 7361.0 32.715555555555554 0.14316133848315732 0.08017817371937638 0.0021569962808605384 0.5050618672665916 0.04179600255591462 0.0024284337565206463
111 450.0 7361.0 32.715555555555554 0.14316133848315732 0.08908685968819599 0.0028131851748698627 0.5079185520361991 0.03990946037356698 0.0026851742030783495
112 450.0 7361.0 32.715555555555554 0.14316133848315732 0.08017817371937638 0.0019299584293745028 0.5131428571428571 0.04781678807551607 0.002412959244970496
113 450.0 7361.0 32.715555555555554 0.14316133848315732 0.08017817371937638 0.0018383094538889679 0.5090702947845805 0.043086686561499915 0.0024074445530759075
114 450.0 7361.0 32.715555555555554 0.14316133848315732 0.05345211581291759 0.00045294727905711003 0.4994438264738598 0.03888804874737728 0.001644777210989828
115 450.0 7361.0 32.715555555555554 0.14316133848315732 0.08463251670378619 0.0024500656930765137 0.5113895216400911 0.047139856435304765 0.0025504451239137284
116 450.0 7361.0 32.715555555555554 0.14316133848315732 0.06236080178173719 0.0009404022863196905 0.49503858875413453 0.03709360905902738 0.0019110095305476195
117 450.0 7361.0 32.715555555555554 0.14316133848315732 0.0757238307349666 0.00166473811059271 0.5033632286995515 0.04125801302830735 0.002293821674470407
118 450.0 7361.0 32.715555555555554 0.14316133848315732 0.07126948775055679 0.001469657604944421 0.5033632286995515 0.042890870952500666 0.002164664593374691
119 450.0 7361.0 32.715555555555554 0.14316133848315732 0.0757238307349666 0.0016915493162639008 0.5084937712344281 0.04453667395844072 0.0022936952271646683
12 450.0 7361.0 32.715555555555554 0.14316133848315732 0.16481069042316257 0.007788085573192791 0.5449029126213593 0.09620857110993254 0.004722915710656115
120 450.0 7361.0 32.715555555555554 0.14316133848315732 0.08240534521158129 0.0021096568706946758 0.5084937712344281 0.04213807785325043 0.0024906952133433983
121 450.0 7361.0 32.715555555555554 0.14316133848315732 0.09799554565701558 0.003054961713402226 0.5178777393310265 0.05088232395963752 0.002921083626617366
122 450.0 7361.0 32.715555555555554 0.14316133848315732 0.06458797327394208 0.0010675227056478917 0.5005574136008919 0.039291933824777865 0.001974754515616582
123 450.0 7361.0 32.715555555555554 0.14316133848315732 0.09576837416481068 0.0030608331490715097 0.5178777393310265 0.04843991882958957 0.0028628142184910703
124 450.0 7361.0 32.715555555555554 0.14316133848315732 0.08017817371937638 0.0018118027451646727 0.5073446327683616 0.04169954082606171 0.002419333485408513
125 450.0 7361.0 32.715555555555554 0.14316133848315732 0.06458797327394208 0.0013492637089740204 0.48964013086150493 0.03125324647348242 0.0020002973249667925
126 450.0 7361.0 32.715555555555554 0.14316133848315732 0.09131403118040089 0.0027863220614934457 0.5143184421534936 0.0465518052188482 0.0027434048433912154
127 450.0 7361.0 32.715555555555554 0.14316133848315732 0.06681514476614699 0.0012114191791509632 0.5050618672665916 0.04461921897652859 0.002046700003346594
128 450.0 7361.0 32.715555555555554 0.14316133848315732 0.06904231625835189 0.0014214860744494796 0.4988888888888889 0.0358378614386794 0.0021235363730010663
129 450.0 7361.0 32.715555555555554 0.14316133848315732 0.06904231625835189 0.001365391100538616 0.5067720090293454 0.0419620150095711 0.002104371273049365
13 450.0 7361.0 32.715555555555554 0.14316133848315732 0.060133630289532294 0.0010293699196530408 0.4983351831298557 0.04293467273966379 0.0018577776000449514
130 450.0 7361.0 32.715555555555554 0.14316133848315732 0.08017817371937638 0.0022613634981638086 0.5073446327683616 0.04631910668315017 0.0024290727140687616
131 450.0 7361.0 32.715555555555554 0.14316133848315732 0.051224944320712694 0.0005139152985278974 0.48593073593073594 0.03561314439983637 0.001599900983776475
132 450.0 7361.0 32.715555555555554 0.14316133848315732 0.05567928730512249 0.0008424134763181976 0.4880434782608696 0.031126950809237098 0.0017467014515419271
133 450.0 7361.0 32.715555555555554 0.14316133848315732 0.08240534521158129 0.00218270150503807 0.5102272727272728 0.04488050623038848 0.0024847554904532357
134 450.0 7361.0 32.715555555555554 0.14316133848315732 0.08908685968819599 0.0024019490581801833 0.5143184421534936 0.04998050348387884 0.0026658913501810097
135 450.0 7361.0 32.715555555555554 0.14316133848315732 0.06681514476614699 0.001165917152853686 0.5022371364653244 0.036844858383963806 0.0020384427736273476
136 450.0 7361.0 32.715555555555554 0.14316133848315732 0.05345211581291759 0.0006459410626121692 0.48698481561822127 0.03117740486144934 0.0016671952968653682
137 450.0 7361.0 32.715555555555554 0.14316133848315732 0.08017817371937638 0.0019061239222820418 0.5005574136008919 0.03873958955486964 0.0024256495147465472
138 450.0 7361.0 32.715555555555554 0.14316133848315732 0.08017817371937638 0.0020850476903361164 0.5096481271282634 0.045141473769992 0.00242169439828827
139 450.0 7361.0 32.715555555555554 0.14316133848315732 0.07126948775055679 0.0015736085439796426 0.5039281705948373 0.0421313083553834 0.002174409066191833
14 450.0 7361.0 32.715555555555554 0.14316133848315732 0.23162583518930957 0.01899544388720746 0.5654911838790933 0.11929902867165468 0.006621078623699884
140 450.0 7361.0 32.715555555555554 0.14316133848315732 0.08685968819599109 0.002713556528571422 0.5131428571428571 0.04686500598228495 0.002626145745118633
141 450.0 7361.0 32.715555555555554 0.14316133848315732 0.060133630289532294 0.0009665754806016067 0.49668141592920356 0.03424862164720533 0.0018643791048655759
142 450.0 7361.0 32.715555555555554 0.14316133848315732 0.06458797327394208 0.0010580310350104952 0.4988888888888889 0.03873920361233242 0.001981503818373148
143 450.0 7361.0 32.715555555555554 0.14316133848315732 0.08685968819599109 0.002625791957347081 0.5096481271282634 0.041540020306003546 0.002626014784709097
144 450.0 7361.0 32.715555555555554 0.14316133848315732 0.09354120267260578 0.0036656508777620648 0.5079185520361991 0.03831102760210931 0.0028369908087169525
145 450.0 7361.0 32.715555555555554 0.14316133848315732 0.06236080178173719 0.0011610381148047931 0.4988888888888889 0.03774786161973412 0.0019290156421534767
146 450.0 7361.0 32.715555555555554 0.14316133848315732 0.07349665924276169 0.0018218131337678985 0.5096481271282634 0.04122932165922698 0.0022447110689058124
147 450.0 7361.0 32.715555555555554 0.14316133848315732 0.0757238307349666 0.0018472528962672201 0.5027995520716685 0.03889235294455139 0.0023122435064727724
148 450.0 7361.0 32.715555555555554 0.14316133848315732 0.06236080178173719 0.001014854836022301 0.48698481561822127 0.03545680157552135 0.0019214942639305017
149 450.0 7361.0 32.715555555555554 0.14316133848315732 0.0779510022271715 0.0019471875183100476 0.5016759776536313 0.04121898316402482 0.002366680242027079
15 450.0 7361.0 32.715555555555554 0.14316133848315732 0.09131403118040089 0.0020209534316461063 0.5190751445086705 0.059078816610010396 0.0026977957818334185
150 450.0 7361.0 32.715555555555554 0.14316133848315732 0.07126948775055679 0.0015608977947129264 0.4994438264738598 0.03567464722679282 0.002184484179149833
151 450.0 7361.0 32.715555555555554 0.14316133848315732 0.05790645879732739 0.0010050937054522078 0.48698481561822127 0.02650315659402502 0.0018152944623009047
152 450.0 7361.0 32.715555555555554 0.14316133848315732 0.07349665924276169 0.00171069069191873 0.49723145071982283 0.03419507140486633 0.0022455543736681184
153 450.0 7361.0 32.715555555555554 0.14316133848315732 0.10690423162583518 0.004457647659657286 0.5166858457997698 0.04688588191995048 0.003201157223461472
154 450.0 7361.0 32.715555555555554 0.14316133848315732 0.04899777282850779 0.0005356608341752427 0.4797008547008547 0.026614056984816156 0.0015508501493394513
155 450.0 7361.0 32.715555555555554 0.14316133848315732 0.0779510022271715 0.002209200463330049 0.4994438264738598 0.03907035865193924 0.002377680480539198
156 450.0 7361.0 32.715555555555554 0.14316133848315732 0.04899777282850779 0.0005402190329621962 0.4827956989247312 0.027579892494592164 0.0015462466238837867
157 450.0 7361.0 32.715555555555554 0.14316133848315732 0.05567928730512249 0.0006417254329782895 0.4885745375408052 0.03386894022972822 0.0017270209834819082
158 450.0 7361.0 32.715555555555554 0.14316133848315732 0.07126948775055679 0.0016723985806707847 0.5016759776536313 0.03860867445600849 0.0021822289860731372
159 450.0 7361.0 32.715555555555554 0.14316133848315732 0.08685968819599109 0.0028141763733706645 0.5062006764374295 0.038324457130284637 0.0026370365781015785
16 450.0 7361.0 32.715555555555554 0.14316133848315732 0.15367483296213807 0.007200502554005404 0.5409638554216868 0.08618519908249658 0.0044372959851366155
160 450.0 7361.0 32.715555555555554 0.14316133848315732 0.06236080178173719 0.0009588877862420688 0.49723145071982283 0.03471138660936738 0.0019215050283818021
161 450.0 7361.0 32.715555555555554 0.14316133848315732 0.08017817371937638 0.002343390864568787 0.5 0.0332770411631121 0.002452733820357945
162 450.0 7361.0 32.715555555555554 0.14316133848315732 0.06458797327394208 0.001431632480044335 0.49668141592920356 0.03380825569152438 0.0019974499292553832
163 450.0 7361.0 32.715555555555554 0.14316133848315732 0.06904231625835189 0.0012215560309206017 0.4977827050997783 0.03730378332867301 0.002103357869383842
164 450.0 7361.0 32.715555555555554 0.14316133848315732 0.060133630289532294 0.0011594913226653089 0.48698481561822127 0.03063843128034398 0.001874200887281277
165 450.0 7361.0 32.715555555555554 0.14316133848315732 0.05790645879732739 0.0009502622757620114 0.49503858875413453 0.03088476011779847 0.0018053660237412257
166 450.0 7361.0 32.715555555555554 0.14316133848315732 0.08463251670378619 0.0026507388645114387 0.5102272727272728 0.044070465432105625 0.002567640890804602
167 450.0 7361.0 32.715555555555554 0.14316133848315732 0.06458797327394208 0.0012757103436955007 0.4812433011789925 0.02924345187055733 0.002004579733795446
168 450.0 7361.0 32.715555555555554 0.14316133848315732 0.060133630289532294 0.0009463757684204074 0.49723145071982283 0.037284871358531584 0.001861244293688258
169 450.0 7361.0 32.715555555555554 0.14316133848315732 0.07126948775055679 0.0016780200141761688 0.4988888888888889 0.033645646267297595 0.0021951719530231614
17 450.0 7361.0 32.715555555555554 0.14316133848315732 0.08908685968819599 0.0022414228118975824 0.5178777393310265 0.05697284760292293 0.0026535337897583096
170 450.0 7361.0 32.715555555555554 0.14316133848315732 0.06681514476614699 0.0012518289324482585 0.4907103825136612 0.03308881090528225 0.002056680619484828
171 450.0 7361.0 32.715555555555554 0.14316133848315732 0.06681514476614699 0.0012902876388130797 0.5011160714285714 0.0384921991729613 0.0020476648360593193
172 450.0 7361.0 32.715555555555554 0.14316133848315732 0.051224944320712694 0.0006651968605293937 0.4843581445523193 0.02855110401062791 0.0016144270693276071
173 450.0 7361.0 32.715555555555554 0.14316133848315732 0.05345211581291759 0.0007974946445655967 0.48331539289558667 0.029764464325288172 0.001682015074721558
174 450.0 7361.0 32.715555555555554 0.14316133848315732 0.08685968819599109 0.0030271838130414923 0.5 0.03669180957895097 0.0026502296108554227
175 450.0 7361.0 32.715555555555554 0.14316133848315732 0.060133630289532294 0.0011763613290379888 0.5 0.035330939337165634 0.0018711745541871024
176 450.0 7361.0 32.715555555555554 0.14316133848315732 0.051224944320712694 0.0005105908049463263 0.4838362068965517 0.03090197522614153 0.0016075438845451352
177 450.0 7361.0 32.715555555555554 0.14316133848315732 0.08017817371937638 0.0024226647406735036 0.49394939493949397 0.03454920898469255 0.002456942156397531
178 450.0 7361.0 32.715555555555554 0.14316133848315732 0.044543429844097995 0.0004238716137333783 0.4827956989247312 0.026719384800035023 0.0014217015366172203
179 450.0 7361.0 32.715555555555554 0.14316133848315732 0.060133630289532294 0.0010491243540992838 0.4977827050997783 0.035362813375597255 0.0018605485504228213
18 450.0 7361.0 32.715555555555554 0.14316133848315732 0.2717149220489978 0.02237508417098768 0.5786082474226805 0.14904657067966767 0.007664502869755046
180 450.0 7361.0 32.715555555555554 0.14316133848315732 0.05345211581291759 0.0008329765129286922 0.48488120950323976 0.028546921528718305 0.0016894971953691125
181 450.0 7361.0 32.715555555555554 0.14316133848315732 0.060133630289532294 0.0013453453639147785 0.48751357220412594 0.028226441038948464 0.0018921825148598913
182 450.0 7361.0 32.715555555555554 0.14316133848315732 0.07126948775055679 0.0016940302564940834 0.4994438264738598 0.036663694915868766 0.0021905019227298063
183 450.0 7361.0 32.715555555555554 0.14316133848315732 0.04677060133630289 0.00046351180704432243 0.490174672489083 0.031129365469771835 0.0014823728272249088
184 450.0 7361.0 32.715555555555554 0.14316133848315732 0.0757238307349666 0.0021105688726970294 0.5073446327683616 0.03880479019697382 0.00232209483030634
185 450.0 7361.0 32.715555555555554 0.14316133848315732 0.06681514476614699 0.001549996249652148 0.4885745375408052 0.0334715330591083 0.0020746176079354316
186 450.0 7361.0 32.715555555555554 0.14316133848315732 0.0757238307349666 0.002196129877515645 0.49613259668508286 0.03161392355465288 0.002335010705506582
187 450.0 7361.0 32.715555555555554 0.14316133848315732 0.06681514476614699 0.0014282546314503554 0.5027995520716685 0.0353973094400414 0.0020566072895716685
188 450.0 7361.0 32.715555555555554 0.14316133848315732 0.06236080178173719 0.0012653929269451501 0.4907103825136612 0.029599991315253166 0.0019490203807524245
189 450.0 7361.0 32.715555555555554 0.14316133848315732 0.06236080178173719 0.0013177334689076397 0.480728051391863 0.02805248885264575 0.0019482638342753018
19 450.0 7361.0 32.715555555555554 0.14316133848315732 0.20489977728285078 0.011709320267875446 0.5563816604708798 0.11865342627027207 0.005807815569867432
190 450.0 7361.0 32.715555555555554 0.14316133848315732 0.06236080178173719 0.0012945922628429252 0.48645720476706394 0.031815825639577654 0.0019379637130123343
191 450.0 7361.0 32.715555555555554 0.14316133848315732 0.05790645879732739 0.0011580863600380914 0.48488120950323976 0.027260911821418578 0.0018254668427853788
192 450.0 7361.0 32.715555555555554 0.14316133848315732 0.06458797327394208 0.001601719737329508 0.47816826411075614 0.026912956462837166 0.002022695884378571
193 450.0 7361.0 32.715555555555554 0.14316133848315732 0.05790645879732739 0.0011016560322533867 0.48698481561822127 0.02894691422587906 0.0018161630581996178
194 450.0 7361.0 32.715555555555554 0.14316133848315732 0.06458797327394208 0.001462533347956282 0.4988888888888889 0.03407754278200608 0.002005638074245111
195 450.0 7361.0 32.715555555555554 0.14316133848315732 0.05790645879732739 0.0010035723868350055 0.48488120950323976 0.030591505426635187 0.0018135410257398455
196 450.0 7361.0 32.715555555555554 0.14316133848315732 0.0378619153674833 0.00016681364911268448 0.47867803837953093 0.028236431459281078 0.0012243303925156767
197 450.0 7361.0 32.715555555555554 0.14316133848315732 0.05567928730512249 0.0008824230882860345 0.490174672489083 0.031066832089603678 0.0017464507071265343
198 450.0 7361.0 32.715555555555554 0.14316133848315732 0.060133630289532294 0.0011952021371478003 0.4923245614035088 0.030136421339376312 0.0018847228902830473
199 450.0 7361.0 32.715555555555554 0.14316133848315732 0.04677060133630289 0.0004501798634414228 0.48488120950323976 0.03004790612482162 0.0014795904021969394
2 450.0 7361.0 32.715555555555554 0.14316133848315732 0.12694877505567928 0.0049038829603595836 0.5332541567695962 0.0739471150163243 0.003689291566521855
20 450.0 7361.0 32.715555555555554 0.14316133848315732 0.2806236080178174 0.023990370311406092 0.5816062176165803 0.15116229246963847 0.007916964331292606
200 450.0 7361.0 32.715555555555554 0.14316133848315732 0.051224944320712694 0.000533308529408123 0.4955849889624724 0.03373933502810633 0.0016037525672030909
201 450.0 7361.0 32.715555555555554 0.14316133848315732 0.07126948775055679 0.0018426447290406497 0.5022371364653244 0.034310574713473915 0.0021967043987236178
202 450.0 7361.0 32.715555555555554 0.14316133848315732 0.04677060133630289 0.0005438946807653897 0.480728051391863 0.025746384289427098 0.001497373449223233
203 450.0 7361.0 32.715555555555554 0.14316133848315732 0.06236080178173719 0.0015766223793152719 0.49503858875413453 0.029967576916206697 0.0019600146842504796
204 450.0 7361.0 32.715555555555554 0.14316133848315732 0.06681514476614699 0.0014102965665656825 0.49503858875413453 0.035037118375254514 0.002069205778925504
205 450.0 7361.0 32.715555555555554 0.14316133848315732 0.05790645879732739 0.0010280885877071713 0.49503858875413453 0.033420821268349 0.0018106622534916745
206 450.0 7361.0 32.715555555555554 0.14316133848315732 0.05790645879732739 0.0009456134477942354 0.4854054054054054 0.028867309814313295 0.0018091012516249392
207 450.0 7361.0 32.715555555555554 0.14316133848315732 0.05790645879732739 0.0009510924060540753 0.4812433011789925 0.029130856797623558 0.0018105111944700719
208 450.0 7361.0 32.715555555555554 0.14316133848315732 0.060133630289532294 0.001150729378557449 0.48593073593073594 0.03189698099019082 0.001877219431468782
209 450.0 7361.0 32.715555555555554 0.14316133848315732 0.04677060133630289 0.0004021270306562065 0.4907103825136612 0.03181401525860387 0.0014757468449086597
21 450.0 7361.0 32.715555555555554 0.14316133848315732 0.27616926503340755 0.022944292025957148 0.5801033591731266 0.15118422417256225 0.007787183907136751
210 450.0 7361.0 32.715555555555554 0.14316133848315732 0.05790645879732739 0.0009129234643743501 0.48175965665236054 0.030084889246655235 0.0018139516247764622
211 450.0 7361.0 32.715555555555554 0.14316133848315732 0.05345211581291759 0.0009080465615125281 0.48488120950323976 0.028273820102268414 0.0016864214344726265
212 450.0 7361.0 32.715555555555554 0.14316133848315732 0.06681514476614699 0.0015101788233140942 0.48645720476706394 0.03075191253675848 0.0020772488440631677
213 450.0 7361.0 32.715555555555554 0.14316133848315732 0.04899777282850779 0.0006609780303614373 0.47816826411075614 0.02891864258589631 0.0015630523300405855
214 450.0 7361.0 32.715555555555554 0.14316133848315732 0.06236080178173719 0.0013152949397145467 0.4944933920704846 0.03260363701144794 0.0019427135773006977
215 450.0 7361.0 32.715555555555554 0.14316133848315732 0.04677060133630289 0.0005088588584736063 0.4885745375408052 0.029747007766469775 0.0014845431411680046
216 450.0 7361.0 32.715555555555554 0.14316133848315732 0.05345211581291759 0.0007118866611358919 0.49394939493949397 0.0325783212373737 0.0016746437819470492
217 450.0 7361.0 32.715555555555554 0.14316133848315732 0.06236080178173719 0.0012208670003923798 0.49503858875413453 0.03310366235932574 0.0019417935557450436
218 450.0 7361.0 32.715555555555554 0.14316133848315732 0.04899777282850779 0.0006396147760981756 0.48331539289558667 0.02916469422280095 0.001552143320025349
219 450.0 7361.0 32.715555555555554 0.14316133848315732 0.05345211581291759 0.0009307572143681568 0.480728051391863 0.025575104058069106 0.0016932809645961615
22 450.0 7361.0 32.715555555555554 0.14316133848315732 0.2650334075723831 0.02422434928203352 0.576379974326059 0.13898665443422467 0.0075492602781683325
220 450.0 7361.0 32.715555555555554 0.14316133848315732 0.05345211581291759 0.0007849169226442607 0.4822771213748657 0.030309347351967945 0.0016779569734646019
221 450.0 7361.0 32.715555555555554 0.14316133848315732 0.07126948775055679 0.002163532761729794 0.4944933920704846 0.031596493876609955 0.0022130783357756922
222 450.0 7361.0 32.715555555555554 0.14316133848315732 0.06904231625835189 0.0013623982246443948 0.4988888888888889 0.03716652082211286 0.0021253297429490903
223 450.0 7361.0 32.715555555555554 0.14316133848315732 0.051224944320712694 0.000804061193448851 0.480728051391863 0.02749310565891393 0.0016260947876815001
224 450.0 7361.0 32.715555555555554 0.14316133848315732 0.04677060133630289 0.000673777432458986 0.47114375655823715 0.02252310917046881 0.001508338554323065
225 450.0 7361.0 32.715555555555554 0.14316133848315732 0.05567928730512249 0.0010713814887219966 0.48488120950323976 0.027372443094584524 0.0017609509783362157
226 450.0 7361.0 32.715555555555554 0.14316133848315732 0.06904231625835189 0.0019767450460396944 0.4923245614035088 0.03093416786589702 0.002148155477001745
227 450.0 7361.0 32.715555555555554 0.14316133848315732 0.05345211581291759 0.0009125835794106504 0.47412882787750793 0.024673114071516494 0.0016947826522843734
228 450.0 7361.0 32.715555555555554 0.14316133848315732 0.051224944320712694 0.0006924086748751118 0.4843581445523193 0.028868079862831113 0.0016235245217730782
229 450.0 7361.0 32.715555555555554 0.14316133848315732 0.04008908685968819 0.00038160870462311856 0.4731296101159115 0.02332258109091348 0.0013115573821488248
23 450.0 7361.0 32.715555555555554 0.14316133848315732 0.2650334075723831 0.020413078033779678 0.576379974326059 0.14842263627139513 0.007458404599726992
230 450.0 7361.0 32.715555555555554 0.14316133848315732 0.06904231625835189 0.0017140428724137632 0.49394939493949397 0.03764678771631369 0.002139137074188244
231 450.0 7361.0 32.715555555555554 0.14316133848315732 0.05567928730512249 0.00098890499393711 0.47867803837953093 0.026739291142833438 0.001761159368440091
232 450.0 7361.0 32.715555555555554 0.14316133848315732 0.05567928730512249 0.0008302928542796732 0.48645720476706394 0.030865972025873805 0.0017428605764518092
233 450.0 7361.0 32.715555555555554 0.14316133848315732 0.05567928730512249 0.0008240082871869834 0.48488120950323976 0.03388445830800597 0.00174014240139279
234 450.0 7361.0 32.715555555555554 0.14316133848315732 0.05790645879732739 0.0010063284109543466 0.48175965665236054 0.028935271422046136 0.0018148194585243275
235 450.0 7361.0 32.715555555555554 0.14316133848315732 0.044543429844097995 0.00046670385687116523 0.46673596673596673 0.02415172126370272 0.0014350658028315605
236 450.0 7361.0 32.715555555555554 0.14316133848315732 0.05345211581291759 0.0006472668201938904 0.4812433011789925 0.03151798139108098 0.0016766773046333985
237 450.0 7361.0 32.715555555555554 0.14316133848315732 0.051224944320712694 0.0007953024858814496 0.47613997879109227 0.027048534363028127 0.0016274454105911897
238 450.0 7361.0 32.715555555555554 0.14316133848315732 0.044543429844097995 0.0004225396766529781 0.4776595744680851 0.027821685438607073 0.0014257808715628455
239 450.0 7361.0 32.715555555555554 0.14316133848315732 0.060133630289532294 0.0010988098039442088 0.4955849889624724 0.035610374018789435 0.0018758455992807202
24 450.0 7361.0 32.715555555555554 0.14316133848315732 0.29398663697104677 0.0260779244929536 0.5861618798955613 0.15792598053617105 0.008284575233110558
240 450.0 7361.0 32.715555555555554 0.14316133848315732 0.05567928730512249 0.0009552772008194415 0.4822771213748657 0.026759299808308032 0.0017581973389610788
241 450.0 7361.0 32.715555555555554 0.14316133848315732 0.04899777282850779 0.0006858999452595484 0.47664543524416136 0.02566940970118062 0.0015618541681577144
242 450.0 7361.0 32.715555555555554 0.14316133848315732 0.05345211581291759 0.0007640720075348509 0.4854054054054054 0.03176162185432612 0.0016791871411536601
243 450.0 7361.0 32.715555555555554 0.14316133848315732 0.04899777282850779 0.0005641795608711182 0.4854054054054054 0.030775733922377854 0.0015473112813988387
244 450.0 7361.0 32.715555555555554 0.14316133848315732 0.060133630289532294 0.0012703369071983583 0.4907103825136612 0.028238405077310787 0.0018900164464714395
245 450.0 7361.0 32.715555555555554 0.14316133848315732 0.04899777282850779 0.0006323796143714005 0.4731296101159115 0.025662145260483427 0.0015621830013781274
246 450.0 7361.0 32.715555555555554 0.14316133848315732 0.051224944320712694 0.0008303159496264844 0.4812433011789925 0.026104201714367514 0.0016318867135885079
247 450.0 7361.0 32.715555555555554 0.14316133848315732 0.04899777282850779 0.0006634747783552617 0.480728051391863 0.028108380616077445 0.0015597616758559806
248 450.0 7361.0 32.715555555555554 0.14316133848315732 0.05567928730512249 0.0010655512755763277 0.4838362068965517 0.02904681803869262 0.0017625232648108722
249 450.0 7361.0 32.715555555555554 0.14316133848315732 0.04677060133630289 0.0005472693068135035 0.46868475991649267 0.02540808739224523 0.0014969913173314045
25 450.0 7361.0 32.715555555555554 0.14316133848315732 0.22717149220489977 0.014080845008346209 0.5633626097867002 0.12867165157637356 0.006412526259248468
250 450.0 7361.0 32.715555555555554 0.14316133848315732 0.042316258351893093 0.0003880339353001097 0.47867803837953093 0.026317801033073705 0.001362506138439264
251 450.0 7361.0 32.715555555555554 0.14316133848315732 0.04677060133630289 0.0005632002935471448 0.4731296101159115 0.02546222923271604 0.0014982009647656702
252 450.0 7361.0 32.715555555555554 0.14316133848315732 0.044543429844097995 0.00042661697829502924 0.47664543524416136 0.028991727282162517 0.0014276222596277615
253 450.0 7361.0 32.715555555555554 0.14316133848315732 0.05345211581291759 0.0010436158429731547 0.4648033126293996 0.020293560863187277 0.0017164608799468308
254 450.0 7361.0 32.715555555555554 0.14316133848315732 0.05345211581291759 0.0010422276196552548 0.46917450365726227 0.024174358946834788 0.0017100437966649977
255 450.0 7361.0 32.715555555555554 0.14316133848315732 0.07349665924276169 0.0021541941010330794 0.49668141592920356 0.030678452571264926 0.002276982205800703
256 450.0 7361.0 32.715555555555554 0.14316133848315732 0.05790645879732739 0.0011149335564618274 0.4907103825136612 0.031073099085721135 0.0018217039156543029
257 450.0 7361.0 32.715555555555554 0.14316133848315732 0.04899777282850779 0.0007523475870060554 0.4912472647702407 0.02836906961452439 0.0015601858117962023
258 450.0 7361.0 32.715555555555554 0.14316133848315732 0.05345211581291759 0.0010527642832257964 0.4812433011789925 0.028807495044453832 0.00170351291910696
259 450.0 7361.0 32.715555555555554 0.14316133848315732 0.05345211581291759 0.0009756215602682069 0.4776595744680851 0.02720908585821995 0.0016957701327070121
26 450.0 7361.0 32.715555555555554 0.14316133848315732 0.20712694877505566 0.010140168103920067 0.5577639751552795 0.12842323663085603 0.005825544312758134
260 450.0 7361.0 32.715555555555554 0.14316133848315732 0.04677060133630289 0.0006435214763099843 0.480728051391863 0.0271411505313702 0.0015032920631262053
261 450.0 7361.0 32.715555555555554 0.14316133848315732 0.05345211581291759 0.001051008299207264 0.4701570680628272 0.02326300339881016 0.0017112543755879667
262 450.0 7361.0 32.715555555555554 0.14316133848315732 0.05345211581291759 0.000957409968606801 0.4838362068965517 0.029559017373597583 0.0016963289938773064
263 450.0 7361.0 32.715555555555554 0.14316133848315732 0.044543429844097995 0.0006892973794132242 0.47463002114164904 0.023994709062475618 0.0014476539479187042
264 450.0 7361.0 32.715555555555554 0.14316133848315732 0.05345211581291759 0.0008684834662712798 0.48593073593073594 0.029792637778515423 0.0016915471390210291
265 450.0 7361.0 32.715555555555554 0.14316133848315732 0.04677060133630289 0.0004903739084446496 0.48645720476706394 0.03271423060913888 0.0014814456322748578
266 450.0 7361.0 32.715555555555554 0.14316133848315732 0.042316258351893093 0.00032162249707043183 0.48964013086150493 0.03130023350803928 0.001354428281794181
267 450.0 7361.0 32.715555555555554 0.14316133848315732 0.05345211581291759 0.0009102250616744164 0.4791889007470651 0.02635365494779017 0.001692110597571107
268 450.0 7361.0 32.715555555555554 0.14316133848315732 0.05790645879732739 0.001341017979028643 0.47816826411075614 0.024446289217163155 0.0018375119109717924
269 450.0 7361.0 32.715555555555554 0.14316133848315732 0.04677060133630289 0.0006057729211942137 0.47867803837953093 0.026571806406258922 0.0014983963632967195
27 450.0 7361.0 32.715555555555554 0.14316133848315732 0.21826280623608016 0.014642826127481232 0.56125 0.1187401016723554 0.0062086212823928115
270 450.0 7361.0 32.715555555555554 0.14316133848315732 0.05345211581291759 0.000988051412350256 0.4907103825136612 0.03117151569516609 0.00169181037011879
271 450.0 7361.0 32.715555555555554 0.14316133848315732 0.044543429844097995 0.000443396268148807 0.4797008547008547 0.026147222315297945 0.001429885466064969
272 450.0 7361.0 32.715555555555554 0.14316133848315732 0.042316258351893093 0.00036416464099188294 0.4827956989247312 0.027487817285736026 0.0013615014498649936
273 450.0 7361.0 32.715555555555554 0.14316133848315732 0.044543429844097995 0.0004321523621918019 0.4827956989247312 0.02561692629922113 0.001427926985416406
274 450.0 7361.0 32.715555555555554 0.14316133848315732 0.051224944320712694 0.0007945142717780061 0.47613997879109227 0.027835155618618167 0.0016301581662115552
275 450.0 7361.0 32.715555555555554 0.14316133848315732 0.04899777282850779 0.0007861205734789343 0.4812433011789925 0.026710853864243184 0.001561398687987482
276 450.0 7361.0 32.715555555555554 0.14316133848315732 0.04008908685968819 0.0005218302829703172 0.44367588932806323 0.016988103794855422 0.0013288598522260085
277 450.0 7361.0 32.715555555555554 0.14316133848315732 0.051224944320712694 0.0007409510977434834 0.4907103825136612 0.03072452245246398 0.0016191526165357023
278 450.0 7361.0 32.715555555555554 0.14316133848315732 0.051224944320712694 0.0007458489276821727 0.480728051391863 0.028392865200178977 0.001626289074928199
279 450.0 7361.0 32.715555555555554 0.14316133848315732 0.04008908685968819 0.0003112989474444437 0.48175965665236054 0.02538357944858826 0.0012997126097562938
28 450.0 7361.0 32.715555555555554 0.14316133848315732 0.25167037861915365 0.017600706249827236 0.5719745222929936 0.14184908175369082 0.007096371747296295
280 450.0 7361.0 32.715555555555554 0.14316133848315732 0.05790645879732739 0.0012377060192663028 0.48488120950323976 0.0289107725448994 0.0018285645753706725
281 450.0 7361.0 32.715555555555554 0.14316133848315732 0.04899777282850779 0.0007783200700760879 0.4731296101159115 0.02574808995640326 0.001570069575260597
282 450.0 7361.0 32.715555555555554 0.14316133848315732 0.044543429844097995 0.0005316667630309804 0.47463002114164904 0.02592345591230409 0.00143070283755783
283 450.0 7361.0 32.715555555555554 0.14316133848315732 0.05345211581291759 0.0009775927004899083 0.4880434782608696 0.029022801944534375 0.0016980471939930806
284 450.0 7361.0 32.715555555555554 0.14316133848315732 0.04677060133630289 0.0006386139075869173 0.46098562628336753 0.020345232483101782 0.0015110348669367198
285 450.0 7361.0 32.715555555555554 0.14316133848315732 0.044543429844097995 0.000584514869349256 0.47816826411075614 0.02681875305878406 0.001442358560079887
286 450.0 7361.0 32.715555555555554 0.14316133848315732 0.04677060133630289 0.000795687444359543 0.45723014256619143 0.018852490303882332 0.001527455748079219
287 450.0 7361.0 32.715555555555554 0.14316133848315732 0.05790645879732739 0.001294348279984848 0.4791889007470651 0.027412657400855817 0.001837341811928729
288 450.0 7361.0 32.715555555555554 0.14316133848315732 0.04899777282850779 0.0006598324807877632 0.4827956989247312 0.030317642296822114 0.0015635504647635945
289 450.0 7361.0 32.715555555555554 0.14316133848315732 0.044543429844097995 0.0005996473347290561 0.4822771213748657 0.0254040137953567 0.001439503297595932
29 450.0 7361.0 32.715555555555554 0.14316133848315732 0.19153674832962136 0.010611289619207707 0.5529556650246306 0.10872728585171608 0.0054586502295385555
290 450.0 7361.0 32.715555555555554 0.14316133848315732 0.051224944320712694 0.0008329644607644378 0.4843581445523193 0.025780507357386937 0.0016293659470424113
291 450.0 7361.0 32.715555555555554 0.14316133848315732 0.060133630289532294 0.0012591835577993084 0.49286498353457736 0.03064128714502442 0.0018858502772809826
292 450.0 7361.0 32.715555555555554 0.14316133848315732 0.042316258351893093 0.000549818034717247 0.4701570680628272 0.023373979824201994 0.0013781425067586651
293 450.0 7361.0 32.715555555555554 0.14316133848315732 0.042316258351893093 0.0005707999856296163 0.45723014256619143 0.01938849932853072 0.00138998653189283
294 450.0 7361.0 32.715555555555554 0.14316133848315732 0.05345211581291759 0.0010263525393540839 0.47463002114164904 0.0252169882821868 0.0017010042113924624
295 450.0 7361.0 32.715555555555554 0.14316133848315732 0.0378619153674833 0.00019184474372826516 0.4812433011789925 0.029056855138462026 0.0012290516535959674
296 450.0 7361.0 32.715555555555554 0.14316133848315732 0.044543429844097995 0.0006190421896100627 0.45723014256619143 0.0210320136475133 0.001448607215048764
297 450.0 7361.0 32.715555555555554 0.14316133848315732 0.04899777282850779 0.0008496022918653028 0.4586312563840654 0.020522515912615485 0.001583438333213244
298 450.0 7361.0 32.715555555555554 0.14316133848315732 0.044543429844097995 0.0005258380421646663 0.46770833333333334 0.023612730950871522 0.0014433838964438154
299 450.0 7361.0 32.715555555555554 0.14316133848315732 0.06904231625835189 0.0020501216240754443 0.49503858875413453 0.030157417151302313 0.002163490420591887
3 450.0 7361.0 32.715555555555554 0.14316133848315732 0.12917594654788417 0.00526283996207827 0.5313609467455621 0.07362954132177899 0.003765935834993155
30 450.0 7361.0 32.715555555555554 0.14316133848315732 0.19821826280623608 0.011820884234193828 0.5550061804697157 0.10718776414113179 0.005656720166654637
300 450.0 7361.0 32.715555555555554 0.14316133848315732 0.044543429844097995 0.0005444209827057101 0.48698481561822127 0.028016625067258685 0.0014283362639938505
301 450.0 7361.0 32.715555555555554 0.14316133848315732 0.04008908685968819 0.0003577966133633032 0.4812433011789925 0.026376917552011506 0.0013087027405507192
302 450.0 7361.0 32.715555555555554 0.14316133848315732 0.05345211581291759 0.0010248061914887086 0.47613997879109227 0.024193673044079777 0.0017119895873032598
303 450.0 7361.0 32.715555555555554 0.14316133848315732 0.044543429844097995 0.000536265600816174 0.4681960375391032 0.023465427909853245 0.0014380069930658849
304 450.0 7361.0 32.715555555555554 0.14316133848315732 0.04899777282850779 0.0007169080228368465 0.4726315789473684 0.024863741183378616 0.0015703330950378107
305 450.0 7361.0 32.715555555555554 0.14316133848315732 0.044543429844097995 0.0005574174122964528 0.47114375655823715 0.025391989694363234 0.0014444767957055463
306 450.0 7361.0 32.715555555555554 0.14316133848315732 0.044543429844097995 0.0004955622408190657 0.48645720476706394 0.029581214265187113 0.0014292876353546014
307 450.0 7361.0 32.715555555555554 0.14316133848315732 0.04677060133630289 0.0006892105894646541 0.47064989517819705 0.02332229449523293 0.00151589963479088
308 450.0 7361.0 32.715555555555554 0.14316133848315732 0.04008908685968819 0.0004880314012652723 0.4530776992936428 0.01704948574803968 0.0013250071997097633
309 450.0 7361.0 32.715555555555554 0.14316133848315732 0.04677060133630289 0.0007082648345974285 0.4822771213748657 0.027554260562048592 0.0015036572869179612
31 450.0 7361.0 32.715555555555554 0.14316133848315732 0.1403118040089087 0.005440529535384058 0.5351609058402861 0.0861592685437302 0.0040455931452583
310 450.0 7361.0 32.715555555555554 0.14316133848315732 0.0378619153674833 0.00037897325560167823 0.46384297520661155 0.021617781573656968 0.0012533254677520077
311 450.0 7361.0 32.715555555555554 0.14316133848315732 0.05567928730512249 0.0011069686056488304 0.475635593220339 0.02521729439597298 0.0017712868558721986
312 450.0 7361.0 32.715555555555554 0.14316133848315732 0.04008908685968819 0.00026649263036241446 0.47513227513227513 0.026839913909788054 0.0012947941020744593
313 450.0 7361.0 32.715555555555554 0.14316133848315732 0.04677060133630289 0.0005928106663918946 0.4563008130081301 0.021886708574611627 0.001509438618332952
314 450.0 7361.0 32.715555555555554 0.14316133848315732 0.04008908685968819 0.00019207678396431071 0.48175965665236054 0.03227518552515851 0.0012825112725227432
315 450.0 7361.0 32.715555555555554 0.14316133848315732 0.05345211581291759 0.0011511669700459447 0.46098562628336753 0.020723333177779964 0.0017233686549045228
316 450.0 7361.0 32.715555555555554 0.14316133848315732 0.044543429844097995 0.0006402398548419438 0.46625129802699894 0.02127137119474751 0.0014461868646450928
317 450.0 7361.0 32.715555555555554 0.14316133848315732 0.05567928730512249 0.0011200264132866537 0.4838362068965517 0.02862034874806176 0.0017653329571660878
318 450.0 7361.0 32.715555555555554 0.14316133848315732 0.04899777282850779 0.0008811415926231848 0.480728051391863 0.028352067681973375 0.0015726605271806993
319 450.0 7361.0 32.715555555555554 0.14316133848315732 0.044543429844097995 0.00048610864570490585 0.4822771213748657 0.03038681585893996 0.0014284913699915654
32 450.0 7361.0 32.715555555555554 0.14316133848315732 0.20267260579064586 0.011675372242942218 0.5550061804697157 0.11428528055152086 0.005758535802947237
320 450.0 7361.0 32.715555555555554 0.14316133848315732 0.04677060133630289 0.0007595894291824433 0.4563008130081301 0.019201002940403614 0.0015261925174645562
321 450.0 7361.0 32.715555555555554 0.14316133848315732 0.044543429844097995 0.0004937613532142051 0.48593073593073594 0.02982201732823167 0.0014272906739379154
322 450.0 7361.0 32.715555555555554 0.14316133848315732 0.042316258351893093 0.0003955690517160104 0.46868475991649267 0.022322709099694905 0.0013749264272849332
323 450.0 7361.0 32.715555555555554 0.14316133848315732 0.04677060133630289 0.000626467032277483 0.48175965665236054 0.028331360170630482 0.0015014490627140197
324 450.0 7361.0 32.715555555555554 0.14316133848315732 0.042316258351893093 0.0005141716706870969 0.47412882787750793 0.024209420295911898 0.0013767651977997885
325 450.0 7361.0 32.715555555555554 0.14316133848315732 0.0378619153674833 0.00026471900647810214 0.45723014256619143 0.020082930844800072 0.0012441859810251594
326 450.0 7361.0 32.715555555555554 0.14316133848315732 0.044543429844097995 0.0005028586539553677 0.4880434782608696 0.031383557490627566 0.0014269470259144993
327 450.0 7361.0 32.715555555555554 0.14316133848315732 0.04677060133630289 0.0007766804784700738 0.475635593220339 0.02317419279130193 0.001513237437512163
328 450.0 7361.0 32.715555555555554 0.14316133848315732 0.0378619153674833 0.00036282953823521985 0.4605128205128205 0.021248092995652633 0.0012509750536621002
329 450.0 7361.0 32.715555555555554 0.14316133848315732 0.044543429844097995 0.0007113532622573711 0.4633642930856553 0.019483794333499067 0.0014570523764538938
33 450.0 7361.0 32.715555555555554 0.14316133848315732 0.16926503340757237 0.008450683471452003 0.5462287104622872 0.0932410589705845 0.004860891571497541
330 450.0 7361.0 32.715555555555554 0.14316133848315732 0.04677060133630289 0.0006788086961259863 0.47064989517819705 0.02387037138734145 0.0015092708794696543
331 450.0 7361.0 32.715555555555554 0.14316133848315732 0.051224944320712694 0.0008423025257173711 0.4791889007470651 0.027409426422102305 0.0016393225939108766
332 450.0 7361.0 32.715555555555554 0.14316133848315732 0.044543429844097995 0.0007071236227674533 0.4802139037433155 0.02522820109252193 0.0014519353993166747
333 450.0 7361.0 32.715555555555554 0.14316133848315732 0.04899777282850779 0.0010422925229607762 0.4672216441207076 0.02025410980932376 0.001600128098999012
334 450.0 7361.0 32.715555555555554 0.14316133848315732 0.04677060133630289 0.0006712127920177145 0.4776595744680851 0.025260280834805183 0.001513643553594347
335 450.0 7361.0 32.715555555555554 0.14316133848315732 0.051224944320712694 0.0008416369449990458 0.4812433011789925 0.026620913312028628 0.0016346703950793396
336 450.0 7361.0 32.715555555555554 0.14316133848315732 0.04677060133630289 0.0006701599762092941 0.48331539289558667 0.026828126388942088 0.0015043563366314023
337 450.0 7361.0 32.715555555555554 0.14316133848315732 0.044543429844097995 0.0006207732427298856 0.4558375634517767 0.02053435244512718 0.001452049110879042
338 450.0 7361.0 32.715555555555554 0.14316133848315732 0.042316258351893093 0.00048041633679227853 0.46917450365726227 0.02196444799397367 0.001380931854134227
339 450.0 7361.0 32.715555555555554 0.14316133848315732 0.044543429844097995 0.0006048359449083682 0.47513227513227513 0.022970679916067174 0.0014487149232173067
34 450.0 7361.0 32.715555555555554 0.14316133848315732 0.14476614699331847 0.0061000795184531125 0.5383693045563549 0.08454679126414857 0.0041818827572861796
340 450.0 7361.0 32.715555555555554 0.14316133848315732 0.044543429844097995 0.0005847533497152996 0.47163865546218486 0.024371905952176007 0.001442739217685933
341 450.0 7361.0 32.715555555555554 0.14316133848315732 0.044543429844097995 0.0004958206990658784 0.48751357220412594 0.030836519320339904 0.00142748985748531
342 450.0 7361.0 32.715555555555554 0.14316133848315732 0.04899777282850779 0.0010036097787172735 0.46868475991649267 0.02274669665785644 0.001589972989369696
343 450.0 7361.0 32.715555555555554 0.14316133848315732 0.04008908685968819 0.0002963317067080908 0.46917450365726227 0.0240473130359172 0.0013010074201095093
344 450.0 7361.0 32.715555555555554 0.14316133848315732 0.044543429844097995 0.0006931781018659854 0.46917450365726227 0.022147070423291143 0.0014560115734681355
345 450.0 7361.0 32.715555555555554 0.14316133848315732 0.044543429844097995 0.000544570203421506 0.48331539289558667 0.027385522447544774 0.0014324954329703631
346 450.0 7361.0 32.715555555555554 0.14316133848315732 0.04677060133630289 0.0006699523139963564 0.47114375655823715 0.022764481610880183 0.0015111979829725744
347 450.0 7361.0 32.715555555555554 0.14316133848315732 0.044543429844097995 0.0005401886826436687 0.46770833333333334 0.021977091066740582 0.001437244253880328
348 450.0 7361.0 32.715555555555554 0.14316133848315732 0.04677060133630289 0.000727145349633329 0.475635593220339 0.024074507982138962 0.0015106553467807086
349 450.0 7361.0 32.715555555555554 0.14316133848315732 0.04677060133630289 0.0007966147160146466 0.47412882787750793 0.02219063225036372 0.001519958488716358
35 450.0 7361.0 32.715555555555554 0.14316133848315732 0.21603563474387527 0.014981924105282818 0.5605493133583022 0.10990635733687262 0.006165872945401362
350 450.0 7361.0 32.715555555555554 0.14316133848315732 0.04899777282850779 0.0008375417757293352 0.47463002114164904 0.024281542171774098 0.001577352018721803
351 450.0 7361.0 32.715555555555554 0.14316133848315732 0.0378619153674833 0.0003428102175407303 0.4526209677419355 0.018596223216699775 0.0012561579136916039
352 450.0 7361.0 32.715555555555554 0.14316133848315732 0.04899777282850779 0.0009637497742117601 0.4619341563786008 0.02095316574911303 0.001599407610533473
353 450.0 7361.0 32.715555555555554 0.14316133848315732 0.042316258351893093 0.0005473882898453462 0.4648033126293996 0.023464510408597074 0.0013840392830196723
354 450.0 7361.0 32.715555555555554 0.14316133848315732 0.042316258351893093 0.0004894434108986475 0.4633642930856553 0.02226769337822321 0.0013772354052021397
355 450.0 7361.0 32.715555555555554 0.14316133848315732 0.042316258351893093 0.0006117006896774851 0.45035105315947843 0.018301335390471855 0.001397912395640971
356 450.0 7361.0 32.715555555555554 0.14316133848315732 0.044543429844097995 0.0006618343735897267 0.4657676348547718 0.020895105835503084 0.0014549604572009663
357 450.0 7361.0 32.715555555555554 0.14316133848315732 0.04008908685968819 0.0005654939203863966 0.4476570289132602 0.01724473357569963 0.0013398747939799343
358 450.0 7361.0 32.715555555555554 0.14316133848315732 0.044543429844097995 0.000750097027273396 0.4672216441207076 0.02135024380612799 0.0014638657504023418
359 450.0 7361.0 32.715555555555554 0.14316133848315732 0.04677060133630289 0.0007811567643434525 0.47816826411075614 0.026032936698478445 0.001513715997387987
36 450.0 7361.0 32.715555555555554 0.14316133848315732 0.16481069042316257 0.008039479752499565 0.5442424242424242 0.09632436732130653 0.0047344996942807385
360 450.0 7361.0 32.715555555555554 0.14316133848315732 0.04899777282850779 0.0009696600810616307 0.45125628140703516 0.018151710576658396 0.0016065264752025393
361 450.0 7361.0 32.715555555555554 0.14316133848315732 0.044543429844097995 0.0008275496426016182 0.45676500508647 0.01880835570376021 0.0014682581818376433
362 450.0 7361.0 32.715555555555554 0.14316133848315732 0.04008908685968819 0.00042782830351835563 0.45676500508647 0.019790625834026493 0.0013201443718706626
363 450.0 7361.0 32.715555555555554 0.14316133848315732 0.04008908685968819 0.00035881435560623597 0.46917450365726227 0.02440183106141321 0.001307792683365692
364 450.0 7361.0 32.715555555555554 0.14316133848315732 0.0378619153674833 0.00045243604736931405 0.4485514485514486 0.0165081976032654 0.0012646768084801354
365 450.0 7361.0 32.715555555555554 0.14316133848315732 0.0378619153674833 0.0003319144730021495 0.4648033126293996 0.022608884516070554 0.0012487417454413521
366 450.0 7361.0 32.715555555555554 0.14316133848315732 0.04008908685968819 0.0005747558488812147 0.45491388044579534 0.016250206348986433 0.0013372782639787116
367 450.0 7361.0 32.715555555555554 0.14316133848315732 0.04008908685968819 0.0004649516501591249 0.4614594039054471 0.019733132406610978 0.001322448524969755
368 450.0 7361.0 32.715555555555554 0.14316133848315732 0.044543429844097995 0.0005620948534055282 0.4696652719665272 0.024671086527180926 0.00144260375922359
369 450.0 7361.0 32.715555555555554 0.14316133848315732 0.044543429844097995 0.0005546122782584945 0.4822771213748657 0.02630491851137691 0.0014388433624817377
37 450.0 7361.0 32.715555555555554 0.14316133848315732 0.20044543429844097 0.013477513222747567 0.5556930693069307 0.10063606162074851 0.005748680365422814
370 450.0 7361.0 32.715555555555554 0.14316133848315732 0.042316258351893093 0.00043682027869203634 0.47613997879109227 0.02836344653850576 0.0013704866418116734
371 450.0 7361.0 32.715555555555554 0.14316133848315732 0.04677060133630289 0.0007542917305734138 0.47513227513227513 0.022879946903154487 0.0015172913855258333
372 450.0 7361.0 32.715555555555554 0.14316133848315732 0.0378619153674833 0.00025338445554264934 0.46917450365726227 0.024506259670225055 0.001235861312357485
373 450.0 7361.0 32.715555555555554 0.14316133848315732 0.04008908685968819 0.0005759983889522977 0.4553752535496957 0.01902043518254394 0.0013339716658027317
374 450.0 7361.0 32.715555555555554 0.14316133848315732 0.044543429844097995 0.0005673547270689265 0.47513227513227513 0.028053850518815853 0.0014356728158829175
375 450.0 7361.0 32.715555555555554 0.14316133848315732 0.042316258351893093 0.0005106336239554895 0.4731296101159115 0.023642896298820864 0.001378797860061859
376 450.0 7361.0 32.715555555555554 0.14316133848315732 0.0378619153674833 0.0002771293364682292 0.4643226473629783 0.022186458154828618 0.0012492766219647272
377 450.0 7361.0 32.715555555555554 0.14316133848315732 0.04008908685968819 0.00035165603380828245 0.4648033126293996 0.02248568177108068 0.0013098634819992
378 450.0 7361.0 32.715555555555554 0.14316133848315732 0.044543429844097995 0.0007290628014668078 0.46288659793814435 0.020562314892776903 0.0014626846324851154
379 450.0 7361.0 32.715555555555554 0.14316133848315732 0.042316258351893093 0.000497199306269286 0.4619341563786008 0.02012402553440894 0.0013858716218339041
38 450.0 7361.0 32.715555555555554 0.14316133848315732 0.18485523385300667 0.011208848812203081 0.5502450980392157 0.09628074622074917 0.005314450976665741
380 450.0 7361.0 32.715555555555554 0.14316133848315732 0.04899777282850779 0.0008532361973394192 0.4672216441207076 0.02283127141640081 0.0015795148639007029
381 450.0 7361.0 32.715555555555554 0.14316133848315732 0.042316258351893093 0.0006249876067020896 0.4619341563786008 0.02170886439946674 0.0013937124117904352
382 450.0 7361.0 32.715555555555554 0.14316133848315732 0.044543429844097995 0.0006826726062160255 0.46673596673596673 0.0217627178970156 0.0014591903271616994
383 450.0 7361.0 32.715555555555554 0.14316133848315732 0.04008908685968819 0.0005164866106901623 0.4553752535496957 0.01773490310154241 0.0013376786185197963
384 450.0 7361.0 32.715555555555554 0.14316133848315732 0.04008908685968819 0.00045866014163196907 0.4657676348547718 0.02086434708940616 0.001323192028548491
385 450.0 7361.0 32.715555555555554 0.14316133848315732 0.0378619153674833 0.0003149077860510277 0.46917450365726227 0.024013930704526485 0.0012479124939274427
386 450.0 7361.0 32.715555555555554 0.14316133848315732 0.042316258351893093 0.0006372611078575017 0.4648033126293996 0.019974022218032027 0.0013996224080306903
387 450.0 7361.0 32.715555555555554 0.14316133848315732 0.044543429844097995 0.0007786453684855069 0.45491388044579534 0.01775443084911406 0.001467996976361587
388 450.0 7361.0 32.715555555555554 0.14316133848315732 0.04677060133630289 0.0008906912167027485 0.45769622833843016 0.018606265967931402 0.0015418469609553749
389 450.0 7361.0 32.715555555555554 0.14316133848315732 0.042316258351893093 0.0008185027574411783 0.4449950445986125 0.016001937367758796 0.0014253684421760284
39 450.0 7361.0 32.715555555555554 0.14316133848315732 0.16258351893095768 0.007802034012258283 0.5435835351089588 0.08982093100438752 0.004663145739963955
390 450.0 7361.0 32.715555555555554 0.14316133848315732 0.042316258351893093 0.0007495873071965215 0.4485514485514486 0.017185124325923368 0.0014119647088367074
391 450.0 7361.0 32.715555555555554 0.14316133848315732 0.04008908685968819 0.0004912812424870815 0.44455445544554456 0.01665409882729794 0.0013321542644007336
392 450.0 7361.0 32.715555555555554 0.14316133848315732 0.04677060133630289 0.0006716949636417515 0.4681960375391032 0.02252054925094762 0.001516637333429391
393 450.0 7361.0 32.715555555555554 0.14316133848315732 0.042316258351893093 0.0004070487544786124 0.47362869198312235 0.027147108926901812 0.0013731607268033764
394 450.0 7361.0 32.715555555555554 0.14316133848315732 0.0378619153674833 0.0003564875100523802 0.47163865546218486 0.02365575898662023 0.0012510791892093487
395 450.0 7361.0 32.715555555555554 0.14316133848315732 0.04008908685968819 0.00039511959909262185 0.46868475991649267 0.024064690749481237 0.0013107259445819237
396 450.0 7361.0 32.715555555555554 0.14316133848315732 0.0378619153674833 0.0003717115806464408 0.4791889007470651 0.027839119412163587 0.0012440115403124286
397 450.0 7361.0 32.715555555555554 0.14316133848315732 0.042316258351893093 0.0006362769831305883 0.4672216441207076 0.022154319082568662 0.0013925308707174403
398 450.0 7361.0 32.715555555555554 0.14316133848315732 0.0378619153674833 0.0001831532176860168 0.47064989517819705 0.02472952234699337 0.0012315848727668247
399 450.0 7361.0 32.715555555555554 0.14316133848315732 0.04008908685968819 0.00023040292073515462 0.47213459516298634 0.02729346746218731 0.0012925660788627369
4 450.0 7361.0 32.715555555555554 0.14316133848315732 0.05790645879732739 0.0012805549784931669 0.4907103825136612 0.03072079434859111 0.0018280131714329734
40 450.0 7361.0 32.715555555555554 0.14316133848315732 0.13808463251670378 0.005111666059091784 0.5370813397129187 0.08007497660935196 0.0039821115518985425
400 450.0 7361.0 32.715555555555554 0.14316133848315732 0.0378619153674833 0.0003087719818726702 0.46868475991649267 0.02567710118845004 0.0012460749091195331
401 450.0 7361.0 32.715555555555554 0.14316133848315732 0.0378619153674833 0.0004995092022416485 0.45723014256619143 0.01757453487517516 0.0012754577186393854
402 450.0 7361.0 32.715555555555554 0.14316133848315732 0.04008908685968819 0.0006126214384533087 0.4494494494494494 0.017281931543691093 0.001343126261173469
403 450.0 7361.0 32.715555555555554 0.14316133848315732 0.0378619153674833 0.00036052394741803277 0.475635593220339 0.025346138840169133 0.0012494039490045148
404 450.0 7361.0 32.715555555555554 0.14316133848315732 0.0378619153674833 0.0003578531916736589 0.46625129802699894 0.02177540437049345 0.0012516449562963074
405 450.0 7361.0 32.715555555555554 0.14316133848315732 0.04008908685968819 0.0003743245729854023 0.4643226473629783 0.02356960396014463 0.0013133062973732365
406 450.0 7361.0 32.715555555555554 0.14316133848315732 0.0378619153674833 0.0005084493375711566 0.4428007889546351 0.01686897273126754 0.0012784418222333547
407 450.0 7361.0 32.715555555555554 0.14316133848315732 0.0378619153674833 0.00041316550477448296 0.4633642930856553 0.01848022716314006 0.001259249853855437
408 450.0 7361.0 32.715555555555554 0.14316133848315732 0.042316258351893093 0.0005642770808443133 0.4539939332659252 0.01859661785715481 0.0013924589349829553
409 450.0 7361.0 32.715555555555554 0.14316133848315732 0.042316258351893093 0.0005066929935587055 0.4696652719665272 0.025841037951163288 0.001378096315689837
41 450.0 7361.0 32.715555555555554 0.14316133848315732 0.18485523385300667 0.009615103085047368 0.550920245398773 0.10155043721654528 0.005263359002386633
410 450.0 7361.0 32.715555555555554 0.14316133848315732 0.0378619153674833 0.00029404891690897473 0.47412882787750793 0.025284483065427413 0.0012407766334092073
411 450.0 7361.0 32.715555555555554 0.14316133848315732 0.04008908685968819 0.0005590772972568543 0.4595701125895599 0.020426948947060018 0.001338531679361291
412 450.0 7361.0 32.715555555555554 0.14316133848315732 0.04008908685968819 0.0004390577077966208 0.4731296101159115 0.024709483868366352 0.0013133301257413955
413 450.0 7361.0 32.715555555555554 0.14316133848315732 0.042316258351893093 0.0004958222359804825 0.47613997879109227 0.025315057235941376 0.0013763097967905548
414 450.0 7361.0 32.715555555555554 0.14316133848315732 0.042316258351893093 0.0006315480572923091 0.4633642930856553 0.020069070429942056 0.0013959765015510793
415 450.0 7361.0 32.715555555555554 0.14316133848315732 0.04008908685968819 0.0004953448668663694 0.46288659793814435 0.021007147448792222 0.0013272631949844754
416 450.0 7361.0 32.715555555555554 0.14316133848315732 0.0378619153674833 0.0004848482042278375 0.4624098867147271 0.01981298179603689 0.0012683150727572261
417 450.0 7361.0 32.715555555555554 0.14316133848315732 0.0378619153674833 0.00018443120686685837 0.47463002114164904 0.02665446291481815 0.0012278961683442188
418 450.0 7361.0 32.715555555555554 0.14316133848315732 0.0378619153674833 0.0004040083561853134 0.45723014256619143 0.019457377810293885 0.0012622952491499408
419 450.0 7361.0 32.715555555555554 0.14316133848315732 0.04008908685968819 0.0005695399012604657 0.45816326530612245 0.021533344655499047 0.0013288751583973588
42 450.0 7361.0 32.715555555555554 0.14316133848315732 0.155902004454343 0.008024024829591187 0.5416164053075995 0.08476214090008068 0.004509596511586384
420 450.0 7361.0 32.715555555555554 0.14316133848315732 0.0378619153674833 0.0004457588214222133 0.46384297520661155 0.02092697529453914 0.0012638159498550379
421 450.0 7361.0 32.715555555555554 0.14316133848315732 0.04008908685968819 0.000671172127175472 0.4553752535496957 0.01812270479331669 0.0013437794089013121
422 450.0 7361.0 32.715555555555554 0.14316133848315732 0.042316258351893093 0.0007696191744339208 0.4526209677419355 0.017076619703228966 0.0014093374103612691
423 450.0 7361.0 32.715555555555554 0.14316133848315732 0.042316258351893093 0.00047547194474362566 0.4657676348547718 0.024327011652854308 0.001379246010513059
424 450.0 7361.0 32.715555555555554 0.14316133848315732 0.042316258351893093 0.0005133018280881675 0.4657676348547718 0.023040603436659025 0.0013862599033158832
425 450.0 7361.0 32.715555555555554 0.14316133848315732 0.04008908685968819 0.000491091310797884 0.4591002044989775 0.021317878590452623 0.0013261750723405545
426 450.0 7361.0 32.715555555555554 0.14316133848315732 0.04008908685968819 0.00042904360501667504 0.45445344129554655 0.019480628998773192 0.0013240948952997406
427 450.0 7361.0 32.715555555555554 0.14316133848315732 0.0378619153674833 0.0005563109809040749 0.4517102615694165 0.016736113212498103 0.0012751028878873491
428 450.0 7361.0 32.715555555555554 0.14316133848315732 0.04008908685968819 0.0006198257552522045 0.45445344129554655 0.016351424449058488 0.0013511975274378327
429 450.0 7361.0 32.715555555555554 0.14316133848315732 0.0378619153674833 0.0003934407519511013 0.4657676348547718 0.022811736955571937 0.0012546432415329847
43 450.0 7361.0 32.715555555555554 0.14316133848315732 0.14922048997772827 0.007003195469949462 0.5396634615384616 0.08225266796535732 0.004315452309425356
430 450.0 7361.0 32.715555555555554 0.14316133848315732 0.04008908685968819 0.0004934566432081806 0.4624098867147271 0.021019803953467284 0.001325041107031364
431 450.0 7361.0 32.715555555555554 0.14316133848315732 0.0378619153674833 0.0005293099168116847 0.4600409836065574 0.018753228597223903 0.0012746148746219715
432 450.0 7361.0 32.715555555555554 0.14316133848315732 0.042316258351893093 0.0005145753660862423 0.48175965665236054 0.02596991572794604 0.0013793817396781072
433 450.0 7361.0 32.715555555555554 0.14316133848315732 0.0378619153674833 0.0003926311999794093 0.45676500508647 0.019889265681937336 0.0012611962590587595
434 450.0 7361.0 32.715555555555554 0.14316133848315732 0.0378619153674833 0.0006024780749768255 0.4508032128514056 0.017561303097876887 0.0012758141517375298
435 450.0 7361.0 32.715555555555554 0.14316133848315732 0.04008908685968819 0.000443149919268582 0.4731296101159115 0.02410890119991112 0.0013143042545141139
436 450.0 7361.0 32.715555555555554 0.14316133848315732 0.0378619153674833 0.00033644924510516864 0.4586312563840654 0.021630409762258426 0.0012507649660638805
437 450.0 7361.0 32.715555555555554 0.14316133848315732 0.0378619153674833 0.0004930371298078569 0.4591002044989775 0.01897374494290405 0.0012727065746323575
438 450.0 7361.0 32.715555555555554 0.14316133848315732 0.0378619153674833 0.0004341778887334323 0.44543650793650796 0.017712272948663094 0.0012654889729265947
439 450.0 7361.0 32.715555555555554 0.14316133848315732 0.0378619153674833 0.0004260707261091036 0.45676500508647 0.019648774934465194 0.0012644653687134755
44 450.0 7361.0 32.715555555555554 0.14316133848315732 0.14253897550111358 0.006417027916100244 0.535799522673031 0.08132413906056205 0.004119873834074839
440 450.0 7361.0 32.715555555555554 0.14316133848315732 0.0378619153674833 0.0004118800178495028 0.4586312563840654 0.020669725051291943 0.001256398134209457
441 450.0 7361.0 32.715555555555554 0.14316133848315732 0.0378619153674833 0.0003000710315540932 0.46098562628336753 0.023040007592182027 0.0012516576644261397
442 450.0 7361.0 32.715555555555554 0.14316133848315732 0.0378619153674833 0.0004976683025636207 0.44019607843137254 0.016223309366843724 0.00127593643041109
443 450.0 7361.0 32.715555555555554 0.14316133848315732 0.0378619153674833 0.00032496360331848875 0.46625129802699894 0.023404877669413987 0.0012482404412829957
444 450.0 7361.0 32.715555555555554 0.14316133848315732 0.0378619153674833 0.00032310816430615945 0.4526209677419355 0.018733653680358633 0.0012538643589037422
445 450.0 7361.0 32.715555555555554 0.14316133848315732 0.0378619153674833 0.0005587121413645473 0.4463220675944334 0.016655266444683355 0.0012812313837536596
446 450.0 7361.0 32.715555555555554 0.14316133848315732 0.0378619153674833 0.00039302857835218035 0.4595701125895599 0.02061963131288698 0.0012561952905472866
447 450.0 7361.0 32.715555555555554 0.14316133848315732 0.0378619153674833 0.00032871445409919653 0.46868475991649267 0.02345174211859113 0.00124904658753352
448 450.0 7361.0 32.715555555555554 0.14316133848315732 0.0378619153674833 0.0003987629984145597 0.46673596673596673 0.023072468700745252 0.001255853604373595
449 450.0 7361.0 32.715555555555554 0.14316133848315732 0.0378619153674833 0.0005668157657585172 0.45723014256619143 0.01881714289249612 0.0012743159324106958
45 450.0 7361.0 32.715555555555554 0.14316133848315732 0.17149220489977726 0.009607826116200232 0.5462287104622872 0.09279374704192674 0.0049358233832166015
46 450.0 7361.0 32.715555555555554 0.14316133848315732 0.16035634743875277 0.008159383233736606 0.5435835351089588 0.08613067686470396 0.004620885676463364
47 450.0 7361.0 32.715555555555554 0.14316133848315732 0.16035634743875277 0.008351578453941938 0.5416164053075995 0.08485733661604353 0.004639593737941591
48 450.0 7361.0 32.715555555555554 0.14316133848315732 0.11804008908685969 0.0036535841627267705 0.528235294117647 0.07087718387740312 0.003431584063020499
49 450.0 7361.0 32.715555555555554 0.14316133848315732 0.16481069042316257 0.009892941644679373 0.5449029126213593 0.0816269161008178 0.004789791973034139
5 450.0 7361.0 32.715555555555554 0.14316133848315732 0.11358574610244988 0.0030137141233818887 0.528235294117647 0.07199380478781882 0.0032957335303132325
50 450.0 7361.0 32.715555555555554 0.14316133848315732 0.14253897550111358 0.005883487848076717 0.5370813397129187 0.07755398605043619 0.004124252387995129
51 450.0 7361.0 32.715555555555554 0.14316133848315732 0.14922048997772827 0.007053619151855338 0.539015606242497 0.07723752112870899 0.004319109532538711
52 450.0 7361.0 32.715555555555554 0.14316133848315732 0.13140311804008908 0.005409693764749835 0.5319905213270142 0.06987791616441236 0.003827323895099247
53 450.0 7361.0 32.715555555555554 0.14316133848315732 0.14253897550111358 0.006439162960068649 0.5364396654719236 0.07467785674064766 0.004139817963766468
54 450.0 7361.0 32.715555555555554 0.14316133848315732 0.11358574610244988 0.0039369395686713405 0.528235294117647 0.06351465216079688 0.0033351515593892976
55 450.0 7361.0 32.715555555555554 0.14316133848315732 0.11581291759465479 0.003807558718888736 0.528235294117647 0.06819361915471639 0.0033780716853037867
56 450.0 7361.0 32.715555555555554 0.14316133848315732 0.09576837416481068 0.0026494428577514186 0.5149082568807339 0.05257994306436473 0.0028406878000729377
57 450.0 7361.0 32.715555555555554 0.14316133848315732 0.11581291759465479 0.003702511513289286 0.5263774912075029 0.06643557202850955 0.0033854547638664254
58 450.0 7361.0 32.715555555555554 0.14316133848315732 0.1403118040089087 0.006585649848963433 0.5364396654719236 0.07525412989230852 0.00408027993562269
59 450.0 7361.0 32.715555555555554 0.14316133848315732 0.10913140311804008 0.003643090898122077 0.521486643437863 0.061284486812045874 0.003206859576455584
6 450.0 7361.0 32.715555555555554 0.14316133848315732 0.10690423162583518 0.0032361473050615494 0.5263774912075029 0.0687546972929723 0.0031347869873346534
60 450.0 7361.0 32.715555555555554 0.14316133848315732 0.14922048997772827 0.00700558532768759 0.5383693045563549 0.07828899787267378 0.0043200238475676125
61 450.0 7361.0 32.715555555555554 0.14316133848315732 0.14476614699331847 0.0063483362474770185 0.5370813397129187 0.07402281021169996 0.004200827042516774
62 450.0 7361.0 32.715555555555554 0.14316133848315732 0.11804008908685969 0.0036042577125066765 0.5263774912075029 0.06676727600965435 0.003436178752589717
63 450.0 7361.0 32.715555555555554 0.14316133848315732 0.06904231625835189 0.0009694065699052165 0.5073446327683616 0.05053292079142182 0.0020806416853059017
64 450.0 7361.0 32.715555555555554 0.14316133848315732 0.14476614699331847 0.0071445785410163345 0.5377245508982036 0.07344192611322045 0.004213553278004725
65 450.0 7361.0 32.715555555555554 0.14316133848315732 0.08908685968819599 0.0020856530169482443 0.5119726339794755 0.052980321822160385 0.002648991771682412
66 450.0 7361.0 32.715555555555554 0.14316133848315732 0.12917594654788417 0.005390393002520484 0.5313609467455621 0.06849632271107817 0.003778902627503645
67 450.0 7361.0 32.715555555555554 0.14316133848315732 0.09576837416481068 0.0030505522128623664 0.5196759259259259 0.05231174358434376 0.0028535114768527383
68 450.0 7361.0 32.715555555555554 0.14316133848315732 0.12026726057906459 0.004794257779762853 0.528235294117647 0.0627245104057455 0.0035344040574219163
69 450.0 7361.0 32.715555555555554 0.14316133848315732 0.10690423162583518 0.0030939518044607373 0.5263774912075029 0.060050958360937615 0.00314163174189614
7 450.0 7361.0 32.715555555555554 0.14316133848315732 0.11804008908685969 0.004131682149502952 0.5294811320754716 0.07156409441087351 0.0034449586072313673
70 450.0 7361.0 32.715555555555554 0.14316133848315732 0.13808463251670378 0.006304046017021994 0.535799522673031 0.0735334721446151 0.004030619971083296
71 450.0 7361.0 32.715555555555554 0.14316133848315732 0.09354120267260578 0.00250592173116921 0.5160919540229885 0.055322332919616725 0.002776589640076134
72 450.0 7361.0 32.715555555555554 0.14316133848315732 0.08463251670378619 0.0020937099298680515 0.5143184421534936 0.05016284433465377 0.002533897324027857
73 450.0 7361.0 32.715555555555554 0.14316133848315732 0.10690423162583518 0.003622662879503043 0.521486643437863 0.05512065229179276 0.003153710091882486
74 450.0 7361.0 32.715555555555554 0.14316133848315732 0.09354120267260578 0.0023593736665240093 0.5202780996523755 0.050420077948275265 0.002766850804521503
75 450.0 7361.0 32.715555555555554 0.14316133848315732 0.09576837416481068 0.0026720780890607996 0.5190751445086705 0.054407317718200045 0.0028378709910408897
76 450.0 7361.0 32.715555555555554 0.14316133848315732 0.08017817371937638 0.001987357073563364 0.5166858457997698 0.04923056809696561 0.0024071620350679082
77 450.0 7361.0 32.715555555555554 0.14316133848315732 0.09354120267260578 0.0025686766824282183 0.5149082568807339 0.056019083579730795 0.0027775003410279693
78 450.0 7361.0 32.715555555555554 0.14316133848315732 0.12249443207126948 0.005171508217535814 0.5307328605200946 0.06129065425694689 0.0035999360622293248
79 450.0 7361.0 32.715555555555554 0.14316133848315732 0.1358574610244989 0.007068983865029042 0.5313609467455621 0.06555869691432548 0.004005157854548703
8 450.0 7361.0 32.715555555555554 0.14316133848315732 0.14476614699331847 0.006079254766541683 0.5364396654719236 0.08352676132867032 0.004181404447900584
80 450.0 7361.0 32.715555555555554 0.14316133848315732 0.10244988864142539 0.003428108177225513 0.5172811059907834 0.05151936160005747 0.003046749220709376
81 450.0 7361.0 32.715555555555554 0.14316133848315732 0.12026726057906459 0.004938451259308113 0.5257611241217799 0.06017946234732326 0.003537472035800244
82 450.0 7361.0 32.715555555555554 0.14316133848315732 0.12472160356347438 0.005375038498728436 0.5294811320754716 0.05872069082366695 0.003667766476884804
83 450.0 7361.0 32.715555555555554 0.14316133848315732 0.14922048997772827 0.007447684658716562 0.5383693045563549 0.0742071858386786 0.004333465274158656
84 450.0 7361.0 32.715555555555554 0.14316133848315732 0.08240534521158129 0.0018215373941781695 0.5090702947845805 0.047474806498067124 0.0024620581314110856
85 450.0 7361.0 32.715555555555554 0.14316133848315732 0.08017817371937638 0.0017758562711335235 0.5050618672665916 0.0429590759943947 0.0024118431047918413
86 450.0 7361.0 32.715555555555554 0.14316133848315732 0.10467706013363029 0.0034065403722550935 0.5208816705336426 0.052783373762377205 0.003100257708040615
87 450.0 7361.0 32.715555555555554 0.14316133848315732 0.06681514476614699 0.001014281808120698 0.5056306306306306 0.044038448237701505 0.0020240672603483397
88 450.0 7361.0 32.715555555555554 0.14316133848315732 0.08240534521158129 0.0018922788427464727 0.5137299771167048 0.04932009294181749 0.002466983763377636
89 450.0 7361.0 32.715555555555554 0.14316133848315732 0.08017817371937638 0.0018107277319597875 0.5067720090293454 0.04258165908878586 0.0024108525063978076
9 450.0 7361.0 32.715555555555554 0.14316133848315732 0.11358574610244988 0.004109160756680886 0.5288574793875147 0.06744782937520148 0.0033425955009015276
90 450.0 7361.0 32.715555555555554 0.14316133848315732 0.09131403118040089 0.002862703518922628 0.5196759259259259 0.05155646747690151 0.0027357436248553733
91 450.0 7361.0 32.715555555555554 0.14316133848315732 0.08908685968819599 0.002636763512555227 0.5113895216400911 0.0453666347930205 0.002670446370036814
92 450.0 7361.0 32.715555555555554 0.14316133848315732 0.08463251670378619 0.002153962946748873 0.5084937712344281 0.04392872860936069 0.002538049300173193
93 450.0 7361.0 32.715555555555554 0.14316133848315732 0.09799554565701558 0.003126375141641299 0.5160919540229885 0.05326915451098478 0.0029200769072546067
94 450.0 7361.0 32.715555555555554 0.14316133848315732 0.10022271714922049 0.0035839335239109997 0.5184757505773672 0.052585503571661536 0.0029934227524594233
95 450.0 7361.0 32.715555555555554 0.14316133848315732 0.08017817371937638 0.0019242192395776785 0.5079185520361991 0.04544630411410839 0.0024183037094685535
96 450.0 7361.0 32.715555555555554 0.14316133848315732 0.08908685968819599 0.0029338268426172265 0.5113895216400911 0.04607714959679794 0.0026860406500769586
97 450.0 7361.0 32.715555555555554 0.14316133848315732 0.11358574610244988 0.004764736865560348 0.5263774912075029 0.05511875336773299 0.0033680834791904694
98 450.0 7361.0 32.715555555555554 0.14316133848315732 0.09354120267260578 0.002752911923156732 0.5149082568807339 0.05149697922366539 0.0027848703333725393
99 450.0 7361.0 32.715555555555554 0.14316133848315732 0.09354120267260578 0.003167342334810876 0.5079185520361991 0.043501552408210124 0.0028171611844874877