0 833
1 285
2 509
3 713
4 201
5 537
6 875
7 162
8 647
9 581
10 631
11 277
12 10
13 476
14 389
15 603
16 393
17 436
18 100
19 157
20 696
21 227
22 796
23 282
24 675
25 323
26 440
27 4
28 148
29 768
30 154
31 433
32 909
33 632
34 427
35 929
36 880
37 40
38 475
39 80
40 356
41 562
42 615
43 911
44 792
45 822
46 671
47 294
48 161
49 312
50 847
51 399
52 352
53 386
54 494
55 90
56 322
57 55
58 887
59 267
60 78
61 683
62 704
63 41
64 673
65 967
66 750
67 362
68 332
69 600
70 11
71 270
72 208
73 142
74 64
75 294
76 933
77 818
78 96
79 857
80 984
81 497
82 910
83 406
84 868
85 189
86 726
87 569
88 461
89 54
90 226
91 128
92 632
93 710
94 774
95 758
96 786
97 895
98 627
99 19
100 871
101 386
102 669
103 892
104 8
105 16
106 105
107 398
108 484
109 795
110 108
111 979
112 503
113 754
114 801
115 779
116 892
117 727
118 864
119 262
120 353
121 22
122 89
123 109
124 257
125 283
126 665
127 318
128 406
129 406
130 34
131 102
132 825
133 184
134 563
135 484
136 74
137 916
138 127
139 91
140 569
141 926
142 489
143 417
144 901
145 186
146 452
147 749
148 789
149 601
150 165
151 611
152 309
153 659
154 826
155 438
156 159
157 98
158 14
159 951
160 772
161 834
162 842
163 81
164 494
165 955
166 738
167 595
168 935
169 815
170 127
171 717
172 264
173 7
174 133
175 778
176 378
177 40
178 572
179 705
180 845
181 188
182 182
183 620
184 105
185 569
186 360
187 772
188 307
189 506
190 213
191 653
192 698
193 443
194 327
195 204
196 571
197 889
198 483
199 767
200 461
201 851
202 332
203 454
204 129
205 556
206 462
207 367
208 753
209 974
210 935
211 996
212 176
213 270
214 573
215 919
216 908
217 142
218 437
219 155
220 641
221 19
222 7
223 498
224 493
225 697
226 748
227 578
228 260
229 47
230 213
231 836
232 836
233 138
234 162
235 825
236 183
237 911
238 117
239 375
240 583
241 701
242 445
243 816
244 284
245 562
246 423
247 386
248 366
249 791
250 118
251 167
252 19
253 802
254 498
255 346
256 348
257 564
258 715
259 116
260 321
261 743
262 952
263 550
264 547
265 258
266 170
267 112
268 164
269 553
270 813
271 874
272 800
273 757
274 179
275 913
276 607
277 667
278 879
279 823
280 220
281 139
282 82
283 562
284 239
285 754
286 653
287 496
288 697
289 453
290 387
291 174
292 930
293 340
294 507
295 317
296 606
297 65
298 742
299 856
300 833
301 301
302 611
303 482
304 3
305 924
306 150
307 31
308 578
309 849
310 219
311 980
312 994
313 73
314 466
315 965
316 920
317 279
318 696
319 614
320 99
321 280
322 162
323 173
324 584
325 519
326 365
327 10
328 706
329 108
330 992
331 611
332 419
333 376
334 559
335 508
336 31
337 256
338 184
339 896
340 779
341 305
342 149
343 634
344 25
345 286
346 306
347 894
348 196
349 973
350 4
351 20
352 362
353 912
354 30
355 609
356 255
357 566
358 677
359 897
360 70
361 828
362 605
363 714
364 780
365 823
366 590
367 366
368 215
369 993
370 695
371 968
372 159
373 235
374 323
375 846
376 44
377 809
378 244
379 17
380 472
381 934
382 287
383 778
384 114
385 781
386 712
387 25
388 945
389 494
390 345
391 878
392 480
393 849
394 510
395 225
396 333
397 700
398 703
399 805
400 331
401 945
402 838
403 182
404 993
405 297
406 929
407 39
408 243
409 401
410 721
411 211
412 448
413 975
414 377
415 252
416 143
417 678
418 910
419 405
420 517
421 349
422 767
423 668
424 54
425 926
426 370
427 876
428 838
429 133
430 190
431 611
432 846
433 558
434 586
435 107
436 66
437 394
438 415
439 339
440 598
441 104
442 753
443 489
444 613
445 736
446 451
447 969
448 267
449 64
450 186
451 877
452 732
453 681
454 459
455 900
456 463
457 94
458 162
459 692
460 887
461 615
462 987
463 776
464 15
465 786
466 914
467 671
468 749
469 283
470 429
471 999
472 753
473 616
474 221
475 867
476 758
477 614
478 434
479 444
480 322
481 391
482 857
483 228
484 222
485 775
486 426
487 605
488 872
489 839
490 541
491 139
492 839
493 209
494 751
495 805
496 704
497 943
498 158
499 952
500 428
501 912
502 58
503 474
504 846
505 201
506 558
507 781
508 899
509 518
510 58
511 325
512 417
513 676
514 342
515 657
516 531
517 150
518 802
519 269
520 346
521 143
522 173
523 515
524 539
525 953
526 172
527 552
528 948
529 643
530 912
531 755
532 866
533 638
534 364
535 433
536 683
537 490
538 148
539 285
540 474
541 302
542 689
543 670
544 356
545 770
546 376
547 477
548 519
549 609
550 895
551 795
552 744
553 115
554 3
555 723
556 240
557 144
558 722
559 596
560 412
561 581
562 223
563 693
564 100
565 762
566 373
567 158
568 811
569 689
570 249
571 49
572 842
573 199
574 194
575 433
576 860
577 170
578 142
579 304
580 790
581 636
582 380
583 814
584 438
585 322
586 180
587 475
588 83
589 539
590 774
591 665
592 22
593 729
594 943
595 295
596 276
597 230
598 706
599 629
600 126
601 773
602 957
603 6
604 474
605 164
606 237
607 856
608 12
609 485
610 388
611 960
612 21
613 767
614 990
615 563
616 208
617 69
618 78
619 420
620 701
621 707
622 77
623 322
624 335
625 210
626 732
627 666
628 862
629 194
630 363
631 823
632 663
633 317
634 415
635 86
636 77
637 771
638 344
639 611
640 54
641 355
642 508
643 393
644 48
645 66
646 81
647 898
648 220
649 427
650 496
651 916
652 540
653 795
654 85
655 954
656 661
657 13
658 725
659 363
660 723
661 908
662 855
663 5
664 904
665 7
666 595
667 465
668 713
669 89
670 60
671 982
672 708
673 185
674 511
675 140
676 357
677 560
678 792
679 484
680 947
681 733
682 310
683 350
684 178
685 916
686 928
687 660
688 835
689 465
690 635
691 563
692 204
693 853
694 877
695 466
696 540
697 430
698 885
699 506
700 437
701 44
702 866
703 30
704 261
705 260
706 892
707 284
708 974
709 89
710 483
711 424
712 252
713 339
714 53
715 124
716 374
717 219
718 838
719 364
720 274
721 600
722 424
723 431
724 41
725 733
726 491
727 764
728 230
729 759
730 953
731 810
732 625
733 591
734 183
735 312
736 471
737 664
738 678
739 139
740 259
741 215
742 346
743 337
744 796
745 45
746 839
747 185
748 346
749 591
750 449
751 990
752 38
753 776
754 108
755 644
756 580
757 224
758 572
759 646
760 211
761 473
762 212
763 689
764 383
765 175
766 794
767 305
768 771
769 885
770 116
771 632
772 161
773 132
774 556
775 733
776 667
777 529
778 557
779 895
780 487
781 702
782 6
783 685
784 944
785 291
786 832
787 123
788 4
789 631
790 907
791 629
792 361
793 539
794 447
795 967
796 876
797 495
798 236
799 135
800 668
801 310
802 556
803 927
804 997
805 197
806 656
807 655
808 924
809 249
810 292
811 110
812 527
813 672
814 123
815 289
816 989
817 246
818 29
819 729
820 126
821 172
822 787
823 85
824 753
825 921
826 899
827 598
828 475
829 198
830 936
831 625
832 395
833 354
834 446
835 687
836 84
837 345
838 382
839 759
840 518
841 447
842 462
843 493
844 873
845 379
846 174
847 712
848 925
849 461
850 436
851 968
852 726
853 32
854 518
855 359
856 270
857 92
858 169
859 767
860 419
861 113
862 703
863 350
864 12
865 875
866 606
867 793
868 678
869 463
870 188
871 670
872 290
873 408
874 216
875 810
876 450
877 607
878 588
879 719
880 242
881 627
882 648
883 422
884 787
885 518
886 709
887 312
888 241
889 692
890 796
891 186
892 377
893 882
894 699
895 936
896 251
897 137
898 868
899 355
900 8
901 793
902 256
903 607
904 270
905 35
906 582
907 496
908 99
909 811
910 380
911 492
912 245
913 390
914 81
915 855
916 768
917 739
918 897
919 447
920 391
921 921
922 265
923 125
924 525
925 755
926 869
927 801
928 725
929 583
930 919
931 501
932 538
933 10
934 729
935 553
936 926
937 394
938 71
939 171
940 137
941 319
942 355
943 209
944 10
945 968
946 977
947 997
948 286
949 902
950 232
951 104
952 268
953 922
954 271
955 233
956 440
957 724
958 217
959 845
960 72
961 618
962 525
963 903
964 256
965 911
966 85
967 449
968 224
969 523
970 642
971 165
972 168
973 779
974 24
975 523
976 840
977 33
978 393
979 837
980 927
981 295
982 829
983 592
984 674
985 479
986 469
987 150
988 593
989 123
990 429
991 230
992 37
993 146
994 641
995 897
996 372
997 584
998 544
999 259
1000 578
1001 281
1002 516
1003 857
1004 511
1005 380
1006 978
1007 793
1008 322
1009 159
1010 478
1011 571
1012 739
1013 804
1014 54
1015 532
1016 353
1017 253
1018 217
1019 767
1020 45
1021 374
1022 126
1023 928
1024 434
1025 655
1026 290
1027 368
1028 8
1029 749
1030 20
1031 577
1032 313
1033 360
1034 349
1035 141
1036 129
1037 67
1038 766
1039 955
1040 789
1041 247
1042 675
1043 576
1044 131
1045 540
1046 156
1047 798
1048 533
1049 302
1050 481
1051 945
1052 893
1053 282
1054 938
1055 511
1056 908
1057 732
1058 557
1059 123
1060 789
1061 579
1062 570
1063 139
1064 891
1065 569
1066 949
1067 218
1068 540
1069 254
1070 727
1071 773
1072 432
1073 524
1074 554
1075 317
1076 355
1077 951
1078 15
1079 555
1080 224
1081 46
1082 6
1083 862
1084 699
1085 705
1086 168
1087 277
1088 891
1089 444
1090 996
1091 508
1092 274
1093 814
1094 721
1095 832
1096 301
1097 219
1098 348
1099 779
1100 112
1101 901
1102 901
1103 49
1104 421
1105 259
1106 100
1107 943
1108 513
1109 800
1110 758
1111 479
1112 901
1113 327
1114 193
1115 669
1116 51
1117 401
1118 197
1119 649
1120 227
1121 425
1122 887
1123 690
1124 170
1125 655
1126 374
1127 808
1128 598
1129 812
1130 818
1131 321
1132 183
1133 74
1134 326
1135 833
1136 819
1137 33
1138 253
1139 605
1140 330
1141 901
1142 419
1143 933
1144 842
1145 871
1146 676
1147 39
1148 919
1149 367
1150 757
1151 831
1152 281
1153 883
1154 366
1155 119
1156 838
1157 381
1158 174
1159 283
1160 64
1161 901
1162 653
1163 475
1164 842
1165 79
1166 548
1167 524
1168 671
1169 240
1170 554
1171 633
1172 180
1173 944
1174 661
1175 522
1176 551
1177 505
1178 717
1179 423
1180 543
1181 936
1182 653
1183 761
1184 747
1185 154
1186 163
1187 463
1188 526
1189 345
1190 425
1191 645
1192 728
1193 938
1194 133
1195 729
1196 697
1197 478
1198 466
1199 464
1200 895
1201 890
1202 633
1203 625
1204 139
1205 688
1206 937
1207 330
1208 28
1209 671
1210 641
1211 652
1212 476
1213 200
1214 829
1215 966
1216 266
1217 848
1218 356
1219 948
1220 95
1221 104
1222 861
1223 537
1224 61
1225 422
1226 930
1227 700
1228 652
1229 645
1230 243
1231 752
1232 410
1233 189
1234 302
1235 795
1236 106
1237 321
1238 89
1239 899
1240 322
1241 703
1242 686
1243 671
1244 839
1245 854
1246 188
1247 948
1248 9
1249 885
1250 216
1251 463
1252 370
1253 399
1254 117
1255 13
1256 674
1257 420
1258 188
1259 80
1260 106
1261 713
1262 774
1263 553
1264 619
1265 194
1266 866
1267 276
1268 886
1269 856
1270 656
1271 764
1272 739
1273 170
1274 322
1275 633
1276 811
1277 586
1278 493
1279 133
1280 522
1281 263
1282 746
1283 995
1284 929
1285 19
1286 705
1287 346
1288 764
1289 949
1290 330
1291 789
1292 188
1293 88
1294 491
1295 951
1296 111
1297 981
1298 38
1299 280
1300 644
1301 23
1302 215
1303 760
1304 504
1305 326
1306 916
1307 402
1308 275
1309 535
1310 653
1311 759
1312 877
1313 118
1314 227
1315 88
1316 246
1317 140
1318 139
1319 8
1320 227
1321 541
1322 686
1323 359
1324 775
1325 786
1326 986
1327 569
1328 730
1329 506
1330 483
1331 136
1332 3
1333 182
1334 104
1335 7
1336 60
1337 820
1338 23
1339 109
1340 422
1341 689
1342 821
1343 602
1344 317
1345 680
1346 4
1347 390
1348 655
1349 60
1350 185
1351 447
1352 86
1353 319
1354 424
1355 620
1356 535
1357 486
1358 19
1359 726
1360 81
1361 282
1362 575
1363 622
1364 767
1365 439
1366 288
1367 344
1368 277
1369 106
1370 428
1371 968
1372 128
1373 42
1374 841
1375 3
1376 123
1377 832
1378 412
1379 100
1380 411
1381 720
1382 791
1383 81
1384 129
1385 883
1386 750
1387 231
1388 869
1389 436
1390 894
1391 283
1392 267
1393 829
1394 928
1395 657
1396 202
1397 683
1398 410
1399 251
1400 589
1401 677
1402 455
1403 176
1404 448
1405 60
1406 924
1407 923
1408 710
1409 602
1410 670
1411 869
1412 52
1413 506
1414 694
1415 838
1416 874
1417 115
1418 793
1419 61
1420 136
1421 352
1422 371
1423 157
1424 341
1425 606
1426 183
1427 7
1428 752
1429 13
1430 738
1431 648
1432 4
1433 793
1434 568
1435 142
1436 688
1437 50
1438 185
1439 36
1440 200
1441 648
1442 564
1443 638
1444 287
1445 742
1446 169
1447 953
1448 907
1449 483
1450 748
1451 315
1452 991
1453 925
1454 786
1455 969
1456 925
1457 11
1458 713
1459 729
1460 407
1461 840
1462 615
1463 977
1464 863
1465 297
1466 594
1467 685
1468 454
1469 878
1470 402
1471 462
1472 171
1473 393
1474 941
1475 408
1476 723
1477 315
1478 636
1479 171
1480 236
1481 690
1482 739
1483 8
1484 444
1485 347
1486 813
1487 755
1488 40
1489 951
1490 153
1491 191
1492 437
1493 197
1494 945
1495 376
1496 489
1497 240
1498 236
1499 195
1500 241
1501 326
1502 869
1503 223
1504 793
1505 181
1506 444
1507 511
1508 737
1509 389
1510 3
1511 650
1512 829
1513 994
1514 417
1515 483
1516 681
1517 324
1518 75
1519 171
1520 630
1521 667
1522 781
1523 332
1524 539
1525 177
1526 625
1527 824
1528 503
1529 748
1530 353
1531 630
1532 266
1533 329
1534 986
1535 14
1536 18
1537 964
1538 69
1539 262
1540 457
1541 217
1542 866
1543 101
1544 112
1545 577
1546 223
1547 828
1548 909
1549 933
1550 985
1551 551
1552 106
1553 845
1554 596
1555 234
1556 915
1557 108
1558 726
1559 604
1560 710
1561 211
1562 794
1563 758
1564 145
1565 977
1566 35
1567 955
1568 454
1569 271
1570 0
1571 237
1572 599
1573 829
1574 194
1575 690
1576 915
1577 219
1578 461
1579 163
1580 14
1581 466
1582 61
1583 112
1584 118
1585 85
1586 130
1587 514
1588 157
1589 35
1590 179
1591 270
1592 264
1593 836
1594 561
1595 999
1596 263
1597 532
1598 132
1599 569
1600 969
1601 364
1602 61
1603 308
1604 217
1605 800
1606 361
1607 440
1608 316
1609 152
1610 90
1611 729
1612 296
1613 594
1614 971
1615 69
1616 104
1617 150
1618 121
1619 256
1620 660
1621 91
1622 466
1623 424
1624 747
1625 478
1626 451
1627 209
1628 534
1629 197
1630 827
1631 152
1632 259
1633 644
1634 595
1635 690
1636 251
1637 700
1638 266
1639 83
1640 552
1641 784
1642 453
1643 448
1644 75
1645 245
1646 833
1647 443
1648 768
1649 747
1650 351
1651 551
1652 192
1653 900
1654 712
1655 533
1656 481
1657 160
1658 194
1659 747
1660 704
1661 630
1662 263
1663 206
1664 204
1665 640
1666 677
1667 335
1668 85
1669 873
1670 31
1671 247
1672 419
1673 790
1674 502
1675 963
1676 719
1677 657
1678 377
1679 165
1680 91
1681 485
1682 781
1683 158
1684 209
1685 20
1686 280
1687 888
1688 237
1689 884
1690 698
1691 204
1692 851
1693 472
1694 60
1695 932
1696 165
1697 689
1698 486
1699 918
1700 20
1701 601
1702 410
1703 430
1704 101
1705 562
1706 669
1707 376
1708 442
1709 256
1710 715
1711 791
1712 697
1713 562
1714 619
1715 861
1716 704
1717 523
1718 296
1719 937
1720 789
1721 621
1722 557
1723 314
1724 672
1725 864
1726 585
1727 564
1728 222
1729 955
1730 993
1731 45
1732 400
1733 963
1734 824
1735 70
1736 772
1737 480
1738 103
1739 53
1740 679
1741 75
1742 31
1743 750
1744 523
1745 516
1746 684
1747 645
1748 769
1749 715
1750 537
1751 556
1752 649
1753 316
1754 51
1755 368
1756 626
1757 274
1758 993
1759 17
1760 175
1761 503
1762 484
1763 497
1764 825
1765 914
1766 849
1767 492
1768 618
1769 401
1770 840
1771 997
1772 715
1773 156
1774 995
1775 295
1776 995
1777 692
1778 738
1779 283
1780 274
1781 76
1782 409
1783 249
1784 784
1785 314
1786 385
1787 700
1788 115
1789 822
1790 845
1791 120
1792 241
1793 319
1794 459
1795 258
1796 471
1797 381
1798 714
1799 443
1800 330
1801 109
1802 803
1803 771
1804 288
1805 449
1806 989
1807 165
1808 299
1809 359
1810 437
1811 754
1812 894
1813 502
1814 631
1815 90
1816 163
1817 351
1818 340
1819 382
1820 569
1821 984
1822 408
1823 159
1824 126
1825 378
1826 463
1827 810
1828 943
1829 563
1830 228
1831 562
1832 654
1833 154
1834 36
1835 604
1836 372
1837 363
1838 699
1839 134
1840 903
1841 631
1842 377
1843 468
1844 2
1845 419
1846 239
1847 963
1848 566
1849 509
1850 449
1851 553
1852 916
1853 379
1854 992
1855 351
1856 731
1857 789
1858 563
1859 94
1860 113
1861 538
1862 579
1863 127
1864 456
1865 737
1866 528
1867 443
1868 59
1869 183
1870 849
1871 22
1872 297
1873 25
1874 139
1875 497
1876 653
1877 893
1878 520
1879 316
1880 834
1881 501
1882 25
1883 225
1884 953
1885 510
1886 617
1887 351
1888 403
1889 297
1890 87
1891 106
1892 926
1893 820
1894 839
1895 869
1896 990
1897 395
1898 840
1899 920
1900 375
1901 306
1902 70
1903 405
1904 315
1905 409
1906 844
1907 600
1908 845
1909 692
1910 398
1911 741
1912 957
1913 46
1914 565
1915 370
1916 261
1917 522
1918 786
1919 592
1920 829
1921 557
1922 393
1923 86
1924 563
1925 561
1926 37
1927 568
1928 539
1929 794
1930 613
1931 710
1932 564
1933 523
1934 470
1935 824
1936 833
1937 839
1938 0
1939 405
1940 672
1941 736
1942 981
1943 873
1944 836
1945 218
1946 244
1947 333
1948 989
1949 296
1950 737
1951 464
1952 297
1953 4
1954 1
1955 786
1956 58
1957 996
1958 643
1959 114
1960 947
1961 202
1962 944
1963 874
1964 710
1965 511
1966 175
1967 935
1968 388
1969 56
1970 282
1971 280
1972 968
1973 134
1974 752
1975 540
1976 46
1977 40
1978 476
1979 561
1980 3
1981 740
1982 802
1983 174
1984 133
1985 304
1986 351
1987 682
1988 450
1989 286
1990 521
1991 122
1992 4
1993 80
1994 50
1995 755
1996 376
1997 583
1998 411
1999 899
2000 627
2001 645
2002 78
2003 335
2004 982
2005 814
2006 348
2007 918
2008 183
2009 441
2010 446
2011 937
2012 643
2013 349
2014 920
2015 433
2016 246
2017 792
2018 689
2019 306
2020 751
2021 90
2022 168
2023 710
2024 474
2025 601
2026 202
2027 300
2028 536
2029 565
2030 511
2031 618
2032 941
2033 516
2034 752
2035 143
2036 309
2037 345
2038 6
2039 332
2040 599
2041 856
2042 724
2043 87
2044 813
2045 743
2046 496
2047 849
2048 98
2049 836
2050 222
2051 327
2052 716
2053 277
2054 652
2055 171
2056 615
2057 805
2058 362
2059 345
2060 778
2061 90
2062 420
2063 563
2064 374
2065 960
2066 603
2067 672
2068 835
2069 616
2070 820
2071 744
2072 564
2073 436
2074 930
2075 283
2076 711
2077 259
2078 35
2079 114
2080 703
2081 76
2082 550
2083 294
2084 175
2085 457
2086 749
2087 582
2088 52
2089 608
2090 142
2091 156
2092 843
2093 940
2094 952
2095 14
2096 540
2097 742
2098 75
2099 973
2100 948
2101 613
2102 149
2103 274
2104 49
2105 275
2106 543
2107 320
2108 190
2109 283
2110 253
2111 317
2112 57
2113 381
2114 854
2115 192
2116 300
2117 431
2118 761
2119 40
2120 786
2121 469
2122 399
2123 372
2124 302
2125 561
2126 579
2127 44
2128 718
2129 131
2130 465
2131 69
2132 690
2133 394
2134 268
2135 174
2136 935
2137 683
2138 454
2139 484
2140 223
2141 163
2142 575
2143 653
2144 594
2145 248
2146 924
2147 763
2148 60
2149 506
2150 996
2151 850
2152 254
2153 31
2154 352
2155 886
2156 979
2157 16
2158 951
2159 45
2160 449
2161 482
2162 817
2163 461
2164 389
2165 526
2166 608
2167 272
2168 876
2169 425
2170 39
2171 488
2172 946
2173 742
2174 988
2175 251
2176 253
2177 504
2178 441
2179 582
2180 84
2181 577
2182 499
2183 448
2184 808
2185 960
2186 212
2187 483
2188 158
2189 203
2190 425
2191 483
2192 106
2193 401
2194 79
2195 915
2196 412
2197 379
2198 180
2199 756
2200 935
2201 414
2202 664
2203 546
2204 130
2205 494
2206 572
2207 40
2208 871
2209 741
2210 21
2211 18
2212 554
2213 920
2214 213
2215 412
2216 830
2217 688
2218 604
2219 852
2220 313
2221 557
2222 393
2223 76
2224 286
2225 824
2226 145
2227 241
2228 875
2229 798
2230 653
2231 456
2232 146
2233 993
2234 453
2235 409
2236 505
2237 261
2238 28
2239 831
2240 421
2241 241
2242 918
2243 934
2244 780
2245 263
2246 686
2247 494
2248 395
2249 912
2250 12
2251 58
2252 14
2253 896
2254 906
2255 341
2256 765
2257 169
2258 417
2259 181
2260 908
2261 112
2262 316
2263 806
2264 344
2265 438
2266 550
2267 225
2268 969
2269 618
2270 688
2271 367
2272 565
2273 429
2274 201
2275 30
2276 389
2277 964
2278 239
2279 164
2280 74
2281 536
2282 866
2283 429
2284 823
2285 936
2286 629
2287 996
2288 122
2289 989
2290 45
2291 706
2292 866
2293 280
2294 492
2295 325
2296 138
2297 965
2298 447
2299 348
2300 726
2301 559
2302 23
2303 674
2304 424
2305 381
2306 698
2307 12
2308 871
2309 640
2310 428
2311 943
2312 340
2313 782
2314 773
2315 367
2316 805
2317 482
2318 736
2319 646
2320 859
2321 693
2322 766
2323 513
2324 569
2325 297
2326 298
2327 945
2328 581
2329 970
2330 195
2331 492
2332 82
2333 228
2334 519
2335 572
2336 772
2337 397
2338 185
2339 878
2340 216
2341 691
2342 704
2343 748
2344 15
2345 754
2346 943
2347 344
2348 126
2349 284
2350 379
2351 599
2352 120
2353 392
2354 319
2355 832
2356 678
2357 739
2358 200
2359 125
2360 64
2361 78
2362 822
2363 572
2364 881
2365 353
2366 357
2367 148
2368 519
2369 617
2370 105
2371 330
2372 481
2373 883
2374 821
2375 933
2376 382
2377 921
2378 797
2379 774
2380 459
2381 75
2382 108
2383 232
2384 356
2385 855
2386 486
2387 828
2388 811
2389 116
2390 928
2391 37
2392 390
2393 904
2394 245
2395 686
2396 237
2397 543
2398 564
2399 220
2400 391
2401 741
2402 307
2403 127
2404 958
2405 704
2406 59
2407 151
2408 422
2409 895
2410 279
2411 665
2412 447
2413 934
2414 152
2415 45
2416 659
2417 677
2418 387
2419 683
2420 193
2421 682
2422 698
2423 15
2424 198
2425 663
2426 159
2427 200
2428 670
2429 456
2430 904
2431 943
2432 567
2433 358
2434 657
2435 245
2436 182
2437 621
2438 705
2439 24
2440 267
2441 758
2442 650
2443 130
2444 66
2445 570
2446 295
2447 293
2448 491
2449 601
2450 53
2451 594
2452 578
2453 239
2454 160
2455 785
2456 360
2457 148
2458 834
2459 655
2460 339
2461 42
2462 386
2463 770
2464 422
2465 316
2466 225
2467 41
2468 678
2469 589
2470 85
2471 905
2472 319
2473 430
2474 125
2475 173
2476 479
2477 195
2478 514
2479 377
2480 377
2481 607
2482 220
2483 255
2484 944
2485 15
2486 31
2487 811
2488 226
2489 481
2490 126
2491 944
2492 406
2493 667
2494 20
2495 886
2496 688
2497 408
2498 865
2499 821
2500 918
2501 771
2502 224
2503 738
2504 323
2505 295
2506 344
2507 57
2508 989
2509 631
2510 755
2511 711
2512 886
2513 394
2514 355
2515 558
2516 481
2517 809
2518 101
2519 693
2520 999
2521 114
2522 709
2523 797
2524 14
2525 502
2526 551
2527 13
2528 756
2529 417
2530 950
2531 260
2532 931
2533 177
2534 454
2535 424
2536 235
2537 573
2538 93
2539 380
2540 576
2541 702
2542 525
2543 207
2544 505
2545 891
2546 528
2547 896
2548 56
2549 335
2550 676
2551 865
2552 714
2553 41
2554 53
2555 590
2556 396
2557 194
2558 21
2559 872
2560 246
2561 601
2562 621
2563 392
2564 957
2565 871
2566 139
2567 133
2568 376
2569 493
2570 284
2571 193
2572 573
2573 613
2574 444
2575 310
2576 601
2577 891
2578 809
2579 113
2580 773
2581 168
2582 896
2583 366
2584 539
2585 603
2586 270
2587 631
2588 103
2589 761
2590 27
2591 499
2592 252
2593 520
2594 886
2595 946
2596 548
2597 146
2598 428
2599 960
2600 496
2601 651
2602 968
2603 499
2604 936
2605 867
2606 516
2607 763
2608 488
2609 268
2610 534
2611 866
2612 411
2613 949
2614 855
2615 76
2616 258
2617 678
2618 217
2619 561
2620 612
2621 603
2622 754
2623 47
2624 593
2625 493
2626 178
2627 821
2628 727
2629 786
2630 143
2631 827
2632 810
2633 80
2634 932
2635 811
2636 27
2637 329
2638 658
2639 42
2640 371
2641 476
2642 821
2643 667
2644 224
2645 419
2646 935
2647 104
2648 121
2649 822
2650 680
2651 207
2652 45
2653 514
2654 19
2655 689
2656 354
2657 347
2658 670
2659 379
2660 919
2661 478
2662 482
2663 80
2664 521
2665 226
2666 468
2667 786
2668 696
2669 471
2670 308
2671 763
2672 301
2673 824
2674 267
2675 401
2676 941
2677 267
2678 600
2679 901
2680 136
2681 735
2682 418
2683 777
2684 391
2685 520
2686 362
2687 400
2688 602
2689 376
2690 858
2691 348
2692 803
2693 276
2694 172
2695 355
2696 192
2697 542
2698 152
2699 194
2700 689
2701 108
2702 854
2703 490
2704 24
2705 358
2706 361
2707 908
2708 929
2709 56
2710 689
2711 53
2712 768
2713 68
2714 889
2715 841
2716 677
2717 503
2718 64
2719 279
2720 415
2721 231
2722 535
2723 57
2724 118
2725 637
2726 81
2727 635
2728 602
2729 412
2730 557
2731 425
2732 142
2733 411
2734 464
2735 606
2736 213
2737 611
2738 38
2739 533
2740 102
2741 932
2742 733
2743 952
2744 156
2745 265
2746 276
2747 418
2748 902
2749 82
2750 618
2751 179
2752 615
2753 889
2754 158
2755 621
2756 443
2757 948
2758 998
2759 456
2760 257
2761 29
2762 201
2763 243
2764 995
2765 393
2766 663
2767 795
2768 160
2769 300
2770 189
2771 253
2772 807
2773 742
2774 320
2775 350
2776 813
2777 17
2778 378
2779 294
2780 88
2781 864
2782 720
2783 647
2784 744
2785 571
2786 349
2787 180
2788 728
2789 353
2790 396
2791 813
2792 455
2793 864
2794 981
2795 576
2796 413
2797 361
2798 466
2799 152
2800 699
2801 909
2802 717
2803 444
2804 685
2805 475
2806 848
2807 755
2808 226
2809 565
2810 781
2811 414
2812 638
2813 253
2814 404
2815 585
2816 43
2817 785
2818 329
2819 227
2820 828
2821 964
2822 659
2823 88
2824 921
2825 731
2826 954
2827 424
2828 411
2829 52
2830 60
2831 410
2832 932
2833 386
2834 183
2835 911
2836 100
2837 157
2838 472
2839 540
2840 920
2841 44
2842 965
2843 475
2844 692
2845 796
2846 185
2847 842
2848 190
2849 423
2850 505
2851 21
2852 355
2853 429
2854 160
2855 593
2856 220
2857 695
2858 939
2859 885
2860 332
2861 611
2862 562
2863 311
2864 738
2865 854
2866 487
2867 651
2868 277
2869 446
2870 49
2871 314
2872 632
2873 533
2874 825
2875 795
2876 861
2877 584
2878 324
2879 298
2880 139
2881 708
2882 385
2883 827
2884 800
2885 832
2886 480
2887 453
2888 517
2889 996
2890 965
2891 191
2892 265
2893 828
2894 189
2895 662
2896 990
2897 251
2898 521
2899 36
2900 174
2901 226
2902 922
2903 788
2904 117
2905 563
2906 969
2907 404
2908 927
2909 365
2910 175
2911 891
2912 563
2913 526
2914 14
2915 736
2916 67
2917 29
2918 489
2919 603
2920 78
2921 21
2922 204
2923 830
2924 220
2925 953
2926 201
2927 194
2928 27
2929 683
2930 112
2931 959
2932 381
2933 381
2934 463
2935 691
2936 952
2937 681
2938 364
2939 209
2940 608
2941 558
2942 792
2943 288
2944 698
2945 903
2946 968
2947 305
2948 587
2949 247
2950 437
2951 424
2952 698
2953 55
2954 788
2955 354
2956 99
2957 537
2958 150
2959 207
2960 352
2961 41
2962 408
2963 172
2964 425
2965 277
2966 868
2967 118
2968 384
2969 536
2970 54
2971 64
2972 657
2973 259
2974 892
2975 798
2976 231
2977 574
2978 316
2979 210
2980 336
2981 580
2982 41
2983 590
2984 483
2985 354
2986 876
2987 414
2988 916
2989 159
2990 932
2991 607
2992 904
2993 455
2994 715
2995 883
2996 256
2997 568
2998 594
2999 560
3000 808
3001 779
3002 259
3003 213
3004 299
3005 895
3006 917
3007 141
3008 57
3009 5
3010 690
3011 489
3012 864
3013 562
3014 658
3015 972
3016 246
3017 187
3018 858
3019 155
3020 178
3021 471
3022 853
3023 733
3024 837
3025 929
3026 457
3027 447
3028 718
3029 818
3030 914
3031 697
3032 72
3033 233
3034 370
3035 370
3036 272
3037 263
3038 185
3039 92
3040 123
3041 219
3042 228
3043 637
3044 513
3045 494
3046 277
3047 863
3048 573
3049 196
3050 648
3051 143
3052 420
3053 845
3054 254
3055 120
3056 799
3057 341
3058 699
3059 396
3060 331
3061 55
3062 568
3063 177
3064 145
3065 875
3066 342
3067 269
3068 652
3069 865
3070 72
3071 39
3072 756
3073 276
3074 38
3075 574
3076 51
3077 807
3078 945
3079 132
3080 540
3081 151
3082 88
3083 957
3084 956
3085 200
3086 1
3087 662
3088 705
3089 367
3090 366
3091 630
3092 339
3093 40
3094 21
3095 732
3096 574
3097 254
3098 879
3099 297
3100 559
3101 822
3102 19
3103 688
3104 538
3105 467
3106 498
3107 202
3108 230
3109 448
3110 885
3111 141
3112 679
3113 754
3114 850
3115 947
3116 735
3117 987
3118 361
3119 58
3120 477
3121 447
3122 868
3123 139
3124 89
3125 788
3126 156
3127 74
3128 44
3129 666
3130 897
3131 591
3132 246
3133 397
3134 71
3135 842
3136 648
3137 938
3138 852
3139 552
3140 685
3141 534
3142 86
3143 543
3144 179
3145 941
3146 936
3147 512
3148 408
3149 307
3150 541
3151 929
3152 41
3153 5
3154 705
3155 971
3156 231
3157 205
3158 705
3159 893
3160 8
3161 867
3162 193
3163 903
3164 809
3165 826
3166 904
3167 365
3168 140
3169 137
3170 78
3171 15
3172 885
3173 135
3174 411
3175 442
3176 266
3177 823
3178 634
3179 994
3180 789
3181 491
3182 999
3183 693
3184 454
3185 21
3186 992
3187 59
3188 994
3189 394
3190 245
3191 229
3192 375
3193 983
3194 926
3195 43
3196 615
3197 414
3198 418
3199 96
3200 396
3201 345
3202 674
3203 709
3204 771
3205 0
3206 224
3207 450
3208 983
3209 972
3210 817
3211 487
3212 414
3213 316
3214 65
3215 541
3216 648
3217 972
3218 968
3219 928
3220 371
3221 775
3222 911
3223 924
3224 855
3225 562
3226 415
3227 7
3228 901
3229 661
3230 929
3231 231
3232 640
3233 897
3234 575
3235 140
3236 528
3237 561
3238 153
3239 396
3240 99
3241 451
3242 56
3243 671
3244 340
3245 41
3246 334
3247 719
3248 986
3249 507
3250 430
3251 630
3252 326
3253 805
3254 523
3255 485
3256 79
3257 199
3258 27
3259 67
3260 541
3261 329
3262 431
3263 566
3264 860
3265 272
3266 114
3267 789
3268 884
3269 712
3270 203
3271 251
3272 121
3273 681
3274 144
3275 888
3276 673
3277 961
3278 254
3279 237
3280 481
3281 593
3282 865
3283 270
3284 64
3285 630
3286 606
3287 419
3288 860
3289 528
3290 537
3291 671
3292 981
3293 798
3294 607
3295 815
3296 25
3297 389
3298 495
3299 964
3300 175
3301 379
3302 134
3303 847
3304 988
3305 840
3306 735
3307 804
3308 939
3309 302
3310 228
3311 803
3312 672
3313 990
3314 884
3315 754
3316 575
3317 891
3318 273
3319 624
3320 108
3321 701
3322 182
3323 643
3324 76
3325 335
3326 868
3327 274
3328 389
3329 984
3330 940
3331 143
3332 897
3333 364
3334 405
3335 182
3336 751
3337 216
3338 872
3339 408
3340 78
3341 311
3342 637
3343 241
3344 413
3345 463
3346 990
3347 844
3348 473
3349 79
3350 282
3351 688
3352 106
3353 312
3354 544
3355 484
3356 938
3357 914
3358 322
3359 495
3360 75
3361 767
3362 72
3363 227
3364 517
3365 522
3366 478
3367 688
3368 763
3369 421
3370 334
3371 745
3372 166
3373 514
3374 905
3375 957
3376 193
3377 282
3378 45
3379 627
3380 492
3381 439
3382 512
3383 248
3384 58
3385 882
3386 905
3387 676
3388 638
3389 235
3390 667
3391 28
3392 647
3393 907
3394 281
3395 523
3396 637
3397 757
3398 275
3399 324
3400 363
3401 915
3402 15
3403 497
3404 175
3405 684
3406 651
3407 797
3408 564
3409 674
3410 475
3411 232
3412 718
3413 613
3414 559
3415 14
3416 822
3417 216
3418 803
3419 733
3420 648
3421 555
3422 884
3423 670
3424 19
3425 922
3426 620
3427 102
3428 169
3429 207
3430 665
3431 85
3432 846
3433 429
3434 910
3435 710
3436 767
3437 256
3438 140
3439 120
3440 44
3441 707
3442 920
3443 512
3444 559
3445 733
3446 507
3447 133
3448 785
3449 377
3450 578
3451 142
3452 310
3453 651
3454 836
3455 574
3456 887
3457 334
3458 797
3459 352
3460 470
3461 876
3462 115
3463 362
3464 243
3465 128
3466 607
3467 241
3468 555
3469 937
3470 484
3471 654
3472 948
3473 574
3474 727
3475 600
3476 978
3477 701
3478 291
3479 346
3480 929
3481 441
3482 220
3483 337
3484 674
3485 930
3486 377
3487 72
3488 38
3489 219
3490 973
3491 713
3492 591
3493 2
3494 739
3495 283
3496 740
3497 942
3498 24
3499 632
3500 507
3501 916
3502 648
3503 806
3504 903
3505 259
3506 452
3507 960
3508 20
3509 876
3510 433
3511 974
3512 261
3513 814
3514 32
3515 131
3516 523
3517 119
3518 291
3519 345
3520 230
3521 707
3522 612
3523 406
3524 149
3525 844
3526 101
3527 151
3528 546
3529 936
3530 408
3531 240
3532 784
3533 855
3534 332
3535 413
3536 883
3537 309
3538 370
3539 319
3540 550
3541 768
3542 340
3543 440
3544 788
3545 600
3546 680
3547 558
3548 25
3549 357
3550 0
3551 280
3552 792
3553 546
3554 551
3555 599
3556 655
3557 722
3558 779
3559 480
3560 73
3561 802
3562 704
3563 431
3564 769
3565 529
3566 828
3567 404
3568 954
3569 686
3570 703
3571 354
3572 343
3573 620
3574 525
3575 473
3576 434
3577 814
3578 823
3579 752
3580 693
3581 265
3582 555
3583 440
3584 409
3585 792
3586 127
3587 399
3588 441
3589 789
3590 673
3591 158
3592 471
3593 802
3594 267
3595 728
3596 239
3597 638
3598 203
3599 796
3600 7
3601 577
3602 367
3603 976
3604 316
3605 144
3606 296
3607 794
3608 449
3609 67
3610 812
3611 319
3612 241
3613 223
3614 721
3615 568
3616 932
3617 586
3618 910
3619 730
3620 326
3621 9
3622 753
3623 176
3624 498
3625 929
3626 867
3627 373
3628 852
3629 903
3630 815
3631 961
3632 39
3633 579
3634 51
3635 124
3636 874
3637 114
3638 256
3639 919
3640 410
3641 905
3642 629
3643 109
3644 205
3645 655
3646 963
3647 167
3648 756
3649 487
3650 734
3651 814
3652 462
3653 371
3654 556
3655 277
3656 257
3657 373
3658 281
3659 391
3660 717
3661 613
3662 295
3663 176
3664 793
3665 414
3666 531
3667 24
3668 570
3669 80
3670 973
3671 754
3672 998
3673 34
3674 41
3675 446
3676 28
3677 289
3678 466
3679 578
3680 22
3681 272
3682 887
3683 886
3684 359
3685 858
3686 772
3687 236
3688 328
3689 101
3690 224
3691 324
3692 152
3693 986
3694 154
3695 767
3696 317
3697 498
3698 438
3699 357
3700 286
3701 366
3702 107
3703 49
3704 453
3705 133
3706 994
3707 914
3708 439
3709 687
3710 383
3711 66
3712 900
3713 543
3714 347
3715 858
3716 220
3717 304
3718 587
3719 864
3720 467
3721 724
3722 44
3723 290
3724 408
3725 795
3726 0
3727 162
3728 870
3729 770
3730 513
3731 658
3732 46
3733 846
3734 262
3735 647
3736 775
3737 808
3738 60
3739 645
3740 156
3741 232
3742 447
3743 774
3744 595
3745 758
3746 717
3747 695
3748 886
3749 670
3750 936
3751 410
3752 640
3753 449
3754 350
3755 287
3756 661
3757 526
3758 596
3759 210
3760 419
3761 343
3762 807
3763 935
3764 943
3765 926
3766 381
3767 17
3768 596
3769 740
3770 343
3771 483
3772 709
3773 669
3774 211
3775 911
3776 242
3777 932
3778 395
3779 692
3780 893
3781 673
3782 850
3783 500
3784 237
3785 962
3786 849
3787 183
3788 541
3789 974
3790 843
3791 688
3792 717
3793 79
3794 410
3795 412
3796 532
3797 83
3798 570
3799 327
3800 486
3801 258
3802 364
3803 242
3804 79
3805 413
3806 938
3807 233
3808 353
3809 420
3810 436
3811 343
3812 832
3813 994
3814 104
3815 682
3816 644
3817 872
3818 22
3819 967
3820 696
3821 339
3822 703
3823 250
3824 687
3825 972
3826 554
3827 505
3828 850
3829 861
3830 224
3831 935
3832 131
3833 644
3834 568
3835 17
3836 459
3837 302
3838 328
3839 125
3840 191
3841 807
3842 168
3843 463
3844 414
3845 604
3846 454
3847 405
3848 759
3849 857
3850 635
3851 5
3852 254
3853 480
3854 838
3855 95
3856 404
3857 224
3858 727
3859 930
3860 818
3861 922
3862 688
3863 309
3864 762
3865 254
3866 274
3867 745
3868 484
3869 759
3870 908
3871 427
3872 294
3873 342
3874 749
3875 377
3876 36
3877 881
3878 645
3879 553
3880 550
3881 935
3882 82
3883 500
3884 871
3885 843
3886 68
3887 258
3888 362
3889 26
3890 655
3891 859
3892 692
3893 328
3894 392
3895 488
3896 910
3897 733
3898 584
3899 934
3900 596
3901 602
3902 663
3903 136
3904 162
3905 740
3906 450
3907 918
3908 258
3909 176
3910 613
3911 5
3912 57
3913 435
3914 440
3915 931
3916 342
3917 614
3918 624
3919 110
3920 701
3921 180
3922 704
3923 393
3924 387
3925 108
3926 42
3927 642
3928 321
3929 404
3930 156
3931 435
3932 390
3933 287
3934 680
3935 18
3936 297
3937 94
3938 625
3939 944
3940 364
3941 887
3942 371
3943 287
3944 526
3945 709
3946 802
3947 421
3948 566
3949 797