0 1
1 0
2 0
3 0
4 1
5 1
6 0
7 0
8 0
9 0
10 0
11 0
12 1
13 0
14 1
15 1
16 0
17 1
18 1
19 1
20 0
21 1
22 0
23 0
24 1
25 0
26 0
27 0
28 0
29 1
30 1
31 0
32 0
33 1
34 1
35 0
36 1
37 0
38 1
39 1
40 0
41 1
42 1
43 0
44 1
45 0
46 1
47 0
48 1
49 1
50 0
51 0
52 1
53 0
54 0
55 1
56 0
57 0
58 0
59 0
60 1
61 1
62 0
63 1
64 1
65 1
66 0
67 1
68 1
69 0
70 0
71 1
72 1
73 0
74 1
75 1
76 1
77 1
78 1
79 1
80 0
81 0
82 1
83 0
84 0
85 1
86 0
87 1
88 1
89 0
90 0
91 1
92 1
93 1
94 1
95 0
96 0
97 0
98 1
99 1
100 0
101 1
102 1
103 1
104 0
105 1
106 0
107 0
108 1
109 1
110 0
111 0
112 1
113 0
114 0
115 0
116 1
117 0
118 0
119 0
120 1
121 1
122 0
123 1
124 1
125 1
126 1
127 0
128 1
129 0
130 0
131 1
132 1
133 0
134 1
135 1
136 0
137 1
138 1
139 0
140 1
141 0
142 0
143 1
144 0
145 1
146 0
147 1
148 1
149 0
150 1
151 1
152 1
153 1
154 1
155 1
156 1
157 0
158 1
159 1
160 0
161 1
162 0
163 1
164 1
165 1
166 1
167 1
168 1
169 0
170 0
171 0
172 1
173 1
174 1
175 0
176 1
177 1
178 0
179 1
180 1
181 0
182 0
183 0
184 1
185 0
186 0
187 1
188 0
189 0
190 0
191 0
192 0
193 1
194 1
195 1
196 0
197 1
198 1
199 1
200 1
201 0
202 0
203 1
204 0
205 0
206 0
207 1
208 0
209 0
210 0
211 1
212 1
213 1
214 1
215 0
216 0
217 1
218 0
219 0
220 1
221 0
222 0
223 0
224 1
225 0
226 0
227 1
228 0
229 0
230 1
231 0
232 1
233 0
234 1
235 0
236 0
237 0
238 0
239 1
240 0
241 0
242 0
243 0
244 0
245 1
246 0
247 1
248 1
249 0
250 0
251 0
252 1
253 1
254 0
255 0
256 1
257 1
258 0
259 1
260 0
261 0
262 1
263 0
264 0
265 0
266 1
267 1
268 0
269 0
270 1
271 1
272 0
273 0
274 1
275 0
276 0
277 1
278 1
279 0
280 1
281 1
282 1
283 0
284 0
285 0
286 0
287 0
288 0
289 1
290 0
291 0
292 1
293 0
294 0
295 0
296 0
297 1
298 1
299 0
300 0
301 1
302 1
303 0
304 0
305 1
306 1
307 1
308 0
309 1
310 1
311 1
312 0
313 1
314 1
315 0
316 1
317 0
318 0
319 0
320 0
321 0
322 1
323 0
324 1
325 0
326 1
327 0
328 0
329 0
330 0
331 1
332 0
333 0
334 0
335 0
336 0
337 0
338 1
339 0
340 0
341 0
342 0
343 1
344 0
345 0
346 1
347 0
348 0
349 1
350 0
351 1
352 1
353 1
354 1
355 1
356 1
357 1
358 1
359 0
360 0
361 1
362 0
363 0
364 0
365 1
366 1
367 1
368 0
369 0
370 0
371 1
372 1
373 0
374 0
375 0
376 0
377 1
378 1
379 0
380 1
381 1
382 0
383 0
384 0
385 1
386 0
387 0
388 0
389 1
390 0
391 0
392 1
393 1
394 1
395 1
396 1
397 1
398 0
399 0
400 0
401 0
402 0
403 1
404 0
405 1
406 0
407 1
408 1
409 0
410 1
411 1
412 1
413 1
414 1
415 0
416 0
417 1
418 0
419 0
420 0
421 0
422 1
423 1
424 0
425 1
426 0
427 0
428 1
429 1
430 1
431 1
432 0
433 0
434 1
435 0
436 0
437 0
438 1
439 1
440 1
441 0
442 0
443 0
444 1
445 0
446 1
447 0
448 1
449 1
450 1
451 0
452 1
453 1
454 1
455 0
456 1
457 1
458 0
459 1
460 0
461 1
462 0
463 1
464 1
465 1
466 0
467 0
468 1
469 0
470 1
471 1
472 0
473 0
474 1
475 0
476 1
477 1
478 0
479 0
480 0
481 0
482 0
483 0
484 1
485 0
486 1
487 1
488 0
489 1
490 0
491 1
492 0
493 0
494 1
495 0
496 1
497 0
498 0
499 1
500 1
501 0
502 1
503 0
504 1
505 1
506 1
507 0
508 1
509 1
510 1
511 1
512 0
513 1
514 0
515 0
516 1
517 1
518 0
519 0
520 1
521 0
522 1
523 1
524 1
525 1
526 0
527 0
528 0
529 1
530 1
531 0
532 1
533 0
534 0
535 1
536 0
537 1
538 1
539 0
540 1
541 1
542 1
543 0
544 0
545 1
546 1
547 1
548 0
549 1
550 0
551 1
552 1
553 0
554 0
555 1
556 1
557 1
558 1
559 1
560 0
561 0
562 0
563 1
564 1
565 1
566 1
567 0
568 1
569 1
570 1
571 0
572 0
573 0
574 1
575 0
576 1
577 1
578 1
579 0
580 1
581 0
582 1
583 1
584 1
585 1
586 1
587 1
588 1
589 0
590 1
591 0
592 0
593 0
594 0
595 0
596 1
597 1
598 1
599 0
600 0
601 1
602 1
603 0
604 0
605 0
606 0
607 0
608 0
609 1
610 0
611 0
612 0
613 0
614 1
615 1
616 1
617 0
618 0
619 0
620 0
621 1
622 0
623 0
624 1
625 1
626 0
627 0
628 0
629 1
630 0
631 1
632 1
633 0
634 0
635 1
636 1
637 0
638 0
639 1
640 1
641 0
642 1
643 1
644 1
645 1
646 0
647 0
648 0
649 1
650 1
651 1
652 0
653 1
654 0
655 0
656 1
657 1
658 0
659 0
660 1
661 1
662 0
663 1
664 1
665 0
666 1
667 0
668 0
669 1
670 0
671 0
672 0
673 0
674 0
675 0
676 0
677 1
678 0
679 1
680 0
681 0
682 0
683 1
684 1
685 1
686 1
687 1
688 0
689 0
690 1
691 1
692 1
693 0
694 1
695 1
696 1
697 0
698 1
699 1
700 1
701 1
702 0
703 1
704 0
705 0
706 1
707 1
708 0
709 1
710 1
711 1
712 1
713 0
714 0
715 1
716 1
717 0
718 1
719 0
720 1
721 0
722 1
723 1
724 1
725 1
726 0
727 0
728 0
729 0
730 1
731 1
732 0
733 0
734 0
735 1
736 0
737 0
738 1
739 1
740 1
741 0
742 0
743 1
744 1
745 1
746 0
747 1
748 1
749 1
750 1
751 0
752 1
753 0
754 1
755 1
756 1
757 0
758 1
759 0
760 0
761 1
762 0
763 0
764 0
765 0
766 1
767 0
768 0
769 1
770 1
771 0
772 1
773 1
774 1
775 0
776 1
777 0
778 1
779 0
780 0
781 1
782 1
783 1
784 0
785 1
786 1
787 1
788 1
789 0
790 0
791 0
792 0
793 0
794 1
795 0
796 0
797 1
798 1
799 1
800 0
801 0
802 1
803 1
804 0
805 1
806 1
807 1
808 0
809 0
810 1
811 1
812 1
813 0
814 1
815 0
816 0
817 1
818 0
819 1
820 1
821 0
822 0
823 0
824 1
825 0
826 1
827 0
828 1
829 1
830 0
831 1
832 1
833 0
834 0
835 1
836 0
837 1
838 0
839 0
840 0
841 0
842 1
843 0
844 0
845 1
846 0
847 1
848 0
849 1
850 1
851 0
852 0
853 0
854 0
855 1
856 0
857 1
858 1
859 1
860 1
861 0
862 0
863 1
864 0
865 1
866 1
867 1
868 0
869 0
870 1
871 0
872 0
873 0
874 1
875 1
876 0
877 0
878 1
879 1
880 1
881 0
882 0
883 1
884 0
885 1
886 0
887 1
888 0
889 0
890 1
891 1
892 0
893 1
894 0
895 1
896 1
897 1
898 0
899 0
900 0
901 0
902 0
903 0
904 0
905 1
906 0
907 0
908 1
909 1
910 1
911 0
912 0
913 1
914 0
915 1
916 1
917 0
918 0
919 0
920 0
921 1
922 1
923 1
924 0
925 1
926 1
927 0
928 0
929 1
930 0
931 0
932 0
933 0
934 1
935 0
936 1
937 0
938 1
939 1
940 1
941 0
942 1
943 1
944 1
945 0
946 0
947 1
948 1
949 1
950 1
951 1
952 1
953 1
954 0
955 0
956 1
957 1
958 1
959 1
960 0
961 1
962 1
963 0
964 1
965 1
966 0
967 1
968 0
969 0
970 1
971 1
972 1
973 0
974 1
975 0
976 0
977 0
978 1
979 0
980 0
981 1
982 1
983 1
984 0
985 1
986 0
987 1
988 0
989 0
990 1
991 1
992 1
993 1
994 1
995 0
996 0
997 0
998 0
999 1
1000 0
1001 1
1002 1
1003 0
1004 0
1005 1
1006 1
1007 1
1008 1
1009 0
1010 0
1011 1
1012 0
1013 0
1014 1
1015 0
1016 1
1017 1
1018 1
1019 0
1020 0
1021 1
1022 1
1023 1
1024 0
1025 0
1026 0
1027 1
1028 0
1029 0
1030 1
1031 0
1032 0
1033 1
1034 0
1035 0
1036 0
1037 1
1038 0
1039 0
1040 0
1041 0
1042 0
1043 1
1044 1
1045 0
1046 0
1047 1
1048 1
1049 1
1050 0
1051 0
1052 0
1053 0
1054 1
1055 0
1056 1
1057 0
1058 1
1059 0
1060 0
1061 1
1062 0
1063 0
1064 0
1065 1
1066 1
1067 0
1068 0
1069 1
1070 1
1071 0
1072 1
1073 0
1074 1
1075 1
1076 1
1077 0
1078 0
1079 1
1080 1
1081 1
1082 1
1083 1
1084 0
1085 1
1086 1
1087 0
1088 1
1089 0
1090 1
1091 1
1092 0
1093 0
1094 1
1095 0
1096 0
1097 1
1098 1
1099 1
1100 1
1101 0
1102 0
1103 1
1104 1
1105 0
1106 0
1107 1
1108 0
1109 0
1110 0
1111 0
1112 1
1113 1
1114 0
1115 1
1116 0
1117 1
1118 1
1119 1
1120 0
1121 0
1122 1
1123 1
1124 0
1125 0
1126 0
1127 0
1128 0
1129 0
1130 0
1131 1
1132 1
1133 0
1134 0
1135 1
1136 0
1137 0
1138 0
1139 1
1140 0
1141 1
1142 1
1143 1
1144 1
1145 0
1146 1
1147 1
1148 1
1149 1
1150 0
1151 0
1152 0
1153 1
1154 0
1155 0
1156 1
1157 1
1158 1
1159 0
1160 1
1161 0
1162 1
1163 1
1164 1
1165 1
1166 1
1167 0
1168 0
1169 0
1170 1
1171 1
1172 0
1173 1
1174 0
1175 0
1176 0
1177 1
1178 0
1179 0
1180 0
1181 1
1182 0
1183 1
1184 0
1185 0
1186 0
1187 1
1188 0
1189 1
1190 0
1191 1
1192 0
1193 0
1194 0
1195 1
1196 1
1197 1
1198 1
1199 1
1200 1
1201 0
1202 1
1203 1
1204 1
1205 1
1206 0
1207 0
1208 0
1209 1
1210 0
1211 0
1212 1
1213 1
1214 1
1215 0
1216 0
1217 1
1218 1
1219 1
1220 0
1221 1
1222 0
1223 1
1224 0
1225 1
1226 0
1227 0
1228 0
1229 0
1230 1
1231 0
1232 0
1233 0
1234 1
1235 0
1236 1
1237 0
1238 1
1239 1
1240 1
1241 1
1242 0
1243 1
1244 1
1245 1
1246 1
1247 1
1248 0
1249 0
1250 0
1251 0
1252 1
1253 1
1254 0
1255 0
1256 1
1257 1
1258 1
1259 0
1260 0
1261 0
1262 0
1263 1
1264 1
1265 0
1266 0
1267 1
1268 0
1269 1
1270 0
1271 1
1272 1
1273 0
1274 1
1275 0
1276 1
1277 0
1278 0
1279 1
1280 0
1281 1
1282 0
1283 0
1284 0
1285 1
1286 1
1287 1
1288 0
1289 1
1290 1
1291 1
1292 0
1293 1
1294 0
1295 1
1296 0
1297 0
1298 0
1299 1
1300 0
1301 0
1302 0
1303 0
1304 1
1305 0
1306 0
1307 1
1308 1
1309 0
1310 0
1311 0
1312 1
1313 1
1314 1
1315 0
1316 1
1317 0
1318 0
1319 0
1320 0
1321 0
1322 0
1323 1
1324 1
1325 0
1326 0
1327 1
1328 1
1329 0
1330 1
1331 0
1332 0
1333 0
1334 0
1335 0
1336 1
1337 0
1338 0
1339 1
1340 0
1341 0
1342 1
1343 1
1344 0
1345 0
1346 1
1347 0
1348 0
1349 1
1350 1
1351 1
1352 1
1353 1
1354 0
1355 1
1356 1
1357 0
1358 1
1359 0
1360 1
1361 0
1362 0
1363 1
1364 0
1365 0
1366 0
1367 1
1368 1
1369 0
1370 1
1371 0
1372 1
1373 1
1374 1
1375 0
1376 1
1377 1
1378 1
1379 0
1380 1
1381 0
1382 1
1383 1
1384 0
1385 1
1386 1
1387 1
1388 0
1389 0
1390 0
1391 0
1392 0
1393 0
1394 0
1395 1
1396 0
1397 1
1398 1
1399 0
1400 1
1401 1
1402 0
1403 1
1404 1
1405 1
1406 0
1407 1
1408 1
1409 0
1410 0
1411 1
1412 0
1413 1
1414 0
1415 1
1416 0
1417 0
1418 1
1419 1
1420 1
1421 1
1422 1
1423 0
1424 1
1425 0
1426 0
1427 1
1428 1
1429 1
1430 0
1431 0
1432 0
1433 0
1434 1
1435 0
1436 1
1437 0
1438 1
1439 1
1440 0
1441 1
1442 0
1443 1
1444 0
1445 1
1446 1
1447 1
1448 1
1449 0
1450 0
1451 1
1452 0
1453 1
1454 1
1455 1
1456 0
1457 1
1458 0
1459 0
1460 1
1461 0
1462 1
1463 0
1464 0
1465 0
1466 0
1467 1
1468 1
1469 1
1470 1
1471 0
1472 1
1473 1
1474 0
1475 1
1476 0
1477 1
1478 0
1479 0
1480 1
1481 0
1482 1
1483 0
1484 1
1485 1
1486 0
1487 1
1488 0
1489 0
1490 1
1491 0
1492 0
1493 0
1494 0
1495 1
1496 0
1497 0
1498 0
1499 1
1500 1
1501 0
1502 1
1503 0
1504 0
1505 0
1506 1
1507 0
1508 1
1509 0
1510 1
1511 1
1512 0
1513 1
1514 0
1515 0
1516 0
1517 1
1518 1
1519 1
1520 0
1521 1
1522 1
1523 1
1524 0
1525 0
1526 1
1527 0
1528 1
1529 1
1530 0
1531 0
1532 0
1533 0
1534 1
1535 0
1536 0
1537 0
1538 0
1539 1
1540 1
1541 1
1542 0
1543 1
1544 1
1545 1
1546 0
1547 1
1548 1
1549 1
1550 1
1551 1
1552 1
1553 1
1554 0
1555 0
1556 0
1557 1
1558 1
1559 1
1560 0
1561 1
1562 1
1563 0
1564 0
1565 1
1566 0
1567 0
1568 0
1569 1
1570 0
1571 0
1572 0
1573 1
1574 1
1575 1
1576 0
1577 0
1578 0
1579 1
1580 1
1581 1
1582 0
1583 1
1584 1
1585 0
1586 1
1587 0
1588 0
1589 0
1590 1
1591 0
1592 0
1593 1
1594 1
1595 0
1596 0
1597 0
1598 0
1599 0
1600 0
1601 0
1602 1
1603 1
1604 0
1605 1
1606 1
1607 0
1608 1
1609 1
1610 0
1611 1
1612 0
1613 0
1614 1
1615 1
1616 1
1617 1
1618 1
1619 1
1620 0
1621 0
1622 0
1623 0
1624 1
1625 1
1626 1
1627 0
1628 0
1629 1
1630 1
1631 0
1632 1
1633 0
1634 1
1635 0
1636 0
1637 0
1638 1
1639 0
1640 1
1641 0
1642 1
1643 0
1644 0
1645 0
1646 0
1647 1
1648 1
1649 1
1650 0
1651 1
1652 0
1653 1
1654 0
1655 1
1656 0
1657 0
1658 0
1659 1
1660 1
1661 1
1662 1
1663 1
1664 0
1665 1
1666 0
1667 1
1668 1
1669 1
1670 0
1671 1
1672 1
1673 1
1674 1
1675 0
1676 1
1677 1
1678 0
1679 0
1680 1
1681 0
1682 0
1683 0
1684 1
1685 1
1686 1
1687 1
1688 0
1689 0
1690 0
1691 1
1692 1
1693 0
1694 1
1695 1
1696 0
1697 0
1698 1
1699 1
1700 0
1701 1
1702 0
1703 1
1704 1
1705 0
1706 0
1707 1
1708 1
1709 1
1710 0
1711 1
1712 1
1713 0
1714 0
1715 1
1716 1
1717 0
1718 1
1719 1
1720 1
1721 0
1722 1
1723 0
1724 0
1725 0
1726 0
1727 1
1728 1
1729 0
1730 1
1731 0
1732 0
1733 0
1734 0
1735 0
1736 1
1737 1
1738 1
1739 0
1740 0
1741 0
1742 0
1743 1
1744 1
1745 1
1746 1
1747 1
1748 0
1749 1
1750 1
1751 0
1752 0
1753 1
1754 1
1755 0
1756 1
1757 1
1758 0
1759 0
1760 0
1761 0
1762 1
1763 0
1764 1
1765 0
1766 0
1767 1
1768 1
1769 1
1770 0
1771 0
1772 0
1773 1
1774 0
1775 1
1776 0
1777 0
1778 0
1779 0
1780 1
1781 1
1782 0
1783 0
1784 0
1785 0
1786 1
1787 1
1788 1
1789 1
1790 1
1791 0
1792 1
1793 0
1794 0
1795 0
1796 1
1797 1
1798 1
1799 0
1800 0
1801 1
1802 1
1803 1
1804 1
1805 0
1806 0
1807 1
1808 1
1809 1
1810 1
1811 0
1812 1
1813 1
1814 1
1815 0
1816 1
1817 1
1818 1
1819 1
1820 0
1821 0
1822 1
1823 0
1824 0
1825 1
1826 1
1827 1
1828 0
1829 1
1830 0
1831 1
1832 1
1833 1
1834 1
1835 1
1836 1
1837 1
1838 1
1839 0
1840 0
1841 1
1842 0
1843 0
1844 1
1845 1
1846 1
1847 1
1848 0
1849 0
1850 1
1851 0
1852 1
1853 0
1854 1
1855 0
1856 0
1857 0
1858 1
1859 1
1860 0
1861 0
1862 0
1863 1
1864 0
1865 0
1866 0
1867 0
1868 1
1869 1
1870 0
1871 0
1872 0
1873 0
1874 1
1875 0
1876 1
1877 1
1878 0
1879 1
1880 1
1881 0
1882 1
1883 0
1884 0
1885 1
1886 0
1887 0
1888 0
1889 0
1890 1
1891 0
1892 1
1893 1
1894 0
1895 0
1896 0
1897 0
1898 0
1899 1
1900 0
1901 0
1902 1
1903 1
1904 0
1905 1
1906 1
1907 0
1908 0
1909 1
1910 1
1911 1
1912 1
1913 0
1914 1
1915 1
1916 0
1917 1
1918 0
1919 0
1920 1
1921 0
1922 1
1923 1
1924 1
1925 0
1926 1
1927 1
1928 1
1929 0
1930 0
1931 1
1932 1
1933 1
1934 0
1935 0
1936 1
1937 1
1938 0
1939 1
1940 0
1941 1
1942 0
1943 1
1944 1
1945 1
1946 1
1947 0
1948 1
1949 1
1950 0
1951 1
1952 1
1953 0
1954 0
1955 1
1956 0
1957 0
1958 0
1959 0
1960 1
1961 1
1962 1
1963 1
1964 0
1965 1
1966 1
1967 0
1968 1
1969 1
1970 1
1971 0
1972 0
1973 1
1974 1
1975 1
1976 1
1977 1
1978 0
1979 1
1980 0
1981 1
1982 1
1983 1
1984 0
1985 0
1986 1
1987 1
1988 0
1989 0
1990 1
1991 1
1992 1
1993 1
1994 0
1995 0
1996 1
1997 1
1998 0
1999 1
2000 0
2001 1
2002 0
2003 1
2004 1
2005 0
2006 0
2007 0
2008 0
2009 1
2010 0
2011 1
2012 0
2013 0
2014 1
2015 0
2016 1
2017 0
2018 1
2019 0
2020 1
2021 1
2022 0
2023 0
2024 1
2025 0
2026 1
2027 1
2028 1
2029 0
2030 0
2031 0
2032 0
2033 0
2034 1
2035 0
2036 1
2037 1
2038 0
2039 0
2040 1
2041 1
2042 0
2043 0
2044 1
2045 0
2046 0
2047 0
2048 1
2049 1
2050 1
2051 1
2052 0
2053 1
2054 1
2055 0
2056 1
2057 1
2058 1
2059 1
2060 1
2061 0
2062 0
2063 0
2064 0
2065 0
2066 1
2067 1
2068 0
2069 0
2070 1
2071 1
2072 0
2073 1
2074 1
2075 1
2076 0
2077 1
2078 1
2079 1
2080 0
2081 0
2082 0
2083 0
2084 1
2085 1
2086 0
2087 1
2088 0
2089 0
2090 0
2091 0
2092 0
2093 1
2094 1
2095 0
2096 0
2097 1
2098 1
2099 1
2100 1
2101 1
2102 0
2103 1
2104 0
2105 1
2106 0
2107 1
2108 1
2109 0
2110 1
2111 0
2112 0
2113 1
2114 1
2115 1
2116 0
2117 0
2118 1
2119 0
2120 1
2121 0
2122 0
2123 1
2124 1
2125 0
2126 0
2127 0
2128 1
2129 1
2130 1
2131 0
2132 0
2133 1
2134 1
2135 0
2136 0
2137 1
2138 1
2139 0
2140 1
2141 1
2142 0
2143 0
2144 1
2145 1
2146 0
2147 0
2148 0
2149 1
2150 1
2151 0
2152 0
2153 0
2154 1
2155 0
2156 1
2157 1
2158 1
2159 0
2160 0
2161 0
2162 0
2163 0
2164 1
2165 1
2166 1
2167 0
2168 0
2169 0
2170 0
2171 0
2172 0
2173 0
2174 0
2175 1
2176 0
2177 1
2178 0
2179 0
2180 0
2181 0
2182 1
2183 0
2184 1
2185 1
2186 0
2187 0
2188 0
2189 1
2190 1
2191 0
2192 0
2193 1
2194 0
2195 0
2196 0
2197 0
2198 0
2199 0
2200 0
2201 1
2202 0
2203 0
2204 0
2205 0
2206 1
2207 0
2208 0
2209 1
2210 1
2211 1
2212 1
2213 1
2214 1
2215 0
2216 0
2217 0
2218 1
2219 1
2220 0
2221 0
2222 0
2223 0
2224 1
2225 0
2226 0
2227 0
2228 0
2229 0
2230 1
2231 1
2232 1
2233 0
2234 0
2235 0
2236 0
2237 0
2238 1
2239 0
2240 0
2241 1
2242 0
2243 1
2244 0
2245 0
2246 1
2247 1
2248 0
2249 1
2250 1
2251 1
2252 1
2253 1
2254 0
2255 0
2256 1
2257 0
2258 0
2259 0
2260 1
2261 1
2262 0
2263 1
2264 0
2265 1
2266 1
2267 1
2268 1
2269 0
2270 0
2271 1
2272 1
2273 0
2274 1
2275 1
2276 1
2277 1
2278 0
2279 0
2280 0
2281 1
2282 1
2283 0
2284 0
2285 0
2286 1
2287 0
2288 0
2289 0
2290 1
2291 0
2292 0
2293 1
2294 1
2295 0
2296 1
2297 0
2298 1
2299 0
2300 0
2301 0
2302 1
2303 0
2304 1
2305 0
2306 0
2307 1
2308 0
2309 0
2310 0
2311 0
2312 1
2313 0
2314 0
2315 0
2316 0
2317 0
2318 1
2319 0
2320 0
2321 1
2322 0
2323 1
2324 0
2325 0
2326 1
2327 1
2328 1
2329 1
2330 0
2331 1
2332 0
2333 1
2334 0
2335 1
2336 1
2337 1
2338 0
2339 1
2340 0
2341 1
2342 1
2343 1
2344 0
2345 1
2346 0
2347 0
2348 0
2349 0
2350 0
2351 0
2352 0
2353 0
2354 1
2355 0
2356 0
2357 1
2358 1
2359 0
2360 1
2361 1
2362 1
2363 1
2364 0
2365 1
2366 0
2367 1
2368 1
2369 0
2370 1
2371 0
2372 1
2373 1
2374 0
2375 0
2376 0
2377 1
2378 1
2379 0
2380 1
2381 0
2382 0
2383 1
2384 0
2385 1
2386 1
2387 0
2388 0
2389 1
2390 0
2391 0
2392 1
2393 1
2394 1
2395 0
2396 1
2397 0
2398 0
2399 0
2400 1
2401 1
2402 0
2403 0
2404 1
2405 0
2406 1
2407 0
2408 1
2409 0
2410 0
2411 0
2412 1
2413 0
2414 1
2415 0
2416 0
2417 1
2418 0
2419 0
2420 1
2421 0
2422 0
2423 1
2424 0
2425 1
2426 0
2427 0
2428 1
2429 0
2430 0
2431 0
2432 0
2433 0
2434 0
2435 0
2436 0
2437 1
2438 1
2439 1
2440 0
2441 1
2442 0
2443 0
2444 1
2445 1
2446 0
2447 1
2448 0
2449 0
2450 0
2451 1
2452 0
2453 1
2454 0
2455 1
2456 0
2457 0
2458 1
2459 1
2460 0
2461 1
2462 1
2463 0
2464 0
2465 0
2466 1
2467 0
2468 1
2469 1
2470 0
2471 0
2472 0
2473 1
2474 0
2475 1
2476 0
2477 1
2478 0
2479 1
2480 0
2481 0
2482 1
2483 1
2484 0
2485 1
2486 0
2487 0
2488 0
2489 1
2490 1
2491 0
2492 0
2493 1
2494 1
2495 0
2496 0
2497 1
2498 1
2499 0
2500 1
2501 0
2502 1
2503 0
2504 0
2505 0
2506 0
2507 1
2508 1
2509 1
2510 1
2511 1
2512 0
2513 0
2514 1
2515 1
2516 1
2517 1
2518 0
2519 1
2520 0
2521 0
2522 1
2523 1
2524 1
2525 0
2526 1
2527 1
2528 1
2529 1
2530 0
2531 0
2532 0
2533 0
2534 0
2535 1
2536 0
2537 1
2538 0
2539 1
2540 0
2541 0
2542 1
2543 0
2544 0
2545 1
2546 0
2547 1
2548 0
2549 1
2550 0
2551 1
2552 0
2553 0
2554 0
2555 1
2556 1
2557 1
2558 1
2559 1
2560 0
2561 0
2562 0
2563 1
2564 1
2565 0
2566 0
2567 1
2568 0
2569 0
2570 0
2571 0
2572 1
2573 0
2574 1
2575 0
2576 0
2577 0
2578 0
2579 1
2580 1
2581 1
2582 1
2583 0
2584 1
2585 1
2586 0
2587 1
2588 1
2589 1
2590 1
2591 1
2592 0
2593 1
2594 1
2595 0
2596 0
2597 0
2598 1
2599 0
2600 1
2601 1
2602 0
2603 0
2604 0
2605 1
2606 1
2607 0
2608 0
2609 1
2610 1
2611 0
2612 1
2613 1
2614 0
2615 1
2616 1
2617 0
2618 0
2619 0
2620 0
2621 1
2622 1
2623 1
2624 1
2625 0
2626 0
2627 0
2628 0
2629 1
2630 1
2631 1
2632 1
2633 0
2634 0
2635 0
2636 0
2637 1
2638 1
2639 0
2640 1
2641 0
2642 0
2643 1
2644 0
2645 0
2646 1
2647 1
2648 0
2649 0
2650 0
2651 0
2652 0
2653 1
2654 1
2655 1
2656 1
2657 0
2658 1
2659 1
2660 1
2661 1
2662 0
2663 0
2664 1
2665 1
2666 0
2667 1
2668 0
2669 0
2670 0
2671 1
2672 1
2673 0
2674 0
2675 1
2676 1
2677 0
2678 0
2679 0
2680 1
2681 0
2682 0
2683 0
2684 1
2685 0
2686 1
2687 1
2688 1
2689 1
2690 1
2691 1
2692 0
2693 0
2694 1
2695 1
2696 0
2697 1
2698 0
2699 1
2700 0
2701 1
2702 1
2703 1
2704 0
2705 1
2706 1
2707 1
2708 0
2709 1
2710 0
2711 1
2712 1
2713 1
2714 0
2715 1
2716 0
2717 1
2718 1
2719 0
2720 0
2721 0
2722 1
2723 0
2724 0
2725 0
2726 1
2727 1
2728 0
2729 1
2730 1
2731 0
2732 0
2733 0
2734 0
2735 0
2736 1
2737 0
2738 0
2739 0
2740 0
2741 0
2742 0
2743 1
2744 0
2745 1
2746 0
2747 1
2748 1
2749 0
2750 1
2751 0
2752 1
2753 1
2754 1
2755 1
2756 0
2757 1
2758 0
2759 1
2760 1
2761 1
2762 0
2763 1
2764 1
2765 1
2766 1
2767 0
2768 1
2769 1
2770 1
2771 1
2772 0
2773 1
2774 0
2775 0
2776 1
2777 0
2778 1
2779 1
2780 0
2781 1
2782 0
2783 1
2784 1
2785 1
2786 1
2787 1
2788 0
2789 0
2790 0
2791 1
2792 1
2793 1
2794 0
2795 0
2796 1
2797 0
2798 1
2799 1
2800 0
2801 0
2802 0
2803 1
2804 0
2805 1
2806 1
2807 1
2808 1
2809 1
2810 1
2811 1
2812 1
2813 1
2814 0
2815 1
2816 0
2817 1
2818 1
2819 1
2820 0
2821 1
2822 0
2823 1
2824 0
2825 0
2826 0
2827 0
2828 0
2829 0
2830 1
2831 0
2832 0
2833 0
2834 0
2835 0
2836 1
2837 1
2838 1
2839 1
2840 0
2841 0
2842 0
2843 1
2844 1
2845 1
2846 1
2847 1
2848 1
2849 0
2850 0
2851 0
2852 1
2853 0
2854 1
2855 0
2856 1
2857 0
2858 0
2859 0
2860 0
2861 0
2862 0
2863 0
2864 1
2865 1
2866 0
2867 0
2868 1
2869 0
2870 0
2871 1
2872 1
2873 1
2874 1
2875 0
2876 1
2877 1
2878 1
2879 1
2880 0
2881 1
2882 0
2883 0
2884 0
2885 1
2886 0
2887 0
2888 1
2889 1
2890 1
2891 1
2892 1
2893 1
2894 0
2895 0
2896 1
2897 0
2898 1
2899 0
2900 0
2901 0
2902 0
2903 0
2904 1
2905 0
2906 0
2907 1
2908 1
2909 1
2910 1
2911 0
2912 0
2913 1
2914 0
2915 1
2916 0
2917 0
2918 1
2919 1
2920 1
2921 0
2922 1
2923 0
2924 1
2925 0
2926 0
2927 1
2928 1
2929 0
2930 0
2931 0
2932 0
2933 0
2934 0
2935 0
2936 0
2937 0
2938 0
2939 0
2940 0
2941 0
2942 1
2943 0
2944 1
2945 1
2946 0
2947 0
2948 0
2949 0
2950 1
2951 1
2952 0
2953 1
2954 1
2955 0
2956 1
2957 1
2958 0
2959 1
2960 1
2961 0
2962 0
2963 1
2964 0
2965 0
2966 0
2967 1
2968 0
2969 1
2970 0
2971 0
2972 0
2973 0
2974 1
2975 1
2976 1
2977 0
2978 1
2979 0
2980 0
2981 0
2982 1
2983 0
2984 1
2985 0
2986 1
2987 1
2988 1
2989 0
2990 1
2991 0
2992 1
2993 1
2994 0
2995 0
2996 1
2997 1
2998 0
2999 1
3000 1
3001 1
3002 1
3003 1
3004 0
3005 1
3006 0
3007 1
3008 0
3009 0
3010 0
3011 1
3012 0
3013 1
3014 1
3015 1
3016 1
3017 0
3018 0
3019 0
3020 0
3021 0
3022 0
3023 1
3024 1
3025 1
3026 1
3027 0
3028 1
3029 0
3030 1
3031 1
3032 0
3033 1
3034 0
3035 1
3036 1
3037 0
3038 0
3039 0
3040 1
3041 1
3042 0
3043 0
3044 0
3045 1
3046 1
3047 0
3048 0
3049 0
3050 0
3051 1
3052 1
3053 0
3054 1
3055 1
3056 0
3057 1
3058 0
3059 0
3060 0
3061 1
3062 0
3063 1
3064 0
3065 0
3066 1
3067 1
3068 0
3069 0
3070 0
3071 1
3072 0
3073 0
3074 1
3075 1
3076 0
3077 1
3078 1
3079 0
3080 1
3081 1
3082 0
3083 1
3084 0
3085 1
3086 0
3087 0
3088 1
3089 0
3090 0
3091 1
3092 0
3093 0
3094 1
3095 0
3096 1
3097 0
3098 1
3099 0
3100 0
3101 1
3102 1
3103 1
3104 0
3105 0
3106 1
3107 0
3108 0
3109 1
3110 1
3111 0
3112 1
3113 0
3114 1
3115 1
3116 1
3117 0
3118 1
3119 1
3120 0
3121 1
3122 0
3123 0
3124 0
3125 0
3126 0
3127 1
3128 1
3129 0
3130 1
3131 0
3132 0
3133 0
3134 1
3135 0
3136 1
3137 1
3138 0
3139 1
3140 1
3141 0
3142 0
3143 1
3144 1
3145 0
3146 0
3147 0
3148 0
3149 0
3150 1
3151 1
3152 1
3153 1
3154 1
3155 0
3156 0
3157 1
3158 0
3159 1
3160 1
3161 0
3162 1
3163 1
3164 1
3165 0
3166 0
3167 0
3168 0
3169 0
3170 0
3171 0
3172 1
3173 1
3174 1
3175 0
3176 0
3177 1
3178 1
3179 0
3180 1
3181 0
3182 0
3183 1
3184 1
3185 1
3186 1
3187 1
3188 1
3189 1
3190 1
3191 1
3192 1
3193 1
3194 0
3195 0
3196 0
3197 0
3198 0
3199 0
3200 1
3201 1
3202 0
3203 0
3204 0
3205 0
3206 1
3207 0
3208 0
3209 0
3210 0
3211 1
3212 1
3213 0
3214 0
3215 1
3216 0
3217 0
3218 1
3219 1
3220 1
3221 1
3222 1
3223 1
3224 0
3225 1
3226 1
3227 0
3228 0
3229 1
3230 1
3231 1
3232 1
3233 1
3234 0
3235 0
3236 1
3237 0
3238 1
3239 0
3240 1
3241 1
3242 0
3243 0
3244 1
3245 1
3246 0
3247 0
3248 0
3249 1
3250 0
3251 1
3252 0
3253 1
3254 1
3255 0
3256 0
3257 1
3258 0
3259 0
3260 1
3261 0
3262 1
3263 1
3264 0
3265 1
3266 0
3267 0
3268 0
3269 0
3270 1
3271 0
3272 1
3273 0
3274 0
3275 1
3276 1
3277 1
3278 0
3279 1
3280 1
3281 0
3282 1
3283 0
3284 1
3285 1
3286 0
3287 0
3288 0
3289 0
3290 0
3291 0
3292 0
3293 1
3294 1
3295 1
3296 1
3297 0
3298 0
3299 0
3300 1
3301 0
3302 1
3303 1
3304 1
3305 1
3306 0
3307 1
3308 1
3309 0
3310 1
3311 0
3312 1
3313 1
3314 0
3315 0
3316 0
3317 0
3318 1
3319 0
3320 0
3321 1
3322 1
3323 1
3324 0
3325 0
3326 1
3327 0
3328 1
3329 0
3330 1
3331 1
3332 1
3333 0
3334 0
3335 0
3336 1
3337 1
3338 0
3339 0
3340 0
3341 0
3342 1
3343 0
3344 0
3345 1
3346 1
3347 1
3348 0
3349 0
3350 1
3351 0
3352 1
3353 0
3354 1
3355 1
3356 0
3357 1
3358 0
3359 1
3360 1
3361 1
3362 1
3363 0
3364 1
3365 1
3366 1
3367 1
3368 1
3369 1
3370 1
3371 0
3372 0
3373 0
3374 1
3375 1
3376 1
3377 0
3378 0
3379 0
3380 0
3381 0
3382 1
3383 1
3384 0
3385 1
3386 1
3387 0
3388 0
3389 1
3390 1
3391 0
3392 1
3393 0
3394 0
3395 1
3396 1
3397 1
3398 1
3399 1
3400 0
3401 1
3402 0
3403 0
3404 1
3405 0
3406 1
3407 0
3408 0
3409 1
3410 1
3411 0
3412 1
3413 0
3414 0
3415 1
3416 0
3417 0
3418 1
3419 0
3420 1
3421 0
3422 1
3423 0
3424 0
3425 1
3426 1
3427 0
3428 1
3429 1
3430 0
3431 1
3432 0
3433 0
3434 0
3435 0
3436 1
3437 1
3438 1
3439 1
3440 0
3441 0
3442 0
3443 1
3444 0
3445 0
3446 0
3447 1
3448 0
3449 1
3450 0
3451 0
3452 1
3453 1
3454 1
3455 0
3456 0
3457 1
3458 0
3459 1
3460 1
3461 1
3462 0
3463 0
3464 0
3465 0
3466 0
3467 0
3468 0
3469 0
3470 0
3471 1
3472 0
3473 0
3474 0
3475 0
3476 0
3477 1
3478 1
3479 0
3480 1
3481 1
3482 1
3483 1
3484 0
3485 0
3486 0
3487 0
3488 1
3489 0
3490 1
3491 0
3492 0
3493 0
3494 0
3495 0
3496 0
3497 1
3498 0
3499 0
3500 1
3501 0
3502 0
3503 0
3504 0
3505 0
3506 0
3507 0
3508 0
3509 0
3510 0
3511 0
3512 0
3513 0
3514 0
3515 1
3516 1
3517 0
3518 1
3519 0
3520 1
3521 1
3522 1
3523 0
3524 1
3525 0
3526 1
3527 1
3528 1
3529 1
3530 0
3531 1
3532 1
3533 0
3534 0
3535 0
3536 1
3537 1
3538 0
3539 1
3540 0
3541 1
3542 0
3543 0
3544 1
3545 0
3546 0
3547 1
3548 1
3549 0
3550 1
3551 1
3552 0
3553 0
3554 1
3555 1
3556 0
3557 0
3558 1
3559 1
3560 0
3561 1
3562 0
3563 1
3564 0
3565 1
3566 0
3567 1
3568 1
3569 1
3570 0
3571 0
3572 0
3573 1
3574 1
3575 1
3576 0
3577 0
3578 1
3579 1
3580 0
3581 1
3582 0
3583 0
3584 0
3585 1
3586 1
3587 1
3588 1
3589 1
3590 0
3591 1
3592 0
3593 1
3594 1
3595 1
3596 0
3597 1
3598 1
3599 1
3600 0
3601 1
3602 1
3603 1
3604 1
3605 0
3606 0
3607 1
3608 1
3609 1
3610 0
3611 0
3612 1
3613 0
3614 1
3615 1
3616 1
3617 0
3618 1
3619 0
3620 0
3621 0
3622 1
3623 0
3624 0
3625 0
3626 0
3627 0
3628 0
3629 1
3630 0
3631 0
3632 1
3633 1
3634 1
3635 0
3636 0
3637 0
3638 1
3639 0
3640 1
3641 0
3642 1
3643 0
3644 0
3645 0
3646 1
3647 0
3648 0
3649 0
3650 0
3651 1
3652 0
3653 1
3654 0
3655 0
3656 1
3657 1
3658 0
3659 1
3660 0
3661 1
3662 0
3663 0
3664 0
3665 1
3666 1
3667 0
3668 1
3669 1
3670 1
3671 0
3672 0
3673 1
3674 0
3675 1
3676 0
3677 1
3678 0
3679 0
3680 1
3681 0
3682 0
3683 1
3684 0
3685 0
3686 0
3687 0
3688 0
3689 1
3690 0
3691 1
3692 0
3693 1
3694 1
3695 1
3696 0
3697 0
3698 1
3699 0
3700 1
3701 0
3702 0
3703 0
3704 0
3705 0
3706 0
3707 0
3708 0
3709 0
3710 0
3711 0
3712 1
3713 1
3714 1
3715 0
3716 1
3717 0
3718 0
3719 1
3720 1
3721 0
3722 0
3723 1
3724 1
3725 0
3726 1
3727 1
3728 1
3729 0
3730 1
3731 0
3732 1
3733 0
3734 0
3735 0
3736 0
3737 1
3738 0
3739 1
3740 0
3741 0
3742 1
3743 0
3744 0
3745 1
3746 0
3747 0
3748 1
3749 0
3750 1
3751 1
3752 1
3753 1
3754 0
3755 0
3756 1
3757 0
3758 0
3759 1
3760 0
3761 0
3762 0
3763 1
3764 0
3765 1
3766 1
3767 1
3768 0
3769 0
3770 1
3771 1
3772 0
3773 0
3774 0
3775 0
3776 1
3777 0
3778 1
3779 1
3780 0
3781 0
3782 1
3783 0
3784 1
3785 0
3786 1
3787 1
3788 1
3789 1
3790 0
3791 1
3792 1
3793 1
3794 0
3795 0
3796 1
3797 0
3798 0
3799 0
3800 0
3801 1
3802 1
3803 0
3804 1
3805 1
3806 0
3807 1
3808 1
3809 0
3810 1
3811 1
3812 1
3813 1
3814 0
3815 0
3816 0
3817 1
3818 1
3819 1
3820 0
3821 0
3822 0
3823 0
3824 1
3825 0
3826 1
3827 0
3828 1
3829 1
3830 1
3831 0
3832 0
3833 1
3834 0
3835 0
3836 0
3837 0
3838 0
3839 1
3840 0
3841 0
3842 1
3843 0
3844 0
3845 0
3846 1
3847 0
3848 1
3849 1
3850 0
3851 1
3852 1
3853 1
3854 0
3855 0
3856 0
3857 0
3858 1
3859 1
3860 1
3861 0
3862 1
3863 1
3864 1
3865 1
3866 0
3867 1
3868 0
3869 1
3870 0
3871 1
3872 0
3873 0
3874 0
3875 1
3876 0
3877 0
3878 0
3879 0
3880 0
3881 0
3882 0
3883 0
3884 1
3885 1
3886 0
3887 1
3888 1
3889 1
3890 0
3891 1
3892 1
3893 1
3894 0
3895 1
3896 1
3897 0
3898 0
3899 0
3900 0
3901 0
3902 0
3903 0
3904 0
3905 1
3906 1
3907 1
3908 1
3909 0
3910 1
3911 0
3912 0
3913 0
3914 1
3915 0
3916 1
3917 0
3918 1
3919 1
3920 0
3921 0
3922 1
3923 0
3924 0
3925 1
3926 1
3927 1
3928 0
3929 1
3930 1
3931 1
3932 0
3933 0
3934 0
3935 1
3936 0
3937 1
3938 1
3939 0
3940 0
3941 0
3942 1
3943 0
3944 0
3945 1
3946 1
3947 0
3948 1
3949 0
3950 1
3951 0
3952 0
3953 0
3954 0
3955 0
3956 0
3957 0
3958 1
3959 0
3960 1
3961 1
3962 1
3963 1
3964 1
3965 1
3966 1
3967 1
3968 1
3969 0
3970 0
3971 0
3972 0
3973 1
3974 0
3975 0
3976 0
3977 0
3978 1
3979 0
3980 0
3981 1
3982 0
3983 0
3984 1
3985 1
3986 0
3987 1
3988 0
3989 0
3990 1
3991 1
3992 1
3993 1
3994 0
3995 0
3996 0
3997 1
3998 1
3999 1
4000 0
4001 0
4002 1
4003 1
4004 1
4005 1
4006 1
4007 1
4008 0
4009 0
4010 1
4011 0
4012 1
4013 1
4014 0
4015 1
4016 1
4017 1
4018 1
4019 0
4020 1
4021 1
4022 1
4023 1
4024 0
4025 1
4026 1
4027 0
4028 1
4029 1
4030 0
4031 1
4032 1
4033 1
4034 1
4035 1
4036 1
4037 0
4038 0
4039 1
4040 0
4041 0
4042 0
4043 0
4044 1
4045 1
4046 1
4047 1
4048 0
4049 1
4050 1
4051 0
4052 1
4053 0
4054 1
4055 0
4056 1
4057 1
4058 0
4059 0
4060 0
4061 0
4062 1
4063 0
4064 1
4065 0
4066 1
4067 0
4068 0
4069 0
4070 0
4071 1
4072 1
4073 1
4074 1
4075 0
4076 0
4077 0
4078 0
4079 1
4080 0
4081 0
4082 0
4083 0
4084 0
4085 0
4086 0
4087 1
4088 1
4089 1
4090 0
4091 0
4092 0
4093 1
4094 1
4095 0
4096 1
4097 1
4098 1
4099 1
4100 1
4101 1
4102 1
4103 0
4104 0
4105 1
4106 0
4107 1
4108 0
4109 1
4110 1
4111 0
4112 1
4113 0
4114 1
4115 1
4116 0
4117 1
4118 1
4119 0
4120 0
4121 1
4122 1
4123 1
4124 1
4125 1
4126 0
4127 0
4128 0
4129 0
4130 0
4131 1
4132 0
4133 0
4134 0
4135 0
4136 1
4137 0
4138 1
4139 1
4140 0
4141 0
4142 1
4143 0
4144 0
4145 1
4146 0
4147 1
4148 1
4149 1
4150 0
4151 0
4152 1
4153 0
4154 1
4155 0
4156 0
4157 0
4158 0
4159 1
4160 0
4161 0
4162 1
4163 1
4164 0
4165 0
4166 1
4167 0
4168 1
4169 0
4170 1
4171 0
4172 1
4173 0
4174 0
4175 0
4176 0
4177 1
4178 1
4179 1
4180 1
4181 1
4182 1
4183 0
4184 0
4185 0
4186 1
4187 1
4188 1
4189 0
4190 0
4191 1
4192 0
4193 0
4194 1
4195 0
4196 0
4197 1
4198 1
4199 0