0 1
0 2
0 3
0 4
0 5
0 6
0 7
0 8
0 9
0 10
0 11
0 12
0 13
0 14
0 15
0 16
0 17
0 18
0 19
0 20
0 21
0 22
0 23
0 24
0 25
0 26
0 27
0 28
0 29
0 30
0 31
0 32
0 33
0 34
0 36
0 37
0 41
0 43
0 44
0 45
0 46
0 50
0 55
0 56
0 60
0 61
0 62
0 64
0 65
0 70
0 72
0 73
0 75
0 77
0 78
0 79
0 81
0 82
0 83
0 85
0 87
0 89
0 93
0 95
0 96
0 98
0 99
0 100
0 103
0 105
0 112
0 114
0 115
0 119
0 120
0 122
0 123
0 124
0 127
0 128
0 130
0 131
0 134
0 136
0 137
0 141
0 142
0 146
0 156
0 158
0 160
0 162
0 163
0 165
0 172
0 173
0 174
0 180
0 195
0 203
0 208
0 221
0 224
0 226
0 228
0 230
0 233
0 237
0 241
0 251
0 253
0 256
0 257
0 259
0 260
0 270
0 271
0 281
0 283
0 285
0 309
0 314
0 315
0 321
0 323
0 327
0 331
0 333
0 338
0 339
0 346
0 347
0 350
0 355
0 356
0 358
0 360
0 361
0 367
0 368
0 372
0 380
0 381
0 401
0 404
0 406
0 409
0 413
0 418
0 427
0 430
0 437
0 442
0 445
0 449
0 462
0 467
0 472
0 474
1 18
1 19
1 20
1 21
1 22
1 23
1 24
1 27
1 28
1 30
1 31
1 32
1 38
1 39
1 40
1 43
1 45
1 48
1 49
1 51
1 61
1 62
1 64
1 66
1 68
1 71
1 78
1 79
1 80
1 81
1 85
1 89
1 94
1 95
1 102
1 104
1 107
1 126
1 127
1 132
1 134
1 141
1 143
1 148
1 166
1 168
1 176
1 179
1 192
1 195
1 202
1 214
1 217
1 222
1 243
1 250
1 269
1 271
1 292
1 308
1 321
1 336
1 345
1 369
1 414
1 417
1 434
1 441
1 455
1 457
1 482
1 499
2 18
2 19
2 20
2 21
2 22
2 23
2 24
2 25
2 26
2 28
2 32
2 33
2 36
2 42
2 47
2 48
2 58
2 59
2 61
2 77
2 91
2 92
2 93
2 97
2 102
2 107
2 112
2 117
2 125
2 128
2 134
2 138
2 156
2 162
2 168
2 184
2 231
2 255
2 275
2 287
2 303
2 316
2 343
2 348
2 365
2 380
2 400
2 448
2 461
2 463
2 469
2 472
2 475
2 488
3 18
3 19
3 20
3 32
3 34
3 37
3 48
3 57
3 61
3 64
3 73
3 88
3 97
3 101
3 125
3 133
3 144
3 146
3 162
3 163
3 178
3 184
3 207
3 212
3 214
3 218
3 245
3 249
3 259
3 271
3 282
3 285
3 295
3 313
3 314
3 315
3 321
3 342
3 352
3 359
3 363
3 415
3 467
4 18
4 19
4 20
4 21
4 22
4 23
4 24
4 27
4 29
4 36
4 37
4 38
4 49
4 50
4 52
4 55
4 59
4 64
4 65
4 66
4 67
4 69
4 72
4 80
4 88
4 89
4 93
4 95
4 97
4 98
4 100
4 101
4 106
4 159
4 162
4 168
4 171
4 176
4 188
4 195
4 196
4 207
4 212
4 215
4 218
4 225
4 232
4 234
4 241
4 243
4 261
4 269
4 279
4 286
4 293
4 297
4 300
4 303
4 307
4 325
4 326
4 360
4 361
4 364
4 377
4 378
4 385
4 386
4 395
4 396
4 400
4 408
4 415
4 417
4 430
4 434
4 465
4 478
4 481
4 490
4 496
4 499
5 18
5 19
5 20
5 21
5 22
5 23
5 25
5 26
5 31
5 32
5 33
5 46
5 49
5 52
5 59
5 62
5 66
5 68
5 70
5 75
5 79
5 83
5 89
5 96
5 144
5 149
5 150
5 155
5 160
5 172
5 174
5 176
5 179
5 210
5 228
5 233
5 236
5 250
5 265
5 278
5 282
5 284
5 297
5 305
5 306
5 308
5 320
5 339
5 343
5 349
5 370
5 383
5 384
5 385
5 387
5 402
5 414
5 463
6 18
6 19
6 20
6 21
6 23
6 33
6 51
6 56
6 57
6 66
6 69
6 81
6 93
6 95
6 101
6 106
6 107
6 111
6 114
6 127
6 138
6 141
6 144
6 148
6 151
6 153
6 155
6 169
6 171
6 172
6 181
6 194
6 197
6 206
6 208
6 215
6 224
6 229
6 237
6 243
6 246
6 274
6 277
6 334
6 339
6 340
6 357
6 418
6 420
6 440
6 452
6 477
7 18
7 19
7 20
7 21
7 23
7 25
7 27
7 28
7 30
7 31
7 34
7 35
7 36
7 39
7 40
7 42
7 46
7 47
7 48
7 50
7 51
7 60
7 64
7 66
7 69
7 75
7 76
7 84
7 85
7 96
7 103
7 110
7 114
7 115
7 118
7 154
7 160
7 171
7 173
7 189
7 191
7 209
7 219
7 231
7 237
7 238
7 247
7 261
7 262
7 263
7 271
7 274
7 282
7 293
7 300
7 301
7 309
7 319
7 324
7 363
7 368
7 373
7 379
7 380
7 387
7 425
7 431
7 453
7 461
8 18
8 19
8 20
8 21
8 22
8 23
8 25
8 26
8 27
8 28
8 29
8 30
8 35
8 38
8 40
8 45
8 47
8 48
8 50
8 51
8 52
8 53
8 55
8 56
8 59
8 62
8 65
8 68
8 70
8 74
8 75
8 77
8 82
8 87
8 93
8 96
8 106
8 107
8 110
8 131
8 133
8 134
8 138
8 144
8 160
8 170
8 181
8 197
8 212
8 214
8 220
8 228
8 229
8 241
8 253
8 260
8 272
8 284
8 287
8 298
8 313
8 318
8 319
8 323
8 327
8 340
8 342
8 345
8 355
8 356
8 373
8 410
8 421
8 431
8 433
8 441
8 443
8 445
8 451
8 465
8 466
8 475
8 486
9 18
9 19
9 20
9 21
9 22
9 24
9 25
9 26
9 27
9 28
9 31
9 34
9 37
9 42
9 52
9 55
9 57
9 67
9 68
9 72
9 84
9 87
9 89
9 94
9 95
9 100
9 111
9 114
9 115
9 120
9 135
9 138
9 158
9 165
9 169
9 194
9 202
9 203
9 207
9 210
9 211
9 212
9 221
9 236
9 249
9 252
9 261
9 275
9 285
9 306
9 314
9 317
9 325
9 327
9 329
9 332
9 342
9 379
9 388
9 393
9 396
9 411
9 432
9 444
9 447
9 450
9 460
9 483
10 18
10 22
10 24
10 28
10 36
10 37
10 39
10 44
10 53
10 91
10 92
10 101
10 102
10 109
10 121
10 128
10 175
10 213
10 300
10 301
10 315
10 340
10 367
10 410
10 419
10 431
10 441
10 448
11 18
11 19
11 21
11 22
11 30
11 33
11 35
11 43
11 45
11 48
11 49
11 54
11 58
11 59
11 69
11 75
11 82
11 90
11 110
11 130
11 169
11 180
11 183
11 215
11 216
11 228
11 230
11 239
11 258
11 267
11 294
11 322
11 323
11 348
11 362
11 437
12 18
12 19
12 20
12 21
12 22
12 23
12 24
12 25
12 27
12 28
12 29
12 30
12 31
12 33
12 34
12 35
12 36
12 37
12 39
12 40
12 45
12 52
12 58
12 61
12 71
12 77
12 79
12 81
12 85
12 103
12 108
12 110
12 115
12 141
12 144
12 155
12 156
12 159
12 164
12 167
12 172
12 177
12 178
12 191
12 194
12 197
12 199
12 200
12 202
12 204
12 205
12 207
12 214
12 216
12 219
12 220
12 224
12 227
12 231
12 233
12 235
12 270
12 273
12 287
12 289
12 299
12 310
12 312
12 326
12 346
12 355
12 359
12 365
12 368
12 377
12 385
12 389
12 393
12 398
12 420
12 421
12 425
12 453
12 456
12 470
12 494
12 497
13 18
13 19
13 20
13 21
13 22
13 24
13 25
13 26
13 27
13 28
13 29
13 30
13 35
13 41
13 45
13 46
13 55
13 66
13 71
13 77
13 78
13 79
13 93
13 96
13 99
13 100
13 101
13 105
13 108
13 109
13 112
13 116
13 133
13 140
13 154
13 160
13 164
13 173
13 176
13 193
13 196
13 205
13 207
13 210
13 213
13 217
13 226
13 228
13 229
13 230
13 233
13 240
13 245
13 257
13 275
13 298
13 304
13 314
13 333
13 357
13 363
13 366
13 369
13 371
13 372
13 373
13 377
13 379
13 386
13 387
13 388
13 390
13 396
13 402
13 417
13 426
13 434
13 439
13 443
13 451
13 452
13 456
13 464
13 469
13 481
13 483
14 18
14 19
14 20
14 21
14 22
14 23
14 24
14 25
14 26
14 29
14 30
14 32
14 34
14 35
14 37
14 38
14 41
14 42
14 43
14 44
14 47
14 49
14 51
14 55
14 57
14 58
14 60
14 62
14 66
14 70
14 78
14 83
14 84
14 85
14 94
14 97
14 99
14 106
14 129
14 140
14 148
14 157
14 161
14 164
14 168
14 170
14 179
14 182
14 205
14 215
14 223
14 227
14 240
14 241
14 246
14 247
14 251
14 255
14 271
14 279
14 280
14 321
14 325
14 337
14 348
14 391
14 392
14 419
14 426
14 431
14 442
14 447
14 484
15 18
15 19
15 23
15 24
15 26
15 27
15 28
15 29
15 31
15 32
15 34
15 37
15 39
15 40
15 43
15 44
15 47
15 50
15 54
15 55
15 62
15 64
15 65
15 68
15 69
15 70
15 71
15 73
15 74
15 82
15 86
15 102
15 103
15 105
15 113
15 124
15 135
15 143
15 146
15 151
15 158
15 166
15 167
15 168
15 178
15 180
15 183
15 186
15 217
15 227
15 228
15 235
15 236
15 257
15 305
15 311
15 332
15 335
15 344
15 347
15 350
15 354
15 389
15 394
15 397
15 398
15 409
15 425
15 440
15 445
15 449
15 453
15 480
15 490
16 18
16 19
16 20
16 21
16 22
16 24
16 25
16 26
16 27
16 29
16 30
16 34
16 36
16 43
16 66
16 74
16 76
16 78
16 85
16 102
16 104
16 112
16 122
16 132
16 134
16 135
16 136
16 152
16 156
16 157
16 160
16 164
16 169
16 178
16 179
16 191
16 199
16 202
16 205
16 206
16 211
16 217
16 224
16 240
16 247
16 248
16 272
16 275
16 289
16 292
16 306
16 318
16 324
16 334
16 338
16 347
16 348
16 355
16 397
16 402
16 425
16 466
16 469
16 474
16 484
16 497
17 20
17 23
17 36
17 41
17 45
17 60
17 65
17 84
17 92
17 101
17 108
17 133
17 147
17 159
17 160
17 168
17 264
17 266
17 329
17 384
17 433
18 19
18 20
18 21
18 22
18 23
18 24
18 25
18 26
18 27
18 28
18 30
18 31
18 32
18 33
18 34
18 36
18 37
18 38
18 39
18 41
18 43
18 44
18 46
18 47
18 48
18 49
18 50
18 52
18 53
18 54
18 56
18 59
18 61
18 62
18 63
18 67
18 68
18 69
18 72
18 74
18 76
18 77
18 79
18 83
18 93
18 98
18 109
18 113
18 114
18 116
18 120
18 123
18 125
18 127
18 131
18 133
18 134
18 139
18 141
18 142
18 143
18 146
18 149
18 171
18 173
18 184
18 189
18 190
18 200
18 205
18 209
18 219
18 223
18 225
18 235
18 237
18 242
18 250
18 251
18 254
18 255
18 262
18 275
18 281
18 304
18 305
18 316
18 327
18 328
18 332
18 337
18 341
18 343
18 357
18 360
18 368
18 372
18 377
18 383
18 391
18 393
18 412
18 415
18 417
18 430
18 432
18 433
18 435
18 440
18 441
18 460
18 473
18 477
18 488
19 20
19 21
19 22
19 23
19 24
19 25
19 26
19 28
19 29
19 30
19 32
19 33
19 37
19 39
19 40
19 41
19 43
19 44
19 46
19 47
19 51
19 52
19 53
19 55
19 56
19 58
19 59
19 61
19 62
19 65
19 72
19 76
19 78
19 81
19 83
19 84
19 86
19 87
19 88
19 89
19 90
19 93
19 97
19 105
19 108
19 111
19 113
19 117
19 119
19 120
19 122
19 125
19 130
19 131
19 140
19 141
19 142
19 144
19 150
19 151
19 152
19 157
19 160
19 162
19 163
19 167
19 168
19 170
19 174
19 177
19 178
19 185
19 192
19 195
19 198
19 206
19 216
19 218
19 221
19 226
19 227
19 230
19 231
19 233
19 235
19 236
19 241
19 244
19 245
19 249
19 250
19 256
19 262
19 265
19 273
19 274
19 290
19 293
19 301
19 305
19 315
19 343
19 355
19 371
19 373
19 375
19 379
19 390
19 400
19 401
19 403
19 404
19 416
19 418
19 431
19 448
19 454
19 456
19 458
19 465
19 486
19 494
20 21
20 22
20 23
20 24
20 25
20 26
20 27
20 29
20 32
20 35
20 36
20 37
20 38
20 39
20 41
20 42
20 43
20 44
20 45
20 46
20 47
20 50
20 51
20 52
20 53
20 54
20 58
20 60
20 64
20 67
20 68
20 69
20 70
20 71
20 75
20 77
20 81
20 82
20 83
20 84
20 85
20 86
20 96
20 99
20 103
20 105
20 110
20 114
20 115
20 118
20 125
20 128
20 130
20 131
20 135
20 136
20 143
20 145
20 146
20 148
20 151
20 152
20 153
20 159
20 166
20 169
20 187
20 189
20 195
20 196
20 202
20 212
20 218
20 249
20 251
20 258
20 263
20 272
20 275
20 282
20 288
20 289
20 290
20 299
20 334
20 335
20 337
20 338
20 341
20 342
20 351
20 354
20 364
20 372
20 374
20 385
20 390
20 392
20 393
20 394
20 398
20 402
20 405
20 407
20 408
20 412
20 434
20 435
20 436
20 440
20 444
20 451
20 472
20 488
20 496
21 22
21 23
21 24
21 25
21 26
21 27
21 28
21 29
21 30
21 31
21 33
21 35
21 40
21 41
21 42
21 45
21 48
21 50
21 78
21 82
21 83
21 96
21 98
21 99
21 102
21 104
21 108
21 109
21 111
21 114
21 117
21 119
21 131
21 143
21 162
21 167
21 181
21 182
21 183
21 189
21 200
21 201
21 207
21 230
21 232
21 236
21 246
21 256
21 257
21 261
21 262
21 274
21 288
21 292
21 294
21 297
21 306
21 311
21 315
21 328
21 344
21 345
21 347
21 362
21 364
21 367
21 370
21 376
21 377
21 388
21 394
21 400
21 408
21 426
21 434
21 437
21 444
21 462
21 489
22 23
22 24
22 25
22 26
22 27
22 28
22 29
22 31
22 33
22 37
22 38
22 39
22 40
22 42
22 43
22 44
22 47
22 49
22 52
22 54
22 55
22 56
22 60
22 61
22 62
22 63
22 66
22 68
22 73
22 74
22 75
22 80
22 85
22 86
22 103
22 105
22 112
22 113
22 119
22 121
22 122
22 135
22 143
22 144
22 151
22 153
22 156
22 159
22 168
22 188
22 189
22 190
22 192
22 194
22 195
22 196
22 200
22 201
22 204
22 208
22 220
22 222
22 226
22 239
22 241
22 242
22 251
22 256
22 275
22 277
22 293
22 306
22 311
22 320
22 321
22 323
22 337
22 341
22 346
22 353
22 355
22 365
22 371
22 375
22 376
22 378
22 387
22 415
22 434
22 440
22 441
22 446
22 450
22 457
22 465
22 467
22 485
23 24
23 25
23 26
23 28
23 29
23 30
23 31
23 32
23 34
23 35
23 36
23 37
23 38
23 39
23 40
23 41
23 42
23 43
23 45
23 46
23 47
23 48
23 52
23 54
23 55
23 56
23 57
23 58
23 60
23 62
23 67
23 69
23 70
23 72
23 73
23 78
23 79
23 80
23 81
23 83
23 84
23 85
23 88
23 91
23 95
23 98
23 103
23 111
23 114
23 119
23 123
23 129
23 132
23 134
23 136
23 138
23 139
23 146
23 150
23 159
23 160
23 161
23 169
23 170
23 172
23 173
23 175
23 180
23 183
23 186
23 190
23 192
23 202
23 203
23 211
23 221
23 223
23 225
23 226
23 231
23 238
23 243
23 245
23 267
23 268
23 273
23 274
23 276
23 278
23 281
23 284
23 288
23 290
23 291
23 298
23 304
23 310
23 313
23 323
23 333
23 340
23 346
23 348
23 358
23 359
23 364
23 373
23 378
23 388
23 389
23 391
23 395
23 399
23 406
23 407
23 408
23 411
23 413
23 414
23 415
23 420
23 433
23 438
23 446
23 448
23 460
23 462
23 463
23 464
23 465
23 469
23 471
23 472
23 487
23 492
23 493
24 25
24 26
24 27
24 28
24 29
24 31
24 32
24 33
24 34
24 35
24 36
24 37
24 38
24 39
24 41
24 43
24 45
24 47
24 51
24 52
24 54
24 56
24 58
24 60
24 67
24 71
24 73
24 77
24 80
24 81
24 83
24 87
24 89
24 90
24 91
24 92
24 96
24 98
24 101
24 105
24 106
24 114
24 118
24 119
24 122
24 123
24 125
24 129
24 130
24 139
24 142
24 143
24 144
24 147
24 154
24 157
24 165
24 168
24 179
24 180
24 186
24 190
24 191
24 208
24 213
24 219
24 224
24 225
24 236
24 245
24 248
24 249
24 250
24 251
24 253
24 256
24 264
24 275
24 277
24 278
24 279
24 292
24 297
24 324
24 329
24 332
24 337
24 340
24 356
24 383
24 385
24 390
24 399
24 401
24 404
24 415
24 419
24 422
24 427
24 433
24 443
24 450
24 457
24 463
24 475
24 480
24 483
24 493
24 494
24 496
24 497
25 26
25 27
25 30
25 31
25 33
25 34
25 35
25 36
25 38
25 39
25 40
25 42
25 43
25 45
25 46
25 50
25 51
25 52
25 59
25 60
25 61
25 63
25 64
25 69
25 70
25 72
25 74
25 76
25 80
25 81
25 83
25 87
25 88
25 91
25 97
25 101
25 102
25 106
25 109
25 110
25 113
25 118
25 120
25 124
25 126
25 127
25 130
25 132
25 138
25 148
25 152
25 164
25 167
25 168
25 169
25 171
25 176
25 187
25 190
25 194
25 195
25 197
25 201
25 204
25 212
25 216
25 222
25 226
25 239
25 242
25 246
25 253
25 275
25 276
25 291
25 299
25 305
25 306
25 310
25 319
25 328
25 346
25 347
25 349
25 353
25 361
25 367
25 387
25 403
25 439
25 440
25 453
25 474
25 485
25 497
26 27
26 29
26 30
26 31
26 34
26 35
26 39
26 41
26 43
26 49
26 52
26 53
26 57
26 62
26 68
26 71
26 73
26 74
26 76
26 88
26 90
26 101
26 103
26 104
26 106
26 107
26 109
26 118
26 123
26 127
26 129
26 136
26 143
26 144
26 171
26 172
26 177
26 199
26 204
26 206
26 207
26 211
26 212
26 215
26 230
26 234
26 258
26 265
26 266
26 267
26 289
26 300
26 326
26 341
26 348
26 357
26 375
26 380
26 389
26 393
26 405
26 415
26 423
26 434
26 437
26 450
26 463
26 472
26 488
27 28
27 29
27 30
27 31
27 32
27 33
27 35
27 36
27 37
27 38
27 43
27 45
27 46
27 52
27 54
27 56
27 57
27 59
27 64
27 65
27 67
27 70
27 71
27 77
27 81
27 82
27 83
27 91
27 93
27 95
27 99
27 101
27 103
27 106
27 112
27 120
27 122
27 125
27 132
27 133
27 140
27 158
27 166
27 167
27 169
27 170
27 171
27 172
27 174
27 180
27 196
27 201
27 207
27 208
27 222
27 238
27 246
27 250
27 252
27 268
27 276
27 280
27 315
27 317
27 329
27 330
27 332
27 336
27 341
27 360
27 380
27 393
27 399
27 401
27 402
27 412
27 429
27 432
27 434
27 438
27 446
27 451
27 476
27 484
27 486
27 487
27 488
27 498
28 29
28 32
28 33
28 34
28 35
28 36
28 37
28 38
28 40
28 44
28 45
28 46
28 47
28 48
28 49
28 50
28 52
28 53
28 56
28 57
28 58
28 59
28 60
28 61
28 63
28 65
28 66
28 67
28 69
28 71
28 75
28 77
28 78
28 81
28 85
28 89
28 91
28 92
28 105
28 106
28 107
28 110
28 111
28 116
28 118
28 120
28 124
28 127
28 133
28 135
28 137
28 147
28 149
28 152
28 155
28 163
28 170
28 171
28 177
28 178
28 179
28 180
28 182
28 185
28 196
28 199
28 201
28 204
28 208
28 213
28 216
28 219
28 222
28 223
28 227
28 232
28 233
28 234
28 236
28 237
28 241
28 243
28 245
28 248
28 250
28 251
28 264
28 272
28 280
28 288
28 290
28 293
28 294
28 301
28 305
28 307
28 309
28 312
28 316
28 321
28 322
28 327
28 328
28 335
28 339
28 344
28 347
28 352
28 358
28 360
28 363
28 365
28 371
28 373
28 379
28 385
28 402
28 410
28 418
28 419
28 425
28 428
28 435
28 437
28 456
28 458
28 463
28 476
28 477
28 482
28 487
28 488
28 490
29 30
29 31
29 32
29 33
29 34
29 35
29 40
29 41
29 42
29 44
29 45
29 46
29 47
29 50
29 51
29 53
29 54
29 55
29 58
29 63
29 70
29 73
29 74
29 77
29 78
29 79
29 91
29 94
29 95
29 98
29 100
29 109
29 111
29 121
29 124
29 125
29 131
29 133
29 134
29 136
29 140
29 142
29 162
29 170
29 174
29 175
29 177
29 183
29 186
29 187
29 198
29 201
29 202
29 208
29 220
29 228
29 229
29 244
29 246
29 249
29 256
29 262
29 276
29 278
29 282
29 287
29 302
29 326
29 328
29 331
29 335
29 338
29 339
29 342
29 346
29 359
29 382
29 384
29 397
29 398
29 405
29 408
29 418
29 422
29 431
29 432
29 435
29 444
29 453
29 460
30 31
30 32
30 38
30 40
30 41
30 42
30 44
30 48
30 49
30 50
30 51
30 54
30 55
30 64
30 65
30 67
30 68
30 70
30 74
30 75
30 82
30 87
30 93
30 94
30 97
30 98
30 100
30 104
30 106
30 108
30 115
30 116
30 120
30 134
30 136
30 138
30 140
30 141
30 143
30 148
30 149
30 150
30 155
30 156
30 158
30 162
30 165
30 168
30 172
30 174
30 181
30 182
30 201
30 209
30 214
30 223
30 226
30 235
30 239
30 243
30 255
30 267
30 287
30 309
30 320
30 321
30 327
30 349
30 387
30 391
30 403
30 413
30 434
30 438
30 453
30 458
30 477
30 479
30 484
30 488
31 32
31 33
31 41
31 42
31 46
31 48
31 51
31 54
31 55
31 56
31 57
31 64
31 66
31 68
31 71
31 76
31 78
31 79
31 80
31 81
31 83
31 84
31 85
31 86
31 87
31 89
31 96
31 97
31 99
31 103
31 109
31 110
31 117
31 118
31 121
31 128
31 130
31 133
31 142
31 144
31 150
31 152
31 157
31 158
31 161
31 164
31 165
31 174
31 178
31 180
31 184
31 196
31 198
31 201
31 215
31 221
31 224
31 237
31 241
31 244
31 254
31 258
31 259
31 268
31 271
31 273
31 281
31 283
31 290
31 293
31 299
31 320
31 324
31 325
31 366
31 376
31 406
31 418
31 420
31 439
31 442
31 448
31 454
31 455
31 469
31 471
31 475
31 481
31 494
32 33
32 34
32 35
32 36
32 38
32 39
32 40
32 42
32 50
32 56
32 58
32 63
32 68
32 73
32 82
32 83
32 86
32 88
32 89
32 91
32 92
32 95
32 97
32 111
32 113
32 118
32 121
32 125
32 126
32 129
32 130
32 135
32 142
32 146
32 147
32 148
32 151
32 152
32 155
32 157
32 164
32 165
32 166
32 180
32 185
32 186
32 187
32 189
32 191
32 192
32 193
32 194
32 196
32 200
32 205
32 206
32 207
32 214
32 217
32 218
32 235
32 240
32 248
32 269
32 270
32 276
32 282
32 319
32 320
32 323
32 325
32 354
32 357
32 358
32 362
32 366
32 380
32 402
32 403
32 404
32 411
32 412
32 420
32 428
32 447
32 449
32 453
32 459
32 465
32 473
32 476
32 481
32 482
32 484
32 485
32 498
33 34
33 35
33 38
33 41
33 43
33 46
33 48
33 49
33 53
33 57
33 59
33 63
33 67
33 69
33 76
33 88
33 89
33 93
33 94
33 102
33 107
33 114
33 117
33 119
33 137
33 141
33 157
33 169
33 182
33 201
33 211
33 235
33 239
33 254
33 259
33 260
33 271
33 276
33 279
33 301
33 304
33 308
33 310
33 346
33 349
33 352
33 354
33 363
33 372
33 376
33 384
33 404
33 409
33 412
33 428
33 461
33 462
33 468
33 470
33 472
33 483
33 484
33 485
33 494
33 496
34 39
34 40
34 41
34 42
34 44
34 45
34 47
34 48
34 49
34 51
34 53
34 54
34 60
34 63
34 64
34 66
34 71
34 78
34 79
34 90
34 95
34 97
34 109
34 111
34 112
34 117
34 118
34 120
34 126
34 128
34 129
34 139
34 142
34 145
34 150
34 160
34 163
34 166
34 177
34 188
34 193
34 195
34 214
34 216
34 219
34 223
34 227
34 229
34 240
34 244
34 252
34 272
34 283
34 286
34 300
34 303
34 309
34 310
34 312
34 331
34 334
34 336
34 339
34 345
34 357
34 361
34 362
34 364
34 377
34 378
34 379
34 382
34 383
34 391
34 401
34 402
34 408
34 410
34 418
34 439
34 454
34 462
34 463
34 464
34 473
34 477
34 482
34 490
34 494
35 36
35 39
35 42
35 53
35 56
35 57
35 62
35 66
35 68
35 71
35 73
35 76
35 78
35 86
35 89
35 96
35 100
35 101
35 102
35 105
35 106
35 118
35 125
35 126
35 127
35 133
35 136
35 143
35 144
35 153
35 155
35 165
35 167
35 168
35 173
35 179
35 184
35 203
35 220
35 222
35 246
35 249
35 252
35 256
35 269
35 277
35 278
35 284
35 301
35 303
35 319
35 348
35 376
35 392
35 406
35 417
35 421
35 439
35 450
35 490
35 491
35 493
36 37
36 38
36 39
36 41
36 42
36 44
36 49
36 50
36 52
36 54
36 58
36 61
36 63
36 69
36 72
36 77
36 82
36 92
36 93
36 97
36 104
36 107
36 110
36 111
36 112
36 138
36 149
36 155
36 160
36 162
36 163
36 167
36 176
36 182
36 187
36 208
36 210
36 212
36 214
36 215
36 230
36 236
36 246
36 253
36 254
36 258
36 260
36 277
36 281
36 283
36 284
36 296
36 297
36 302
36 312
36 317
36 322
36 353
36 374
36 383
36 389
36 390
36 395
36 437
36 446
36 454
36 471
36 477
36 483
36 490
36 496
37 38
37 40
37 44
37 47
37 48
37 49
37 50
37 54
37 56
37 58
37 62
37 65
37 66
37 67
37 73
37 75
37 86
37 88
37 90
37 103
37 107
37 111
37 112
37 116
37 127
37 128
37 132
37 136
37 140
37 144
37 154
37 158
37 175
37 213
37 225
37 229
37 238
37 239
37 253
37 254
37 268
37 271
37 277
37 278
37 286
37 289
37 298
37 299
37 301
37 304
37 305
37 318
37 327
37 328
37 330
37 331
37 332
37 343
37 349
37 351
37 354
37 355
37 358
37 381
37 383
37 395
37 409
37 439
37 444
37 447
37 451
37 458
37 464
37 466
37 470
37 476
37 480
37 481
37 499
38 40
38 46
38 48
38 51
38 53
38 58
38 64
38 74
38 76
38 79
38 92
38 96
38 100
38 104
38 106
38 115
38 116
38 126
38 141
38 151
38 159
38 161
38 166
38 168
38 175
38 177
38 179
38 186
38 188
38 193
38 194
38 195
38 211
38 216
38 238
38 240
38 254
38 281
38 287
38 297
38 308
38 318
38 323
38 331
38 344
38 385
38 393
38 417
38 432
38 438
38 450
39 47
39 49
39 50
39 57
39 60
39 65
39 67
39 76
39 88
39 89
39 94
39 108
39 113
39 114
39 116
39 118
39 129
39 135
39 140
39 145
39 153
39 180
39 186
39 198
39 214
39 231
39 253
39 260
39 265
39 267
39 279
39 283
39 314
39 316
39 317
39 328
39 333
39 338
39 343
39 348
39 380
39 392
39 398
39 400
39 401
39 402
39 427
39 437
39 453
39 471
39 479
39 491
40 42
40 43
40 44
40 51
40 52
40 55
40 59
40 63
40 64
40 65
40 70
40 72
40 73
40 74
40 75
40 92
40 93
40 100
40 103
40 105
40 115
40 123
40 124
40 129
40 132
40 133
40 134
40 135
40 139
40 141
40 144
40 149
40 154
40 157
40 158
40 161
40 175
40 177
40 188
40 189
40 193
40 203
40 208
40 210
40 213
40 215
40 216
40 229
40 233
40 240
40 245
40 246
40 251
40 258
40 261
40 275
40 286
40 293
40 304
40 308
40 311
40 331
40 349
40 350
40 362
40 367
40 372
40 399
40 417
40 427
40 433
40 456
40 459
40 464
40 465
40 469
40 476
40 487
41 44
41 45
41 47
41 53
41 58
41 59
41 60
41 61
41 63
41 65
41 69
41 71
41 72
41 73
41 74
41 77
41 82
41 86
41 87
41 89
41 94
41 100
41 102
41 103
41 104
41 106
41 111
41 112
41 114
41 117
41 118
41 122
41 128
41 137
41 145
41 147
41 153
41 158
41 159
41 163
41 166
41 176
41 177
41 182
41 183
41 184
41 187
41 190
41 195
41 203
41 204
41 206
41 207
41 209
41 210
41 214
41 215
41 218
41 228
41 230
41 237
41 245
41 255
41 258
41 265
41 276
41 285
41 286
41 287
41 295
41 299
41 303
41 306
41 308
41 315
41 333
41 338
41 341
41 344
41 359
41 365
41 381
41 382
41 384
41 386
41 393
41 402
41 407
41 411
41 416
41 424
41 450
42 46
42 49
42 51
42 53
42 61
42 67
42 72
42 74
42 80
42 108
42 115
42 122
42 128
42 153
42 160
42 161
42 163
42 165
42 178
42 184
42 186
42 187
42 194
42 196
42 216
42 293
42 295
42 311
42 329
42 347
42 350
42 354
42 382
42 456
42 465
42 488
42 493
43 44
43 54
43 57
43 76
43 79
43 98
43 99
43 100
43 104
43 114
43 117
43 121
43 157
43 158
43 184
43 194
43 195
43 235
43 238
43 243
43 264
43 269
43 279
43 288
43 317
43 328
43 331
43 332
43 377
43 389
43 395
43 407
43 416
43 421
43 438
43 463
43 491
44 46
44 49
44 63
44 70
44 74
44 90
44 105
44 108
44 117
44 118
44 123
44 125
44 133
44 143
44 146
44 151
44 152
44 153
44 168
44 169
44 174
44 178
44 179
44 180
44 185
44 189
44 192
44 199
44 200
44 215
44 225
44 230
44 247
44 251
44 252
44 266
44 269
44 275
44 277
44 281
44 285
44 298
44 299
44 308
44 321
44 335
44 346
44 351
44 368
44 432
44 451
44 454
44 468
44 470
45 53
45 54
45 56
45 60
45 61
45 63
45 73
45 75
45 77
45 83
45 85
45 90
45 98
45 103
45 104
45 112
45 121
45 126
45 152
45 161
45 166
45 167
45 170
45 193
45 198
45 205
45 212
45 214
45 215
45 218
45 219
45 223
45 233
45 234
45 249
45 266
45 269
45 283
45 295
45 303
45 322
45 339
45 345
45 347
45 348
45 352
45 358
45 397
45 420
45 422
45 426
45 440
45 450
45 483
45 493
46 48
46 53
46 59
46 71
46 78
46 94
46 97
46 98
46 110
46 126
46 163
46 174
46 192
46 209
46 218
46 271
46 272
46 288
46 300
46 315
46 390
46 392
46 423
46 442
46 463
47 53
47 58
47 59
47 70
47 77
47 80
47 94
47 113
47 119
47 126
47 129
47 143
47 162
47 174
47 204
47 210
47 229
47 283
47 289
47 290
47 374
47 389
47 412
47 421
47 435
47 437
47 478
47 497
48 57
48 61
48 62
48 73
48 107
48 124
48 129
48 130
48 131
48 137
48 173
48 180
48 194
48 203
48 204
48 213
48 217
48 218
48 221
48 225
48 248
48 252
48 258
48 276
48 292
48 300
48 309
48 314
48 358
48 395
48 414
48 435
48 448
48 450
48 471
49 50
49 51
49 55
49 62
49 64
49 67
49 79
49 81
49 85
49 86
49 87
49 90
49 93
49 94
49 100
49 107
49 118
49 131
49 134
49 138
49 139
49 146
49 150
49 196
49 199
49 217
49 218
49 233
49 239
49 252
49 254
49 269
49 270
49 278
49 313
49 315
49 324
49 326
49 347
49 354
49 373
49 374
49 427
49 434
49 454
49 458
49 469
49 499
50 60
50 64
50 68
50 91
50 115
50 116
50 119
50 122
50 127
50 130
50 153
50 165
50 205
50 209
50 219
50 232
50 245
50 251
50 260
50 269
50 294
50 296
50 317
50 327
50 353
50 359
50 367
50 379
50 394
50 415
50 457
50 490
51 65
51 70
51 74
51 84
51 98
51 100
51 122
51 123
51 137
51 145
51 169
51 175
51 245
51 251
51 288
51 294
51 295
51 361
51 409
51 423
51 454
51 456
51 473
52 54
52 55
52 56
52 57
52 58
52 65
52 67
52 78
52 86
52 91
52 96
52 113
52 120
52 124
52 127
52 129
52 131
52 132
52 154
52 155
52 164
52 174
52 181
52 192
52 195
52 197
52 200
52 210
52 215
52 216
52 219
52 224
52 243
52 258
52 261
52 269
52 271
52 292
52 301
52 333
52 334
52 335
52 364
52 377
52 379
52 383
52 406
52 431
52 448
52 460
52 463
52 466
52 496
52 499
53 56
53 61
53 63
53 64
53 68
53 74
53 80
53 98
53 110
53 122
53 130
53 145
53 154
53 171
53 174
53 185
53 198
53 218
53 224
53 230
53 282
53 283
53 285
53 302
53 319
53 322
53 334
53 351
53 376
53 385
53 389
53 395
53 404
53 439
53 450
53 459
53 478
54 55
54 57
54 59
54 66
54 67
54 72
54 76
54 77
54 87
54 88
54 89
54 90
54 98
54 99
54 102
54 107
54 108
54 116
54 122
54 124
54 130
54 134
54 138
54 139
54 146
54 149
54 152
54 153
54 156
54 160
54 164
54 178
54 184
54 187
54 189
54 190
54 191
54 192
54 210
54 211
54 220
54 229
54 234
54 249
54 253
54 257
54 258
54 259
54 263
54 268
54 277
54 278
54 306
54 307
54 319
54 320
54 339
54 343
54 344
54 347
54 374
54 421
54 429
54 432
54 433
54 435
54 453
54 457
54 492
54 494
55 57
55 60
55 63
55 66
55 72
55 73
55 76
55 77
55 84
55 93
55 95
55 99
55 100
55 101
55 112
55 113
55 115
55 117
55 132
55 136
55 142
55 165
55 170
55 171
55 189
55 193
55 223
55 231
55 251
55 265
55 275
55 277
55 304
55 309
55 326
55 329
55 334
55 338
55 369
55 375
55 395
55 398
55 431
55 464
55 468
55 497
56 60
56 80
56 81
56 102
56 104
56 110
56 120
56 125
56 139
56 140
56 142
56 154
56 156
56 195
56 198
56 200
56 202
56 205
56 207
56 212
56 251
56 257
56 258
56 268
56 277
56 288
56 307
56 325
56 367
56 374
56 379
56 381
56 395
56 398
56 411
56 427
56 462
56 490
56 495
56 496
57 59
57 62
57 63
57 69
57 75
57 80
57 88
57 92
57 94
57 106
57 110
57 114
57 128
57 129
57 137
57 145
57 150
57 162
57 173
57 181
57 187
57 190
57 192
57 194
57 199
57 205
57 208
57 239
57 242
57 245
57 247
57 248
57 249
57 253
57 260
57 269
57 274
57 281
57 299
57 309
57 319
57 328
57 333
57 340
57 351
57 353
57 356
57 363
57 372
57 374
57 386
57 393
57 399
57 410
57 451
57 466
57 482
57 498
58 85
58 86
58 94
58 97
58 98
58 99
58 103
58 110
58 122
58 124
58 130
58 132
58 178
58 199
58 205
58 222
58 224
58 233
58 247
58 262
58 278
58 292
58 296
58 303
58 304
58 320
58 330
58 366
58 368
58 371
58 382
58 384
58 396
58 404
58 415
58 438
58 447
58 495
59 71
59 79
59 80
59 85
59 88
59 92
59 93
59 94
59 108
59 113
59 118
59 119
59 155
59 169
59 185
59 197
59 205
59 207
59 218
59 219
59 220
59 222
59 271
59 285
59 296
59 297
59 302
59 305
59 324
59 325
59 337
59 371
59 382
59 400
59 401
59 410
59 411
59 428
59 451
59 487
60 61
60 68
60 69
60 76
60 87
60 101
60 111
60 134
60 135
60 143
60 144
60 145
60 154
60 155
60 161
60 173
60 184
60 187
60 192
60 206
60 217
60 232
60 233
60 234
60 242
60 243
60 255
60 312
60 332
60 341
60 393
60 421
60 437
60 448
60 474
60 478
61 62
61 63
61 65
61 66
61 71
61 72
61 76
61 89
61 90
61 95
61 118
61 120
61 144
61 175
61 190
61 202
61 209
61 224
61 231
61 240
61 241
61 246
61 274
61 280
61 290
61 333
61 336
61 367
61 406
61 434
61 484
61 489
62 80
62 82
62 92
62 93
62 95
62 99
62 104
62 105
62 128
62 131
62 134
62 140
62 144
62 151
62 162
62 176
62 179
62 183
62 185
62 193
62 197
62 214
62 238
62 242
62 260
62 269
62 286
62 314
62 324
62 340
62 372
62 381
62 388
62 408
62 425
62 427
62 440
62 489
62 491
62 499
63 65
63 68
63 69
63 70
63 71
63 72
63 75
63 80
63 82
63 91
63 96
63 101
63 104
63 111
63 112
63 115
63 124
63 127
63 141
63 148
63 158
63 160
63 176
63 179
63 181
63 183
63 191
63 192
63 213
63 215
63 216
63 220
63 222
63 234
63 237
63 240
63 244
63 250
63 270
63 280
63 281
63 287
63 295
63 328
63 331
63 336
63 340
63 360
63 369
63 383
63 386
63 419
63 425
63 436
63 476
64 69
64 84
64 106
64 108
64 113
64 114
64 122
64 128
64 129
64 166
64 183
64 185
64 187
64 239
64 254
64 272
64 284
64 310
64 316
64 320
64 353
64 359
64 373
64 394
64 422
64 430
64 476
64 490
65 67
65 80
65 84
65 88
65 101
65 104
65 109
65 130
65 140
65 141
65 143
65 147
65 157
65 193
65 194
65 228
65 232
65 252
65 271
65 279
65 292
65 330
65 342
65 350
65 364
65 387
65 391
65 396
65 413
65 430
65 435
66 72
66 75
66 78
66 79
66 84
66 86
66 87
66 92
66 100
66 108
66 120
66 123
66 124
66 128
66 140
66 148
66 150
66 159
66 160
66 169
66 181
66 187
66 188
66 199
66 216
66 218
66 221
66 225
66 240
66 255
66 259
66 272
66 275
66 291
66 307
66 311
66 329
66 336
66 354
66 359
66 372
66 377
66 416
66 430
66 438
66 439
66 456
67 74
67 79
67 83
67 96
67 99
67 108
67 113
67 121
67 137
67 147
67 153
67 154
67 156
67 172
67 175
67 182
67 183
67 196
67 197
67 225
67 230
67 252
67 259
67 260
67 271
67 291
67 330
67 332
67 344
67 352
67 391
68 78
68 81
68 82
68 84
68 88
68 91
68 96
68 107
68 117
68 119
68 128
68 149
68 151
68 163
68 167
68 193
68 196
68 199
68 206
68 223
68 227
68 241
68 245
68 263
68 288
68 300
68 319
68 331
68 344
68 388
68 414
68 416
68 422
68 457
68 461
69 70
69 72
69 75
69 79
69 87
69 91
69 96
69 102
69 105
69 125
69 126
69 127
69 136
69 138
69 154
69 156
69 157
69 159
69 161
69 184
69 197
69 198
69 203
69 211
69 234
69 237
69 238
69 256
69 261
69 263
69 308
69 321
69 333
69 340
69 348
69 357
69 358
69 363
69 381
69 383
69 385
69 387
69 390
69 405
69 410
69 412
69 416
69 418
69 430
69 440
69 446
69 452
69 470
69 471
69 473
69 475
69 476
69 484
69 486
70 73
70 75
70 76
70 81
70 84
70 87
70 88
70 90
70 97
70 99
70 119
70 124
70 219
70 264
70 283
70 289
70 303
70 307
70 331
70 341
70 347
70 362
70 384
70 386
70 395
70 412
70 442
70 451
70 454
70 466
70 486
71 85
71 97
71 101
71 102
71 117
71 132
71 134
71 137
71 146
71 149
71 190
71 201
71 208
71 212
71 242
71 253
71 259
71 277
71 283
71 288
71 296
71 320
71 349
71 363
71 365
71 400
71 408
71 410
71 456
71 485
72 84
72 86
72 107
72 114
72 115
72 116
72 117
72 132
72 133
72 136
72 137
72 138
72 146
72 147
72 154
72 158
72 167
72 170
72 177
72 194
72 207
72 228
72 235
72 244
72 268
72 280
72 288
72 304
72 314
72 319
72 329
72 337
72 340
72 360
72 368
72 388
72 401
72 408
72 429
72 459
72 466
72 470
72 475
72 481
73 80
73 82
73 86
73 88
73 95
73 103
73 117
73 119
73 121
73 127
73 130
73 151
73 163
73 172
73 192
73 213
73 216
73 247
73 272
73 292
73 312
73 316
73 344
73 351
73 358
73 362
73 413
73 428
73 445
73 446
73 470
73 475
74 81
74 105
74 129
74 139
74 140
74 149
74 152
74 163
74 172
74 200
74 203
74 211
74 229
74 234
74 253
74 259
74 265
74 266
74 275
74 311
74 324
74 328
74 377
74 415
74 426
74 427
74 491
75 86
75 92
75 109
75 127
75 136
75 168
75 169
75 171
75 175
75 198
75 214
75 266
75 273
75 277
75 292
75 303
75 310
75 318
75 322
75 328
75 364
75 382
75 402
75 411
75 455
75 461
75 476
76 83
76 90
76 115
76 116
76 126
76 130
76 135
76 138
76 193
76 194
76 196
76 220
76 286
76 311
76 352
76 365
76 396
76 407
76 425
76 445
76 473
76 489
76 499
77 87
77 89
77 94
77 95
77 103
77 109
77 115
77 121
77 124
77 126
77 139
77 142
77 147
77 161
77 174
77 175
77 186
77 196
77 202
77 211
77 241
77 242
77 244
77 261
77 262
77 273
77 276
77 305
77 313
77 335
77 350
77 354
77 356
77 359
77 364
77 370
77 417
77 479
78 90
78 102
78 109
78 116
78 121
78 137
78 142
78 146
78 153
78 166
78 208
78 236
78 243
78 282
78 290
78 308
78 377
78 379
78 400
78 464
78 477
78 497
79 82
79 85
79 86
79 95
79 97
79 104
79 105
79 106
79 119
79 128
79 129
79 133
79 172
79 174
79 186
79 187
79 212
79 217
79 220
79 234
79 257
79 262
79 273
79 295
79 296
79 298
79 308
79 323
79 338
79 351
79 353
79 380
79 394
79 434
79 437
79 445
79 464
79 498
80 84
80 99
80 115
80 117
80 134
80 156
80 165
80 177
80 180
80 193
80 213
80 219
80 235
80 254
80 262
80 286
80 367
80 371
80 412
80 449
80 492
81 82
81 99
81 147
81 148
81 191
81 232
81 242
81 255
81 299
81 322
81 353
81 378
81 396
81 403
81 466
82 83
82 98
82 104
82 110
82 148
82 149
82 156
82 179
82 183
82 208
82 213
82 261
82 266
82 318
82 321
82 334
82 357
82 366
82 371
82 443
83 91
83 92
83 99
83 100
83 105
83 113
83 131
83 132
83 137
83 150
83 164
83 167
83 200
83 212
83 221
83 237
83 241
83 255
83 262
83 267
83 279
83 304
83 310
83 366
83 374
83 375
83 380
83 392
83 397
83 416
83 419
83 424
83 448
83 460
83 472
83 479
83 488
84 90
84 92
84 107
84 112
84 115
84 116
84 123
84 125
84 132
84 149
84 171
84 179
84 242
84 243
84 256
84 281
84 308
84 316
84 319
84 372
84 383
84 400
84 401
84 413
84 446
84 458
84 460
84 463
85 87
85 90
85 92
85 105
85 119
85 120
85 121
85 132
85 138
85 142
85 150
85 154
85 156
85 161
85 173
85 181
85 187
85 199
85 209
85 213
85 217
85 220
85 221
85 223
85 229
85 232
85 240
85 243
85 248
85 259
85 266
85 274
85 294
85 311
85 316
85 346
85 363
85 369
85 377
85 380
85 387
85 389
85 398
85 435
85 438
85 451
85 461
85 462
85 468
85 474
85 492
85 494
85 495
86 111
86 116
86 121
86 123
86 131
86 140
86 147
86 166
86 189
86 200
86 222
86 228
86 245
86 259
86 302
86 303
86 342
86 361
86 378
86 381
86 386
86 396
86 410
86 431
86 439
86 448
86 463
86 471
86 476
86 479
86 487
86 498
87 91
87 110
87 112
87 119
87 123
87 191
87 201
87 229
87 254
87 264
87 284
87 300
87 304
87 325
87 327
87 366
87 390
87 397
87 408
87 421
87 446
87 462
87 480
88 90
88 143
88 170
88 210
88 252
88 261
88 264
88 287
88 296
88 334
88 397
88 404
88 432
89 108
89 112
89 123
89 129
89 136
89 137
89 145
89 148
89 185
89 188
89 190
89 192
89 198
89 219
89 233
89 243
89 245
89 256
89 267
89 268
89 273
89 285
89 315
89 316
89 328
89 335
89 354
89 360
89 375
89 394
89 396
89 423
89 480
89 481
89 491
90 91
90 239
90 249
90 271
90 293
90 347
90 433
90 441
90 457
90 472
91 94
91 95
91 106
91 113
91 122
91 126
91 152
91 181
91 184
91 188
91 221
91 226
91 231
91 242
91 249
91 256
91 265
91 301
91 396
91 405
91 408
91 415
91 444
91 480
91 482
92 96
92 101
92 120
92 121
92 135
92 140
92 155
92 167
92 184
92 186
92 238
92 239
92 243
92 248
92 261
92 267
92 281
92 295
92 307
92 310
92 315
92 362
92 363
92 371
92 402
92 440
92 445
92 474
92 484
93 94
93 97
93 98
93 100
93 102
93 122
93 123
93 138
93 141
93 150
93 158
93 159
93 161
93 162
93 185
93 189
93 204
93 238
93 247
93 248
93 250
93 272
93 294
93 297
93 313
93 314
93 325
93 334
93 339
93 376
93 389
93 410
93 413
93 456
93 484
93 495
93 497
93 499
94 111
94 114
94 135
94 139
94 174
94 178
94 179
94 185
94 250
94 257
94 269
94 273
94 286
94 302
94 326
94 420
94 428
94 438
94 460
95 102
95 108
95 121
95 123
95 133
95 145
95 148
95 151
95 157
95 165
95 188
95 194
95 200
95 205
95 221
95 223
95 228
95 238
95 244
95 256
95 262
95 273
95 280
95 283
95 291
95 326
95 366
95 373
95 374
95 378
95 392
95 411
95 476
95 491
96 109
96 120
96 124
96 131
96 139
96 142
96 147
96 149
96 160
96 164
96 170
96 175
96 187
96 199
96 217
96 221
96 224
96 227
96 250
96 285
96 300
96 311
96 324
96 356
96 366
96 369
96 376
96 386
96 388
96 398
96 408
96 419
96 429
96 432
96 436
96 443
96 447
96 467
96 471
96 474
96 483
96 484
96 487
97 113
97 117
97 124
97 127
97 135
97 142
97 158
97 204
97 209
97 260
97 359
97 363
97 365
97 378
97 387
97 391
97 392
97 399
97 417
97 466
97 490
98 110
98 120
98 199
98 205
98 240
98 260
98 291
98 352
98 369
98 419
98 447
98 472
98 485
98 492
98 496
99 126
99 145
99 151
99 176
99 177
99 181
99 183
99 189
99 193
99 200
99 209
99 211
99 256
99 262
99 285
99 290
99 300
99 304
99 305
99 316
99 369
99 385
99 388
99 442
99 445
99 481
100 107
100 109
100 117
100 139
100 140
100 145
100 152
100 155
100 163
100 173
100 176
100 178
100 185
100 224
100 233
100 237
100 249
100 292
100 327
100 332
100 335
100 354
100 403
100 433
100 436
100 465
100 469
100 470
100 476
100 495
100 496
101 125
101 137
101 145
101 148
101 150
101 172
101 182
101 183
101 186
101 189
101 209
101 218
101 227
101 248
101 250
101 258
101 303
101 322
101 327
101 340
101 346
101 352
101 359
101 390
101 424
101 446
101 495
102 107
102 112
102 124
102 136
102 152
102 164
102 171
102 174
102 176
102 181
102 190
102 204
102 223
102 234
102 266
102 270
102 307
102 337
102 363
102 420
102 435
102 436
102 461
102 486
103 104
103 128
103 147
103 152
103 174
103 184
103 191
103 266
103 329
103 340
103 345
103 364
103 371
103 380
103 383
103 393
103 399
103 407
103 417
103 425
103 442
103 443
103 453
103 458
103 472
103 473
104 108
104 109
104 159
104 184
104 202
104 206
104 248
104 264
104 273
104 280
104 304
104 316
104 317
104 322
104 349
104 371
104 374
104 398
104 452
104 492
105 109
105 140
105 177
105 211
105 212
105 281
105 305
105 312
105 314
105 322
105 332
105 395
105 418
105 426
105 431
105 462
105 488
105 495
106 135
106 139
106 157
106 180
106 197
106 214
106 222
106 226
106 258
106 367
106 390
106 481
107 119
107 123
107 127
107 142
107 151
107 156
107 157
107 165
107 168
107 170
107 175
107 184
107 186
107 191
107 215
107 216
107 218
107 225
107 231
107 253
107 281
107 311
107 325
107 327
107 351
107 352
107 367
107 394
107 430
107 480
107 484
107 494
108 125
108 126
108 132
108 135
108 136
108 141
108 145
108 150
108 152
108 153
108 161
108 166
108 172
108 178
108 182
108 188
108 189
108 190
108 193
108 202
108 210
108 214
108 230
108 236
108 252
108 259
108 268
108 278
108 290
108 293
108 318
108 345
108 357
108 373
108 386
108 396
108 397
108 408
108 437
108 452
108 473
109 193
109 198
109 199
109 216
109 227
109 255
109 267
109 268
109 277
109 320
109 329
109 349
109 361
109 364
109 379
109 426
109 429
110 111
110 116
110 121
110 131
110 134
110 147
110 150
110 164
110 173
110 186
110 197
110 209
110 223
110 236
110 249
110 264
110 267
110 278
110 298
110 317
110 419
110 438
110 464
110 478
110 497
111 113
111 126
111 145
111 202
111 239
111 244
111 298
111 350
111 449
111 462
112 141
112 142
112 143
112 167
112 175
112 182
112 236
112 247
112 253
112 256
112 283
112 299
112 312
112 315
112 323
112 342
112 400
112 420
112 435
112 450
112 491
113 116
113 122
113 132
113 144
113 147
113 160
113 173
113 196
113 201
113 206
113 207
113 219
113 228
113 241
113 246
113 259
113 261
113 268
113 280
113 331
113 365
113 366
113 370
113 397
113 406
113 467
113 487
114 118
114 143
114 145
114 180
114 188
114 203
114 233
114 241
114 262
114 267
114 296
114 336
114 337
114 359
114 360
114 370
114 383
114 400
114 406
114 448
114 487
115 116
115 121
115 130
115 135
115 149
115 151
115 201
115 202
115 203
115 214
115 221
115 265
115 270
115 285
115 302
115 320
115 337
115 341
115 368
115 370
115 374
115 378
115 389
115 420
115 456
115 459
115 468
116 164
116 186
116 203
116 233
116 246
116 257
116 273
116 276
116 282
116 287
116 324
116 376
116 394
116 441
116 473
117 123
117 150
117 181
117 193
117 203
117 206
117 213
117 232
117 242
117 259
117 261
117 284
117 288
117 322
117 330
117 331
117 391
117 397
117 463
117 471
118 125
118 131
118 147
118 153
118 157
118 165
118 173
118 181
118 195
118 230
118 310
118 351
118 370
118 486
119 151
119 164
119 166
119 194
119 198
119 199
119 217
119 237
119 264
119 269
119 280
119 296
119 299
119 317
119 343
119 344
119 381
119 417
119 429
119 444
119 456
119 468
120 165
120 173
120 233
120 240
120 260
120 272
120 307
120 315
120 320
120 348
120 373
120 404
120 413
120 420
121 137
121 148
121 161
121 191
121 282
121 284
121 330
121 396
121 421
121 445
121 485
122 131
122 133
122 137
122 146
122 148
122 154
122 156
122 172
122 180
122 188
122 203
122 263
122 282
122 287
122 326
122 333
122 339
122 351
122 356
122 370
122 375
122 389
122 401
122 405
122 410
122 413
122 415
122 429
122 439
122 478
122 486
123 138
123 171
123 185
123 201
123 227
123 282
123 284
123 290
123 291
123 309
123 313
123 330
123 410
123 423
123 443
123 460
123 485
124 133
124 153
124 158
124 163
124 170
124 172
124 182
124 207
124 247
124 253
124 297
124 314
124 332
124 358
124 364
124 375
124 382
124 424
124 439
124 472
124 490
125 126
125 182
125 190
125 191
125 195
125 211
125 232
125 234
125 261
125 279
125 319
125 349
125 350
125 369
125 406
125 414
125 420
125 421
125 422
125 427
125 464
125 475
125 489
126 128
126 129
126 136
126 175
126 182
126 187
126 190
126 206
126 209
126 211
126 239
126 246
126 271
126 277
126 289
126 300
126 303
126 312
126 320
126 332
126 374
126 413
126 426
126 431
126 457
126 486
126 492
127 149
127 153
127 154
127 157
127 210
127 213
127 227
127 250
127 260
127 275
127 287
127 293
127 296
127 312
127 318
127 321
127 325
127 353
127 360
127 379
127 381
127 387
127 396
127 424
127 443
128 190
128 232
128 234
128 244
128 267
128 398
128 407
128 421
128 459
128 481
129 156
129 158
129 192
129 223
129 236
129 294
129 305
129 334
129 338
129 344
129 350
129 356
129 386
129 425
129 438
129 445
129 471
129 477
129 495
130 139
130 159
130 176
130 265
130 307
130 318
130 335
130 397
130 407
130 422
130 424
130 485
130 486
131 141
131 162
131 176
131 183
131 223
131 245
131 270
131 272
131 281
131 309
131 327
131 357
131 365
131 384
131 414
131 434
131 483
132 222
132 229
132 248
132 270
132 286
132 385
132 393
132 428
133 202
133 228
133 254
133 256
133 260
133 283
133 325
133 353
133 356
133 366
133 379
133 380
133 439
133 456
133 475
134 185
134 196
134 226
134 270
134 282
134 289
134 310
134 317
134 324
134 341
134 358
134 383
134 392
134 411
134 416
134 445
134 455
134 457
135 137
135 138
135 139
135 162
135 164
135 169
135 188
135 235
135 276
135 282
135 291
135 314
135 322
135 369
135 391
135 401
135 426
136 139
136 146
136 154
136 159
136 177
136 257
136 284
136 318
136 437
136 466
136 468
137 141
137 145
137 155
137 178
137 195
137 204
137 205
137 226
137 238
137 240
137 250
137 308
137 314
137 322
137 335
137 366
137 371
137 389
137 414
137 447
137 453
138 157
138 159
138 165
138 194
138 198
138 231
138 252
138 311
138 320
138 325
138 345
138 368
138 389
138 436
138 499
139 150
139 163
139 171
139 207
139 213
139 237
139 244
139 263
139 266
139 329
139 336
139 353
139 384
139 388
139 401
139 429
139 444
139 465
139 498
139 499
140 167
140 189
140 198
140 225
140 236
140 241
140 258
140 266
140 346
140 354
140 358
140 409
140 425
140 433
140 435
140 462
141 146
141 153
141 158
141 182
141 219
141 240
141 313
141 320
141 334
141 350
141 365
141 435
141 485
142 148
142 155
142 188
142 215
142 217
142 225
142 231
142 251
142 259
142 270
142 274
142 286
142 303
142 330
142 339
142 340
142 352
142 395
142 480
143 170
143 171
143 181
143 198
143 206
143 216
143 223
143 230
143 235
143 281
143 284
143 344
143 351
143 354
143 365
143 388
143 451
143 457
143 468
143 492
144 146
144 159
144 163
144 176
144 197
144 198
144 221
144 263
144 276
144 286
144 299
144 306
144 313
144 345
144 355
144 363
144 366
144 422
144 424
144 430
145 149
145 161
145 166
145 170
145 190
145 191
145 221
145 222
145 227
145 263
145 264
145 317
145 332
145 340
145 377
145 378
145 384
145 439
146 147
146 151
146 155
146 164
146 167
146 173
146 177
146 234
146 243
146 254
146 265
146 299
146 307
146 336
146 370
146 371
146 375
146 407
147 256
147 304
147 373
147 381
147 417
148 149
148 152
148 163
148 166
148 183
148 191
148 245
148 257
148 273
148 289
148 304
148 324
148 333
148 429
148 445
148 470
148 490
149 154
149 231
149 275
149 292
149 298
149 372
149 409
150 161
150 182
150 184
150 205
150 210
150 232
150 235
150 253
150 292
150 312
150 318
150 343
150 386
150 388
150 415
150 441
150 465
150 499
151 155
151 181
151 188
151 217
151 220
151 223
151 231
151 336
151 403
151 405
151 406
151 451
151 455
152 166
152 170
152 178
152 208
152 230
152 352
152 354
152 355
152 404
152 409
152 419
153 187
153 204
153 208
153 212
153 222
153 251
153 271
153 290
153 291
153 301
153 348
153 418
153 427
153 438
153 495
154 159
154 172
154 175
154 176
154 191
154 205
154 210
154 212
154 227
154 228
154 231
154 237
154 294
154 313
154 321
154 338
154 342
154 348
154 351
154 355
154 383
154 386
154 398
154 404
154 424
154 436
154 442
154 454
154 466
154 479
154 491
155 156
155 162
155 185
155 206
155 230
155 265
155 272
155 333
155 344
155 374
155 395
155 413
155 459
155 474
155 483
156 179
156 183
156 202
156 204
156 217
156 232
156 254
156 302
156 306
156 309
156 363
156 370
157 173
157 197
157 219
157 258
157 261
157 299
157 340
157 382
158 161
158 175
158 179
158 182
158 195
158 197
158 215
158 221
158 264
158 268
158 303
158 361
158 377
158 429
158 440
158 443
158 460
159 165
159 171
159 274
159 295
159 330
159 399
159 408
159 433
159 452
159 455
159 456
159 471
160 222
160 288
160 394
161 162
161 167
161 200
161 247
161 319
161 323
161 357
161 375
161 384
161 392
161 408
161 417
161 441
161 498
162 180
162 191
162 199
162 201
162 206
162 220
162 227
162 237
162 260
162 277
162 348
162 353
162 462
162 493
163 169
163 185
163 192
163 200
163 206
163 213
163 232
163 273
163 278
163 279
163 291
163 359
163 388
163 418
163 422
163 423
163 441
163 469
163 470
164 168
164 169
164 177
164 188
164 239
164 241
164 245
164 255
164 284
164 285
164 344
164 372
164 433
164 453
165 209
165 210
165 235
165 249
165 251
165 254
165 265
165 272
165 274
165 292
165 301
165 302
165 310
165 312
165 375
165 391
165 401
165 418
165 431
165 436
165 441
165 445
165 469
166 177
166 200
166 203
166 220
166 267
166 274
166 294
166 323
166 330
166 371
166 409
166 412
166 431
166 441
166 445
166 498
167 199
167 201
167 244
167 284
167 291
167 295
167 307
167 339
167 347
167 360
167 362
167 388
167 410
167 428
168 264
168 337
168 378
168 381
168 386
168 391
168 396
168 410
168 453
169 186
169 231
169 260
169 280
169 285
169 298
169 420
169 447
169 459
169 474
170 176
170 188
170 207
170 210
170 212
170 230
170 240
170 261
170 302
170 311
170 319
170 321
170 412
170 424
170 474
171 239
171 247
171 279
171 336
171 338
171 357
171 406
171 457
171 464
171 492
172 186
172 225
172 352
172 442
172 495
173 183
173 238
173 252
173 282
173 339
173 343
173 367
173 428
173 453
173 488
174 178
174 235
174 262
174 267
174 279
174 294
174 313
174 352
174 375
174 390
174 395
174 407
174 410
174 411
174 420
174 452
174 455
174 491
175 202
175 226
175 231
175 237
175 242
175 307
175 360
175 389
175 412
175 417
175 423
175 426
175 428
175 434
175 467
175 483
176 179
176 229
176 254
176 279
176 288
176 290
176 308
176 351
176 352
176 353
176 387
176 421
176 470
177 189
177 197
177 203
177 228
177 235
177 262
177 263
177 270
177 286
177 289
177 295
177 309
177 386
177 407
177 430
177 432
177 457
177 475
177 499
178 217
178 268
178 296
178 346
178 349
178 377
178 378
178 393
178 394
178 437
178 460
178 467
178 468
179 181
179 185
179 214
179 239
179 266
179 289
179 292
179 361
179 364
179 390
179 469
179 479
179 481
180 192
180 253
180 308
180 356
180 359
180 364
180 425
181 234
181 249
181 252
181 287
181 306
181 371
181 494
181 497
182 198
182 204
182 218
182 232
182 235
182 242
182 255
182 263
182 293
182 295
182 305
182 326
182 355
182 409
182 413
182 425
182 455
182 459
182 482
183 197
183 211
183 224
183 232
183 246
183 279
183 299
183 347
183 362
183 368
183 387
183 427
183 430
183 465
184 221
184 262
184 273
184 300
184 316
184 339
184 387
184 391
184 455
184 480
184 482
185 229
185 291
185 309
185 348
185 359
185 393
185 479
186 225
186 248
186 280
186 331
186 390
186 392
186 492
187 201
187 248
187 257
187 258
187 303
187 309
187 329
187 382
187 398
187 414
187 418
187 432
187 448
187 449
187 465
187 492
188 204
188 241
188 247
188 248
188 254
188 255
188 279
188 306
188 363
188 385
188 403
188 449
189 193
189 204
189 224
189 227
189 236
189 263
189 266
189 316
189 345
189 360
189 368
189 372
189 396
189 448
189 454
189 458
189 461
189 496
190 209
190 250
190 291
190 297
190 307
190 316
190 318
190 323
190 334
190 403
190 411
191 211
191 250
191 267
191 315
191 337
191 353
191 365
191 381
191 398
191 404
191 414
191 427
192 200
192 203
192 208
192 265
192 312
192 325
192 361
192 474
192 479
193 197
193 225
193 267
193 283
193 298
193 341
193 350
193 364
193 395
193 414
193 416
193 462
194 196
194 244
194 257
194 285
194 289
194 290
194 327
194 330
194 344
194 369
194 386
194 441
194 450
194 453
194 454
194 492
194 497
195 252
195 276
195 284
195 305
196 252
196 263
196 274
196 278
196 285
196 289
196 291
196 349
196 356
196 370
196 407
196 427
196 441
196 474
196 484
197 210
197 218
197 226
197 285
197 405
197 443
197 460
197 490
198 242
198 273
198 294
198 397
198 403
198 436
198 439
198 471
198 473
199 209
199 228
199 263
199 268
199 281
199 328
199 376
199 431
199 486
199 488
200 206
200 237
200 240
200 264
200 270
200 278
200 286
200 332
200 342
200 366
200 386
200 395
200 409
200 426
200 442
200 498
201 211
201 257
201 276
201 290
201 293
201 303
201 355
201 388
201 406
201 409
201 417
201 423
201 443
201 454
201 455
201 465
202 224
202 398
202 406
202 409
202 419
202 420
203 220
203 244
203 269
203 343
203 429
203 459
203 474
203 493
204 216
204 300
204 349
204 359
204 452
205 217
205 220
205 222
205 238
205 247
205 257
205 262
205 282
205 297
205 298
205 310
205 312
205 335
205 370
205 483
206 209
206 220
206 234
206 289
206 294
206 302
206 331
206 343
206 423
206 424
206 470
206 489
207 208
207 213
207 224
207 244
207 251
207 274
207 279
207 280
207 288
207 311
207 312
207 316
207 324
207 326
207 333
207 355
207 374
207 400
207 424
207 468
207 493
208 219
208 247
208 296
208 317
208 342
208 347
208 354
208 375
208 382
208 424
209 321
209 323
209 326
209 477
209 481
210 226
210 236
210 238
210 248
210 267
210 284
210 311
210 375
210 423
210 432
210 454
211 215
211 244
211 282
211 414
211 446
211 450
211 478
212 291
212 292
212 376
212 416
212 470
213 226
213 243
213 246
213 293
213 295
213 298
213 336
213 397
213 421
213 435
213 440
214 296
214 299
214 371
214 421
214 442
214 453
214 490
215 280
215 301
215 442
216 249
216 261
216 300
216 326
216 391
216 403
217 256
217 258
217 300
217 336
217 350
217 383
217 403
217 454
217 471
218 224
218 274
218 275
218 277
218 293
218 335
218 385
218 394
218 441
218 477
218 479
219 222
219 225
219 238
219 272
219 407
219 415
219 450
219 490
220 225
220 229
220 252
220 340
220 365
220 368
220 392
220 397
220 399
220 436
220 444
220 449
220 460
220 477
220 497
221 289
221 295
221 306
221 342
221 441
221 447
222 226
222 250
222 255
222 259
222 269
222 297
222 301
222 333
222 345
222 362
222 374
222 399
222 463
222 476
223 226
223 291
223 325
223 378
223 416
223 423
223 471
223 488
223 491
223 492
224 246
224 292
224 308
224 312
224 343
224 400
224 432
224 452
225 270
225 298
225 324
225 360
225 404
225 418
225 424
225 434
225 447
226 227
226 248
226 269
226 307
226 338
226 472
226 485
227 229
227 233
227 253
227 301
227 404
227 407
227 426
227 432
227 442
227 496
228 234
228 239
228 283
228 314
228 321
228 358
228 482
228 496
229 232
229 238
229 242
229 243
229 260
229 297
229 298
229 318
229 368
229 449
229 452
229 469
230 268
230 352
230 393
230 467
230 476
231 247
231 254
231 277
231 297
231 330
231 349
231 373
231 445
231 474
231 475
231 487
232 247
232 257
232 265
232 345
232 377
232 379
232 382
232 416
232 438
232 482
233 308
233 328
233 363
233 408
233 428
233 466
234 255
234 286
234 334
234 378
234 403
234 424
234 443
234 459
235 236
235 246
235 266
235 268
235 302
235 324
235 350
235 353
236 242
236 280
236 294
236 312
237 304
237 317
237 354
237 373
237 397
237 467
238 244
238 263
238 288
238 319
238 337
238 378
238 455
238 462
238 480
238 484
239 313
239 323
239 330
239 499
240 272
240 280
240 287
240 297
240 305
240 315
240 358
240 360
240 361
240 366
240 380
240 449
240 458
240 478
240 491
240 494
241 259
241 320
241 347
241 370
242 276
242 299
242 335
243 285
243 330
243 334
243 375
243 390
243 412
243 422
244 317
244 324
244 382
244 431
244 438
244 486
244 491
245 255
245 268
245 272
245 429
245 496
246 288
246 301
246 306
246 313
246 319
246 322
246 323
246 414
246 425
246 486
247 266
247 432
247 483
248 255
248 325
248 326
248 361
248 411
248 438
248 459
248 469
248 489
249 290
249 295
249 296
249 318
249 330
249 337
249 367
249 430
249 478
249 479
249 485
250 293
250 337
250 339
250 341
250 358
250 409
250 436
250 457
250 464
250 467
251 265
251 354
251 357
251 416
251 422
251 432
251 466
252 257
252 264
252 304
252 316
252 325
252 343
252 347
252 406
252 482
253 266
253 332
253 351
253 394
253 430
253 496
254 264
254 265
254 281
254 287
254 295
254 321
254 329
254 338
254 357
254 376
254 392
254 472
255 263
255 310
255 336
255 355
255 365
255 373
255 408
256 316
256 385
256 443
257 274
257 306
257 376
257 409
257 457
258 278
258 296
258 298
258 421
258 427
258 439
258 448
258 478
258 486
260 263
260 273
260 276
260 296
260 297
260 402
260 404
260 471
260 473
261 294
261 302
261 318
261 319
261 356
261 362
261 452
261 498
262 264
262 317
262 323
262 351
262 363
262 392
262 412
262 413
262 462
263 270
263 397
263 436
263 438
263 440
263 444
263 460
263 464
263 473
263 475
263 483
264 287
264 336
264 402
264 409
264 423
264 446
264 449
264 457
264 458
264 491
265 286
265 297
265 381
265 392
265 455
266 329
266 341
266 436
266 450
267 271
267 361
267 378
267 411
267 426
268 270
268 338
268 361
268 371
268 379
269 270
269 317
269 318
269 370
269 393
269 418
269 477
269 489
269 494
270 280
270 302
270 327
270 333
270 334
270 372
270 387
270 405
270 423
270 465
270 468
271 293
271 345
271 395
271 403
271 433
271 436
271 463
271 495
272 278
272 283
272 309
272 315
272 362
272 416
272 462
273 274
273 276
273 310
273 311
273 329
273 361
273 369
273 380
273 404
273 406
273 426
273 433
273 463
273 487
274 294
274 328
274 352
274 367
274 375
274 380
274 439
274 485
274 489
275 279
275 287
275 368
275 495
276 305
277 278
277 294
277 295
277 300
277 310
277 428
277 444
277 464
278 283
278 345
278 362
278 384
278 402
278 487
279 296
279 307
279 342
279 466
279 478
280 291
280 346
280 369
280 425
280 452
281 286
281 301
281 302
281 314
281 364
281 391
281 429
281 459
281 485
281 493
282 349
282 352
282 399
282 423
282 425
282 449
282 464
282 468
283 284
283 358
283 422
283 427
283 430
283 449
284 290
284 314
284 329
285 289
285 317
285 338
285 345
285 362
285 370
285 380
285 399
285 413
285 477
285 479
286 306
286 327
286 335
286 405
286 415
286 418
287 315
287 336
287 412
287 466
288 302
288 326
288 346
288 373
288 381
288 382
288 391
288 446
288 478
288 488
289 321
289 346
289 368
289 370
289 376
289 471
290 301
290 305
290 309
290 326
290 403
291 306
291 313
291 342
291 344
292 367
292 399
292 437
292 458
293 302
293 309
293 339
293 419
293 426
293 457
293 461
293 489
294 357
294 411
294 437
294 484
294 494
295 308
295 318
295 335
295 353
296 298
296 313
296 331
296 362
296 392
296 400
296 429
297 341
297 348
297 350
297 357
297 372
297 400
297 411
297 428
297 480
298 303
298 307
298 349
298 355
298 399
298 435
299 311
299 322
299 334
299 366
299 369
299 383
300 331
301 313
301 338
301 341
301 356
301 399
301 405
301 413
301 417
301 444
302 322
302 333
302 337
302 344
302 345
302 357
302 379
302 394
302 401
302 419
302 448
302 455
302 498
303 313
303 326
303 349
303 369
303 415
303 422
303 437
303 475
304 338
304 390
304 422
304 423
304 488
305 346
305 361
305 419
305 423
305 425
305 475
305 479
305 495
305 498
306 320
306 370
306 448
307 385
307 423
307 459
307 460
308 310
308 356
308 362
308 446
308 467
309 339
309 342
309 412
309 454
309 480
309 481
310 336
310 384
311 332
311 409
311 429
311 450
311 470
311 478
311 480
312 314
312 328
313 323
313 324
313 414
313 422
313 452
313 465
314 385
314 459
315 446
315 450
315 493
316 322
316 350
316 458
316 461
316 467
316 482
317 380
317 405
317 407
317 465
317 466
318 358
318 376
318 405
318 470
318 480
318 489
318 493
319 462
320 327
320 343
320 345
320 381
320 390
320 406
320 444
320 464
320 473
320 479
321 329
321 330
321 333
321 341
321 346
321 351
321 427
321 433
321 451
321 482
322 335
322 342
322 361
322 460
323 364
323 384
323 403
323 434
323 493
323 494
324 488
325 372
325 396
325 472
326 331
326 350
326 401
326 419
326 481
327 368
327 379
327 384
327 487
328 410
328 419
329 475
329 478
329 487
330 369
330 443
331 378
331 382
331 468
332 355
332 434
332 493
333 337
333 340
333 373
333 386
333 391
333 420
333 447
333 453
334 343
334 446
335 350
335 416
336 348
336 356
336 387
336 390
336 401
336 452
336 454
336 474
337 360
337 411
337 415
337 421
337 431
337 493
338 342
338 367
338 381
338 394
338 454
339 343
339 374
339 401
339 467
339 497
340 341
340 353
340 360
340 407
340 459
340 467
340 481
341 444
342 355
342 455
342 482
343 368
343 428
343 475
344 367
344 369
344 382
344 452
345 356
345 384
345 427
345 437
345 448
345 491
346 374
346 381
346 402
346 442
346 461
347 359
347 439
347 477
348 351
348 356
348 365
348 445
350 414
350 455
350 460
350 498
351 377
351 413
351 416
351 442
351 483
353 372
353 458
354 388
354 400
354 426
354 456
356 489
358 430
359 366
359 389
359 420
359 426
359 442
359 458
359 461
359 486
359 488
360 365
360 440
360 476
361 385
361 405
362 387
362 436
362 485
362 496
364 422
365 376
365 429
365 457
365 473
366 375
366 451
367 396
368 376
368 404
368 476
368 499
369 446
370 411
370 413
371 384
371 445
371 499
372 394
372 443
373 461
373 489
374 388
374 399
374 428
374 466
374 493
375 414
375 433
375 455
375 487
376 382
376 383
376 431
376 461
376 477
376 485
376 486
377 392
377 412
377 417
377 424
377 477
377 478
378 444
378 469
378 472
379 447
379 461
380 389
380 429
381 398
381 473
381 480
381 493
382 394
382 414
383 442
383 472
384 397
384 451
385 393
385 406
385 418
385 419
385 451
386 398
386 405
386 458
387 399
387 407
387 496
389 497
390 410
390 451
390 478
391 403
392 472
394 468
394 483
395 446
395 475
396 493
397 400
397 469
398 402
398 440
398 441
398 494
400 405
400 424
400 467
401 424
401 428
401 440
401 447
401 470
401 480
401 482
402 405
402 432
402 452
402 456
404 428
404 449
404 478
404 483
404 487
405 492
406 469
406 495
408 482
408 490
408 492
409 494
409 495
410 430
411 449
413 416
413 440
413 455
414 435
416 421
417 468
417 471
417 498
419 422
420 456
420 477
421 438
421 443
421 461
421 498
422 458
422 470
425 443
426 430
426 433
426 447
426 479
428 458
428 467
428 474
429 468
430 436
430 464
430 484
430 491
433 444
433 447
434 435
434 497
435 436
435 467
437 489
438 474
438 476
439 463
440 469
441 449
442 444
444 449
446 447
446 452
447 459
447 468
448 486
450 492
450 494
451 498
452 481
453 485
454 495
456 479
457 495
458 461
459 482
459 484
462 473
463 483
463 491
464 492
467 487
467 497
468 479
468 481
470 498
470 499
471 490
472 473
474 480
474 489
475 497
482 489
486 499
488 489
493 496