0 66
1 394
2 528
3 173
4 622
5 423
6 79
7 879
8 135
9 934
10 239
11 748
12 903
13 648
14 215
15 935
16 800
17 61
18 995
19 261
20 984
21 201
22 194
23 713
24 607
25 26
26 96
27 376
28 300
29 988
30 922
31 197
32 322
33 428
34 884
35 379
36 474
37 936
38 506
39 915
40 54
41 831
42 396
43 624
44 722
45 963
46 450
47 887
48 622
49 914
50 472
51 341
52 998
53 918
54 143
55 14
56 458
57 929
58 425
59 171
60 80
61 788
62 234
63 807
64 348
65 528
66 655
67 245
68 739
69 188
70 987
71 789
72 340
73 118
74 441
75 204
76 649
77 811
78 262
79 236
80 879
81 669
82 677
83 596
84 463
85 400
86 906
87 518
88 794
89 931
90 840
91 809
92 232
93 681
94 698
95 174
96 350
97 395
98 500
99 55
100 565
101 766
102 177
103 493
104 743
105 192
106 405
107 778
108 768
109 273
110 663
111 64
112 200
113 832
114 200
115 994
116 586
117 666
118 768
119 108
120 216
121 88
122 954
123 795
124 703
125 858
126 680
127 135
128 582
129 1
130 802
131 102
132 585
133 5
134 264
135 775
136 623
137 445
138 94
139 598
140 594
141 468
142 600
143 499
144 525
145 352
146 364
147 731
148 911
149 322
150 617
151 929
152 221
153 480
154 446
155 139
156 83
157 626
158 177
159 514
160 867
161 95
162 761
163 835
164 762
165 123
166 742
167 271
168 890
169 669
170 83
171 41
172 331
173 992
174 878
175 959
176 353
177 169
178 228
179 772
180 29
181 457
182 195
183 273
184 494
185 539
186 765
187 8
188 302
189 656
190 593
191 152
192 409
193 422
194 972
195 285
196 633
197 317
198 990
199 196
200 955
201 409
202 112
203 33
204 647
205 133
206 802
207 81
208 105
209 175
210 197
211 426
212 991
213 199
214 517
215 713
216 981
217 124
218 909
219 95
220 382
221 726
222 93
223 581
224 449
225 191
226 563
227 789
228 89
229 93
230 7
231 676
232 842
233 706
234 538
235 476
236 857
237 580
238 849
239 619
240 772
241 931
242 682
243 643
244 88
245 523
246 880
247 482
248 680
249 507
250 784
251 500
252 196
253 145
254 363
255 359
256 289
257 542
258 370
259 697
260 40
261 9
262 73
263 587
264 253
265 798
266 680
267 817
268 377
269 382
270 706
271 731
272 244
273 380
274 551
275 113
276 562
277 12
278 857
279 460
280 863
281 240
282 488
283 766
284 25
285 583
286 604
287 610
288 360
289 894
290 482
291 576
292 52
293 575
294 394
295 666
296 620
297 470
298 431
299 7
300 268
301 315
302 788
303 909
304 971
305 540
306 746
307 282
308 60
309 408
310 28
311 334
312 434
313 773
314 764
315 650
316 95
317 351
318 162
319 269
320 184
321 22
322 591
323 719
324 666
325 110
326 440
327 4
328 533
329 883
330 183
331 691
332 364
333 368
334 960
335 85
336 472
337 793
338 931
339 235
340 236
341 292
342 103
343 48
344 341
345 647
346 156
347 705
348 499
349 415
350 118
351 386
352 542
353 139
354 544
355 567
356 131
357 271
358 336
359 354
360 604
361 267
362 521
363 980
364 642
365 784
366 531
367 413
368 896
369 765
370 820
371 260
372 912
373 963
374 365
375 643
376 459
377 685
378 23
379 4
380 352
381 229
382 628
383 277
384 337
385 558
386 356
387 469
388 828
389 503
390 993
391 907
392 699
393 567
394 26
395 675
396 191
397 702
398 925
399 921
400 521
401 943
402 896
403 830
404 688
405 56
406 628
407 929
408 187
409 556
410 96
411 790
412 152
413 116
414 586
415 739
416 468
417 893
418 291
419 746
420 458
421 906
422 60
423 536
424 977
425 250
426 359
427 368
428 248
429 171
430 965
431 263
432 817
433 107
434 568
435 299
436 884
437 972
438 688
439 475
440 622
441 996
442 395
443 443
444 166
445 18
446 786
447 269
448 754
449 99
450 707
451 161
452 998
453 632
454 684
455 705
456 355
457 939
458 114
459 375
460 354
461 165
462 901
463 532
464 317
465 55
466 601
467 371
468 388
469 997
470 529
471 794
472 927
473 755
474 762
475 504
476 425
477 23
478 753
479 38
480 710
481 208
482 895
483 375
484 472
485 23
486 944
487 425
488 79
489 408
490 979
491 874
492 524
493 326
494 43
495 322
496 197
497 175
498 111
499 271
500 477
501 274
502 722
503 768
504 947
505 600
506 96
507 658
508 393
509 38
510 390
511 164
512 628
513 572
514 192
515 348
516 978
517 238
518 740
519 833
520 581
521 401
522 759
523 493
524 846
525 587
526 362
527 994
528 996
529 378
530 474
531 840
532 280
533 874
534 112
535 189
536 919
537 3
538 940
539 764
540 305
541 406
542 845
543 381
544 72
545 855
546 601
547 703
548 539
549 920
550 502
551 137
552 843
553 507
554 496
555 8
556 638
557 149
558 664
559 767
560 390
561 376
562 262
563 614
564 350
565 170
566 317
567 339
568 534
569 335
570 907
571 898
572 973
573 75
574 725
575 865
576 740
577 190
578 789
579 480
580 9
581 103
582 560
583 116
584 332
585 836
586 441
587 49
588 674
589 782
590 380
591 600
592 956
593 796
594 973
595 101
596 104
597 463
598 814
599 239
600 776
601 241
602 652
603 403
604 620
605 801
606 600
607 164
608 406
609 699
610 378
611 746
612 103
613 664
614 746
615 495
616 922
617 289
618 293
619 269
620 655
621 433
622 879
623 29
624 525
625 128
626 545
627 203
628 655
629 803
630 864
631 707
632 449
633 886
634 129
635 439
636 563
637 547
638 333
639 979
640 98
641 311
642 660
643 663
644 706
645 528
646 232
647 233
648 60
649 881
650 376
651 992
652 401
653 614
654 736
655 867
656 88
657 976
658 356
659 362
660 825
661 695
662 111
663 934
664 797
665 688
666 208
667 805
668 684
669 361
670 221
671 66
672 145
673 454
674 197
675 266
676 337
677 413
678 887
679 641
680 913
681 745
682 732
683 377
684 707
685 620
686 94
687 482
688 88
689 639
690 649
691 182
692 606
693 472
694 590
695 967
696 548
697 520
698 997
699 631
700 780
701 670
702 88
703 920
704 424
705 948
706 299
707 333
708 101
709 613
710 565
711 33
712 473
713 111
714 671
715 630
716 168
717 605
718 786
719 725
720 919
721 882
722 7
723 790
724 981
725 144
726 746
727 447
728 540
729 131
730 689
731 318
732 333
733 773
734 0
735 214
736 902
737 655
738 369
739 553
740 102
741 262
742 801
743 243
744 205
745 313
746 167
747 758
748 233
749 811
750 661
751 338
752 885
753 544
754 700
755 745
756 313
757 385
758 754
759 626
760 13
761 802
762 505
763 240
764 373
765 511
766 219
767 782
768 253
769 961
770 286
771 833
772 885
773 562
774 531
775 410
776 339
777 274
778 200
779 813
780 541
781 727
782 460
783 483
784 187
785 708
786 482
787 412
788 143
789 879
790 989
791 928
792 599
793 128
794 393
795 163
796 94
797 399
798 213
799 537
800 313
801 902
802 284
803 59
804 25
805 460
806 869
807 823
808 981
809 712
810 822
811 673
812 761
813 82
814 392
815 387
816 660
817 676
818 745
819 660
820 948
821 764
822 170
823 760
824 194
825 742
826 796
827 391
828 493
829 375
830 335
831 503
832 50
833 890
834 752
835 670
836 637
837 49
838 370
839 10
840 238
841 693
842 480
843 353
844 460
845 901
846 993
847 532
848 113
849 135
850 924
851 826
852 811
853 786
854 603
855 773
856 114
857 795
858 902
859 161
860 696
861 600
862 951
863 235
864 695
865 211
866 301
867 330
868 36
869 752
870 915
871 713
872 247
873 696
874 697
875 943
876 213
877 138
878 556
879 210
880 927
881 40
882 19
883 527
884 76
885 882
886 262
887 164
888 289
889 119
890 221
891 891
892 600
893 469
894 812
895 496
896 610
897 826
898 171
899 569
900 365
901 509
902 22
903 811
904 838
905 650
906 596
907 701
908 452
909 30
910 677
911 891
912 833
913 306
914 155
915 266
916 776
917 612
918 821
919 777
920 107
921 777
922 468
923 116
924 442
925 914
926 138
927 890
928 53
929 951
930 909
931 50
932 590
933 949
934 144
935 430
936 677
937 541
938 801
939 771
940 639
941 146
942 298
943 432
944 132
945 599
946 456
947 649
948 609
949 288
950 935
951 804
952 915
953 184
954 240
955 452
956 142
957 861
958 842
959 392
960 462
961 403
962 661
963 391
964 325
965 974
966 174
967 876
968 348
969 325
970 656
971 657
972 896
973 588
974 360
975 812
976 958
977 8
978 704
979 204
980 418
981 368
982 115
983 381
984 687
985 64
986 605
987 107
988 313
989 441
990 908
991 310
992 124
993 897
994 986
995 814
996 775
997 46
998 601
999 654
1000 727
1001 498
1002 119
1003 129
1004 801
1005 527
1006 302
1007 210
1008 10
1009 893
1010 461
1011 895
1012 140
1013 120
1014 320
1015 108
1016 625
1017 238
1018 472
1019 408
1020 54
1021 226
1022 723
1023 562
1024 239
1025 193
1026 796
1027 593
1028 631
1029 902
1030 858
1031 722
1032 464
1033 169
1034 165
1035 907
1036 585
1037 445
1038 379
1039 51
1040 600
1041 142
1042 994
1043 593
1044 592
1045 78
1046 692
1047 737
1048 668
1049 691
1050 986
1051 634
1052 279
1053 0
1054 958
1055 112
1056 889
1057 104
1058 541
1059 201
1060 957
1061 229
1062 870
1063 235
1064 56
1065 212
1066 450
1067 208
1068 598
1069 308
1070 739
1071 671
1072 768
1073 376
1074 758
1075 465
1076 639
1077 638
1078 64
1079 936
1080 188
1081 19
1082 581
1083 212
1084 815
1085 806
1086 831
1087 274
1088 115
1089 965
1090 196
1091 212
1092 510
1093 942
1094 230
1095 80
1096 865
1097 137
1098 766
1099 152
1100 509
1101 946
1102 64
1103 474
1104 449
1105 276
1106 531
1107 924
1108 486
1109 560
1110 606
1111 288
1112 838
1113 382
1114 431
1115 865
1116 658
1117 101
1118 775
1119 244
1120 211
1121 518
1122 616
1123 672
1124 885
1125 56
1126 504
1127 155
1128 345
1129 696
1130 446
1131 26
1132 497
1133 349
1134 489
1135 540
1136 815
1137 682
1138 182
1139 14
1140 564
1141 454
1142 246
1143 972
1144 749
1145 275
1146 717
1147 984
1148 261
1149 383
1150 970
1151 747
1152 938
1153 686
1154 621
1155 645
1156 141
1157 822
1158 272
1159 488
1160 481
1161 732
1162 729
1163 317
1164 946
1165 354
1166 239
1167 669
1168 444
1169 23
1170 682
1171 73
1172 141
1173 163
1174 468
1175 525
1176 534
1177 133
1178 803
1179 843
1180 343
1181 968
1182 122
1183 24
1184 725
1185 715
1186 440
1187 557
1188 407
1189 510
1190 688
1191 560
1192 105
1193 320
1194 836
1195 749
1196 485
1197 159
1198 929
1199 53
1200 786
1201 638
1202 115
1203 353
1204 875
1205 645
1206 948
1207 755
1208 923
1209 934
1210 574
1211 292
1212 58
1213 258
1214 877
1215 163
1216 309
1217 201
1218 195
1219 340
1220 806
1221 210
1222 880
1223 382
1224 858
1225 66
1226 375
1227 614
1228 624
1229 105
1230 412
1231 784
1232 739
1233 396
1234 55
1235 666
1236 753
1237 788
1238 322
1239 111
1240 986
1241 903
1242 858
1243 103
1244 459
1245 55
1246 930
1247 635
1248 850
1249 86
1250 203
1251 557
1252 279
1253 846
1254 195
1255 922
1256 876
1257 286
1258 433
1259 666
1260 557
1261 74
1262 112
1263 686
1264 452
1265 632
1266 612
1267 600
1268 114
1269 635
1270 39
1271 13
1272 277
1273 121
1274 858
1275 506
1276 825
1277 509
1278 319
1279 789
1280 761
1281 38
1282 311
1283 844
1284 777
1285 12
1286 390
1287 882
1288 962
1289 534
1290 188
1291 314
1292 73
1293 950
1294 347
1295 140
1296 677
1297 679
1298 936
1299 285
1300 503
1301 639
1302 64
1303 145
1304 195
1305 229
1306 888
1307 734
1308 710
1309 105
1310 500
1311 798
1312 918
1313 842
1314 345
1315 886
1316 426
1317 175
1318 405
1319 999
1320 991
1321 100
1322 822
1323 533
1324 965
1325 453
1326 693
1327 484
1328 4
1329 909
1330 569
1331 577
1332 49
1333 457
1334 665
1335 922
1336 272
1337 81
1338 566
1339 926
1340 539
1341 62
1342 608
1343 532
1344 863
1345 351
1346 254
1347 964
1348 641
1349 714
1350 852
1351 885
1352 568
1353 851
1354 326
1355 905
1356 750
1357 375
1358 473
1359 787
1360 325
1361 940
1362 86
1363 502
1364 21
1365 751
1366 77
1367 982
1368 189
1369 409
1370 698
1371 220
1372 485
1373 611
1374 901
1375 659
1376 185
1377 590
1378 481
1379 379
1380 31
1381 647
1382 48
1383 81
1384 663
1385 883
1386 143
1387 759
1388 605
1389 753
1390 940
1391 122
1392 441
1393 887
1394 665
1395 811
1396 994
1397 370
1398 226
1399 299
1400 968
1401 693
1402 735
1403 828
1404 647
1405 43
1406 569
1407 342
1408 550
1409 532
1410 765
1411 504
1412 324
1413 282
1414 250
1415 173
1416 617
1417 736
1418 263
1419 416
1420 31
1421 844
1422 299
1423 911
1424 711
1425 417
1426 597
1427 483
1428 547
1429 78
1430 841
1431 761
1432 210
1433 804
1434 577
1435 738
1436 486
1437 616
1438 288
1439 598
1440 696
1441 657
1442 730
1443 953
1444 964
1445 249
1446 536
1447 577
1448 900
1449 725
1450 665
1451 260
1452 758
1453 502
1454 949
1455 783
1456 653
1457 11
1458 917
1459 973
1460 484
1461 608
1462 812
1463 581
1464 360
1465 748
1466 43
1467 952
1468 457
1469 591
1470 975
1471 923
1472 156
1473 616
1474 351
1475 225
1476 730
1477 528
1478 922
1479 558
1480 316
1481 323
1482 341
1483 237
1484 827
1485 939
1486 53
1487 602
1488 90
1489 435
1490 809
1491 204
1492 471
1493 461
1494 992
1495 283
1496 839
1497 844
1498 520
1499 928
1500 849
1501 516
1502 591
1503 160
1504 28
1505 896
1506 938
1507 371
1508 888
1509 966
1510 184
1511 543
1512 473
1513 744
1514 638
1515 816
1516 540
1517 750
1518 598
1519 549
1520 60
1521 761
1522 347
1523 895
1524 649
1525 491
1526 740
1527 282
1528 124
1529 349
1530 558
1531 663
1532 968
1533 803
1534 760
1535 675
1536 203
1537 212
1538 367
1539 128
1540 33
1541 856
1542 332
1543 376
1544 947
1545 946
1546 502
1547 37
1548 757
1549 260
1550 360
1551 94
1552 747
1553 211
1554 813
1555 760
1556 402
1557 795
1558 553
1559 159
1560 68
1561 832
1562 696
1563 897
1564 610
1565 717
1566 934
1567 805
1568 556
1569 960
1570 592
1571 637
1572 907
1573 953
1574 305
1575 428
1576 894
1577 428
1578 811
1579 74
1580 752
1581 35
1582 268
1583 669
1584 181
1585 473
1586 230
1587 407
1588 941
1589 451
1590 19
1591 643
1592 725
1593 753
1594 90
1595 276
1596 912
1597 186
1598 689
1599 15
1600 464
1601 591
1602 891
1603 648
1604 196
1605 357
1606 270
1607 309
1608 488
1609 510
1610 872
1611 540
1612 303
1613 963
1614 765
1615 620
1616 107
1617 104
1618 267
1619 522
1620 148
1621 579
1622 252
1623 628
1624 239
1625 733
1626 67
1627 809
1628 249
1629 91
1630 623
1631 569
1632 543
1633 91
1634 456
1635 540
1636 695
1637 27
1638 443
1639 218
1640 624
1641 260
1642 917
1643 375
1644 568
1645 707
1646 137
1647 369
1648 995
1649 463
1650 440
1651 917
1652 727
1653 935
1654 635
1655 622
1656 7
1657 289
1658 472
1659 52
1660 32
1661 336
1662 1
1663 873
1664 857
1665 546
1666 111
1667 683
1668 954
1669 719
1670 838
1671 101
1672 402
1673 817
1674 737
1675 147
1676 491
1677 588
1678 502
1679 342
1680 816
1681 578
1682 201
1683 367
1684 602
1685 315
1686 8
1687 944
1688 351
1689 196
1690 165
1691 905
1692 883
1693 78
1694 249
1695 736
1696 794
1697 819
1698 89
1699 952
1700 678
1701 25
1702 773
1703 602
1704 313
1705 993
1706 4
1707 924
1708 365
1709 838
1710 366
1711 181
1712 76
1713 756
1714 286
1715 31
1716 851
1717 435
1718 602
1719 524
1720 425
1721 359
1722 749
1723 763
1724 435
1725 867
1726 930
1727 53
1728 695
1729 603
1730 857
1731 236
1732 906
1733 130
1734 209
1735 353
1736 25
1737 169
1738 691
1739 837
1740 821
1741 762
1742 463
1743 800
1744 471
1745 175
1746 916
1747 257
1748 365
1749 783
1750 607
1751 940
1752 490
1753 521
1754 745
1755 895
1756 934
1757 139
1758 714
1759 582
1760 678
1761 407
1762 15
1763 783
1764 58
1765 105
1766 590
1767 815
1768 998
1769 640
1770 200
1771 44
1772 673
1773 775
1774 429
1775 503
1776 450
1777 878
1778 751
1779 140
1780 410
1781 950
1782 535
1783 422
1784 123
1785 531
1786 621
1787 872
1788 826
1789 797
1790 187
1791 398
1792 321
1793 564
1794 396
1795 66
1796 154
1797 293
1798 712
1799 395
1800 271
1801 942
1802 475
1803 517
1804 146
1805 974
1806 135
1807 139
1808 243
1809 733
1810 403
1811 110
1812 314
1813 121
1814 59
1815 143
1816 717
1817 928
1818 78
1819 918
1820 748
1821 388
1822 830
1823 901
1824 405
1825 157
1826 851
1827 870
1828 838
1829 60
1830 197
1831 680
1832 671
1833 978
1834 908
1835 255
1836 214
1837 436
1838 498
1839 404
1840 786
1841 740
1842 45
1843 518
1844 375
1845 66
1846 168
1847 140
1848 256
1849 996
1850 618
1851 548
1852 128
1853 778
1854 710
1855 142
1856 660
1857 348
1858 285
1859 655
1860 952
1861 804
1862 621
1863 65
1864 261
1865 315
1866 274
1867 417
1868 232
1869 750
1870 8
1871 767
1872 147
1873 277
1874 657
1875 495
1876 768
1877 418
1878 931
1879 312
1880 315
1881 954
1882 947
1883 761
1884 456
1885 596
1886 886
1887 645
1888 872
1889 760
1890 341
1891 14
1892 650
1893 425
1894 613
1895 976
1896 224
1897 943
1898 599
1899 509
1900 54
1901 334
1902 21
1903 665
1904 112
1905 830
1906 715
1907 166
1908 82
1909 534
1910 40
1911 797
1912 970
1913 334
1914 613
1915 338
1916 487
1917 121
1918 452
1919 972
1920 881
1921 274
1922 846
1923 585
1924 824
1925 928
1926 649
1927 559
1928 190
1929 118
1930 919
1931 801
1932 723
1933 586
1934 122
1935 230
1936 192
1937 187
1938 98
1939 299
1940 748
1941 902
1942 236
1943 99
1944 980
1945 567
1946 685
1947 917
1948 93
1949 219
1950 140
1951 443
1952 964
1953 93
1954 752
1955 509
1956 797
1957 636
1958 166
1959 597
1960 957
1961 474
1962 297
1963 582
1964 703
1965 345
1966 463
1967 324
1968 206
1969 122
1970 604
1971 774
1972 120
1973 408
1974 472
1975 830
1976 391
1977 177
1978 602
1979 974
1980 760
1981 768
1982 743
1983 707
1984 770
1985 500
1986 300
1987 607
1988 994
1989 237
1990 492
1991 910
1992 101
1993 639
1994 458
1995 432
1996 571
1997 337
1998 879
1999 39
2000 52
2001 266
2002 555
2003 369
2004 72
2005 12
2006 758
2007 571
2008 776
2009 24
2010 558
2011 896
2012 759
2013 470
2014 757
2015 196
2016 57
2017 713
2018 333
2019 695
2020 809
2021 748
2022 559
2023 126
2024 697
2025 547
2026 289
2027 372
2028 737
2029 122
2030 843
2031 564
2032 749
2033 590
2034 780
2035 831
2036 274
2037 216
2038 679
2039 925
2040 668
2041 519
2042 687
2043 586
2044 957
2045 287
2046 899
2047 447
2048 841
2049 96
2050 532
2051 189
2052 540
2053 434
2054 655
2055 255
2056 821
2057 392
2058 707
2059 482
2060 741
2061 457
2062 644
2063 172
2064 393
2065 948
2066 602
2067 486
2068 154
2069 552
2070 801
2071 682
2072 321
2073 738
2074 947
2075 642
2076 929
2077 570
2078 742
2079 145
2080 544
2081 448
2082 642
2083 147
2084 131
2085 380
2086 107
2087 630
2088 308
2089 657
2090 203
2091 903
2092 813
2093 191
2094 935
2095 660
2096 270
2097 535
2098 375
2099 712
2100 398
2101 21
2102 567
2103 294
2104 131
2105 929
2106 797
2107 767
2108 407
2109 539
2110 617
2111 580
2112 417
2113 261
2114 638
2115 772
2116 277
2117 857
2118 186
2119 484
2120 739
2121 246
2122 713
2123 954
2124 863
2125 72
2126 822
2127 120
2128 558
2129 478
2130 223
2131 24
2132 6
2133 193
2134 729
2135 172
2136 868
2137 56
2138 380
2139 34
2140 718
2141 917
2142 272
2143 554
2144 582
2145 323
2146 792
2147 973
2148 142
2149 554
2150 398
2151 811
2152 515
2153 31
2154 870
2155 149
2156 989
2157 289
2158 278
2159 318
2160 37
2161 406
2162 426
2163 494
2164 840
2165 295
2166 997
2167 205
2168 750
2169 699
2170 910
2171 788
2172 984
2173 718
2174 347
2175 309
2176 183
2177 938
2178 619
2179 611
2180 991
2181 845
2182 113
2183 516
2184 87
2185 10
2186 718
2187 252
2188 586
2189 105
2190 348
2191 915
2192 683
2193 21
2194 728
2195 403
2196 128
2197 90
2198 564
2199 58
2200 161
2201 59
2202 216
2203 252
2204 982
2205 786
2206 443
2207 525
2208 261
2209 738
2210 883
2211 423
2212 971
2213 256
2214 755
2215 882
2216 663
2217 928
2218 701
2219 664
2220 841
2221 877
2222 552
2223 472
2224 797
2225 245
2226 632
2227 228
2228 165
2229 845
2230 673
2231 319
2232 245
2233 453
2234 943
2235 838
2236 559
2237 949
2238 539
2239 473
2240 402
2241 815
2242 549
2243 769
2244 785
2245 651
2246 364
2247 809
2248 253
2249 793
2250 495
2251 96
2252 24
2253 695
2254 341
2255 179
2256 74
2257 97
2258 595
2259 989
2260 952
2261 252
2262 741
2263 914
2264 834
2265 532
2266 430
2267 800
2268 434
2269 385
2270 735
2271 751
2272 89
2273 906
2274 339
2275 121
2276 122
2277 608
2278 769
2279 114
2280 476
2281 135
2282 731
2283 65
2284 26
2285 349
2286 61
2287 121
2288 442
2289 806
2290 321
2291 398
2292 647
2293 419
2294 362
2295 542
2296 368
2297 851
2298 349
2299 201
2300 889
2301 991
2302 997
2303 264
2304 409
2305 64
2306 349
2307 329
2308 130
2309 165
2310 755
2311 617
2312 692
2313 647
2314 639
2315 785
2316 656
2317 949
2318 882
2319 174
2320 263
2321 620
2322 369
2323 174
2324 114
2325 699
2326 577
2327 549
2328 908
2329 342
2330 937
2331 784
2332 697
2333 380
2334 569
2335 634
2336 411
2337 33
2338 788
2339 627
2340 691
2341 423
2342 630
2343 531
2344 110
2345 743
2346 803
2347 240
2348 480
2349 493
2350 143
2351 671
2352 354
2353 428
2354 744
2355 317
2356 833
2357 727
2358 918
2359 383
2360 228
2361 253
2362 332
2363 88
2364 354
2365 619
2366 283
2367 657
2368 949
2369 54
2370 319
2371 474
2372 851
2373 184
2374 996
2375 212
2376 354
2377 344
2378 599
2379 895
2380 393
2381 434
2382 247
2383 649
2384 466
2385 637
2386 853
2387 853
2388 2
2389 106
2390 290
2391 204
2392 412
2393 967
2394 35
2395 560
2396 109
2397 730
2398 216
2399 811
2400 993
2401 88
2402 138
2403 752
2404 352
2405 226
2406 337
2407 446
2408 863
2409 523
2410 967
2411 950
2412 565
2413 622
2414 938
2415 440
2416 52
2417 719
2418 871
2419 409
2420 86
2421 351
2422 352
2423 845
2424 882
2425 561
2426 936
2427 207
2428 982
2429 636
2430 487
2431 774
2432 27
2433 439
2434 377
2435 244
2436 263
2437 702
2438 542
2439 890
2440 501
2441 58
2442 326
2443 633
2444 662
2445 908
2446 438
2447 544
2448 924
2449 244
2450 27
2451 475
2452 953
2453 150
2454 591
2455 963
2456 713
2457 161
2458 900
2459 773
2460 62
2461 176
2462 937
2463 410
2464 721
2465 406
2466 712
2467 818
2468 853
2469 271
2470 189
2471 425
2472 732
2473 195
2474 82
2475 333
2476 781
2477 279
2478 558
2479 679
2480 657
2481 175
2482 171
2483 714
2484 404
2485 753
2486 779
2487 829
2488 96
2489 159
2490 455
2491 776
2492 991
2493 32
2494 662
2495 208
2496 168
2497 350
2498 480
2499 211
2500 401
2501 506
2502 516
2503 341
2504 550
2505 348
2506 792
2507 989
2508 830
2509 182
2510 158
2511 163
2512 854
2513 111
2514 774
2515 314
2516 585
2517 389
2518 105
2519 11
2520 503
2521 856
2522 123
2523 852
2524 441
2525 824
2526 16
2527 55
2528 786
2529 896
2530 946
2531 293
2532 817
2533 20
2534 989
2535 797
2536 264
2537 536
2538 476
2539 567
2540 333
2541 658
2542 328
2543 491
2544 805
2545 80
2546 122
2547 746
2548 157
2549 678
2550 637
2551 986
2552 189
2553 627
2554 970
2555 745
2556 43
2557 879
2558 579
2559 290
2560 432
2561 742
2562 792
2563 378
2564 249
2565 111
2566 515
2567 571
2568 650
2569 704
2570 593
2571 340
2572 838
2573 13
2574 669
2575 580
2576 646
2577 687
2578 331
2579 3
2580 15
2581 669
2582 393
2583 94
2584 216
2585 343
2586 266
2587 286
2588 541
2589 861
2590 769
2591 733
2592 666
2593 587
2594 658
2595 992
2596 302
2597 768
2598 752
2599 675
2600 908
2601 681
2602 883
2603 792
2604 357
2605 432
2606 282
2607 441
2608 172
2609 653
2610 179
2611 191
2612 44
2613 221
2614 71
2615 93
2616 717
2617 567
2618 697
2619 882
2620 934
2621 591
2622 126
2623 807
2624 193
2625 269
2626 98
2627 549
2628 24
2629 736
2630 259
2631 661
2632 229
2633 646
2634 591
2635 199
2636 891
2637 969
2638 928
2639 359
2640 249
2641 703
2642 185
2643 545
2644 402
2645 902
2646 855
2647 106
2648 486
2649 959
2650 383
2651 293
2652 864
2653 618
2654 381
2655 454
2656 403
2657 289
2658 929
2659 501
2660 95
2661 107
2662 604
2663 243
2664 160
2665 229
2666 312
2667 516
2668 615
2669 738
2670 564
2671 342
2672 224
2673 975
2674 18
2675 833
2676 275
2677 366
2678 114
2679 199
2680 949
2681 146
2682 22
2683 205
2684 884
2685 352
2686 702
2687 17
2688 615
2689 525
2690 645
2691 612
2692 764
2693 809
2694 901
2695 130
2696 400
2697 625
2698 348
2699 987
2700 185
2701 592
2702 808
2703 357
2704 583
2705 939
2706 341
2707 492
2708 372
2709 381
2710 166
2711 409
2712 184
2713 835
2714 963
2715 179
2716 730
2717 962
2718 646
2719 771
2720 111
2721 109
2722 740
2723 965
2724 676
2725 686
2726 562
2727 200
2728 190
2729 509
2730 523
2731 860
2732 551
2733 798
2734 788
2735 187
2736 792
2737 53
2738 837
2739 920
2740 612
2741 991
2742 89
2743 517
2744 675
2745 636
2746 319
2747 340
2748 499
2749 593
2750 424
2751 570
2752 983
2753 703
2754 702
2755 289
2756 612
2757 723
2758 638
2759 750
2760 62
2761 508
2762 60
2763 507
2764 773
2765 160
2766 823
2767 618
2768 107
2769 839
2770 336
2771 737
2772 386
2773 814
2774 635
2775 945
2776 616
2777 606
2778 191
2779 762
2780 576
2781 538
2782 249
2783 30
2784 964
2785 5
2786 101
2787 834
2788 196
2789 989
2790 825
2791 46
2792 960
2793 12
2794 57
2795 42
2796 475
2797 237
2798 489
2799 730
2800 32
2801 503
2802 683
2803 853
2804 565
2805 239
2806 757
2807 342
2808 752
2809 243
2810 467
2811 930
2812 885
2813 797
2814 882
2815 741
2816 214
2817 531
2818 290
2819 740
2820 198
2821 54
2822 412
2823 540
2824 605
2825 783
2826 869
2827 441
2828 775
2829 223
2830 324
2831 267
2832 105
2833 273
2834 866
2835 201
2836 382
2837 784
2838 61
2839 729
2840 12
2841 809
2842 687
2843 528
2844 720
2845 329
2846 28
2847 543
2848 72
2849 709
2850 81
2851 602
2852 999
2853 761
2854 352
2855 165
2856 646
2857 188
2858 803
2859 512
2860 349
2861 52
2862 482
2863 772
2864 239
2865 970
2866 834
2867 215
2868 675
2869 212
2870 109
2871 723
2872 645
2873 309
2874 811
2875 518
2876 935
2877 335
2878 448
2879 345
2880 972
2881 876
2882 98
2883 867
2884 82
2885 588
2886 848
2887 811
2888 768
2889 852
2890 36
2891 354
2892 515
2893 651
2894 477
2895 678
2896 993
2897 759
2898 1
2899 162
2900 617
2901 554
2902 114
2903 919
2904 833
2905 277
2906 347
2907 863
2908 159
2909 561
2910 255
2911 538
2912 648
2913 162
2914 854
2915 965
2916 68
2917 950
2918 184
2919 794
2920 88
2921 455
2922 776
2923 635
2924 714
2925 836
2926 696
2927 581
2928 529
2929 221
2930 249
2931 174
2932 454
2933 17
2934 404
2935 302
2936 92
2937 650
2938 498
2939 451
2940 306
2941 386
2942 217
2943 342
2944 490
2945 491
2946 412
2947 803
2948 569
2949 100
2950 732
2951 361
2952 324
2953 454
2954 217
2955 472
2956 675
2957 190
2958 136
2959 634
2960 760
2961 904
2962 975
2963 180
2964 301
2965 213
2966 779
2967 828
2968 780
2969 666
2970 715
2971 876
2972 606
2973 15
2974 989
2975 283
2976 224
2977 740
2978 383
2979 133
2980 798
2981 539
2982 681
2983 338
2984 831
2985 43
2986 482
2987 130
2988 991
2989 183
2990 806
2991 383
2992 865
2993 762
2994 495
2995 839
2996 562
2997 332
2998 717
2999 181
3000 182
3001 315
3002 458
3003 743
3004 959
3005 655
3006 282
3007 748
3008 221
3009 890
3010 529
3011 158
3012 502
3013 681
3014 539
3015 550
3016 593
3017 416
3018 600
3019 695
3020 667
3021 787
3022 881
3023 735
3024 572
3025 568
3026 189
3027 79
3028 938
3029 350
3030 78
3031 159
3032 36
3033 615
3034 775
3035 626
3036 634
3037 94
3038 898
3039 439
3040 211
3041 786
3042 57
3043 883
3044 821
3045 160
3046 415
3047 912
3048 341
3049 645
3050 805
3051 700
3052 495
3053 315
3054 419
3055 262
3056 13
3057 412
3058 629
3059 447
3060 865
3061 968
3062 39
3063 389
3064 222
3065 189
3066 853
3067 380
3068 537
3069 728
3070 693
3071 94
3072 832
3073 772
3074 986
3075 646
3076 831
3077 729
3078 722
3079 524
3080 651
3081 2
3082 760
3083 279
3084 27
3085 958
3086 409
3087 1
3088 279
3089 193
3090 414
3091 854
3092 126
3093 828
3094 44
3095 523
3096 134
3097 410
3098 26
3099 235
3100 226
3101 55
3102 507
3103 927
3104 502
3105 670
3106 60
3107 694
3108 67
3109 424
3110 896
3111 595
3112 230
3113 851
3114 230
3115 348
3116 605
3117 193
3118 872
3119 307
3120 212
3121 397
3122 815
3123 47
3124 884
3125 372
3126 670
3127 713
3128 474
3129 915
3130 69
3131 955
3132 844
3133 871
3134 930
3135 448
3136 346
3137 961
3138 50
3139 425
3140 806
3141 260
3142 461
3143 60
3144 145
3145 280
3146 677
3147 970
3148 419
3149 6
3150 193
3151 310
3152 974
3153 665
3154 830
3155 889
3156 469
3157 946
3158 442
3159 640
3160 736
3161 763
3162 333
3163 182
3164 500
3165 746
3166 441
3167 398
3168 70
3169 899
3170 622
3171 789
3172 898
3173 851
3174 727
3175 416
3176 182
3177 13
3178 347
3179 788
3180 478
3181 222
3182 590
3183 264
3184 110
3185 172
3186 661
3187 202
3188 326
3189 20
3190 442
3191 47
3192 925
3193 853
3194 550
3195 827
3196 387
3197 625
3198 326
3199 89
3200 881
3201 89
3202 226
3203 240
3204 909
3205 797
3206 392
3207 678
3208 995
3209 699
3210 331
3211 447
3212 667
3213 687
3214 126
3215 33
3216 567
3217 626
3218 783
3219 77
3220 650
3221 980
3222 577
3223 388
3224 243
3225 887
3226 863
3227 608
3228 417
3229 392
3230 970
3231 788
3232 371
3233 929
3234 262
3235 100
3236 715
3237 501
3238 532
3239 923
3240 865
3241 775
3242 465
3243 272
3244 726
3245 505
3246 522
3247 314
3248 321
3249 876
3250 425
3251 437
3252 120
3253 237
3254 634
3255 58
3256 514
3257 475
3258 126
3259 802
3260 372
3261 950
3262 110
3263 373
3264 201
3265 958
3266 197
3267 273
3268 769
3269 2
3270 532
3271 990
3272 698
3273 629
3274 820
3275 347
3276 302
3277 941
3278 561
3279 699
3280 219
3281 742
3282 181
3283 942
3284 463
3285 541
3286 686
3287 609
3288 870
3289 648
3290 671
3291 589
3292 583
3293 443
3294 83
3295 600
3296 8
3297 161
3298 232
3299 546
3300 591
3301 996
3302 608
3303 749
3304 871
3305 54
3306 661
3307 846
3308 92
3309 262
3310 348
3311 8
3312 800
3313 85
3314 539
3315 966
3316 971
3317 694
3318 262
3319 243
3320 522
3321 361
3322 941
3323 202
3324 462
3325 963
3326 531
3327 731
3328 388
3329 825
3330 698
3331 143
3332 995
3333 358
3334 902
3335 68
3336 243
3337 395
3338 477
3339 345
3340 895
3341 605
3342 973
3343 347
3344 693
3345 480
3346 994
3347 843
3348 698
3349 462
3350 376
3351 642
3352 707
3353 90
3354 880
3355 208
3356 50
3357 502
3358 810
3359 651
3360 872
3361 273
3362 925
3363 978
3364 427
3365 317
3366 908
3367 338
3368 443
3369 25
3370 163
3371 829
3372 546
3373 834
3374 160
3375 995
3376 747
3377 49
3378 383
3379 938
3380 441
3381 20
3382 478
3383 509
3384 510
3385 978
3386 644
3387 646
3388 385
3389 111
3390 681
3391 883
3392 392
3393 965
3394 107
3395 118
3396 515
3397 675
3398 412
3399 944
3400 141
3401 453
3402 590
3403 468
3404 918
3405 457
3406 546
3407 32
3408 919
3409 162
3410 185
3411 157
3412 976
3413 55
3414 186
3415 197
3416 805
3417 244
3418 391
3419 548
3420 83
3421 34
3422 923
3423 672
3424 570
3425 365
3426 793
3427 675
3428 295
3429 941
3430 735
3431 795
3432 61
3433 219
3434 195
3435 388
3436 176
3437 68
3438 790
3439 74
3440 834
3441 366
3442 696
3443 481
3444 169
3445 925
3446 66
3447 573
3448 294
3449 463
3450 893
3451 288
3452 616
3453 790
3454 290
3455 887
3456 877
3457 895
3458 622
3459 88
3460 168
3461 93
3462 531
3463 780
3464 660
3465 457
3466 636
3467 870
3468 303
3469 813
3470 26
3471 54
3472 281
3473 238
3474 762
3475 454
3476 929
3477 77
3478 10
3479 602
3480 729
3481 415
3482 85
3483 598
3484 7
3485 631
3486 522
3487 519
3488 62
3489 313
3490 545
3491 171
3492 344
3493 62
3494 935
3495 244
3496 454
3497 156
3498 886
3499 139
3500 899
3501 508
3502 128
3503 107
3504 545
3505 792
3506 18
3507 753
3508 234
3509 746
3510 192
3511 959
3512 78
3513 834
3514 519
3515 463
3516 284
3517 887
3518 376
3519 923
3520 966
3521 550
3522 640
3523 395
3524 955
3525 198
3526 954
3527 532
3528 254
3529 53
3530 631
3531 858
3532 612
3533 937
3534 640
3535 650
3536 546
3537 183
3538 851
3539 527
3540 905
3541 99
3542 224
3543 410
3544 994
3545 371
3546 397
3547 904
3548 794
3549 36
3550 769
3551 96
3552 256
3553 723
3554 958
3555 443
3556 620
3557 3
3558 826
3559 119
3560 680
3561 368
3562 36
3563 394
3564 791
3565 942
3566 260
3567 193
3568 8
3569 349
3570 714
3571 987
3572 933
3573 94
3574 667
3575 9
3576 71
3577 166
3578 486
3579 394
3580 398
3581 814
3582 871
3583 855
3584 938
3585 982
3586 16
3587 356
3588 679
3589 70
3590 271
3591 303
3592 141
3593 465
3594 541
3595 784
3596 720
3597 606
3598 613
3599 704
3600 657
3601 696
3602 413
3603 307
3604 45
3605 73
3606 893
3607 478
3608 960
3609 280
3610 660
3611 130
3612 563
3613 376
3614 484
3615 290
3616 77
3617 513
3618 354
3619 210
3620 506
3621 77
3622 886
3623 545
3624 743
3625 495
3626 769
3627 106
3628 558
3629 402
3630 424
3631 22
3632 886
3633 379
3634 872
3635 308
3636 790
3637 285
3638 610
3639 145
3640 148
3641 310
3642 43
3643 199
3644 411
3645 617
3646 704
3647 553
3648 180
3649 834
3650 894
3651 168
3652 221
3653 304
3654 74
3655 858
3656 911
3657 340
3658 452
3659 905
3660 522
3661 373
3662 632
3663 335
3664 370
3665 38
3666 461
3667 733
3668 990
3669 595
3670 616
3671 748
3672 830
3673 747
3674 152
3675 718
3676 865
3677 153
3678 669
3679 710
3680 728
3681 1
3682 93
3683 499
3684 892
3685 436
3686 71
3687 37
3688 321
3689 795
3690 861
3691 872
3692 576
3693 397
3694 571
3695 93
3696 862
3697 519
3698 103
3699 753
3700 316
3701 488
3702 826
3703 354
3704 281
3705 739
3706 170
3707 123
3708 544
3709 95
3710 22
3711 541
3712 726
3713 888
3714 801
3715 211
3716 558
3717 204
3718 345
3719 967
3720 594
3721 206
3722 849
3723 213
3724 302
3725 509
3726 73
3727 692
3728 86
3729 430
3730 79
3731 25
3732 913
3733 902
3734 283
3735 774
3736 258
3737 171
3738 302
3739 962
3740 137
3741 700
3742 434
3743 455
3744 84
3745 916
3746 701
3747 430
3748 480
3749 4
3750 297
3751 920
3752 441
3753 877
3754 430
3755 478
3756 385
3757 814
3758 584
3759 976
3760 919
3761 37
3762 554
3763 926
3764 811
3765 793
3766 727
3767 266
3768 146
3769 519
3770 839
3771 639
3772 510
3773 334
3774 220
3775 170
3776 206
3777 500
3778 730
3779 22
3780 766
3781 883
3782 256
3783 660
3784 989
3785 752
3786 566
3787 405
3788 251
3789 561
3790 479
3791 860
3792 959
3793 262
3794 396
3795 992
3796 850
3797 529
3798 451
3799 577
3800 996
3801 737
3802 942
3803 63
3804 4
3805 672
3806 392
3807 559
3808 134
3809 117
3810 251
3811 356
3812 770
3813 284
3814 19
3815 543
3816 427
3817 53
3818 143
3819 943
3820 239
3821 643
3822 201
3823 193
3824 377
3825 704
3826 102
3827 548
3828 786
3829 806
3830 693
3831 934
3832 447
3833 478
3834 963
3835 899
3836 377
3837 21
3838 247
3839 241
3840 931
3841 421
3842 392
3843 55
3844 18
3845 50
3846 914
3847 454
3848 870
3849 706
3850 433
3851 965
3852 314
3853 457
3854 39
3855 147
3856 28
3857 624
3858 958
3859 649
3860 147
3861 827
3862 466
3863 273
3864 756
3865 183
3866 730
3867 899
3868 898
3869 849
3870 899
3871 580
3872 922
3873 871
3874 168
3875 685
3876 704
3877 990
3878 769
3879 201
3880 107
3881 293
3882 656
3883 320
3884 5
3885 858
3886 713
3887 960
3888 49
3889 489
3890 785
3891 950
3892 69
3893 350
3894 610
3895 490
3896 713
3897 440
3898 766
3899 719
3900 709
3901 67
3902 669
3903 390
3904 529
3905 777
3906 863
3907 387
3908 710
3909 658
3910 663
3911 101
3912 258
3913 270
3914 232
3915 415
3916 265
3917 403
3918 344
3919 231
3920 969
3921 929
3922 675
3923 901
3924 334
3925 615
3926 701
3927 840
3928 751
3929 366
3930 991
3931 370
3932 759
3933 631
3934 593
3935 558
3936 341
3937 790
3938 535
3939 494
3940 895
3941 380
3942 129
3943 197
3944 651
3945 501
3946 395
3947 52
3948 437
3949 214
3950 884
3951 545
3952 627
3953 348
3954 981
3955 628
3956 625
3957 589
3958 946
3959 285
3960 721
3961 544
3962 796
3963 266
3964 380
3965 906
3966 325
3967 241
3968 471
3969 92
3970 393
3971 196
3972 731
3973 705
3974 184
3975 342
3976 109
3977 287
3978 498
3979 867
3980 705
3981 109
3982 943
3983 220
3984 625
3985 557
3986 520
3987 429
3988 752
3989 463
3990 346
3991 709
3992 430
3993 364
3994 958
3995 441
3996 872
3997 332
3998 536
3999 477
4000 24
4001 364
4002 705
4003 555
4004 138
4005 855
4006 280
4007 729
4008 316
4009 263
4010 990
4011 426
4012 310
4013 76
4014 320
4015 218
4016 326
4017 952
4018 420
4019 458
4020 188
4021 387
4022 874
4023 578
4024 588
4025 530
4026 636
4027 640
4028 11
4029 576
4030 995
4031 350
4032 845
4033 200
4034 993
4035 11
4036 634
4037 806
4038 187
4039 351
4040 6
4041 682
4042 860
4043 35
4044 344
4045 691
4046 538
4047 885
4048 70
4049 872
4050 166
4051 362
4052 849
4053 755
4054 506
4055 883
4056 153
4057 140
4058 608
4059 219
4060 179
4061 641
4062 154
4063 692
4064 980
4065 631
4066 859
4067 963
4068 247
4069 199
4070 474
4071 127
4072 458
4073 108
4074 856
4075 348
4076 467
4077 466
4078 652
4079 177
4080 252
4081 283
4082 834
4083 513
4084 488
4085 698
4086 334
4087 403
4088 462
4089 494
4090 208
4091 488
4092 340
4093 897
4094 958
4095 559
4096 168
4097 434
4098 130
4099 211
4100 846
4101 932
4102 477
4103 279
4104 416
4105 975
4106 689
4107 889
4108 197
4109 456
4110 917
4111 875
4112 605
4113 745
4114 754
4115 897
4116 286
4117 95
4118 786
4119 814
4120 68
4121 687
4122 641
4123 360
4124 929
4125 221
4126 890
4127 579
4128 553
4129 166
4130 662
4131 773
4132 461
4133 65
4134 435
4135 699
4136 143
4137 452
4138 807
4139 310
4140 426
4141 632
4142 669
4143 898
4144 294
4145 949
4146 317
4147 487
4148 342
4149 407
4150 162
4151 261
4152 816
4153 829
4154 868
4155 575
4156 550
4157 780
4158 726
4159 532
4160 651
4161 669
4162 24
4163 223
4164 204
4165 0
4166 162
4167 174
4168 52
4169 811
4170 426
4171 336
4172 534
4173 929
4174 113
4175 637
4176 490
4177 361
4178 610
4179 155
4180 553
4181 278
4182 605
4183 271
4184 987
4185 494
4186 924
4187 542
4188 997
4189 603
4190 833
4191 946
4192 549
4193 769
4194 938
4195 231
4196 959
4197 39
4198 481
4199 47
4200 465
4201 474
4202 669
4203 450
4204 382
4205 959
4206 614
4207 747
4208 545
4209 592
4210 916
4211 382
4212 260
4213 149
4214 422
4215 300
4216 98
4217 151
4218 348
4219 881
4220 827
4221 402
4222 631
4223 450
4224 450
4225 129
4226 223
4227 136
4228 75
4229 258
4230 654
4231 958
4232 758
4233 860
4234 794
4235 656
4236 736
4237 321
4238 943
4239 283
4240 717
4241 261
4242 161
4243 563
4244 256
4245 931
4246 919
4247 723
4248 509
4249 579
4250 487
4251 709
4252 578
4253 489
4254 312
4255 952
4256 679
4257 55
4258 132
4259 402
4260 735
4261 758
4262 133
4263 906
4264 937
4265 847
4266 585
4267 833
4268 817
4269 824
4270 437
4271 162
4272 856
4273 906
4274 232
4275 947
4276 177
4277 311
4278 950
4279 991
4280 364
4281 591
4282 778
4283 485
4284 155
4285 949
4286 695
4287 527
4288 177
4289 768
4290 644
4291 983
4292 300
4293 366
4294 331
4295 463
4296 736
4297 727
4298 406
4299 134
4300 22
4301 744
4302 315
4303 488
4304 529
4305 140
4306 161
4307 639
4308 376
4309 337
4310 409
4311 531
4312 953
4313 230
4314 258
4315 719
4316 42
4317 410
4318 584
4319 356
4320 233
4321 861
4322 789
4323 760
4324 354
4325 935
4326 244
4327 55
4328 476
4329 997
4330 931
4331 170
4332 29
4333 319
4334 815
4335 123
4336 61
4337 625
4338 731
4339 534
4340 606
4341 714
4342 834
4343 752
4344 31
4345 377
4346 726
4347 285
4348 271
4349 23
4350 685
4351 773
4352 531
4353 638
4354 462
4355 506
4356 601
4357 814
4358 917
4359 579
4360 832
4361 158
4362 474
4363 903
4364 144
4365 352
4366 445
4367 418
4368 414
4369 296
4370 619
4371 28
4372 145
4373 224
4374 9
4375 135
4376 117
4377 480
4378 629
4379 547
4380 436
4381 946
4382 689
4383 391
4384 830
4385 636
4386 738
4387 939
4388 379
4389 325
4390 838
4391 968
4392 228
4393 131
4394 260
4395 515
4396 837
4397 322
4398 642
4399 331
4400 735
4401 105
4402 338
4403 618
4404 570
4405 607
4406 767
4407 250
4408 940
4409 779
4410 792
4411 447
4412 258
4413 541
4414 663
4415 130
4416 908
4417 849
4418 483
4419 173
4420 789
4421 9
4422 647
4423 373
4424 431
4425 296
4426 327
4427 872
4428 974
4429 219
4430 186
4431 497
4432 732
4433 280
4434 111
4435 422
4436 108
4437 530
4438 235
4439 181
4440 385
4441 876
4442 428
4443 515
4444 405
4445 261
4446 346
4447 618
4448 573
4449 921