0 1
1 0
2 1
3 1
4 0
5 1
6 0
7 0
8 1
9 0
10 1
11 0
12 1
13 1
14 0
15 0
16 1
17 1
18 0
19 1
20 1
21 1
22 1
23 1
24 0
25 0
26 0
27 0
28 0
29 1
30 0
31 1
32 0
33 0
34 1
35 0
36 0
37 1
38 0
39 0
40 1
41 1
42 0
43 0
44 1
45 0
46 0
47 0
48 0
49 0
50 0
51 1
52 0
53 1
54 1
55 0
56 1
57 0
58 0
59 1
60 0
61 1
62 0
63 1
64 1
65 0
66 0
67 0
68 0
69 1
70 0
71 0
72 0
73 0
74 0
75 0
76 1
77 0
78 1
79 0
80 0
81 1
82 0
83 0
84 0
85 1
86 1
87 1
88 1
89 0
90 0
91 1
92 0
93 1
94 1
95 1
96 0
97 1
98 1
99 1
100 1
101 0
102 1
103 1
104 0
105 1
106 0
107 1
108 0
109 0
110 0
111 1
112 1
113 1
114 0
115 1
116 1
117 0
118 0
119 0
120 0
121 1
122 0
123 0
124 1
125 0
126 1
127 1
128 1
129 0
130 1
131 1
132 0
133 1
134 0
135 0
136 0
137 0
138 1
139 1
140 1
141 1
142 1
143 1
144 1
145 1
146 0
147 1
148 1
149 1
150 0
151 1
152 0
153 0
154 0
155 0
156 1
157 1
158 1
159 1
160 1
161 1
162 0
163 0
164 1
165 1
166 1
167 0
168 1
169 0
170 0
171 0
172 0
173 1
174 0
175 1
176 1
177 1
178 0
179 1
180 1
181 1
182 1
183 0
184 0
185 0
186 1
187 0
188 1
189 0
190 0
191 0
192 1
193 0
194 1
195 0
196 0
197 0
198 1
199 0
200 0
201 0
202 1
203 0
204 0
205 0
206 1
207 0
208 1
209 0
210 0
211 0
212 1
213 0
214 1
215 0
216 0
217 0
218 0
219 1
220 1
221 1
222 0
223 1
224 1
225 1
226 0
227 1
228 0
229 1
230 1
231 0
232 0
233 1
234 1
235 0
236 0
237 1
238 1
239 0
240 1
241 1
242 0
243 1
244 1
245 0
246 1
247 0
248 1
249 1
250 1
251 0
252 1
253 0
254 0
255 0
256 1
257 1
258 0
259 0
260 1
261 1
262 0
263 1
264 0
265 0
266 0
267 1
268 1
269 1
270 1
271 1
272 1
273 0
274 1
275 1
276 1
277 1
278 0
279 0
280 1
281 1
282 0
283 1
284 1
285 1
286 0
287 1
288 1
289 0
290 0
291 0
292 0
293 1
294 1
295 1
296 0
297 0
298 1
299 0
300 0
301 1
302 1
303 0
304 1
305 0
306 0
307 1
308 0
309 1
310 0
311 0
312 1
313 0
314 1
315 1
316 1
317 0
318 0
319 0
320 1
321 0
322 1
323 0
324 0
325 1
326 1
327 0
328 0
329 1
330 0
331 1
332 1
333 0
334 0
335 0
336 1
337 0
338 1
339 1
340 0
341 0
342 1
343 1
344 1
345 1
346 0
347 0
348 1
349 0
350 0
351 1
352 1
353 1
354 0
355 1
356 0
357 1
358 0
359 1
360 0
361 0
362 0
363 0
364 1
365 0
366 0
367 0
368 0
369 1
370 1
371 1
372 0
373 1
374 1
375 0
376 1
377 1
378 1
379 0
380 0
381 0
382 1
383 1
384 1
385 0
386 0
387 1
388 1
389 1
390 1
391 0
392 1
393 0
394 1
395 1
396 1
397 0
398 0
399 1
400 0
401 0
402 1
403 0
404 0
405 1
406 0
407 0
408 0
409 1
410 1
411 1
412 0
413 1
414 1
415 0
416 1
417 0
418 1
419 0
420 0
421 1
422 0
423 0
424 1
425 1
426 0
427 0
428 0
429 0
430 0
431 0
432 1
433 0
434 1
435 0
436 1
437 0
438 0
439 1
440 1
441 0
442 1
443 1
444 1
445 1
446 1
447 0
448 0
449 1
450 1
451 1
452 0
453 1
454 0
455 1
456 0
457 1
458 0
459 0
460 1
461 1
462 1
463 0
464 0
465 1
466 1
467 0
468 1
469 1
470 0
471 1
472 1
473 0
474 1
475 1
476 0
477 1
478 0
479 0
480 0
481 1
482 0
483 1
484 0
485 0
486 0
487 0
488 0
489 0
490 0
491 1
492 0
493 0
494 1
495 1
496 0
497 1
498 0
499 0
500 0
501 0
502 1
503 1
504 0
505 0
506 1
507 0
508 0
509 0
510 1
511 0
512 1
513 0
514 1
515 0
516 1
517 0
518 0
519 0
520 1
521 1
522 0
523 1
524 0
525 1
526 1
527 0
528 0
529 0
530 0
531 0
532 0
533 0
534 1
535 1
536 1
537 1
538 0
539 1
540 0
541 0
542 0
543 0
544 1
545 0
546 1
547 0
548 0
549 0
550 0
551 1
552 1
553 1
554 0
555 0
556 0
557 1
558 0
559 1
560 1
561 1
562 1
563 0
564 1
565 1
566 1
567 1
568 1
569 1
570 0
571 1
572 0
573 0
574 0
575 1
576 0
577 0
578 1
579 0
580 1
581 1
582 0
583 1
584 1
585 1
586 0
587 0
588 1
589 1
590 0
591 0
592 1
593 1
594 0
595 1
596 1
597 0
598 1
599 0
600 1
601 1
602 0
603 1
604 0
605 1
606 0
607 1
608 1
609 0
610 1
611 0
612 0
613 1
614 1
615 0
616 1
617 1
618 1
619 0
620 0
621 1
622 0
623 0
624 0
625 1
626 0
627 0
628 0
629 0
630 1
631 0
632 0
633 0
634 1
635 0
636 1
637 0
638 0
639 1
640 1
641 1
642 0
643 0
644 1
645 1
646 1
647 0
648 1
649 0
650 0
651 1
652 0
653 0
654 1
655 1
656 1
657 0
658 0
659 1
660 0
661 0
662 0
663 1
664 1
665 0
666 0
667 0
668 0
669 0
670 1
671 1
672 0
673 0
674 0
675 0
676 0
677 1
678 0
679 1
680 0
681 1
682 1
683 1
684 0
685 0
686 0
687 1
688 0
689 1
690 0
691 1
692 1
693 1
694 0
695 1
696 0
697 0
698 1
699 1
700 1
701 0
702 0
703 1
704 0
705 1
706 0
707 0
708 0
709 1
710 1
711 1
712 0
713 1
714 0
715 0
716 0
717 0
718 0
719 1
720 1
721 1
722 0
723 1
724 1
725 0
726 0
727 1
728 0
729 1
730 0
731 1
732 1
733 1
734 0
735 0
736 0
737 0
738 0
739 0
740 0
741 0
742 0
743 1
744 1
745 1
746 0
747 1
748 0
749 0
750 0
751 1
752 1
753 1
754 0
755 1
756 0
757 1
758 1
759 0
760 0
761 1
762 0
763 0
764 0
765 0
766 0
767 0
768 1
769 0
770 1
771 0
772 0
773 0
774 0
775 0
776 0
777 1
778 1
779 0
780 0
781 0
782 1
783 0
784 0
785 0
786 1
787 0
788 1
789 0
790 1
791 1
792 1
793 0
794 1
795 1
796 0
797 0
798 1
799 0
800 1
801 1
802 0
803 1
804 0
805 0
806 1
807 1
808 1
809 1
810 1
811 0
812 0
813 0
814 0
815 1
816 1
817 0
818 0
819 0
820 1
821 1
822 0
823 0
824 0
825 0
826 1
827 0
828 0
829 0
830 0
831 0
832 0
833 1
834 1
835 1
836 1
837 0
838 0
839 1
840 1
841 1
842 1
843 1
844 0
845 0
846 0
847 0
848 1
849 1
850 1
851 1
852 1
853 0
854 1
855 1
856 0
857 1
858 1
859 1
860 1
861 0
862 1
863 1
864 1
865 0
866 0
867 0
868 1
869 0
870 1
871 1
872 1
873 0
874 0
875 0
876 0
877 0
878 1
879 0
880 0
881 1
882 1
883 1
884 0
885 1
886 1
887 0
888 1
889 1
890 0
891 0
892 0
893 1
894 1
895 0
896 0
897 1
898 1
899 1
900 0
901 1
902 0
903 1
904 1
905 0
906 0
907 0
908 1
909 1
910 0
911 1
912 0
913 0
914 0
915 0
916 1
917 0
918 0
919 0
920 1
921 0
922 0
923 1
924 1
925 0
926 1
927 0
928 0
929 1
930 1
931 1
932 1
933 0
934 0
935 1
936 1
937 1
938 0
939 1
940 0
941 1
942 1
943 1
944 1
945 1
946 0
947 1
948 0
949 0
950 0
951 0
952 0
953 1
954 0
955 1
956 1
957 1
958 1
959 1
960 0
961 1
962 0
963 0
964 1
965 0
966 1
967 1
968 0
969 1
970 1
971 0
972 0
973 1
974 1
975 1
976 0
977 1
978 1
979 0
980 0
981 0
982 1
983 0
984 0
985 0
986 1
987 0
988 1
989 0
990 0
991 1
992 1
993 1
994 1
995 0
996 1
997 0
998 0
999 0
1000 0
1001 1
1002 1
1003 0
1004 1
1005 1
1006 1
1007 1
1008 0
1009 0
1010 0
1011 1
1012 1
1013 0
1014 1
1015 1
1016 0
1017 0
1018 1
1019 0
1020 1
1021 1
1022 1
1023 0
1024 0
1025 0
1026 1
1027 1
1028 1
1029 0
1030 1
1031 0
1032 1
1033 1
1034 1
1035 0
1036 1
1037 1
1038 1
1039 0
1040 0
1041 0
1042 1
1043 0
1044 1
1045 1
1046 0
1047 0
1048 1
1049 1
1050 1
1051 1
1052 1
1053 1
1054 1
1055 0
1056 1
1057 1
1058 0
1059 1
1060 1
1061 1
1062 0
1063 1
1064 0
1065 0
1066 0
1067 1
1068 0
1069 0
1070 1
1071 1
1072 1
1073 0
1074 0
1075 0
1076 0
1077 0
1078 0
1079 1
1080 1
1081 0
1082 1
1083 1
1084 0
1085 1
1086 1
1087 1
1088 1
1089 1
1090 0
1091 1
1092 1
1093 1
1094 1
1095 0
1096 0
1097 1
1098 1
1099 0
1100 1
1101 1
1102 1
1103 0
1104 1
1105 1
1106 1
1107 1
1108 1
1109 0
1110 1
1111 0
1112 0
1113 0
1114 1
1115 0
1116 0
1117 0
1118 0
1119 0
1120 0
1121 0
1122 0
1123 1
1124 0
1125 0
1126 0
1127 1
1128 1
1129 1
1130 0
1131 0
1132 0
1133 1
1134 1
1135 0
1136 1
1137 1
1138 1
1139 0
1140 1
1141 1
1142 1
1143 1
1144 1
1145 0
1146 1
1147 1
1148 1
1149 0
1150 1
1151 0
1152 0
1153 0
1154 1
1155 0
1156 0
1157 1
1158 0
1159 1
1160 1
1161 0
1162 1
1163 1
1164 1
1165 1
1166 0
1167 0
1168 1
1169 0
1170 0
1171 0
1172 0
1173 0
1174 1
1175 0
1176 1
1177 1
1178 0
1179 0
1180 0
1181 0
1182 1
1183 1
1184 1
1185 1
1186 1
1187 0
1188 0
1189 0
1190 1
1191 0
1192 0
1193 1
1194 1
1195 1
1196 0
1197 0
1198 0
1199 0
1200 1
1201 0
1202 1
1203 1
1204 1
1205 1
1206 0
1207 1
1208 1
1209 1
1210 0
1211 1
1212 0
1213 1
1214 0
1215 0
1216 1
1217 1
1218 1
1219 1
1220 1
1221 1
1222 0
1223 0
1224 1
1225 0
1226 1
1227 0
1228 0
1229 1
1230 1
1231 1
1232 0
1233 1
1234 0
1235 1
1236 1
1237 0
1238 0
1239 0
1240 1
1241 0
1242 1
1243 1
1244 0
1245 0
1246 1
1247 0
1248 1
1249 0
1250 1
1251 1
1252 0
1253 0
1254 1
1255 1
1256 1
1257 1
1258 0
1259 1
1260 0
1261 0
1262 0
1263 0
1264 1
1265 0
1266 0
1267 0
1268 1
1269 0
1270 0
1271 1
1272 1
1273 0
1274 0
1275 1
1276 0
1277 1
1278 0
1279 1
1280 1
1281 0
1282 0
1283 1
1284 1
1285 0
1286 1
1287 1
1288 0
1289 1
1290 1
1291 1
1292 0
1293 1
1294 1
1295 1
1296 1
1297 0
1298 1
1299 0
1300 1
1301 0
1302 1
1303 0
1304 1
1305 0
1306 1
1307 0
1308 1
1309 0
1310 1
1311 1
1312 1
1313 1
1314 0
1315 0
1316 0
1317 1
1318 0
1319 1
1320 0
1321 0
1322 0
1323 0
1324 1
1325 0
1326 0
1327 1
1328 1
1329 0
1330 1
1331 0
1332 0
1333 1
1334 1
1335 0
1336 1
1337 0
1338 0
1339 1
1340 0
1341 1
1342 0
1343 1
1344 1
1345 0
1346 1
1347 1
1348 0
1349 0
1350 0
1351 1
1352 1
1353 1
1354 0
1355 1
1356 1
1357 0
1358 1
1359 0
1360 1
1361 0
1362 0
1363 1
1364 1
1365 1
1366 1
1367 1
1368 1
1369 0
1370 1
1371 0
1372 0
1373 0
1374 1
1375 0
1376 1
1377 1
1378 1
1379 0
1380 0
1381 0
1382 0
1383 1
1384 1
1385 1
1386 1
1387 0
1388 0
1389 0
1390 0
1391 1
1392 0
1393 0
1394 0
1395 1
1396 1
1397 1
1398 0
1399 0
1400 1
1401 1
1402 1
1403 0
1404 0
1405 0
1406 1
1407 0
1408 0
1409 0
1410 0
1411 0
1412 0
1413 0
1414 1
1415 0
1416 0
1417 1
1418 1
1419 1
1420 1
1421 0
1422 0
1423 0
1424 1
1425 0
1426 1
1427 1
1428 1
1429 1
1430 1
1431 1
1432 0
1433 0
1434 1
1435 1
1436 0
1437 1
1438 1
1439 0
1440 0
1441 1
1442 0
1443 1
1444 0
1445 0
1446 1
1447 0
1448 1
1449 1
1450 0
1451 0
1452 1
1453 0
1454 0
1455 0
1456 1
1457 1
1458 1
1459 1
1460 0
1461 1
1462 1
1463 1
1464 0
1465 1
1466 1
1467 1
1468 0
1469 0
1470 0
1471 0
1472 1
1473 0
1474 0
1475 1
1476 1
1477 1
1478 1
1479 1
1480 1
1481 1
1482 0
1483 1
1484 0
1485 1
1486 1
1487 1
1488 1
1489 1
1490 0
1491 0
1492 1
1493 0
1494 0
1495 1
1496 0
1497 0
1498 1
1499 0
1500 1
1501 0
1502 1
1503 0
1504 1
1505 1
1506 1
1507 0
1508 1
1509 0
1510 1
1511 1
1512 1
1513 1
1514 0
1515 1
1516 1
1517 0
1518 1
1519 0
1520 0
1521 1
1522 0
1523 0
1524 0
1525 0
1526 1
1527 0
1528 0
1529 1
1530 0
1531 1
1532 0
1533 0
1534 0
1535 0
1536 0
1537 0
1538 0
1539 0
1540 1
1541 1
1542 1
1543 1
1544 0
1545 1
1546 0
1547 1
1548 1
1549 0
1550 0
1551 1
1552 0
1553 1
1554 0
1555 0
1556 1
1557 0
1558 0
1559 1
1560 1
1561 0
1562 0
1563 0
1564 0
1565 1
1566 0
1567 0
1568 1
1569 1
1570 1
1571 1
1572 1
1573 1
1574 0
1575 0
1576 0
1577 1
1578 0
1579 1
1580 0
1581 0
1582 0
1583 1
1584 1
1585 0
1586 1
1587 0
1588 1
1589 0
1590 1
1591 0
1592 0
1593 1
1594 0
1595 1
1596 1
1597 0
1598 0
1599 1
1600 0
1601 1
1602 0
1603 0
1604 0
1605 0
1606 1
1607 0
1608 1
1609 1
1610 0
1611 1
1612 1
1613 0
1614 0
1615 1
1616 0
1617 1
1618 0
1619 1
1620 1
1621 0
1622 1
1623 1
1624 1
1625 1
1626 0
1627 1
1628 0
1629 1
1630 1
1631 1
1632 0
1633 1
1634 0
1635 0
1636 1
1637 0
1638 1
1639 1
1640 0
1641 0
1642 0
1643 0
1644 0
1645 1
1646 1
1647 1
1648 1
1649 0
1650 0
1651 1
1652 0
1653 0
1654 0
1655 1
1656 1
1657 0
1658 0
1659 0
1660 0
1661 1
1662 1
1663 0
1664 0
1665 1
1666 0
1667 0
1668 0
1669 0
1670 1
1671 1
1672 0
1673 0
1674 0
1675 0
1676 1
1677 1
1678 1
1679 1
1680 0
1681 0
1682 1
1683 1
1684 1
1685 1
1686 0
1687 0
1688 0
1689 0
1690 1
1691 0
1692 1
1693 0
1694 1
1695 0
1696 0
1697 0
1698 0
1699 0
1700 0
1701 0
1702 1
1703 0
1704 0
1705 0
1706 0
1707 1
1708 1
1709 0
1710 1
1711 0
1712 0
1713 0
1714 0
1715 1
1716 0
1717 0
1718 1
1719 0
1720 1
1721 0
1722 1
1723 1
1724 0
1725 1
1726 1
1727 1
1728 0
1729 0
1730 0
1731 1
1732 0
1733 0
1734 0
1735 0
1736 0
1737 1
1738 1
1739 1
1740 1
1741 0
1742 1
1743 1
1744 1
1745 0
1746 0
1747 0
1748 0
1749 1
1750 1
1751 1
1752 0
1753 0
1754 0
1755 0
1756 1
1757 0
1758 0
1759 1
1760 1
1761 0
1762 1
1763 1
1764 0
1765 0
1766 1
1767 0
1768 1
1769 0
1770 1
1771 0
1772 1
1773 0
1774 1
1775 1
1776 1
1777 1
1778 0
1779 0
1780 1
1781 0
1782 1
1783 1
1784 0
1785 0
1786 1
1787 0
1788 1
1789 0
1790 1
1791 1
1792 0
1793 0
1794 1
1795 1
1796 0
1797 0
1798 1
1799 1
1800 0
1801 0
1802 0
1803 1
1804 0
1805 1
1806 1
1807 1
1808 0
1809 0
1810 1
1811 1
1812 0
1813 1
1814 1
1815 1
1816 0
1817 0
1818 0
1819 1
1820 1
1821 0
1822 1
1823 0
1824 1
1825 1
1826 1
1827 0
1828 0
1829 0
1830 1
1831 1
1832 0
1833 1
1834 1
1835 0
1836 0
1837 1
1838 0
1839 1
1840 1
1841 1
1842 1
1843 0
1844 1
1845 1
1846 0
1847 0
1848 0
1849 0
1850 0
1851 1
1852 0
1853 0
1854 1
1855 0
1856 0
1857 0
1858 1
1859 0
1860 0
1861 0
1862 1
1863 1
1864 1
1865 1
1866 1
1867 0
1868 1
1869 0
1870 1
1871 1
1872 1
1873 0
1874 0
1875 1
1876 0
1877 0
1878 0
1879 0
1880 1
1881 0
1882 0
1883 1
1884 0
1885 0
1886 0
1887 1
1888 0
1889 1
1890 0
1891 1
1892 0
1893 0
1894 0
1895 1
1896 1
1897 0
1898 1
1899 1
1900 0
1901 1
1902 0
1903 0
1904 1
1905 1
1906 1
1907 1
1908 1
1909 0
1910 0
1911 1
1912 1
1913 0
1914 1
1915 1
1916 0
1917 0
1918 1
1919 0
1920 1
1921 1
1922 0
1923 0
1924 1
1925 1
1926 1
1927 1
1928 0
1929 0
1930 0
1931 1
1932 0
1933 1
1934 0
1935 1
1936 0
1937 1
1938 1
1939 1
1940 0
1941 0
1942 1
1943 1
1944 1
1945 1
1946 1
1947 0
1948 0
1949 1
1950 1
1951 0
1952 0
1953 0
1954 0
1955 0
1956 1
1957 1
1958 0
1959 1
1960 1
1961 1
1962 1
1963 1
1964 1
1965 1
1966 1
1967 1
1968 1
1969 0
1970 0
1971 0
1972 1
1973 0
1974 1
1975 1
1976 1
1977 0
1978 0
1979 0
1980 1
1981 0
1982 0
1983 0
1984 1
1985 1
1986 0
1987 1
1988 1
1989 0
1990 1
1991 0
1992 1
1993 1
1994 1
1995 0
1996 0
1997 1
1998 1
1999 1
2000 1
2001 1
2002 1
2003 1
2004 0
2005 0
2006 0
2007 0
2008 0
2009 0
2010 1
2011 0
2012 0
2013 1
2014 0
2015 1
2016 1
2017 1
2018 1
2019 1
2020 0
2021 0
2022 0
2023 0
2024 1
2025 0
2026 0
2027 1
2028 0
2029 0
2030 0
2031 0
2032 1
2033 0
2034 0
2035 1
2036 0
2037 0
2038 0
2039 0
2040 0
2041 1
2042 1
2043 1
2044 1
2045 0
2046 0
2047 1
2048 0
2049 1
2050 0
2051 0
2052 0
2053 1
2054 0
2055 0
2056 1
2057 1
2058 1
2059 1
2060 0
2061 0
2062 1
2063 0
2064 0
2065 0
2066 0
2067 0
2068 1
2069 1
2070 1
2071 1
2072 1
2073 0
2074 0
2075 1
2076 0
2077 0
2078 0
2079 1
2080 0
2081 0
2082 1
2083 0
2084 1
2085 0
2086 1
2087 1
2088 0
2089 0
2090 1
2091 1
2092 1
2093 1
2094 1
2095 1
2096 0
2097 0
2098 1
2099 0
2100 0
2101 1
2102 1
2103 0
2104 1
2105 1
2106 0
2107 1
2108 0
2109 0
2110 1
2111 0
2112 1
2113 1
2114 1
2115 0
2116 1
2117 1
2118 1
2119 0
2120 1
2121 1
2122 1
2123 1
2124 1
2125 0
2126 1
2127 1
2128 0
2129 1
2130 1
2131 0
2132 0
2133 0
2134 1
2135 0
2136 1
2137 1
2138 1
2139 0
2140 1
2141 1
2142 1
2143 0
2144 0
2145 0
2146 1
2147 0
2148 0
2149 1
2150 1
2151 0
2152 1
2153 1
2154 1
2155 0
2156 0
2157 1
2158 1
2159 1
2160 1
2161 0
2162 0
2163 1
2164 1
2165 0
2166 0
2167 0
2168 0
2169 0
2170 0
2171 1
2172 1
2173 0
2174 0
2175 1
2176 1
2177 0
2178 0
2179 0
2180 0
2181 0
2182 1
2183 1
2184 1
2185 0
2186 0
2187 1
2188 1
2189 1
2190 1
2191 1
2192 1
2193 0
2194 1
2195 0
2196 0
2197 0
2198 0
2199 0
2200 0
2201 0
2202 0
2203 0
2204 1
2205 1
2206 1
2207 0
2208 0
2209 1
2210 1
2211 0
2212 0
2213 1
2214 0
2215 0
2216 0
2217 1
2218 0
2219 0
2220 1
2221 1
2222 1
2223 0
2224 0
2225 1
2226 1
2227 1
2228 0
2229 0
2230 1
2231 0
2232 1
2233 1
2234 1
2235 1
2236 0
2237 1
2238 0
2239 0
2240 1
2241 1
2242 1
2243 1
2244 1
2245 0
2246 0
2247 1
2248 1
2249 0
2250 0
2251 0
2252 1
2253 1
2254 1
2255 0
2256 1
2257 1
2258 0
2259 1
2260 0
2261 1
2262 0
2263 1
2264 0
2265 0
2266 1
2267 1
2268 1
2269 0
2270 0
2271 1
2272 0
2273 0
2274 1
2275 0
2276 0
2277 1
2278 1
2279 0
2280 1
2281 1
2282 0
2283 0
2284 1
2285 1
2286 0
2287 0
2288 1
2289 0
2290 1
2291 1
2292 1
2293 0
2294 0
2295 1
2296 0
2297 1
2298 1
2299 1
2300 0
2301 1
2302 0
2303 0
2304 0
2305 0
2306 0
2307 0
2308 0
2309 0
2310 1
2311 1
2312 0
2313 0
2314 1
2315 1
2316 0
2317 1
2318 0
2319 1
2320 1
2321 0
2322 1
2323 1
2324 0
2325 0
2326 1
2327 1
2328 1
2329 0
2330 0
2331 1
2332 0
2333 0
2334 1
2335 1
2336 0
2337 0
2338 1
2339 0
2340 1
2341 0
2342 1
2343 1
2344 0
2345 0
2346 0
2347 1
2348 0
2349 1
2350 1
2351 1
2352 0
2353 0
2354 0
2355 1
2356 1
2357 1
2358 0
2359 0
2360 1
2361 1
2362 0
2363 0
2364 1
2365 0
2366 1
2367 0
2368 0
2369 1
2370 1
2371 1
2372 1
2373 0
2374 0
2375 0
2376 1
2377 1
2378 1
2379 0
2380 1
2381 1
2382 1
2383 0
2384 0
2385 0
2386 1
2387 0
2388 0
2389 1
2390 1
2391 1
2392 0
2393 1
2394 1
2395 0
2396 0
2397 0
2398 1
2399 0
2400 0
2401 0
2402 1
2403 0
2404 0
2405 1
2406 1
2407 1
2408 1
2409 0
2410 1
2411 1
2412 1
2413 1
2414 1
2415 0
2416 0
2417 1
2418 0
2419 0
2420 1
2421 0
2422 0
2423 0
2424 0
2425 1
2426 0
2427 1
2428 0
2429 0
2430 0
2431 1
2432 0
2433 1
2434 1
2435 0
2436 0
2437 0
2438 0
2439 0
2440 0
2441 1
2442 0
2443 1
2444 1
2445 0
2446 0
2447 1
2448 1
2449 1
2450 1
2451 0
2452 0
2453 0
2454 0
2455 0
2456 1
2457 1
2458 1
2459 0
2460 1
2461 0
2462 1
2463 1
2464 0
2465 1
2466 1
2467 1
2468 0
2469 0
2470 0
2471 1
2472 0
2473 0
2474 0
2475 0
2476 1
2477 1
2478 0
2479 0
2480 0
2481 0
2482 1
2483 0
2484 0
2485 1
2486 0
2487 0
2488 1
2489 0
2490 1
2491 0
2492 0
2493 0
2494 1
2495 1
2496 0
2497 1
2498 0
2499 1
2500 0
2501 1
2502 1
2503 1
2504 0
2505 0
2506 1
2507 1
2508 1
2509 0
2510 0
2511 1
2512 0
2513 0
2514 0
2515 1
2516 0
2517 1
2518 1
2519 0
2520 1
2521 1
2522 1
2523 1
2524 1
2525 1
2526 0
2527 1
2528 1
2529 0
2530 1
2531 1
2532 0
2533 0
2534 1
2535 1
2536 0
2537 1
2538 0
2539 1
2540 1
2541 0
2542 0
2543 1
2544 1
2545 0
2546 1
2547 1
2548 1
2549 1
2550 1
2551 0
2552 1
2553 1
2554 0
2555 0
2556 0
2557 1
2558 1
2559 1
2560 0
2561 0
2562 0
2563 1
2564 0
2565 0
2566 1
2567 0
2568 0
2569 1
2570 0
2571 1
2572 1
2573 0
2574 0
2575 1
2576 0
2577 0
2578 1
2579 1
2580 0
2581 0
2582 1
2583 1
2584 1
2585 1
2586 1
2587 0
2588 0
2589 0
2590 0
2591 0
2592 0
2593 1
2594 1
2595 1
2596 1
2597 0
2598 1
2599 1
2600 1
2601 0
2602 1
2603 0
2604 0
2605 0
2606 0
2607 1
2608 0
2609 1
2610 1
2611 0
2612 0
2613 0
2614 0
2615 1
2616 0
2617 1
2618 1
2619 1
2620 1
2621 0
2622 1
2623 1
2624 0
2625 1
2626 0
2627 0
2628 0
2629 0
2630 0
2631 1
2632 1
2633 1
2634 1
2635 1
2636 0
2637 1
2638 1
2639 0
2640 1
2641 0
2642 0
2643 0
2644 1
2645 1
2646 1
2647 1
2648 0
2649 0
2650 0
2651 1
2652 0
2653 1
2654 1
2655 0
2656 0
2657 1
2658 0
2659 0
2660 1
2661 1
2662 1
2663 1
2664 0
2665 0
2666 1
2667 1
2668 1
2669 0
2670 1
2671 1
2672 0
2673 0
2674 1
2675 1
2676 0
2677 1
2678 1
2679 1
2680 0
2681 0
2682 0
2683 0
2684 1
2685 0
2686 1
2687 0
2688 0
2689 0
2690 0
2691 1
2692 1
2693 0
2694 0
2695 0
2696 1
2697 1
2698 1
2699 0
2700 1
2701 1
2702 0
2703 0
2704 1
2705 1
2706 0
2707 1
2708 1
2709 0
2710 1
2711 0
2712 1
2713 1
2714 1
2715 0
2716 0
2717 0
2718 1
2719 1
2720 1
2721 0
2722 1
2723 0
2724 1
2725 1
2726 1
2727 0
2728 0
2729 1
2730 0
2731 1
2732 0
2733 1
2734 0
2735 0
2736 1
2737 1
2738 1
2739 0
2740 0
2741 1
2742 1
2743 1
2744 0
2745 0
2746 0
2747 0
2748 1
2749 0
2750 1
2751 1
2752 0
2753 0
2754 0
2755 1
2756 0
2757 1
2758 0
2759 1
2760 1
2761 0
2762 1
2763 1
2764 1
2765 1
2766 1
2767 0
2768 0
2769 0
2770 0
2771 0
2772 0
2773 1
2774 0
2775 0
2776 0
2777 1
2778 0
2779 0
2780 0
2781 1
2782 1
2783 0
2784 1
2785 1
2786 1
2787 1
2788 1
2789 1
2790 1
2791 0
2792 1
2793 0
2794 1
2795 1
2796 0
2797 0
2798 0
2799 0
2800 1
2801 0
2802 0
2803 0
2804 0
2805 0
2806 0
2807 0
2808 0
2809 0
2810 0
2811 0
2812 1
2813 1
2814 1
2815 0
2816 1
2817 1
2818 1
2819 0
2820 1
2821 0
2822 0
2823 0
2824 0
2825 1
2826 1
2827 1
2828 0
2829 1
2830 1
2831 0
2832 0
2833 1
2834 1
2835 0
2836 0
2837 1
2838 0
2839 0
2840 1
2841 1
2842 1
2843 0
2844 1
2845 0
2846 0
2847 1
2848 1
2849 1
2850 0
2851 1
2852 1
2853 0
2854 0
2855 0
2856 0
2857 1
2858 0
2859 1
2860 1
2861 1
2862 1
2863 0
2864 0
2865 1
2866 1
2867 1
2868 1
2869 1
2870 1
2871 0
2872 0
2873 1
2874 0
2875 1
2876 1
2877 0
2878 0
2879 0
2880 1
2881 1
2882 1
2883 0
2884 0
2885 0
2886 1
2887 0
2888 0
2889 0
2890 0
2891 0
2892 0
2893 0
2894 1
2895 0
2896 1
2897 1
2898 1
2899 0
2900 1
2901 1
2902 0
2903 1
2904 0
2905 1
2906 1
2907 1
2908 0
2909 0
2910 1
2911 0
2912 0
2913 1
2914 1
2915 1
2916 0
2917 0
2918 0
2919 1
2920 1
2921 1
2922 0
2923 1
2924 0
2925 1
2926 1
2927 0
2928 0
2929 1
2930 0
2931 0
2932 1
2933 1
2934 1
2935 1
2936 1
2937 0
2938 1
2939 1
2940 0
2941 0
2942 1
2943 0
2944 1
2945 0
2946 0
2947 1
2948 1
2949 1
2950 0
2951 1
2952 1
2953 1
2954 0
2955 0
2956 0
2957 0
2958 0
2959 0
2960 1
2961 1
2962 0
2963 0
2964 0
2965 0
2966 0
2967 1
2968 0
2969 0
2970 1
2971 0
2972 1
2973 1
2974 0
2975 1
2976 1
2977 0
2978 1
2979 1
2980 0
2981 0
2982 0
2983 0
2984 1
2985 0
2986 1
2987 1
2988 1
2989 0
2990 0
2991 0
2992 1
2993 0
2994 0
2995 1
2996 0
2997 1
2998 0
2999 1
3000 0
3001 1
3002 1
3003 1
3004 0
3005 1
3006 1
3007 0
3008 0
3009 0
3010 1
3011 1
3012 0
3013 1
3014 0
3015 1
3016 1
3017 0
3018 0
3019 1
3020 1
3021 1
3022 1
3023 1
3024 1
3025 1
3026 1
3027 1
3028 1
3029 0
3030 1
3031 0
3032 0
3033 1
3034 0
3035 1
3036 1
3037 0
3038 0
3039 1
3040 1
3041 0
3042 0
3043 0
3044 1
3045 0
3046 1
3047 0
3048 1
3049 0
3050 0
3051 1
3052 1
3053 0
3054 0
3055 0
3056 1
3057 0
3058 1
3059 0
3060 1
3061 1
3062 0
3063 0
3064 1
3065 0
3066 0
3067 1
3068 0
3069 0
3070 0
3071 0
3072 1
3073 0
3074 1
3075 1
3076 0
3077 1
3078 1
3079 0
3080 0
3081 0
3082 1
3083 0
3084 1
3085 0
3086 0
3087 0
3088 1
3089 1
3090 1
3091 0
3092 0
3093 0
3094 1
3095 0
3096 0
3097 1
3098 1
3099 0
3100 1
3101 0
3102 0
3103 1
3104 0
3105 0
3106 1
3107 0
3108 0
3109 0
3110 1
3111 0
3112 1
3113 1
3114 1
3115 0
3116 1
3117 0
3118 1
3119 0
3120 0
3121 1
3122 0
3123 0
3124 1
3125 0
3126 0
3127 0
3128 1
3129 0
3130 0
3131 0
3132 0
3133 0
3134 1
3135 0
3136 0
3137 1
3138 0
3139 0
3140 0
3141 1
3142 1
3143 1
3144 1
3145 1
3146 0
3147 0
3148 0
3149 1
3150 0
3151 1
3152 0
3153 1
3154 0
3155 0
3156 0
3157 0
3158 0
3159 0
3160 1
3161 0
3162 0
3163 0
3164 0
3165 0
3166 1
3167 1
3168 1
3169 1
3170 0
3171 1
3172 0
3173 1
3174 1
3175 0
3176 0
3177 1
3178 0
3179 1
3180 0
3181 1
3182 1
3183 1
3184 0
3185 0
3186 0
3187 1
3188 1
3189 1
3190 0
3191 1
3192 1
3193 0
3194 0
3195 0
3196 0
3197 1
3198 0
3199 1
3200 1
3201 0
3202 1
3203 1
3204 0
3205 1
3206 0
3207 0
3208 0
3209 1
3210 1
3211 0
3212 0
3213 1
3214 1
3215 0
3216 0
3217 0
3218 1
3219 0
3220 0
3221 0
3222 1
3223 0
3224 0
3225 1
3226 1
3227 1
3228 0
3229 0
3230 0
3231 0
3232 0
3233 1
3234 0
3235 0
3236 0
3237 0
3238 1
3239 0
3240 0
3241 1
3242 0
3243 0
3244 1
3245 0
3246 1
3247 1
3248 1
3249 0
3250 1
3251 1
3252 1
3253 1
3254 1
3255 0
3256 0
3257 0
3258 1
3259 1
3260 0
3261 1
3262 0
3263 1
3264 1
3265 0
3266 0
3267 1
3268 1
3269 1
3270 0
3271 1
3272 0
3273 1
3274 1
3275 0
3276 0
3277 0
3278 1
3279 1
3280 0
3281 1
3282 0
3283 0
3284 1
3285 0
3286 0
3287 0
3288 0
3289 1
3290 1
3291 0
3292 1
3293 1
3294 1
3295 1
3296 1
3297 0
3298 0
3299 1
3300 1
3301 0
3302 0
3303 1
3304 0
3305 1
3306 1
3307 0
3308 0
3309 0
3310 0
3311 0
3312 1
3313 1
3314 1
3315 1
3316 0
3317 1
3318 1
3319 0
3320 1
3321 0
3322 1
3323 0
3324 0
3325 0
3326 1
3327 0
3328 1
3329 0
3330 0
3331 1
3332 0
3333 1
3334 0
3335 0
3336 0
3337 1
3338 0
3339 1
3340 1
3341 0
3342 1
3343 0
3344 0
3345 0
3346 1
3347 1
3348 1
3349 1
3350 1
3351 0
3352 0
3353 0
3354 0
3355 0
3356 0
3357 0
3358 0
3359 1
3360 1
3361 0
3362 0
3363 1
3364 0
3365 1
3366 1
3367 0
3368 1
3369 0
3370 0
3371 1
3372 1
3373 1
3374 1
3375 1
3376 0
3377 0
3378 1
3379 1
3380 0
3381 1
3382 1
3383 0
3384 1
3385 0
3386 0
3387 0
3388 0
3389 0
3390 1
3391 0
3392 0
3393 0
3394 1
3395 1
3396 1
3397 1
3398 1
3399 1
3400 1
3401 1
3402 0
3403 0
3404 0
3405 1
3406 1
3407 0
3408 0
3409 0
3410 0
3411 1
3412 1
3413 0
3414 0
3415 1
3416 1
3417 1
3418 0
3419 0
3420 0
3421 0
3422 1
3423 1
3424 0
3425 0
3426 0
3427 0
3428 1
3429 1
3430 0
3431 1
3432 0
3433 0
3434 0
3435 0
3436 0
3437 0
3438 0
3439 1
3440 0
3441 0
3442 0
3443 0
3444 1
3445 0
3446 1
3447 0
3448 1
3449 0
3450 1
3451 0
3452 0
3453 0
3454 1
3455 0
3456 1
3457 1
3458 1
3459 0
3460 0
3461 1
3462 0
3463 0
3464 1
3465 0
3466 1
3467 0
3468 0
3469 0
3470 1
3471 0
3472 1
3473 0
3474 0
3475 0
3476 0
3477 0
3478 1
3479 0
3480 1
3481 0
3482 0
3483 0
3484 1
3485 1
3486 0
3487 1
3488 0
3489 0
3490 1
3491 0
3492 0
3493 0
3494 0
3495 0
3496 1
3497 1
3498 0
3499 1