0 1
0 2
0 3
0 4
0 5
0 7
0 13
0 30
0 35
0 43
1 4
1 5
1 7
1 8
1 11
1 12
1 16
1 22
1 26
1 29
1 30
1 34
1 40
1 44
1 45
1 46
2 6
2 10
3 4
3 5
3 6
3 16
3 17
3 23
3 25
3 28
4 11
4 14
4 49
5 6
5 8
5 10
5 11
5 13
5 18
5 19
5 22
5 28
5 33
5 48
6 7
6 9
6 14
6 17
6 19
6 21
6 24
6 40
6 48
7 8
7 9
7 10
7 12
7 13
7 16
7 19
7 20
7 21
7 22
7 25
7 29
7 32
7 35
7 36
7 42
7 44
7 45
8 9
8 15
8 27
8 34
8 36
8 45
9 28
9 38
9 43
10 14
11 12
12 26
12 29
12 41
13 15
13 18
13 23
13 24
13 26
13 42
14 15
14 17
14 18
14 20
14 31
15 41
15 49
16 27
16 31
17 20
17 23
17 24
18 21
19 25
19 47
20 27
20 39
21 34
21 37
22 32
23 39
23 48
25 31
25 36
26 30
26 33
26 41
28 35
29 38
30 32
30 37
30 39
30 43
30 49
32 33
33 38
35 37
38 40
38 42
38 46
38 47
41 44
43 47
44 46