0 550.0 9061.0 32.949090909090906 0.13185834631778318 0.30601092896174864 0.03362512997647221 0.5903225806451613 0.17363201919550544 0.008506507387787587
1 550.0 9061.0 32.949090909090906 0.13185834631778318 0.12750455373406194 0.005276250620308755 0.5335276967930029 0.08292912505893764 0.0036305566110722744
10 550.0 9061.0 32.949090909090906 0.13185834631778318 0.10382513661202186 0.0038854522714198247 0.5248565965583174 0.06398329922739908 0.003006064037203315
100 550.0 9061.0 32.949090909090906 0.13185834631778318 0.052823315118397086 0.0008566308257812232 0.48498233215547704 0.03205913893739102 0.0016062162306642038
101 550.0 9061.0 32.949090909090906 0.13185834631778318 0.0965391621129326 0.00409167424590222 0.5164628410159925 0.050682876371319754 0.0028410458745029665
102 550.0 9061.0 32.949090909090906 0.13185834631778318 0.058287795992714025 0.001125617432641916 0.5009124087591241 0.040046599311887095 0.0017577096141276679
103 550.0 9061.0 32.949090909090906 0.13185834631778318 0.0546448087431694 0.00086620204203143 0.49638336347197104 0.03626988355676554 0.0016464832751685204
104 550.0 9061.0 32.949090909090906 0.13185834631778318 0.061930783242258654 0.0013192494845235927 0.4954873646209386 0.03556871610505913 0.0018641074493121312
105 550.0 9061.0 32.949090909090906 0.13185834631778318 0.0947176684881603 0.003815138947555188 0.5121268656716418 0.045947658932735946 0.002789171001456477
106 550.0 9061.0 32.949090909090906 0.13185834631778318 0.06557377049180328 0.0016034156308607646 0.4981851179673321 0.040712985026218056 0.001973572138398792
107 550.0 9061.0 32.949090909090906 0.13185834631778318 0.07285974499089254 0.0017776791496554197 0.5073937153419593 0.04439479153642744 0.0021568950252009423
108 550.0 9061.0 32.949090909090906 0.13185834631778318 0.08014571948998178 0.0022877381363552887 0.5102230483271375 0.046382695743454265 0.002363535127294754
109 550.0 9061.0 32.949090909090906 0.13185834631778318 0.06375227686703097 0.0012712223571111482 0.5 0.04009787556090938 0.0019003696368369053
11 550.0 9061.0 32.949090909090906 0.13185834631778318 0.0947176684881603 0.003805090438490388 0.5208728652751423 0.05738220301972278 0.0027788076353431612
110 550.0 9061.0 32.949090909090906 0.13185834631778318 0.056466302367941715 0.0012260312017172538 0.4986376021798365 0.03811174338184111 0.001711922954182993
111 550.0 9061.0 32.949090909090906 0.13185834631778318 0.08378870673952642 0.0025135747184872903 0.514526710402999 0.049919912077475155 0.0024661749473339455
112 550.0 9061.0 32.949090909090906 0.13185834631778318 0.07103825136612021 0.001751224289499759 0.5045955882352942 0.04231769570855343 0.0021114608620119964
113 550.0 9061.0 32.949090909090906 0.13185834631778318 0.07832422586520947 0.0023749878970504667 0.5116495806150979 0.04832570972944124 0.002327729958748938
114 550.0 9061.0 32.949090909090906 0.13185834631778318 0.10018214936247723 0.004522247908025293 0.5135640785781104 0.04809550337664069 0.0029550908597089456
115 550.0 9061.0 32.949090909090906 0.13185834631778318 0.07650273224043716 0.002315086278364782 0.5069252077562327 0.04378716461878233 0.002281436907624388
116 550.0 9061.0 32.949090909090906 0.13185834631778318 0.061930783242258654 0.001130378855165997 0.4981851179673321 0.04024389065333613 0.0018489063900175896
117 550.0 9061.0 32.949090909090906 0.13185834631778318 0.06557377049180328 0.0012900442439916877 0.5083333333333333 0.04494727892074906 0.0019430808786093854
118 550.0 9061.0 32.949090909090906 0.13185834631778318 0.0692167577413479 0.0018693101498495218 0.5 0.04206028538972629 0.0020729616650793634
119 550.0 9061.0 32.949090909090906 0.13185834631778318 0.06557377049180328 0.0014785191870153882 0.5022872827081427 0.04028483618707696 0.001961766259390858
12 550.0 9061.0 32.949090909090906 0.13185834631778318 0.12386156648451731 0.005864590946359811 0.5299227799227799 0.07989281557556027 0.003550281480396802
120 550.0 9061.0 32.949090909090906 0.13185834631778318 0.06739526411657559 0.0016188839001407239 0.49773345421577514 0.04019350122483339 0.0020147321569626785
121 550.0 9061.0 32.949090909090906 0.13185834631778318 0.05100182149362477 0.0006724052061690529 0.48756660746003555 0.03408476500819747 0.0015528748958642733
122 550.0 9061.0 32.949090909090906 0.13185834631778318 0.07103825136612021 0.0018758077924046239 0.505524861878453 0.040961550575329395 0.002117955918746635
123 550.0 9061.0 32.949090909090906 0.13185834631778318 0.06739526411657559 0.0014678256885410068 0.5036697247706422 0.0441028993972601 0.0020076674148780537
124 550.0 9061.0 32.949090909090906 0.13185834631778318 0.0692167577413479 0.0018763459443671023 0.49954504094631486 0.039126103953520626 0.0020750971774892773
125 550.0 9061.0 32.949090909090906 0.13185834631778318 0.08378870673952642 0.0030042032805475015 0.5097493036211699 0.039952153723903476 0.002489158136816037
126 550.0 9061.0 32.949090909090906 0.13185834631778318 0.0965391621129326 0.004123317235294189 0.5130841121495328 0.04788140838606425 0.00285749834140825
127 550.0 9061.0 32.949090909090906 0.13185834631778318 0.06557377049180328 0.0014510829112221418 0.5032080659945004 0.040951199457546786 0.0019624647645234156
128 550.0 9061.0 32.949090909090906 0.13185834631778318 0.06557377049180328 0.001370118527098812 0.5013698630136987 0.04173321553876564 0.0019516351625953568
129 550.0 9061.0 32.949090909090906 0.13185834631778318 0.08743169398907104 0.0032625604728249826 0.5064575645756457 0.040385834011542415 0.0025938639316581535
13 550.0 9061.0 32.949090909090906 0.13185834631778318 0.151183970856102 0.008438789853377784 0.5398230088495575 0.09052397465981739 0.004306522668738509
130 550.0 9061.0 32.949090909090906 0.13185834631778318 0.06375227686703097 0.0015949799955388858 0.5004557885141294 0.03903214053122149 0.0019195173255567139
131 550.0 9061.0 32.949090909090906 0.13185834631778318 0.08561020036429873 0.003098297946322863 0.5088044485634847 0.045194084606720725 0.0025355984095274645
132 550.0 9061.0 32.949090909090906 0.13185834631778318 0.07285974499089254 0.0023101442062756494 0.4986376021798365 0.038404992004288874 0.0021866249997985186
133 550.0 9061.0 32.949090909090906 0.13185834631778318 0.07103825136612021 0.0019471327963222237 0.5013698630136987 0.03756996676078008 0.002131470129498642
134 550.0 9061.0 32.949090909090906 0.13185834631778318 0.061930783242258654 0.0014638568459023852 0.5013698630136987 0.03767917659652803 0.0018691396296348598
135 550.0 9061.0 32.949090909090906 0.13185834631778318 0.06375227686703097 0.0014843238873374902 0.49326145552560646 0.037822419452556 0.0019221026631908696
136 550.0 9061.0 32.949090909090906 0.13185834631778318 0.056466302367941715 0.0010243440267514333 0.49105545617173524 0.03337937565162515 0.0017148102610455229
137 550.0 9061.0 32.949090909090906 0.13185834631778318 0.0692167577413479 0.001680214798085682 0.5069252077562327 0.04410933199890712 0.0020586338825270044
138 550.0 9061.0 32.949090909090906 0.13185834631778318 0.07285974499089254 0.0020705478562794504 0.5 0.03667461825730678 0.0021767011157438846
139 550.0 9061.0 32.949090909090906 0.13185834631778318 0.05100182149362477 0.0008383711520463696 0.4867021276595745 0.03159705836732774 0.0015590126876095585
14 550.0 9061.0 32.949090909090906 0.13185834631778318 0.13296903460837886 0.006427866692425341 0.5345666991236612 0.08452046767830552 0.0038016081610048377
140 550.0 9061.0 32.949090909090906 0.13185834631778318 0.06739526411657559 0.001839870914110938 0.49638336347197104 0.03696251192895856 0.002030752690764241
141 550.0 9061.0 32.949090909090906 0.13185834631778318 0.05100182149362477 0.0009490049219583516 0.4893048128342246 0.03293893037892513 0.0015654534227439584
142 550.0 9061.0 32.949090909090906 0.13185834631778318 0.061930783242258654 0.0011234675636907986 0.5027472527472527 0.04166376988292035 0.0018552045930274653
143 550.0 9061.0 32.949090909090906 0.13185834631778318 0.04918032786885246 0.0008070947310990445 0.487133984028394 0.03236303325834764 0.0015118707820049298
144 550.0 9061.0 32.949090909090906 0.13185834631778318 0.0692167577413479 0.0016433807629269062 0.5013698630136987 0.04177775687059089 0.0020612831809587156
145 550.0 9061.0 32.949090909090906 0.13185834631778318 0.06739526411657559 0.0018393169518582133 0.4954873646209386 0.03571407849205233 0.0020304369552768798
146 550.0 9061.0 32.949090909090906 0.13185834631778318 0.04918032786885246 0.0005897085313791214 0.4914950760966876 0.035407761558955454 0.0014997777133060883
147 550.0 9061.0 32.949090909090906 0.13185834631778318 0.04735883424408015 0.0006042225214754574 0.4923766816143498 0.035003216351155414 0.001452592593534415
148 550.0 9061.0 32.949090909090906 0.13185834631778318 0.04735883424408015 0.0007624046219210714 0.487133984028394 0.03203445672507585 0.001464466702883355
149 550.0 9061.0 32.949090909090906 0.13185834631778318 0.07285974499089254 0.002119969758895674 0.49954504094631486 0.036941316582796785 0.0021859553085291045
15 550.0 9061.0 32.949090909090906 0.13185834631778318 0.14025500910746813 0.007893524456036378 0.5361328125 0.07868536806171894 0.0040232235993360125
150 550.0 9061.0 32.949090909090906 0.13185834631778318 0.07285974499089254 0.001975301273732865 0.5032080659945004 0.04272973376778185 0.002175548083311657
151 550.0 9061.0 32.949090909090906 0.13185834631778318 0.052823315118397086 0.0009408752076790799 0.4862710363153233 0.030819272411126603 0.0016190161286608598
152 550.0 9061.0 32.949090909090906 0.13185834631778318 0.08925318761384335 0.003278488238928782 0.5184135977337111 0.051139176625860316 0.0026387076939166122
153 550.0 9061.0 32.949090909090906 0.13185834631778318 0.061930783242258654 0.0013098261279295693 0.4990909090909091 0.038735078089699254 0.0018633083560166228
154 550.0 9061.0 32.949090909090906 0.13185834631778318 0.06739526411657559 0.001803078440243639 0.4954873646209386 0.033996868551958506 0.0020339752548522412
155 550.0 9061.0 32.949090909090906 0.13185834631778318 0.06739526411657559 0.001758350052073367 0.5013698630136987 0.040420896274852125 0.0020216097113380967
156 550.0 9061.0 32.949090909090906 0.13185834631778318 0.06557377049180328 0.0014755418265436932 0.5036697247706422 0.04086413837309058 0.001963688099502133
157 550.0 9061.0 32.949090909090906 0.13185834631778318 0.07832422586520947 0.002850659389098548 0.5041322314049587 0.04162627814319055 0.0023535625054891297
158 550.0 9061.0 32.949090909090906 0.13185834631778318 0.06375227686703097 0.0017724516881551218 0.488 0.03149779413363102 0.0019361027543843827
159 550.0 9061.0 32.949090909090906 0.13185834631778318 0.06375227686703097 0.0015463984271436415 0.5009124087591241 0.040205477872961 0.0019226722603498672
16 550.0 9061.0 32.949090909090906 0.13185834631778318 0.06739526411657559 0.0017955143845662567 0.49773345421577514 0.03669302691758171 0.002032061839123331
160 550.0 9061.0 32.949090909090906 0.13185834631778318 0.052823315118397086 0.0009427909646583725 0.4897413024085638 0.0311507521777209 0.0016196188698706603
161 550.0 9061.0 32.949090909090906 0.13185834631778318 0.052823315118397086 0.0009136657898608949 0.48756660746003555 0.034430778406515816 0.0016138045206919608
162 550.0 9061.0 32.949090909090906 0.13185834631778318 0.06375227686703097 0.0014454009718906499 0.4888691006233304 0.03803662324708785 0.0019188762447139472
163 550.0 9061.0 32.949090909090906 0.13185834631778318 0.058287795992714025 0.001332993171062171 0.49326145552560646 0.03476470346330288 0.0017782853950617965
164 550.0 9061.0 32.949090909090906 0.13185834631778318 0.04553734061930783 0.0005358958510157294 0.4854111405835544 0.03242875995899335 0.0014000046158091372
165 550.0 9061.0 32.949090909090906 0.13185834631778318 0.04553734061930783 0.0005782073854829026 0.4897413024085638 0.03243913461804179 0.001404054714358416
166 550.0 9061.0 32.949090909090906 0.13185834631778318 0.060109289617486336 0.0013706422897491715 0.49638336347197104 0.0379798487890286 0.0018195262771764948
167 550.0 9061.0 32.949090909090906 0.13185834631778318 0.061930783242258654 0.0012491346834970034 0.5022872827081427 0.04014987971140463 0.001862733358708544
168 550.0 9061.0 32.949090909090906 0.13185834631778318 0.0692167577413479 0.0021273467077689277 0.5027472527472527 0.038142483752889825 0.0020912983225070962
169 550.0 9061.0 32.949090909090906 0.13185834631778318 0.06557377049180328 0.0018172066744692732 0.4950405770964833 0.03494549224375132 0.001981986629738445
17 550.0 9061.0 32.949090909090906 0.13185834631778318 0.07285974499089254 0.0025182682030756966 0.5045955882352942 0.04159779349409971 0.0022002360848788136
170 550.0 9061.0 32.949090909090906 0.13185834631778318 0.056466302367941715 0.001176699633692088 0.48370044052863437 0.030329279178978912 0.0017267783735113666
171 550.0 9061.0 32.949090909090906 0.13185834631778318 0.061930783242258654 0.001429550842317659 0.4897413024085638 0.03263369410150323 0.0018806227136694813
172 550.0 9061.0 32.949090909090906 0.13185834631778318 0.058287795992714025 0.0012452203566029171 0.4901785714285714 0.03234373678607692 0.0017715364527014785
173 550.0 9061.0 32.949090909090906 0.13185834631778318 0.05100182149362477 0.0007709520706933483 0.4820017559262511 0.029731829072520446 0.001560326341225697
174 550.0 9061.0 32.949090909090906 0.13185834631778318 0.05100182149362477 0.001024901119121322 0.48284960422163586 0.028486189110556018 0.0015755176042830266
175 550.0 9061.0 32.949090909090906 0.13185834631778318 0.05100182149362477 0.0007136448493975669 0.49773345421577514 0.03948832871000392 0.0015437308231777216
176 550.0 9061.0 32.949090909090906 0.13185834631778318 0.07103825136612021 0.002194441359848973 0.49414941494149417 0.03602831400679138 0.002143782822431427
177 550.0 9061.0 32.949090909090906 0.13185834631778318 0.08014571948998178 0.0027503143548895377 0.5069252077562327 0.041452922278266253 0.002388065961988842
178 550.0 9061.0 32.949090909090906 0.13185834631778318 0.04918032786885246 0.0008328424050856616 0.4740932642487047 0.02545141205229729 0.0015266151159654428
179 550.0 9061.0 32.949090909090906 0.13185834631778318 0.061930783242258654 0.00143058415680491 0.4862710363153233 0.034319511759227865 0.0018727805356972683
18 550.0 9061.0 32.949090909090906 0.13185834631778318 0.24408014571949 0.020394522556111665 0.5695020746887967 0.14984307500802255 0.006806485201142973
180 550.0 9061.0 32.949090909090906 0.13185834631778318 0.06739526411657559 0.0017452202792911334 0.4986376021798365 0.036307514696748665 0.0020295937255178404
181 550.0 9061.0 32.949090909090906 0.13185834631778318 0.06557377049180328 0.0018442381891886548 0.48412698412698413 0.030587498268213834 0.0019947575047873554
182 550.0 9061.0 32.949090909090906 0.13185834631778318 0.04007285974499089 0.0003538067181498784 0.47368421052631576 0.028381392966625164 0.0012519987722039553
183 550.0 9061.0 32.949090909090906 0.13185834631778318 0.0546448087431694 0.001101138682982586 0.4807355516637478 0.0273111114641294 0.0016791282001278093
184 550.0 9061.0 32.949090909090906 0.13185834631778318 0.05100182149362477 0.0006999212220523582 0.48455428067078554 0.031429093385275136 0.0015549636851836966
185 550.0 9061.0 32.949090909090906 0.13185834631778318 0.056466302367941715 0.001280741392680332 0.49105545617173524 0.031263885912484156 0.001728397969828452
186 550.0 9061.0 32.949090909090906 0.13185834631778318 0.04735883424408015 0.0006844266861085608 0.472055030094583 0.026933480514727545 0.001461285301231895
187 550.0 9061.0 32.949090909090906 0.13185834631778318 0.052823315118397086 0.000911468556146849 0.49105545617173524 0.03485541213105996 0.0016081354909138466
188 550.0 9061.0 32.949090909090906 0.13185834631778318 0.04553734061930783 0.0005965844101743646 0.48412698412698413 0.0300388130896436 0.0014084382664390738
189 550.0 9061.0 32.949090909090906 0.13185834631778318 0.058287795992714025 0.0013487888938374685 0.4893048128342246 0.029555708653808098 0.0017815432510525308
19 550.0 9061.0 32.949090909090906 0.13185834631778318 0.2677595628415301 0.027274080190003838 0.5772870662460567 0.15036301196156085 0.007503156938743736
190 550.0 9061.0 32.949090909090906 0.13185834631778318 0.04371584699453552 0.0005935045716773198 0.46883005977796754 0.02389860162685093 0.0013661947596632865
191 550.0 9061.0 32.949090909090906 0.13185834631778318 0.04553734061930783 0.0005494623342646721 0.48031496062992124 0.027508210443571254 0.0014106016455907684
192 550.0 9061.0 32.949090909090906 0.13185834631778318 0.06375227686703097 0.0017560317250154506 0.4914950760966876 0.03296321706741658 0.0019391591273585286
193 550.0 9061.0 32.949090909090906 0.13185834631778318 0.04918032786885246 0.000775098144376732 0.48498233215547704 0.031380764215561616 0.001512994439432562
194 550.0 9061.0 32.949090909090906 0.13185834631778318 0.0546448087431694 0.0011129433229522872 0.4820017559262511 0.029785994094269228 0.0016796327403049674
195 550.0 9061.0 32.949090909090906 0.13185834631778318 0.056466302367941715 0.0011338792044989585 0.47780678851174935 0.026842738734694418 0.001727423953640239
196 550.0 9061.0 32.949090909090906 0.13185834631778318 0.04918032786885246 0.000941353438303883 0.4854111405835544 0.030650886784363358 0.001520966362850151
197 550.0 9061.0 32.949090909090906 0.13185834631778318 0.06375227686703097 0.0017876898031611843 0.48756660746003555 0.029472241251207325 0.0019398368517322296
198 550.0 9061.0 32.949090909090906 0.13185834631778318 0.04735883424408015 0.0006431592162195875 0.4888691006233304 0.03307212916056016 0.0014537573498732569
199 550.0 9061.0 32.949090909090906 0.13185834631778318 0.04371584699453552 0.0004503089607031234 0.46923076923076923 0.027300620899073327 0.001354728522993454
2 550.0 9061.0 32.949090909090906 0.13185834631778318 0.06375227686703097 0.0013772323202676528 0.5022872827081427 0.04130681287836072 0.0019193394821860822
20 550.0 9061.0 32.949090909090906 0.13185834631778318 0.2459016393442623 0.021738289132593666 0.5700934579439252 0.1410984076017208 0.006888920898758266
200 550.0 9061.0 32.949090909090906 0.13185834631778318 0.04553734061930783 0.0005675265316949391 0.4794759825327511 0.02889035315717887 0.0014065363199879499
201 550.0 9061.0 32.949090909090906 0.13185834631778318 0.05100182149362477 0.0009021568523741311 0.48157894736842105 0.029059814388887474 0.0015639179111666631
202 550.0 9061.0 32.949090909090906 0.13185834631778318 0.052823315118397086 0.0008526189006030589 0.49281867145421904 0.03806107302577817 0.0016058836426453592
203 550.0 9061.0 32.949090909090906 0.13185834631778318 0.06375227686703097 0.001725239975084897 0.5018281535648994 0.04000567793769248 0.001930278189480424
204 550.0 9061.0 32.949090909090906 0.13185834631778318 0.07285974499089254 0.0025939056278297817 0.4893048128342246 0.031148203553813224 0.002203987298301692
205 550.0 9061.0 32.949090909090906 0.13185834631778318 0.04371584699453552 0.0005945196194869176 0.48115687992988604 0.02710142871435986 0.0013671854921878778
206 550.0 9061.0 32.949090909090906 0.13185834631778318 0.058287795992714025 0.0012952770830272995 0.4968325791855204 0.03648656666469036 0.001773417405912172
207 550.0 9061.0 32.949090909090906 0.13185834631778318 0.05100182149362477 0.0010608735036890954 0.4820017559262511 0.027750495118510292 0.0015828489181173952
208 550.0 9061.0 32.949090909090906 0.13185834631778318 0.058287795992714025 0.0014363751764315666 0.4954873646209386 0.03630578147088309 0.0017768730790846648
209 550.0 9061.0 32.949090909090906 0.13185834631778318 0.04553734061930783 0.0006554608383836342 0.4769765421372719 0.026254510352114464 0.0014197604763070651
21 550.0 9061.0 32.949090909090906 0.13185834631778318 0.32786885245901637 0.037923725435237865 0.5980392156862745 0.1789983284774227 0.009112597242780556
210 550.0 9061.0 32.949090909090906 0.13185834631778318 0.03278688524590164 0.0001518820765827495 0.4732758620689655 0.028614897212144785 0.0010446401218186755
211 550.0 9061.0 32.949090909090906 0.13185834631778318 0.06739526411657559 0.0023577128999637356 0.4950405770964833 0.037763467112455644 0.002050005280300395
212 550.0 9061.0 32.949090909090906 0.13185834631778318 0.04735883424408015 0.0008212469695683736 0.4790575916230366 0.02885027435429554 0.001466179584792389
213 550.0 9061.0 32.949090909090906 0.13185834631778318 0.052823315118397086 0.001155231082925469 0.4897413024085638 0.030179453732116328 0.0016302167800304706
214 550.0 9061.0 32.949090909090906 0.13185834631778318 0.04189435336976321 0.0005977343270394131 0.4609571788413098 0.023287930383552487 0.001323707271809785
215 550.0 9061.0 32.949090909090906 0.13185834631778318 0.061930783242258654 0.0017752319330878196 0.4867021276595745 0.029697177609926406 0.0018921369262163991
216 550.0 9061.0 32.949090909090906 0.13185834631778318 0.058287795992714025 0.0011528978021198182 0.487133984028394 0.03295479630176208 0.0017717091893281094
217 550.0 9061.0 32.949090909090906 0.13185834631778318 0.04553734061930783 0.000749010470031779 0.4794759825327511 0.026696030310204295 0.001424080995467508
218 550.0 9061.0 32.949090909090906 0.13185834631778318 0.03825136612021858 0.0003041712424671955 0.47780678851174935 0.029966216269806716 0.0011988635941095405
219 550.0 9061.0 32.949090909090906 0.13185834631778318 0.04371584699453552 0.0007363124482427316 0.4765625 0.02621690069279608 0.0013763667851351435
22 550.0 9061.0 32.949090909090906 0.13185834631778318 0.21311475409836064 0.014917055723790451 0.5596330275229358 0.1303504697624823 0.005958311783365722
220 550.0 9061.0 32.949090909090906 0.13185834631778318 0.04371584699453552 0.0006199774116017177 0.4761491760624458 0.025590118634218333 0.0013713086430660942
221 550.0 9061.0 32.949090909090906 0.13185834631778318 0.06557377049180328 0.0018567388245759628 0.4923766816143498 0.03484468320939741 0.001994098524128186
222 550.0 9061.0 32.949090909090906 0.13185834631778318 0.05100182149362477 0.0010096017708054567 0.475736568457539 0.026391645578799455 0.001577857479844198
223 550.0 9061.0 32.949090909090906 0.13185834631778318 0.056466302367941715 0.0012125842162944685 0.48455428067078554 0.030107285796939245 0.0017254809846148737
224 550.0 9061.0 32.949090909090906 0.13185834631778318 0.04007285974499089 0.0004910456465105476 0.46018440905280805 0.020002713634123193 0.0012668511124105382
225 550.0 9061.0 32.949090909090906 0.13185834631778318 0.058287795992714025 0.0014182077432460024 0.49105545617173524 0.03148798071262984 0.0017856388560610827
226 550.0 9061.0 32.949090909090906 0.13185834631778318 0.0546448087431694 0.001279921307396828 0.4901785714285714 0.03387852596074069 0.0016820935317557078
227 550.0 9061.0 32.949090909090906 0.13185834631778318 0.056466302367941715 0.001226156859331248 0.493705035971223 0.033833222644884565 0.0017198351681502572
228 550.0 9061.0 32.949090909090906 0.13185834631778318 0.04735883424408015 0.0008145366462912283 0.4724612736660929 0.02274686169214271 0.0014770108170722898
229 550.0 9061.0 32.949090909090906 0.13185834631778318 0.04918032786885246 0.0008631057398058126 0.4765625 0.028973287956842862 0.0015210391202905712
23 550.0 9061.0 32.949090909090906 0.13185834631778318 0.2222222222222222 0.017435455931800285 0.5625 0.1303106680867526 0.006222731936584491
230 550.0 9061.0 32.949090909090906 0.13185834631778318 0.04553734061930783 0.0008368304178331657 0.46057046979865773 0.020190000072247964 0.0014374441833365102
231 550.0 9061.0 32.949090909090906 0.13185834631778318 0.05100182149362477 0.0009947242127221474 0.48370044052863437 0.02967534386822953 0.0015718362876735812
232 550.0 9061.0 32.949090909090906 0.13185834631778318 0.052823315118397086 0.0011211311418169957 0.4680306905370844 0.024472344318475208 0.001634064633843074
233 550.0 9061.0 32.949090909090906 0.13185834631778318 0.056466302367941715 0.001480644796644793 0.4893048128342246 0.030018105138123377 0.0017397048787464312
234 550.0 9061.0 32.949090909090906 0.13185834631778318 0.0546448087431694 0.0012640743185742753 0.48115687992988604 0.02559705947703072 0.0016844311450690908
235 550.0 9061.0 32.949090909090906 0.13185834631778318 0.04553734061930783 0.0007772199333062295 0.47780678851174935 0.02709842385136458 0.0014228969060835288
236 550.0 9061.0 32.949090909090906 0.13185834631778318 0.052823315118397086 0.001143513691305578 0.48370044052863437 0.02814000675837538 0.0016291390656037272
237 550.0 9061.0 32.949090909090906 0.13185834631778318 0.04189435336976321 0.0005470592217171132 0.46604414261460103 0.02407814412423314 0.001318877052038139
238 550.0 9061.0 32.949090909090906 0.13185834631778318 0.04007285974499089 0.000390976266271592 0.4820017559262511 0.029514056640185967 0.0012517691598766256
239 550.0 9061.0 32.949090909090906 0.13185834631778318 0.03825136612021858 0.0003935542828226891 0.475736568457539 0.026124276975206893 0.0012116807173229252
24 550.0 9061.0 32.949090909090906 0.13185834631778318 0.2659380692167577 0.026767165490004737 0.5766806722689075 0.15227448640725555 0.007443129367980083
240 550.0 9061.0 32.949090909090906 0.13185834631778318 0.04553734061930783 0.0006757208513997373 0.475736568457539 0.027431032160954258 0.0014172857467810902
241 550.0 9061.0 32.949090909090906 0.13185834631778318 0.04735883424408015 0.0008146851128835813 0.4807355516637478 0.02607043271212088 0.0014722408583269881
242 550.0 9061.0 32.949090909090906 0.13185834631778318 0.058287795992714025 0.0015145374453041337 0.4897413024085638 0.030425916572884945 0.0017888577783177187
243 550.0 9061.0 32.949090909090906 0.13185834631778318 0.04371584699453552 0.000674181375695717 0.4676320272572402 0.023171323295432058 0.0013714790836917643
244 550.0 9061.0 32.949090909090906 0.13185834631778318 0.0546448087431694 0.0011861751100296113 0.4820017559262511 0.0294902856320626 0.0016836185283890005
245 550.0 9061.0 32.949090909090906 0.13185834631778318 0.04371584699453552 0.0006340882532317947 0.47863993025283347 0.027001402572543798 0.001372069592617969
246 550.0 9061.0 32.949090909090906 0.13185834631778318 0.04553734061930783 0.0006168552890989615 0.47780678851174935 0.028192517516182805 0.0014120738273835506
247 550.0 9061.0 32.949090909090906 0.13185834631778318 0.04735883424408015 0.0008186699697440106 0.472055030094583 0.025642187608495504 0.0014740661029147676
248 550.0 9061.0 32.949090909090906 0.13185834631778318 0.04918032786885246 0.0009183548465885407 0.4740932642487047 0.027635638271512265 0.001526986153862576
249 550.0 9061.0 32.949090909090906 0.13185834631778318 0.04007285974499089 0.00048005775118492225 0.45598006644518274 0.020832039348153822 0.001269250861529598
25 550.0 9061.0 32.949090909090906 0.13185834631778318 0.20218579234972678 0.013058030130451748 0.5562310030395137 0.1232401797316659 0.005649033062421523
250 550.0 9061.0 32.949090909090906 0.13185834631778318 0.03825136612021858 0.0003834619505001673 0.46923076923076923 0.025434311258244583 0.0012075587571032632
251 550.0 9061.0 32.949090909090906 0.13185834631778318 0.05100182149362477 0.001007662125607952 0.47739130434782606 0.02846734499034754 0.001583834068306684
252 550.0 9061.0 32.949090909090906 0.13185834631778318 0.04371584699453552 0.000631683553203506 0.4676320272572402 0.024653984497841227 0.0013679727349727683
253 550.0 9061.0 32.949090909090906 0.13185834631778318 0.052823315118397086 0.0011537182322361764 0.47822299651567945 0.02475740393080575 0.0016367895536313023
254 550.0 9061.0 32.949090909090906 0.13185834631778318 0.04735883424408015 0.0008769649003585275 0.4794759825327511 0.02755408470474924 0.0014756638550385036
255 550.0 9061.0 32.949090909090906 0.13185834631778318 0.04371584699453552 0.0007847589274056589 0.46883005977796754 0.023315089053834698 0.0013785132747277517
256 550.0 9061.0 32.949090909090906 0.13185834631778318 0.052823315118397086 0.0013745643176219687 0.4862710363153233 0.029357382040491754 0.0016390691455902538
257 550.0 9061.0 32.949090909090906 0.13185834631778318 0.04007285974499089 0.0005065759930698714 0.4807355516637478 0.026016481673363782 0.0012602047785578593
258 550.0 9061.0 32.949090909090906 0.13185834631778318 0.056466302367941715 0.001326728860043737 0.4897413024085638 0.030539443608851823 0.0017346598746848577
259 550.0 9061.0 32.949090909090906 0.13185834631778318 0.04553734061930783 0.0006467021928409035 0.48242530755711777 0.03190053193338551 0.0014086523327713635
26 550.0 9061.0 32.949090909090906 0.13185834631778318 0.24408014571949 0.022300656207388546 0.5695020746887967 0.14109682070763702 0.006844725385561324
260 550.0 9061.0 32.949090909090906 0.13185834631778318 0.04918032786885246 0.0010440928979395627 0.47822299651567945 0.028156632657788182 0.0015379557092132633
261 550.0 9061.0 32.949090909090906 0.13185834631778318 0.03825136612021858 0.0004427906977821178 0.46329113924050636 0.02226344864506605 0.0012186862107304692
262 550.0 9061.0 32.949090909090906 0.13185834631778318 0.04553734061930783 0.000983802724242039 0.46883005977796754 0.02175819294253658 0.0014409133974551379
263 550.0 9061.0 32.949090909090906 0.13185834631778318 0.04553734061930783 0.000750109920313569 0.46923076923076923 0.023584835427356347 0.0014262686885006867
264 550.0 9061.0 32.949090909090906 0.13185834631778318 0.04007285974499089 0.0005621602190367608 0.4629005059021922 0.02215073124571735 0.0012736295093157856
265 550.0 9061.0 32.949090909090906 0.13185834631778318 0.04189435336976321 0.0006931952619761188 0.46644010195412067 0.02085948457370873 0.0013313883677316572
266 550.0 9061.0 32.949090909090906 0.13185834631778318 0.06375227686703097 0.0018446844590857346 0.4790575916230366 0.026955198202016476 0.0019529334090395512
267 550.0 9061.0 32.949090909090906 0.13185834631778318 0.04918032786885246 0.0009464157928357756 0.4753246753246753 0.027287732606090763 0.0015319337214021044
268 550.0 9061.0 32.949090909090906 0.13185834631778318 0.04371584699453552 0.0007160369430227971 0.4807355516637478 0.02769948888457547 0.0013720578236821014
269 550.0 9061.0 32.949090909090906 0.13185834631778318 0.04553734061930783 0.0007695563968285133 0.47780678851174935 0.025226785426561878 0.001426212532514522
27 550.0 9061.0 32.949090909090906 0.13185834631778318 0.18397085610200364 0.011211501622825986 0.5506519558676028 0.11271871939571834 0.005165602303409014
270 550.0 9061.0 32.949090909090906 0.13185834631778318 0.05100182149362477 0.0009402363969281642 0.4854111405835544 0.030566001554097545 0.00157509295845893
271 550.0 9061.0 32.949090909090906 0.13185834631778318 0.03642987249544627 0.0004304317449933593 0.4761491760624458 0.02478514317085086 0.0011642597323970334
272 550.0 9061.0 32.949090909090906 0.13185834631778318 0.04007285974499089 0.0005384574725522933 0.46883005977796754 0.022929778230435165 0.0012695500063320923
273 550.0 9061.0 32.949090909090906 0.13185834631778318 0.052823315118397086 0.0011117568377260786 0.47863993025283347 0.02766327400584906 0.0016374275138316594
274 550.0 9061.0 32.949090909090906 0.13185834631778318 0.04189435336976321 0.000647698779402929 0.47450302506482284 0.024116952501946138 0.0013235314345534438
275 550.0 9061.0 32.949090909090906 0.13185834631778318 0.04553734061930783 0.0007797609018222564 0.46883005977796754 0.025444319994272442 0.001428334256483657
276 550.0 9061.0 32.949090909090906 0.13185834631778318 0.04918032786885246 0.0010493447161259687 0.4700342465753425 0.023344788692657766 0.0015364044042422286
277 550.0 9061.0 32.949090909090906 0.13185834631778318 0.056466302367941715 0.0014480630465200355 0.48412698412698413 0.029996067329027626 0.0017379976791000848
278 550.0 9061.0 32.949090909090906 0.13185834631778318 0.04371584699453552 0.0007723099206161247 0.4732758620689655 0.02324129722131043 0.0013800501025926439
279 550.0 9061.0 32.949090909090906 0.13185834631778318 0.03825136612021858 0.0004608379968384333 0.45864661654135336 0.02162653622101828 0.0012211964246182825
28 550.0 9061.0 32.949090909090906 0.13185834631778318 0.21311475409836064 0.01727725154290053 0.5596330275229358 0.12102704994013895 0.0060079226355072715
280 550.0 9061.0 32.949090909090906 0.13185834631778318 0.04918032786885246 0.0009494881784677997 0.47863993025283347 0.026569423108179117 0.0015336510892423171
281 550.0 9061.0 32.949090909090906 0.13185834631778318 0.04007285974499089 0.0005916078396661059 0.4640743871513102 0.022199461065481946 0.0012786058234953493
282 550.0 9061.0 32.949090909090906 0.13185834631778318 0.04371584699453552 0.000629485759958835 0.48370044052863437 0.026922472594466357 0.0013702924182853928
283 550.0 9061.0 32.949090909090906 0.13185834631778318 0.04553734061930783 0.0009418825523078417 0.456359102244389 0.019919251856816405 0.0014445155538445075
284 550.0 9061.0 32.949090909090906 0.13185834631778318 0.05100182149362477 0.0010640712921593635 0.48756660746003555 0.029162493269985598 0.001579672545988657
285 550.0 9061.0 32.949090909090906 0.13185834631778318 0.04735883424408015 0.0008812432823365839 0.47164948453608246 0.024739745329895403 0.001484531848731537
286 550.0 9061.0 32.949090909090906 0.13185834631778318 0.04007285974499089 0.0004360477602262698 0.4696321642429427 0.02507181078179904 0.001265006694982914
287 550.0 9061.0 32.949090909090906 0.13185834631778318 0.03825136612021858 0.000427815178882639 0.4749134948096886 0.02422282292258704 0.0012112732927285295
288 550.0 9061.0 32.949090909090906 0.13185834631778318 0.04007285974499089 0.0006883544865351677 0.46173254835996635 0.020859232274156432 0.0012846545761844132
289 550.0 9061.0 32.949090909090906 0.13185834631778318 0.04007285974499089 0.0005758177163338969 0.48031496062992124 0.028430779480020534 0.0012599294368481437
29 550.0 9061.0 32.949090909090906 0.13185834631778318 0.20218579234972678 0.014992085095952309 0.5562310030395137 0.1176038620041577 0.005692035964349056
290 550.0 9061.0 32.949090909090906 0.13185834631778318 0.04189435336976321 0.000712884986011168 0.472055030094583 0.023294599741666616 0.0013314974180661497
291 550.0 9061.0 32.949090909090906 0.13185834631778318 0.05100182149362477 0.0010095155912540682 0.4765625 0.028817250230062548 0.0015784375631952305
292 550.0 9061.0 32.949090909090906 0.13185834631778318 0.04918032786885246 0.0009410441318612443 0.475736568457539 0.026218038308303042 0.0015341707840164332
293 550.0 9061.0 32.949090909090906 0.13185834631778318 0.04189435336976321 0.0006888234249536158 0.4672340425531915 0.02269476338139203 0.0013296604049576155
294 550.0 9061.0 32.949090909090906 0.13185834631778318 0.03825136612021858 0.0004846283158895326 0.456738768718802 0.01977173070552669 0.0012222298808917083
295 550.0 9061.0 32.949090909090906 0.13185834631778318 0.03825136612021858 0.0004317078519589122 0.4680306905370844 0.02454933874563335 0.0012125820633916312
296 550.0 9061.0 32.949090909090906 0.13185834631778318 0.04007285974499089 0.0005401900028803565 0.4552238805970149 0.01965325969257742 0.0012733237673195638
297 550.0 9061.0 32.949090909090906 0.13185834631778318 0.04553734061930783 0.0007197728539882133 0.4867021276595745 0.028926805931663784 0.0014251683397531465
298 550.0 9061.0 32.949090909090906 0.13185834631778318 0.03825136612021858 0.0006108599244208426 0.45979899497487436 0.019910804918984962 0.0012318655307478443
299 550.0 9061.0 32.949090909090906 0.13185834631778318 0.04189435336976321 0.0006815147726586662 0.4794759825327511 0.026411396635176092 0.001321195818476221
3 550.0 9061.0 32.949090909090906 0.13185834631778318 0.14207650273224043 0.006973768508961133 0.5377081292850147 0.09045680123598357 0.004033530552101498
30 550.0 9061.0 32.949090909090906 0.13185834631778318 0.17486338797814208 0.010447192027870792 0.546812749003984 0.10560411917142438 0.004926521038888989
300 550.0 9061.0 32.949090909090906 0.13185834631778318 0.04189435336976321 0.0006481838571692673 0.47450302506482284 0.026787270195076467 0.0013203517919884067
301 550.0 9061.0 32.949090909090906 0.13185834631778318 0.04735883424408015 0.0009801207750314346 0.4798951048951049 0.026421292861293494 0.0014843563840083631
302 550.0 9061.0 32.949090909090906 0.13185834631778318 0.05100182149362477 0.0012671705250246427 0.46173254835996635 0.02055047611779129 0.001608413738797016
303 550.0 9061.0 32.949090909090906 0.13185834631778318 0.04553734061930783 0.0006751707352464797 0.48115687992988604 0.02909991449959993 0.0014147687175022575
304 550.0 9061.0 32.949090909090906 0.13185834631778318 0.04918032786885246 0.0009358406281525275 0.46018440905280805 0.02204076760124879 0.0015408375398602437
305 550.0 9061.0 32.949090909090906 0.13185834631778318 0.04553734061930783 0.00082828460196497 0.4790575916230366 0.027483190260827357 0.0014223928976112414
306 550.0 9061.0 32.949090909090906 0.13185834631778318 0.04371584699453552 0.0007515078954133642 0.4700342465753425 0.024309279022055715 0.001376069844941576
307 550.0 9061.0 32.949090909090906 0.13185834631778318 0.03825136612021858 0.0005029977845803862 0.4676320272572402 0.02329839995478759 0.0012210739548856931
308 550.0 9061.0 32.949090909090906 0.13185834631778318 0.03278688524590164 0.0002558706963665081 0.45979899497487436 0.020628774042048596 0.0010592120609196037
309 550.0 9061.0 32.949090909090906 0.13185834631778318 0.03825136612021858 0.00047949062841984264 0.45148026315789475 0.020363090462224672 0.0012222809904087785
31 550.0 9061.0 32.949090909090906 0.13185834631778318 0.1930783242258652 0.014724592623958314 0.5534274193548387 0.1100186616067074 0.005464942575437123
310 550.0 9061.0 32.949090909090906 0.13185834631778318 0.03825136612021858 0.0004734771059457518 0.46446700507614214 0.02187207293913766 0.0012236771576882744
311 550.0 9061.0 32.949090909090906 0.13185834631778318 0.03642987249544627 0.0005022334224129895 0.45979899497487436 0.018891715787525985 0.0011750788342425364
312 550.0 9061.0 32.949090909090906 0.13185834631778318 0.04189435336976321 0.0005443970890619048 0.48412698412698413 0.029998155778699024 0.0013167541019997182
313 550.0 9061.0 32.949090909090906 0.13185834631778318 0.04007285974499089 0.00048728684308455656 0.4753246753246753 0.027153596633295765 0.001265626332804679
314 550.0 9061.0 32.949090909090906 0.13185834631778318 0.04007285974499089 0.0005986050490031762 0.46604414261460103 0.021486776444818414 0.0012800121642688393
315 550.0 9061.0 32.949090909090906 0.13185834631778318 0.05100182149362477 0.0010093308918784655 0.48412698412698413 0.030645416016821105 0.001577583859228964
316 550.0 9061.0 32.949090909090906 0.13185834631778318 0.03460837887067395 0.00035410160467500435 0.4613445378151261 0.020586002921115308 0.0011201874174932643
317 550.0 9061.0 32.949090909090906 0.13185834631778318 0.04553734061930783 0.0008008155909599229 0.4676320272572402 0.024001551181954083 0.0014357466969892607
318 550.0 9061.0 32.949090909090906 0.13185834631778318 0.03642987249544627 0.00047464720933158925 0.46173254835996635 0.020280290851023185 0.0011713129902293537
319 550.0 9061.0 32.949090909090906 0.13185834631778318 0.04007285974499089 0.0006692275264693107 0.46173254835996635 0.020963958301737407 0.0012807103604185635
32 550.0 9061.0 32.949090909090906 0.13185834631778318 0.15664845173041894 0.00742354026968762 0.5424901185770751 0.10234118994538288 0.0044066492108742455
320 550.0 9061.0 32.949090909090906 0.13185834631778318 0.04371584699453552 0.0006376703070677567 0.46644010195412067 0.02382502320935044 0.001369157240935818
321 550.0 9061.0 32.949090909090906 0.13185834631778318 0.04189435336976321 0.0006035106683399995 0.4625105307497894 0.02265527900000151 0.0013251844675951318
322 550.0 9061.0 32.949090909090906 0.13185834631778318 0.0546448087431694 0.001415580307137083 0.48412698412698413 0.028391065414716116 0.0016971862834137456
323 550.0 9061.0 32.949090909090906 0.13185834631778318 0.04553734061930783 0.0009106012207758126 0.47084048027444253 0.024896524413502145 0.0014354758618300386
324 550.0 9061.0 32.949090909090906 0.13185834631778318 0.03825136612021858 0.0005985679107872772 0.45334434351775393 0.018360073250663838 0.001234103603228542
325 550.0 9061.0 32.949090909090906 0.13185834631778318 0.04553734061930783 0.0007959812915720278 0.4621212121212121 0.022351961137284732 0.0014389654800119438
326 550.0 9061.0 32.949090909090906 0.13185834631778318 0.04553734061930783 0.0006146674392683653 0.4854111405835544 0.03429184308610169 0.0014090926106207688
327 550.0 9061.0 32.949090909090906 0.13185834631778318 0.04371584699453552 0.0007320778507264513 0.47739130434782606 0.027682755071276984 0.0013793251774603702
328 550.0 9061.0 32.949090909090906 0.13185834631778318 0.04189435336976321 0.0005012324202757912 0.47863993025283347 0.028994391225173395 0.001314503164099353
329 550.0 9061.0 32.949090909090906 0.13185834631778318 0.03825136612021858 0.0005635447276047057 0.4594142259414226 0.019951145671972075 0.0012308447542259346
33 550.0 9061.0 32.949090909090906 0.13185834631778318 0.17304189435336975 0.011025953442070571 0.5473579262213359 0.10062321345013005 0.0048916725291291915
330 550.0 9061.0 32.949090909090906 0.13185834631778318 0.03278688524590164 0.00019375308186669323 0.4613445378151261 0.02443780727497955 0.0010497064922425458
331 550.0 9061.0 32.949090909090906 0.13185834631778318 0.04189435336976321 0.0006947329841452436 0.4640743871513102 0.020175211639408188 0.0013363121510522884
332 550.0 9061.0 32.949090909090906 0.13185834631778318 0.052823315118397086 0.001419081262193168 0.4609571788413098 0.020087889263989845 0.0016583799748737518
333 550.0 9061.0 32.949090909090906 0.13185834631778318 0.04189435336976321 0.0006452841248973874 0.4590301003344482 0.02388048667513595 0.0013244533369685127
334 550.0 9061.0 32.949090909090906 0.13185834631778318 0.04007285974499089 0.0006814867720319761 0.4761491760624458 0.0236103651754007 0.0012801882951478925
335 550.0 9061.0 32.949090909090906 0.13185834631778318 0.03825136612021858 0.0005941126434709116 0.45598006644518274 0.019327477335237486 0.0012355842010427882
336 550.0 9061.0 32.949090909090906 0.13185834631778318 0.04371584699453552 0.0006741628831575405 0.4700342465753425 0.025096840568216584 0.0013755715517369713
337 550.0 9061.0 32.949090909090906 0.13185834631778318 0.04007285974499089 0.0005829632110769449 0.456359102244389 0.02043039658090886 0.0012764450813808875
338 550.0 9061.0 32.949090909090906 0.13185834631778318 0.03278688524590164 0.0002580085979457182 0.472055030094583 0.02350830240005206 0.0010577858525922803
339 550.0 9061.0 32.949090909090906 0.13185834631778318 0.03460837887067395 0.0003891726534010459 0.4571190674437968 0.01936279872136518 0.0011234811017136338
34 550.0 9061.0 32.949090909090906 0.13185834631778318 0.20765027322404372 0.01721896977592617 0.5573604060913706 0.10624199785172489 0.005873637602764462
340 550.0 9061.0 32.949090909090906 0.13185834631778318 0.03460837887067395 0.00040972530988663247 0.44489465153970825 0.017469072025589307 0.0011283253484777479
341 550.0 9061.0 32.949090909090906 0.13185834631778318 0.03825136612021858 0.0005417448549657344 0.46018440905280805 0.0211029079715906 0.0012265134023388628
342 550.0 9061.0 32.949090909090906 0.13185834631778318 0.04189435336976321 0.000817710590086823 0.46644010195412067 0.020742402361151126 0.0013359100787294635
343 550.0 9061.0 32.949090909090906 0.13185834631778318 0.030965391621129327 0.00011693416340982644 0.47450302506482284 0.0244959761399525 0.0009931580000264277
344 550.0 9061.0 32.949090909090906 0.13185834631778318 0.03460837887067395 0.0004324619917846555 0.46368243243243246 0.022264888890177296 0.0011227319316315285
345 550.0 9061.0 32.949090909090906 0.13185834631778318 0.03460837887067395 0.0003618813158090048 0.4590301003344482 0.01971175298292934 0.0011219125380853795
346 550.0 9061.0 32.949090909090906 0.13185834631778318 0.04007285974499089 0.0006522019809295795 0.4613445378151261 0.01996582708834758 0.001280968481537118
347 550.0 9061.0 32.949090909090906 0.13185834631778318 0.03278688524590164 0.00021817556596951735 0.4700342465753425 0.02529534161715754 0.0010520380491695202
348 550.0 9061.0 32.949090909090906 0.13185834631778318 0.03278688524590164 0.00024110902881883034 0.4676320272572402 0.023281349978424036 0.0010560312344261907
349 550.0 9061.0 32.949090909090906 0.13185834631778318 0.03460837887067395 0.00020982497790172845 0.4640743871513102 0.02320018616598427 0.0011035236935546312
35 550.0 9061.0 32.949090909090906 0.13185834631778318 0.122040072859745 0.005178267362214852 0.5299227799227799 0.07728892976138428 0.003488661746597513
350 550.0 9061.0 32.949090909090906 0.13185834631778318 0.04189435336976321 0.000730063333549465 0.46018440905280805 0.021134527170708767 0.001336573136175548
351 550.0 9061.0 32.949090909090906 0.13185834631778318 0.03825136612021858 0.0005612857905688969 0.472055030094583 0.02385556456213911 0.0012232029337384278
352 550.0 9061.0 32.949090909090906 0.13185834631778318 0.04371584699453552 0.0007915916542715607 0.45148026315789475 0.019331944380499472 0.0013921059325343419
353 550.0 9061.0 32.949090909090906 0.13185834631778318 0.04735883424408015 0.0009922883668288247 0.48242530755711777 0.029446679483313632 0.0014820096798037691
354 550.0 9061.0 32.949090909090906 0.13185834631778318 0.04189435336976321 0.0007371587786012379 0.45560165975103734 0.019741675814094698 0.001343035876075208
355 550.0 9061.0 32.949090909090906 0.13185834631778318 0.04371584699453552 0.0007105131937841467 0.48031496062992124 0.03043499476118707 0.0013733155425415151
356 550.0 9061.0 32.949090909090906 0.13185834631778318 0.04007285974499089 0.0005408819143257982 0.4575 0.021803365236494645 0.001272096263331943
357 550.0 9061.0 32.949090909090906 0.13185834631778318 0.03460837887067395 0.0005245651116054362 0.44381568310428454 0.01558497099293905 0.0011378106060918316
358 550.0 9061.0 32.949090909090906 0.13185834631778318 0.04007285974499089 0.0006201739533874331 0.4680306905370844 0.022183732640186925 0.0012778205259940624
359 550.0 9061.0 32.949090909090906 0.13185834631778318 0.03460837887067395 0.0004457745966488873 0.46644010195412067 0.022805863420109835 0.0011180551742768145
36 550.0 9061.0 32.949090909090906 0.13185834631778318 0.1766848816029144 0.01249107667307966 0.5484515484515484 0.10135449379196591 0.005012861055301721
360 550.0 9061.0 32.949090909090906 0.13185834631778318 0.030965391621129327 0.00011863540424293466 0.46683673469387754 0.02631622763011026 0.0009940974376789812
361 550.0 9061.0 32.949090909090906 0.13185834631778318 0.04007285974499089 0.0006236962590032215 0.46644010195412067 0.02405267208765411 0.0012782643554504424
362 550.0 9061.0 32.949090909090906 0.13185834631778318 0.04007285974499089 0.0006520911167272783 0.4676320272572402 0.02304810199578506 0.001280081131657832
363 550.0 9061.0 32.949090909090906 0.13185834631778318 0.04007285974499089 0.0006026192785635963 0.45073891625615764 0.020699362531206526 0.0012816054049861474
364 550.0 9061.0 32.949090909090906 0.13185834631778318 0.04189435336976321 0.0006950956415683508 0.46644010195412067 0.022263014227034576 0.0013303237653431391
365 550.0 9061.0 32.949090909090906 0.13185834631778318 0.03278688524590164 0.0003141429772887458 0.45 0.01803994186373489 0.0010662686076280902
366 550.0 9061.0 32.949090909090906 0.13185834631778318 0.03278688524590164 0.0003908222748264479 0.45148026315789475 0.01838498032592761 0.0010772266264871668
367 550.0 9061.0 32.949090909090906 0.13185834631778318 0.04007285974499089 0.0006458263308229831 0.45484672742336374 0.018190654127939403 0.0012842396504111457
368 550.0 9061.0 32.949090909090906 0.13185834631778318 0.03642987249544627 0.0003785158472707723 0.46923076923076923 0.025164833810320118 0.00116279387571203
369 550.0 9061.0 32.949090909090906 0.13185834631778318 0.03825136612021858 0.00037188762409953746 0.4684300341296928 0.024901155110957866 0.0012129756939463145
37 550.0 9061.0 32.949090909090906 0.13185834631778318 0.18579234972677597 0.012691942674395601 0.5506519558676028 0.10740904099254817 0.005250291980633047
370 550.0 9061.0 32.949090909090906 0.13185834631778318 0.03278688524590164 0.00026525095491161806 0.4609571788413098 0.021077534899323985 0.0010640981827725847
371 550.0 9061.0 32.949090909090906 0.13185834631778318 0.04189435336976321 0.0007335480764443191 0.4537190082644628 0.01957281261080504 0.0013365160029996223
372 550.0 9061.0 32.949090909090906 0.13185834631778318 0.03278688524590164 0.0001943474421230054 0.46368243243243246 0.024163326128163173 0.0010518308515409522
373 550.0 9061.0 32.949090909090906 0.13185834631778318 0.03460837887067395 0.0003046357894786098 0.47084048027444253 0.022633906628500053 0.0011088617678799537
374 550.0 9061.0 32.949090909090906 0.13185834631778318 0.03825136612021858 0.0004554440212661238 0.4613445378151261 0.020731135939999163 0.0012241038663624428
375 550.0 9061.0 32.949090909090906 0.13185834631778318 0.03642987249544627 0.0004467424721871665 0.4625105307497894 0.021857272246566136 0.0011712472096583044
376 550.0 9061.0 32.949090909090906 0.13185834631778318 0.04007285974499089 0.0005560132612500431 0.47739130434782606 0.027085143072774487 0.0012676130914111546
377 550.0 9061.0 32.949090909090906 0.13185834631778318 0.04007285974499089 0.0006758975062369621 0.46018440905280805 0.021356843510410554 0.001286527439669815
378 550.0 9061.0 32.949090909090906 0.13185834631778318 0.03825136612021858 0.0005572963067203907 0.46173254835996635 0.021208085348521838 0.0012312229735775089
379 550.0 9061.0 32.949090909090906 0.13185834631778318 0.03825136612021858 0.0004961358508906817 0.4704370179948586 0.024990709767057886 0.001219918674814898
38 550.0 9061.0 32.949090909090906 0.13185834631778318 0.18761384335154827 0.013505480878166706 0.5512048192771084 0.10431450993363993 0.005308205537731346
380 550.0 9061.0 32.949090909090906 0.13185834631778318 0.03460837887067395 0.00032604509110628664 0.46883005977796754 0.022994688861414554 0.001115125830457326
381 550.0 9061.0 32.949090909090906 0.13185834631778318 0.04918032786885246 0.001198913340361334 0.46329113924050636 0.01977946779680613 0.0015577996413681343
382 550.0 9061.0 32.949090909090906 0.13185834631778318 0.04189435336976321 0.0006704504888984229 0.4672340425531915 0.023080779140270794 0.001332057729962621
383 550.0 9061.0 32.949090909090906 0.13185834631778318 0.03642987249544627 0.0003274334751507283 0.46329113924050636 0.021541987919301522 0.0011624917551598876
384 550.0 9061.0 32.949090909090906 0.13185834631778318 0.03825136612021858 0.00047983175307068286 0.46368243243243246 0.022329689633340064 0.001222382887416035
385 550.0 9061.0 32.949090909090906 0.13185834631778318 0.03278688524590164 0.0003664300829156496 0.45110928512736237 0.017291343360073614 0.001073089603219579
386 550.0 9061.0 32.949090909090906 0.13185834631778318 0.03642987249544627 0.00039852935292987814 0.4728682170542636 0.025073073480595204 0.0011658560651334352
387 550.0 9061.0 32.949090909090906 0.13185834631778318 0.03278688524590164 0.00041544552821082086 0.4474327628361858 0.01636638153883568 0.001081307109545402
388 550.0 9061.0 32.949090909090906 0.13185834631778318 0.04007285974499089 0.0006389802870429553 0.4684300341296928 0.022733179671114177 0.0012812829311146816
389 550.0 9061.0 32.949090909090906 0.13185834631778318 0.03825136612021858 0.0005665108794107054 0.4684300341296928 0.023197377615998757 0.00122472690562253
39 550.0 9061.0 32.949090909090906 0.13185834631778318 0.14207650273224043 0.007029073900069974 0.5366568914956011 0.08982267884585056 0.004036003318453804
390 550.0 9061.0 32.949090909090906 0.13185834631778318 0.04371584699453552 0.000864458273509327 0.46883005977796754 0.025561354334721745 0.001382697409420749
391 550.0 9061.0 32.949090909090906 0.13185834631778318 0.03278688524590164 0.0002844645943511049 0.45222405271828664 0.01953397173891711 0.0010656937957607452
392 550.0 9061.0 32.949090909090906 0.13185834631778318 0.03642987249544627 0.000310596053707361 0.47780678851174935 0.02849968118319616 0.0011503542586656517
393 550.0 9061.0 32.949090909090906 0.13185834631778318 0.03825136612021858 0.0004900853893262099 0.46883005977796754 0.022346442209940767 0.0012174748640750997
394 550.0 9061.0 32.949090909090906 0.13185834631778318 0.03825136612021858 0.000537779844772567 0.4672340425531915 0.021421035455688773 0.0012291579253240535
395 550.0 9061.0 32.949090909090906 0.13185834631778318 0.03825136612021858 0.0006880241532827252 0.43160377358490565 0.014549782968158613 0.0012543382413830074
396 550.0 9061.0 32.949090909090906 0.13185834631778318 0.03460837887067395 0.00029507132777404304 0.4728682170542636 0.026380143643582415 0.0011035752696351526
397 550.0 9061.0 32.949090909090906 0.13185834631778318 0.03825136612021858 0.0006104429174799299 0.4740932642487047 0.02403106561333701 0.0012258577747658657
398 550.0 9061.0 32.949090909090906 0.13185834631778318 0.03825136612021858 0.0005678702293460078 0.47368421052631576 0.02477992103461455 0.0012268073697301212
399 550.0 9061.0 32.949090909090906 0.13185834631778318 0.03460837887067395 0.00041206185444737605 0.46018440905280805 0.02078600917170668 0.0011248745094028783
4 550.0 9061.0 32.949090909090906 0.13185834631778318 0.1092896174863388 0.004647174399175656 0.5273775216138329 0.07111681672768538 0.00315548196973507
40 550.0 9061.0 32.949090909090906 0.13185834631778318 0.11293260473588343 0.004552278810827846 0.5268714011516314 0.06987777830807818 0.0032532083050605316
400 550.0 9061.0 32.949090909090906 0.13185834631778318 0.04189435336976321 0.0006829622687875575 0.4582637729549249 0.021142245597347148 0.0013364451202462105
401 550.0 9061.0 32.949090909090906 0.13185834631778318 0.03278688524590164 0.0003388216384614343 0.456359102244389 0.020478585839410292 0.001065250280189126
402 550.0 9061.0 32.949090909090906 0.13185834631778318 0.03460837887067395 0.0002382615925626891 0.4728682170542636 0.026764780981955467 0.0011026507779390321
403 550.0 9061.0 32.949090909090906 0.13185834631778318 0.03642987249544627 0.0005245135954018517 0.46173254835996635 0.0221044246322847 0.0011784748056541347
404 550.0 9061.0 32.949090909090906 0.13185834631778318 0.04007285974499089 0.0005296765450727441 0.4749134948096886 0.02662540025274665 0.0012673971373704206
405 550.0 9061.0 32.949090909090906 0.13185834631778318 0.03278688524590164 0.00035480221618869524 0.46604414261460103 0.021433314527092608 0.001071190164620483
406 550.0 9061.0 32.949090909090906 0.13185834631778318 0.03642987249544627 0.0005308549763690857 0.46368243243243246 0.02103092968137318 0.0011811699482344173
407 550.0 9061.0 32.949090909090906 0.13185834631778318 0.03278688524590164 0.00038174340781503996 0.4640743871513102 0.022519468860680774 0.00107122797971181
408 550.0 9061.0 32.949090909090906 0.13185834631778318 0.03825136612021858 0.0005524585805724645 0.46018440905280805 0.019844813325251072 0.0012350135960670645
409 550.0 9061.0 32.949090909090906 0.13185834631778318 0.04007285974499089 0.000636595954145206 0.4728682170542636 0.023593421046186513 0.001282815611475756
41 550.0 9061.0 32.949090909090906 0.13185834631778318 0.15482695810564662 0.009276690831083359 0.5408866995073892 0.08872519197726847 0.004408392734863139
410 550.0 9061.0 32.949090909090906 0.13185834631778318 0.03460837887067395 0.0003737724119771347 0.4525968672712284 0.018491159662834496 0.0011229000386885994
411 550.0 9061.0 32.949090909090906 0.13185834631778318 0.03642987249544627 0.00037793258570368313 0.47450302506482284 0.024867232685223003 0.0011643945272847892
412 550.0 9061.0 32.949090909090906 0.13185834631778318 0.03642987249544627 0.0005221757511570731 0.45148026315789475 0.017698861764912383 0.0011841648353201402
413 550.0 9061.0 32.949090909090906 0.13185834631778318 0.03825136612021858 0.0005706757480137344 0.4696321642429427 0.024056672039407385 0.0012222762651153153
414 550.0 9061.0 32.949090909090906 0.13185834631778318 0.04371584699453552 0.0008048948423239383 0.4552238805970149 0.01908532603072433 0.001399651330214802
415 550.0 9061.0 32.949090909090906 0.13185834631778318 0.03825136612021858 0.0004066142775866588 0.4761491760624458 0.028674206835999697 0.0012100252198548585
416 550.0 9061.0 32.949090909090906 0.13185834631778318 0.03642987249544627 0.0003932955651228494 0.46604414261460103 0.022034816363716084 0.0011697646616562515
417 550.0 9061.0 32.949090909090906 0.13185834631778318 0.03642987249544627 0.0004202569231731399 0.4575 0.022083757317645558 0.0011719184716926562
418 550.0 9061.0 32.949090909090906 0.13185834631778318 0.03278688524590164 0.00037193786399398007 0.4474327628361858 0.018240998218855945 0.0010701659495251444
419 550.0 9061.0 32.949090909090906 0.13185834631778318 0.03278688524590164 0.00033789703469082495 0.45864661654135336 0.019472872151890634 0.0010706125019040186
42 550.0 9061.0 32.949090909090906 0.13185834631778318 0.10382513661202186 0.0035104815345773713 0.523854961832061 0.07215803752232286 0.0029839252273696193
420 550.0 9061.0 32.949090909090906 0.13185834631778318 0.03460837887067395 0.0004502504858785088 0.4537190082644628 0.01845311143860948 0.001128975123294663
421 550.0 9061.0 32.949090909090906 0.13185834631778318 0.030965391621129327 0.00020520418319212286 0.45560165975103734 0.019788091214635057 0.0010070258146014934
422 550.0 9061.0 32.949090909090906 0.13185834631778318 0.03825136612021858 0.0005520329386254576 0.4609571788413098 0.02043189401612253 0.0012240824228093193
423 550.0 9061.0 32.949090909090906 0.13185834631778318 0.03825136612021858 0.0004336423597427411 0.4680306905370844 0.024726620021501375 0.001218301603047221
424 550.0 9061.0 32.949090909090906 0.13185834631778318 0.03642987249544627 0.00041036019258364605 0.4676320272572402 0.021675438748873756 0.0011684822455300188
425 550.0 9061.0 32.949090909090906 0.13185834631778318 0.03825136612021858 0.0005304231939212992 0.4676320272572402 0.02330727875123574 0.001225025300415494
426 550.0 9061.0 32.949090909090906 0.13185834631778318 0.03278688524590164 0.00030200599458183095 0.4684300341296928 0.023107057434910455 0.0010616894783776912
427 550.0 9061.0 32.949090909090906 0.13185834631778318 0.03642987249544627 0.0005668223131118166 0.45484672742336374 0.018842207142463874 0.001187155571416142
428 550.0 9061.0 32.949090909090906 0.13185834631778318 0.03825136612021858 0.000459792091614728 0.4700342465753425 0.024231477642994277 0.0012181118386682848
429 550.0 9061.0 32.949090909090906 0.13185834631778318 0.03278688524590164 0.0002692876304036431 0.4621212121212121 0.02369068586974252 0.0010577311534887214
43 550.0 9061.0 32.949090909090906 0.13185834631778318 0.16939890710382513 0.010479494149768676 0.5457256461232605 0.09192717156538219 0.004807925744930993
430 550.0 9061.0 32.949090909090906 0.13185834631778318 0.03642987249544627 0.0003946611128778835 0.47124463519313303 0.025645026195781163 0.0011636387376429832
431 550.0 9061.0 32.949090909090906 0.13185834631778318 0.030965391621129327 0.00022185606875817934 0.452970297029703 0.019868664791914785 0.001011224499809407
432 550.0 9061.0 32.949090909090906 0.13185834631778318 0.030965391621129327 0.00027656020263722874 0.4575 0.01859783266014417 0.001016505431343867
433 550.0 9061.0 32.949090909090906 0.13185834631778318 0.030965391621129327 0.00036002815805403793 0.4413183279742765 0.015897231093638584 0.0010275932384135153
434 550.0 9061.0 32.949090909090906 0.13185834631778318 0.03825136612021858 0.0006705552866755563 0.43990384615384615 0.0159542728127685 0.0012487027711215392
435 550.0 9061.0 32.949090909090906 0.13185834631778318 0.03278688524590164 0.00026023998815755724 0.45334434351775393 0.021591709674037077 0.0010653354657793486
436 550.0 9061.0 32.949090909090906 0.13185834631778318 0.03825136612021858 0.0007152765970589798 0.43433544303797467 0.014320970347273544 0.0012551377828265821
437 550.0 9061.0 32.949090909090906 0.13185834631778318 0.03642987249544627 0.0004187072090372417 0.4732758620689655 0.027576214631980022 0.0011643049903185903
438 550.0 9061.0 32.949090909090906 0.13185834631778318 0.03460837887067395 0.00032834600060984803 0.4594142259414226 0.022009481774721045 0.0011150386638530457
439 550.0 9061.0 32.949090909090906 0.13185834631778318 0.03825136612021858 0.0005796385589087819 0.46564885496183206 0.02139890893466144 0.0012352333937668712
44 550.0 9061.0 32.949090909090906 0.13185834631778318 0.08743169398907104 0.0025052779510787693 0.5169491525423728 0.05524187993796616 0.0025475506717998536
440 550.0 9061.0 32.949090909090906 0.13185834631778318 0.030965391621129327 0.00027887799620253753 0.4420289855072464 0.016255768670716455 0.001022886003211306
441 550.0 9061.0 32.949090909090906 0.13185834631778318 0.03825136612021858 0.0006027251373918789 0.45979899497487436 0.019939022816037058 0.0012363608538881034
442 550.0 9061.0 32.949090909090906 0.13185834631778318 0.03278688524590164 0.0004328644356843239 0.4430992736077482 0.016546117524608165 0.0010855343900294126
443 550.0 9061.0 32.949090909090906 0.13185834631778318 0.03642987249544627 0.000520365337508388 0.4652542372881356 0.022054929168921752 0.0011792414623126126
444 550.0 9061.0 32.949090909090906 0.13185834631778318 0.03278688524590164 0.00040820385908268834 0.44561688311688313 0.01720039722417586 0.0010795976416934387
445 550.0 9061.0 32.949090909090906 0.13185834631778318 0.03460837887067395 0.000272310950240991 0.4680306905370844 0.026171263750536043 0.0011040518727785788
446 550.0 9061.0 32.949090909090906 0.13185834631778318 0.03460837887067395 0.0003924845605677838 0.4488961569910057 0.017696713746364466 0.00112655671128811
447 550.0 9061.0 32.949090909090906 0.13185834631778318 0.03460837887067395 0.0003239655505625804 0.4582637729549249 0.020062007564408898 0.0011156719676812792
448 550.0 9061.0 32.949090909090906 0.13185834631778318 0.030965391621129327 0.00024508008408206727 0.4575 0.020848131337450514 0.0010153998129532387
449 550.0 9061.0 32.949090909090906 0.13185834631778318 0.030965391621129327 0.0003233433834721956 0.44096385542168676 0.014950793637694778 0.0010281049044642567
45 550.0 9061.0 32.949090909090906 0.13185834631778318 0.1366120218579235 0.005741941976166426 0.5335276967930029 0.0772951935169743 0.003885014781007926
450 550.0 9061.0 32.949090909090906 0.13185834631778318 0.03278688524590164 0.00035989857027994554 0.4724612736660929 0.022506767499912247 0.0010766075288865648
451 550.0 9061.0 32.949090909090906 0.13185834631778318 0.03825136612021858 0.0005377044848440986 0.4474327628361858 0.01861764631405423 0.0012330414098908266
452 550.0 9061.0 32.949090909090906 0.13185834631778318 0.03278688524590164 0.000381319516105088 0.43330702446724545 0.01514627531467863 0.0010860880928497542
453 550.0 9061.0 32.949090909090906 0.13185834631778318 0.03278688524590164 0.0002908099658865603 0.46173254835996635 0.02252607074266367 0.0010602205992689723
454 550.0 9061.0 32.949090909090906 0.13185834631778318 0.03278688524590164 0.0004004821926802284 0.4430992736077482 0.01651420603127014 0.0010824349651618204
455 550.0 9061.0 32.949090909090906 0.13185834631778318 0.03278688524590164 0.00029830787658698376 0.46018440905280805 0.021820935025772363 0.0010593247272306843
456 550.0 9061.0 32.949090909090906 0.13185834631778318 0.03460837887067395 0.0005756740801847691 0.45334434351775393 0.018377299684822223 0.0011443545145305275
457 550.0 9061.0 32.949090909090906 0.13185834631778318 0.03825136612021858 0.0005553461430971465 0.4700342465753425 0.02397302170950968 0.0012290483099115445
458 550.0 9061.0 32.949090909090906 0.13185834631778318 0.03460837887067395 0.00039365835822898317 0.4590301003344482 0.019774765764294416 0.001122215074005868
459 550.0 9061.0 32.949090909090906 0.13185834631778318 0.03460837887067395 0.0005406843801088964 0.4578815679733111 0.01851385326613499 0.0011361361539521926
46 550.0 9061.0 32.949090909090906 0.13185834631778318 0.14571948998178508 0.008019297364736947 0.5392927308447937 0.0841855101098532 0.0041631648634813815
460 550.0 9061.0 32.949090909090906 0.13185834631778318 0.03278688524590164 0.0003059023387598823 0.46883005977796754 0.023452914543511692 0.0010652719334982518
461 550.0 9061.0 32.949090909090906 0.13185834631778318 0.03278688524590164 0.0003570064507782751 0.4552238805970149 0.018053742165749367 0.0010775452959321053
462 550.0 9061.0 32.949090909090906 0.13185834631778318 0.03278688524590164 0.00028932853791766255 0.4629005059021922 0.023516442323655413 0.0010658180652788952
463 550.0 9061.0 32.949090909090906 0.13185834631778318 0.030965391621129327 0.00033066674305011836 0.4537190082644628 0.017830306884155794 0.001024333319550181
464 550.0 9061.0 32.949090909090906 0.13185834631778318 0.030965391621129327 0.0002439372646740741 0.4544701986754967 0.01945086017844207 0.001014094989115141
465 550.0 9061.0 32.949090909090906 0.13185834631778318 0.04007285974499089 0.0007009694051946929 0.456738768718802 0.019650658988024695 0.001289183199101577
466 550.0 9061.0 32.949090909090906 0.13185834631778318 0.03278688524590164 0.0002256084152605366 0.4640743871513102 0.02157430974932829 0.0010522342090808368
467 550.0 9061.0 32.949090909090906 0.13185834631778318 0.03278688524590164 0.00032804569282090764 0.45185185185185184 0.01925147282669763 0.001072187188592368
468 550.0 9061.0 32.949090909090906 0.13185834631778318 0.03278688524590164 0.0004672095803492842 0.43884892086330934 0.015176135105999933 0.0010893141441071456
469 550.0 9061.0 32.949090909090906 0.13185834631778318 0.03825136612021858 0.0004261408922522188 0.456359102244389 0.022371334488329227 0.0012228387445577563
47 550.0 9061.0 32.949090909090906 0.13185834631778318 0.1384335154826958 0.006653073553315572 0.535609756097561 0.08299617720062026 0.003941541035616519
470 550.0 9061.0 32.949090909090906 0.13185834631778318 0.03460837887067395 0.0005047096473357703 0.45979899497487436 0.020602008085568526 0.0011302804321229687
471 550.0 9061.0 32.949090909090906 0.13185834631778318 0.03460837887067395 0.0006381246888283228 0.4326241134751773 0.01298142313673034 0.0011586962664555686
472 550.0 9061.0 32.949090909090906 0.13185834631778318 0.03460837887067395 0.0004956382261006852 0.4582637729549249 0.019659711489508274 0.0011270882208182943
473 550.0 9061.0 32.949090909090906 0.13185834631778318 0.03642987249544627 0.0005196577017506003 0.44381568310428454 0.01696210272509368 0.0011829754611482417
474 550.0 9061.0 32.949090909090906 0.13185834631778318 0.03460837887067395 0.0003925844574623704 0.43884892086330934 0.017551807292125306 0.0011260167907843834
475 550.0 9061.0 32.949090909090906 0.13185834631778318 0.03278688524590164 0.0005016598958101209 0.44779771615008157 0.018449108641873945 0.0010890043127875638
476 550.0 9061.0 32.949090909090906 0.13185834631778318 0.03460837887067395 0.0004248549366787466 0.44779771615008157 0.0183553178550649 0.0011292174058952858
477 550.0 9061.0 32.949090909090906 0.13185834631778318 0.03825136612021858 0.0006689825598031495 0.46018440905280805 0.019520899917605607 0.0012391815173423573
478 550.0 9061.0 32.949090909090906 0.13185834631778318 0.030965391621129327 0.0002709425836427152 0.4594142259414226 0.020035976889965022 0.0010169880694847605
479 550.0 9061.0 32.949090909090906 0.13185834631778318 0.03825136612021858 0.0005965089426190007 0.4700342465753425 0.02374863499907362 0.0012301664016615397
48 550.0 9061.0 32.949090909090906 0.13185834631778318 0.11657559198542805 0.0044223464755567665 0.5263662511984659 0.0716514156406125 0.0033376168584722306
480 550.0 9061.0 32.949090909090906 0.13185834631778318 0.03642987249544627 0.0006188105845229853 0.452970297029703 0.017237831278764288 0.0011897013602803377
481 550.0 9061.0 32.949090909090906 0.13185834631778318 0.03460837887067395 0.0003976229971303645 0.46018440905280805 0.020522186855596425 0.0011226353137540146
482 550.0 9061.0 32.949090909090906 0.13185834631778318 0.03642987249544627 0.0006986781011940284 0.44963144963144963 0.015876493147781646 0.0011968068628832097
483 550.0 9061.0 32.949090909090906 0.13185834631778318 0.03278688524590164 0.0003113685948579283 0.44381568310428454 0.01907188298998765 0.001073785428771562
484 550.0 9061.0 32.949090909090906 0.13185834631778318 0.03278688524590164 0.00040140639017482196 0.4578815679733111 0.02011716834456159 0.0010749448322651298
485 550.0 9061.0 32.949090909090906 0.13185834631778318 0.030965391621129327 0.0003575886133309239 0.44779771615008157 0.016606940739583242 0.0010278716998625029
486 550.0 9061.0 32.949090909090906 0.13185834631778318 0.03278688524590164 0.00038474368083156463 0.4571190674437968 0.01955283335375716 0.0010749820243560477
487 550.0 9061.0 32.949090909090906 0.13185834631778318 0.03460837887067395 0.0004817855502953775 0.456738768718802 0.019064529800044958 0.0011314128523358471
488 550.0 9061.0 32.949090909090906 0.13185834631778318 0.03460837887067395 0.0004543845445091992 0.456359102244389 0.020112299082724213 0.0011289213767901923
489 550.0 9061.0 32.949090909090906 0.13185834631778318 0.03460837887067395 0.0005560814736956976 0.44706840390879476 0.015939035361098756 0.0011455855711422222
49 550.0 9061.0 32.949090909090906 0.13185834631778318 0.13296903460837886 0.005736743576186278 0.5335276967930029 0.07621841066543983 0.0037936105110793123
490 550.0 9061.0 32.949090909090906 0.13185834631778318 0.03278688524590164 0.00034997392956598474 0.44525547445255476 0.01860303418209616 0.0010754103929887847
491 550.0 9061.0 32.949090909090906 0.13185834631778318 0.03278688524590164 0.0004398361802364511 0.4295774647887324 0.01348460118980109 0.0010935938023835057
492 550.0 9061.0 32.949090909090906 0.13185834631778318 0.030965391621129327 0.00023318748307398892 0.4488961569910057 0.018365876011115268 0.0010116641334314293
493 550.0 9061.0 32.949090909090906 0.13185834631778318 0.030965391621129327 0.000304571416991963 0.45 0.019655811476641912 0.001021808633006542
494 550.0 9061.0 32.949090909090906 0.13185834631778318 0.03278688524590164 0.0001752842446261444 0.472055030094583 0.02651695008544987 0.0010443614713780856
495 550.0 9061.0 32.949090909090906 0.13185834631778318 0.030965391621129327 0.00023564890143146515 0.45979899497487436 0.02122871704993168 0.00100932133253099
496 550.0 9061.0 32.949090909090906 0.13185834631778318 0.03460837887067395 0.0004629328016057295 0.4621212121212121 0.0198547487954373 0.0011269113849732204
497 550.0 9061.0 32.949090909090906 0.13185834631778318 0.03278688524590164 0.0002758174596137635 0.4652542372881356 0.024138200049785483 0.001063418586762347
498 550.0 9061.0 32.949090909090906 0.13185834631778318 0.030965391621129327 0.0002234035857020274 0.45979899497487436 0.020945343407041038 0.001009854162625017
499 550.0 9061.0 32.949090909090906 0.13185834631778318 0.030965391621129327 0.0004038095594732963 0.4242658423493045 0.012150665782248356 0.0010399563628771377
5 550.0 9061.0 32.949090909090906 0.13185834631778318 0.1621129326047359 0.010360165985514449 0.5424901185770751 0.09194189085238991 0.004613911117817879
50 550.0 9061.0 32.949090909090906 0.13185834631778318 0.08014571948998178 0.0021050069604329736 0.5130841121495328 0.05554058983873834 0.0023500272613994604
500 550.0 9061.0 32.949090909090906 0.13185834631778318 0.03278688524590164 0.000362606866265099 0.46564885496183206 0.022243213500898185 0.0010694760982371313
501 550.0 9061.0 32.949090909090906 0.13185834631778318 0.03642987249544627 0.0004850454779514776 0.4798951048951049 0.029624058131294213 0.0011653067341629206
502 550.0 9061.0 32.949090909090906 0.13185834631778318 0.03278688524590164 0.00025916323543023333 0.47780678851174935 0.026641684542151694 0.0010546525415732907
503 550.0 9061.0 32.949090909090906 0.13185834631778318 0.03278688524590164 0.00040916308692752175 0.4609571788413098 0.020838552219021624 0.0010762161796010878
504 550.0 9061.0 32.949090909090906 0.13185834631778318 0.030965391621129327 0.00023293608129759829 0.45484672742336374 0.020555016717357995 0.0010123880636286424
505 550.0 9061.0 32.949090909090906 0.13185834631778318 0.03278688524590164 0.0003585138303995465 0.4544701986754967 0.019677898619410536 0.0010725206041672939
506 550.0 9061.0 32.949090909090906 0.13185834631778318 0.030965391621129327 0.0003376464551145226 0.4203675344563553 0.012967870706160338 0.0010418409256777554
507 550.0 9061.0 32.949090909090906 0.13185834631778318 0.030965391621129327 0.00023566318055679144 0.4629005059021922 0.02093026225699236 0.0010113968426036547
508 550.0 9061.0 32.949090909090906 0.13185834631778318 0.03460837887067395 0.0005152615028615213 0.4575 0.020617261861533516 0.0011312192806057636
509 550.0 9061.0 32.949090909090906 0.13185834631778318 0.030965391621129327 0.00041390626883625146 0.43399209486166007 0.0146811901943827 0.001036476609099413
51 550.0 9061.0 32.949090909090906 0.13185834631778318 0.08925318761384335 0.0026136468797343156 0.5213675213675214 0.06297990006071573 0.0025896498634692014
510 550.0 9061.0 32.949090909090906 0.13185834631778318 0.030965391621129327 0.0004325331485187496 0.42393822393822395 0.011791927349459996 0.0010427405102651642
511 550.0 9061.0 32.949090909090906 0.13185834631778318 0.030965391621129327 0.00038059481484265136 0.4381484437350359 0.015644832820262383 0.0010323249913107382
512 550.0 9061.0 32.949090909090906 0.13185834631778318 0.030965391621129327 0.0003209208718797766 0.43955164131305047 0.01660724816168977 0.0010282064983942974
513 550.0 9061.0 32.949090909090906 0.13185834631778318 0.030965391621129327 0.0003284547592461142 0.4467046379170057 0.017951446347771433 0.0010288190867386493
514 550.0 9061.0 32.949090909090906 0.13185834631778318 0.03278688524590164 0.00027822093749070413 0.45185185185185184 0.01944561541036151 0.0010654023090852871
515 550.0 9061.0 32.949090909090906 0.13185834631778318 0.03460837887067395 0.0005989556601004581 0.45 0.01566283902728216 0.0011447471028694055
516 550.0 9061.0 32.949090909090906 0.13185834631778318 0.030965391621129327 0.00030717929455238865 0.4575 0.018888225255324628 0.001018721440711494
517 550.0 9061.0 32.949090909090906 0.13185834631778318 0.030965391621129327 0.0004105722988016152 0.44096385542168676 0.015215485804936027 0.0010395210497344512
518 550.0 9061.0 32.949090909090906 0.13185834631778318 0.030965391621129327 0.00035241404582962363 0.44238517324738114 0.015620991405755014 0.0010314903336566665
519 550.0 9061.0 32.949090909090906 0.13185834631778318 0.03278688524590164 0.0004627993427300082 0.43296529968454256 0.014353972284943594 0.0010867807978916213
52 550.0 9061.0 32.949090909090906 0.13185834631778318 0.09107468123861566 0.003274769115408471 0.5179245283018868 0.05466269473728091 0.002671208920322747
520 550.0 9061.0 32.949090909090906 0.13185834631778318 0.03278688524590164 0.00036614396883489554 0.45110928512736237 0.020152866841485713 0.0010756224227676102
521 550.0 9061.0 32.949090909090906 0.13185834631778318 0.030965391621129327 0.00023141707259753233 0.4537190082644628 0.020668221551688928 0.0010152031149215507
522 550.0 9061.0 32.949090909090906 0.13185834631778318 0.030965391621129327 0.00026373781374191657 0.44963144963144963 0.019860835936532827 0.0010173718709034748
523 550.0 9061.0 32.949090909090906 0.13185834631778318 0.03278688524590164 0.00027366977047401075 0.4416733708769107 0.018401492716406988 0.0010640007969571178
524 550.0 9061.0 32.949090909090906 0.13185834631778318 0.030965391621129327 0.000302693831037352 0.442741935483871 0.0162676527052128 0.001024500750359333
525 550.0 9061.0 32.949090909090906 0.13185834631778318 0.030965391621129327 0.00040039339012773836 0.44816326530612244 0.017078328136929142 0.0010336461029260655
526 550.0 9061.0 32.949090909090906 0.13185834631778318 0.030965391621129327 0.00043472896022048977 0.43710191082802546 0.014759662179224895 0.0010383389788460673
527 550.0 9061.0 32.949090909090906 0.13185834631778318 0.03278688524590164 0.00035152532638651 0.4575 0.020047344764253284 0.0010766644537362107
528 550.0 9061.0 32.949090909090906 0.13185834631778318 0.030965391621129327 0.00023901067164089755 0.46446700507614214 0.0220680731333742 0.0010144884559733444
529 550.0 9061.0 32.949090909090906 0.13185834631778318 0.030965391621129327 0.00034248353310764 0.43849840255591055 0.015217151996998097 0.0010327628740150496
53 550.0 9061.0 32.949090909090906 0.13185834631778318 0.12021857923497267 0.005126968897512329 0.5299227799227799 0.07282773525211715 0.0034587553331303904
530 550.0 9061.0 32.949090909090906 0.13185834631778318 0.030965391621129327 0.00036362204947807216 0.43502377179080826 0.014566921576619865 0.0010292343029668256
531 550.0 9061.0 32.949090909090906 0.13185834631778318 0.030965391621129327 0.00034387275078917183 0.43296529968454256 0.014303534500886552 0.0010327141332340745
532 550.0 9061.0 32.949090909090906 0.13185834631778318 0.030965391621129327 0.0003149623287916309 0.4441747572815534 0.016758600661063657 0.0010264565326452793
533 550.0 9061.0 32.949090909090906 0.13185834631778318 0.030965391621129327 0.0002349229108677232 0.4525968672712284 0.019744846979561154 0.0010139294349340794
534 550.0 9061.0 32.949090909090906 0.13185834631778318 0.030965391621129327 0.0003847131912003074 0.4364069952305246 0.01421390487674139 0.0010356304993359583
535 550.0 9061.0 32.949090909090906 0.13185834631778318 0.030965391621129327 0.00039098393333348127 0.4485294117647059 0.01903465839264862 0.0010304050898510817
536 550.0 9061.0 32.949090909090906 0.13185834631778318 0.030965391621129327 0.0004152714974045751 0.4346793349168646 0.013340615543436614 0.0010388133221559297
537 550.0 9061.0 32.949090909090906 0.13185834631778318 0.030965391621129327 0.0002612876806011277 0.44816326530612244 0.018587123195120413 0.0010211697731645174
538 550.0 9061.0 32.949090909090906 0.13185834631778318 0.030965391621129327 0.00037638778721366817 0.44489465153970825 0.016261300756154607 0.0010335001608770137
539 550.0 9061.0 32.949090909090906 0.13185834631778318 0.03278688524590164 0.0003896460962422706 0.45185185185185184 0.01850829677134642 0.001080426241217956
54 550.0 9061.0 32.949090909090906 0.13185834631778318 0.13296903460837886 0.007118564583871271 0.5345666991236612 0.0748217962593896 0.0038244022270233578
540 550.0 9061.0 32.949090909090906 0.13185834631778318 0.030965391621129327 0.000412897942221681 0.45 0.017100950190021724 0.0010356555227243236
541 550.0 9061.0 32.949090909090906 0.13185834631778318 0.030965391621129327 0.00041472607764288173 0.43955164131305047 0.01566590764650025 0.0010424192548550402
542 550.0 9061.0 32.949090909090906 0.13185834631778318 0.03278688524590164 0.00037180199461154086 0.4544701986754967 0.019654473800640677 0.0010749856105475096
543 550.0 9061.0 32.949090909090906 0.13185834631778318 0.03278688524590164 0.000305405292011569 0.44597887896019495 0.01887465719291816 0.0010707070275217288
544 550.0 9061.0 32.949090909090906 0.13185834631778318 0.030965391621129327 0.00042492041490239897 0.43502377179080826 0.01416788140219794 0.0010423211340337924
545 550.0 9061.0 32.949090909090906 0.13185834631778318 0.030965391621129327 0.00021164223467567815 0.4575 0.02344696386214571 0.001007647180590743
546 550.0 9061.0 32.949090909090906 0.13185834631778318 0.030965391621129327 0.00034259442631908387 0.4245939675174014 0.013066283424978547 0.001039039221056893
547 550.0 9061.0 32.949090909090906 0.13185834631778318 0.030965391621129327 0.0003056885284510011 0.4492635024549918 0.019544680906452252 0.0010225750670243634
548 550.0 9061.0 32.949090909090906 0.13185834631778318 0.030965391621129327 0.0002551568453198815 0.46683673469387754 0.02338304013043655 0.0010161839903205178
549 550.0 9061.0 32.949090909090906 0.13185834631778318 0.030965391621129327 0.0003288392735743156 0.4430992736077482 0.015399123769163008 0.0010289458214493494
55 550.0 9061.0 32.949090909090906 0.13185834631778318 0.11657559198542805 0.004667198017687688 0.5253588516746411 0.0688430145327296 0.003351040545578967
56 550.0 9061.0 32.949090909090906 0.13185834631778318 0.0965391621129326 0.0033245297783713666 0.5223596574690771 0.06160737554052385 0.0028019386611401
57 550.0 9061.0 32.949090909090906 0.13185834631778318 0.19672131147540983 0.0166641159432911 0.5545454545454546 0.09627538590704121 0.005601796827521672
58 550.0 9061.0 32.949090909090906 0.13185834631778318 0.08378870673952642 0.0023465397463277903 0.5179245283018868 0.05690633486841448 0.0024439792754577735
59 550.0 9061.0 32.949090909090906 0.13185834631778318 0.08196721311475409 0.0017581066777912137 0.5164628410159925 0.05805309586062447 0.0023787046977815146
6 550.0 9061.0 32.949090909090906 0.13185834631778318 0.07285974499089254 0.0019553855544105583 0.5102230483271375 0.04697687002895154 0.0021686147789367854
60 550.0 9061.0 32.949090909090906 0.13185834631778318 0.08925318761384335 0.002945350637394956 0.5159774436090225 0.052747622131186604 0.0026192773557969576
61 550.0 9061.0 32.949090909090906 0.13185834631778318 0.11839708561020036 0.005245904288500314 0.5258620689655172 0.06634106678216674 0.0034121452833624395
62 550.0 9061.0 32.949090909090906 0.13185834631778318 0.122040072859745 0.00497926514676659 0.5304347826086957 0.07136116432897109 0.00348668946147261
63 550.0 9061.0 32.949090909090906 0.13185834631778318 0.09289617486338798 0.003517775929341285 0.5154929577464789 0.05059917035227852 0.00273513930174995
64 550.0 9061.0 32.949090909090906 0.13185834631778318 0.09836065573770492 0.003568210183451364 0.5184135977337111 0.05532310850753513 0.00286414468912838
65 550.0 9061.0 32.949090909090906 0.13185834631778318 0.15846994535519127 0.009704959081707107 0.5403543307086615 0.07799879764239007 0.004519105247196895
66 550.0 9061.0 32.949090909090906 0.13185834631778318 0.0947176684881603 0.0032672238874221645 0.5184135977337111 0.05436722596398992 0.0027581442632970883
67 550.0 9061.0 32.949090909090906 0.13185834631778318 0.10018214936247723 0.003344970290483575 0.5223596574690771 0.06203468436999451 0.0028952386658507774
68 550.0 9061.0 32.949090909090906 0.13185834631778318 0.12750455373406194 0.006522081734337244 0.5335276967930029 0.07011282769677228 0.0036767800823839345
69 550.0 9061.0 32.949090909090906 0.13185834631778318 0.12021857923497267 0.005617884723579473 0.5304347826086957 0.06542543428459396 0.003468015391631283
7 550.0 9061.0 32.949090909090906 0.13185834631778318 0.10200364298724954 0.003241749938859409 0.5248565965583174 0.06907986770715702 0.0029317249620038695
70 550.0 9061.0 32.949090909090906 0.13185834631778318 0.11839708561020036 0.005205009037129768 0.5294117647058824 0.06747242679024223 0.0034130270335049864
71 550.0 9061.0 32.949090909090906 0.13185834631778318 0.0947176684881603 0.0033008237460675632 0.5174363807728558 0.05482852868239045 0.002761418816716602
72 550.0 9061.0 32.949090909090906 0.13185834631778318 0.08014571948998178 0.0022596941335242533 0.5106976744186047 0.048047153098509376 0.002359998860897546
73 550.0 9061.0 32.949090909090906 0.13185834631778318 0.122040072859745 0.005275846597071259 0.5268714011516314 0.06375577296008816 0.003511542751430093
74 550.0 9061.0 32.949090909090906 0.13185834631778318 0.07468123861566485 0.0015629392884251836 0.5126050420168067 0.052080122338451065 0.0021910105098682225
75 550.0 9061.0 32.949090909090906 0.13185834631778318 0.12386156648451731 0.005979781854704662 0.5319767441860465 0.06828424853417431 0.0035673082620287016
76 550.0 9061.0 32.949090909090906 0.13185834631778318 0.1111111111111111 0.005548865810900432 0.5278846153846154 0.05904877397755282 0.003239342832232443
77 550.0 9061.0 32.949090909090906 0.13185834631778318 0.07832422586520947 0.0021400503661231727 0.5106976744186047 0.04723685245020332 0.002304024676721667
78 550.0 9061.0 32.949090909090906 0.13185834631778318 0.1111111111111111 0.004501128776892594 0.5253588516746411 0.060645219734185705 0.0032132529810578406
79 550.0 9061.0 32.949090909090906 0.13185834631778318 0.06375227686703097 0.0013436312257019516 0.505524861878453 0.04523051980044426 0.0018979806313022467
8 550.0 9061.0 32.949090909090906 0.13185834631778318 0.07468123861566485 0.0015905523143768226 0.5116495806150979 0.05530728039469415 0.0021879928368829927
80 550.0 9061.0 32.949090909090906 0.13185834631778318 0.1092896174863388 0.00525745114853404 0.5258620689655172 0.05889406913519144 0.0031876596151226015
81 550.0 9061.0 32.949090909090906 0.13185834631778318 0.07103825136612021 0.0014634038314773033 0.505524861878453 0.04796009329220004 0.0020937518985146048
82 550.0 9061.0 32.949090909090906 0.13185834631778318 0.08561020036429873 0.0025195958547888147 0.5130841121495328 0.049976783788549264 0.0025065444448159765
83 550.0 9061.0 32.949090909090906 0.13185834631778318 0.12932604735883424 0.007506461218016512 0.5299227799227799 0.06162314898071013 0.0037611235877259177
84 550.0 9061.0 32.949090909090906 0.13185834631778318 0.08196721311475409 0.0027193703363171456 0.5111731843575419 0.04929976988141334 0.00242516758470363
85 550.0 9061.0 32.949090909090906 0.13185834631778318 0.08925318761384335 0.0029967333900547404 0.5164628410159925 0.05078288169013529 0.0026157399270602595
86 550.0 9061.0 32.949090909090906 0.13185834631778318 0.08378870673952642 0.0023557948035210713 0.5073937153419593 0.045901864850853125 0.0024634776991727995
87 550.0 9061.0 32.949090909090906 0.13185834631778318 0.0692167577413479 0.001463669316801126 0.5045955882352942 0.0450972650454162 0.0020484814535438626
88 550.0 9061.0 32.949090909090906 0.13185834631778318 0.08925318761384335 0.0025155587673938175 0.5159774436090225 0.048662124072129644 0.002600380616848061
89 550.0 9061.0 32.949090909090906 0.13185834631778318 0.07650273224043716 0.001973829488168604 0.5106976744186047 0.04814524139376476 0.002257497063349192
9 550.0 9061.0 32.949090909090906 0.13185834631778318 0.12386156648451731 0.005762684320258783 0.5304347826086957 0.07032775109645016 0.0035593844058950967
90 550.0 9061.0 32.949090909090906 0.13185834631778318 0.08378870673952642 0.002722721428151555 0.5135640785781104 0.05049299436180876 0.00246407033857106
91 550.0 9061.0 32.949090909090906 0.13185834631778318 0.08014571948998178 0.002434355962593456 0.5130841121495328 0.048604981626074295 0.0023640049651242096
92 550.0 9061.0 32.949090909090906 0.13185834631778318 0.07285974499089254 0.0016334530827808581 0.5059907834101383 0.04895380960378246 0.0021455171161848022
93 550.0 9061.0 32.949090909090906 0.13185834631778318 0.10200364298724954 0.004599344624449825 0.5218631178707225 0.05386163028285711 0.002992808542054783
94 550.0 9061.0 32.949090909090906 0.13185834631778318 0.10018214936247723 0.0040378428000030974 0.5203791469194313 0.0562845941373696 0.00292603963310956
95 550.0 9061.0 32.949090909090906 0.13185834631778318 0.08196721311475409 0.002242285709628758 0.5116495806150979 0.04876657751790022 0.002398841639382947
96 550.0 9061.0 32.949090909090906 0.13185834631778318 0.08925318761384335 0.002855935836063097 0.5179245283018868 0.0534521799457565 0.0026138530300508374
97 550.0 9061.0 32.949090909090906 0.13185834631778318 0.0965391621129326 0.0038174681440277243 0.5193945127719962 0.05087211451257869 0.002830621585017273
98 550.0 9061.0 32.949090909090906 0.13185834631778318 0.07468123861566485 0.002186910288741225 0.5064575645756457 0.04222895753204235 0.0022277691970517873
99 550.0 9061.0 32.949090909090906 0.13185834631778318 0.0692167577413479 0.001839705400327391 0.5059907834101383 0.038872966219045416 0.0020706321801865347