0 1
1 1
1299 0
2 1
1298 0
3 1
1297 0
1296 0
1295 0
6 1
1294 0
7 1
1293 0
8 1
1292 0
9 1
1291 0
10 1
1290 0
1289 0
12 1
1288 0
1287 0
14 1
1286 0
15 1
17 1
18 1
1282 0
19 1
1281 0
20 1
1280 0
21 1
22 1
23 1
24 1
1276 0
25 1
1275 0
26 1
1274 0
1022 0
1068 0
956 0
224 1
86 1
1158 0
346 1
977 0
965 0
58 1
340 1
568 1
546 1
4 1
5 1
11 1
16 1
1284 0
1283 0
1279 0
1278 0
1277 0
27 1
999 0
59 1
334 1
1147 0
947 0
1198 0
233 1
855 0
250 1
452 1
614 1
653 0
422 1
628 1
1131 0
421 1
527 1
631 1
601 1
1203 0
578 1
1039 0
1173 0
551 1
13 1
1285 0
28 1
474 1
1096 0
744 0
998 0
579 1
145 1
569 1
641 1
326 1
682 0
46 1
446 1
650 0
871 0
388 1
122 1
1260 0
1017 0
1197 0
910 0
1164 0
144 1
448 1
487 1
136 1
260 1
958 0
776 0
311 1
992 0
777 0
676 0
29 1
30 1
31 1
870 0
624 1
1165 0
545 1
1243 0
599 1
475 1
380 1
501 1
256 1
883 0
1201 0
244 1
1074 0
1154 0
951 0
389 1
105 1
1045 0
414 1
847 0
197 1
729 0
1111 0
1268 0
406 1
637 1
32 1
714 0
1252 0
54 1
562 1
1067 0
787 0
667 0
997 0
160 1
494 1
531 1
290 1
796 0
1155 0
1227 0
719 0
33 1
34 1
706 0
1005 0
834 0
135 1
413 1
35 1
746 0
465 1
880 0
1030 0
512 1
1253 0
785 0
981 0
935 0
640 1
771 0
36 1
118 1
1050 0
755 0
1041 0
979 0
1149 0
37 1
252 1
530 1
1121 0
779 0
1209 0
922 0
134 1
789 0
348 1
217 1
696 0
450 1
897 0
44 1
859 0
363 1
330 1
266 1
747 0
126 1
1234 0
187 1
1076 0
472 1
38 1
39 1
1077 0
149 1
892 0
73 1
939 0
619 1
730 0
1250 0
40 1
235 1
489 1
63 1
1009 0
139 1
99 1
296 1
509 1
499 1
1208 0
283 1
925 0
766 0
182 1
514 1
1271 0
1105 0
848 0
366 1
276 1
685 0
1167 0
180 1
1097 0
1235 0
937 0
280 1
41 1
42 1
353 1
507 1
1205 0
297 1
82 1
89 1
315 1
850 0
329 1
83 1
820 0
80 1
740 0
52 1
882 0
1016 0
151 1
735 0
227 1
72 1
441 1
43 1
102 1
202 1
757 0
679 0
604 1
558 1
457 1
130 1
45 1
695 0
370 1
739 0
821 0
1212 0
675 0
565 1
1166 0
372 1
399 1
1126 0
610 1
748 0
174 1
345 1
1092 0
125 1
360 1
461 1
47 1
816 0
261 1
1160 0
1018 0
1032 0
711 0
630 1
923 0
66 1
159 1
704 0
990 0
48 1
172 1
492 1
626 1
634 1
986 0
173 1
760 0
138 1
742 0
909 0
504 1
241 1
49 1
1146 0
950 0
477 1
1188 0
50 1
544 1
832 0
1027 0
1058 0
1254 0
1035 0
190 1
702 0
1172 0
424 1
124 1
636 1
291 1
1255 0
890 0
1241 0
831 0
1195 0
758 0
790 0
1048 0
51 1
76 1
670 0
982 0
528 1
1248 0
975 0
201 1
1215 0
362 1
843 0
954 0
725 0
115 1
1023 0
1207 0
53 1
1182 0
627 1
432 1
1226 0
1153 0
108 1
88 1
932 0
55 1
85 1
888 0
381 1
56 1
1183 0
1090 0
1240 0
724 0
736 0
884 0
57 1
839 0
70 1
874 0
155 1
281 1
368 1
772 0
268 1
1059 0
764 0
378 1
367 1
543 1
525 1
272 1
460 1
203 1
184 1
938 0
1093 0
795 0
67 1
952 0
970 0
403 1
589 1
112 1
1141 0
1008 0
60 1
767 0
1244 0
1218 0
282 1
574 1
453 1
1135 0
473 1
165 1
664 0
467 1
1103 0
61 1
1194 0
732 0
576 1
780 0
265 1
1163 0
1237 0
62 1
1185 0
756 0
81 1
750 0
436 1
1229 0
912 0
798 0
77 1
836 0
491 1
907 0
814 0
1187 0
561 1
431 1
1170 0
158 1
854 0
1247 0
860 0
387 1
119 1
943 0
64 1
680 0
678 0
179 1
781 0
707 0
161 1
505 1
1014 0
445 1
588 1
876 0
541 1
863 0
177 1
893 0
720 0
1106 0
273 1
804 0
483 1
204 1
581 1
229 1
267 1
838 0
65 1
792 0
394 1
657 0
299 1
249 1
1176 0
864 0
623 1
68 1
111 1
1063 0
206 1
526 1
1123 0
633 1
1262 0
69 1
1115 0
1221 0
167 1
639 1
669 0
828 0
288 1
734 0
763 0
1029 0
110 1
321 1
715 0
815 0
1130 0
1028 0
786 0
300 1
181 1
936 0
71 1
824 0
495 1
1256 0
710 0
523 1
1084 0
989 0
1114 0
1100 0
1184 0
116 1
963 0
284 1
178 1
196 1
398 1
193 1
121 1
862 0
949 0
782 0
320 1
289 1
74 1
593 1
822 0
317 1
425 1
594 1
928 0
891 0
1044 0
537 1
713 0
75 1
948 0
662 0
355 1
486 1
716 0
784 0
969 0
625 1
915 0
1108 0
1220 0
1152 0
405 1
899 0
738 0
209 1
801 0
205 1
840 0
133 1
1148 0
1238 0
920 0
875 0
332 1
1251 0
78 1
991 0
1224 0
536 1
914 0
794 0
1124 0
428 1
918 0
1049 0
245 1
183 1
1216 0
885 0
1057 0
1178 0
842 0
417 1
171 1
228 1
1064 0
79 1
1094 0
502 1
571 1
302 1
1168 0
596 1
469 1
420 1
306 1
328 1
211 1
962 0
103 1
1024 0
336 1
1012 0
92 1
1036 0
522 1
1118 0
1117 0
800 0
903 0
1098 0
412 1
391 1
996 0
409 1
146 1
225 1
262 1
84 1
87 1
96 1
1104 0
434 1
533 1
869 0
978 0
689 0
170 1
221 1
382 1
985 0
376 1
1228 0
591 1
1083 0
878 0
898 0
269 1
768 0
449 1
337 1
901 0
1026 0
844 0
90 1
91 1
131 1
658 0
437 1
904 0
818 0
485 1
677 0
555 1
188 1
830 0
1128 0
458 1
1015 0
595 1
600 1
1011 0
117 1
496 1
93 1
107 1
762 0
298 1
94 1
192 1
621 1
674 0
400 1
911 0
1181 0
957 0
959 0
620 1
95 1
1065 0
516 1
325 1
313 1
964 0
1266 0
1189 0
1075 0
98 1
622 1
1269 0
476 1
865 0
754 0
805 0
1192 0
369 1
97 1
246 1
1102 0
343 1
921 0
1079 0
809 0
944 0
100 1
153 1
1157 0
156 1
846 0
1125 0
220 1
148 1
1143 0
1249 0
542 1
808 0
1047 0
104 1
788 0
887 0
1101 0
361 1
478 1
101 1
493 1
304 1
1107 0
471 1
833 0
902 0
721 0
435 1
1061 0
248 1
1020 0
666 0
799 0
464 1
1004 0
1272 0
826 0
548 1
200 1
506 1
906 0
481 1
603 1
1053 0
1081 0
520 1
390 1
342 1
106 1
819 0
480 1
1060 0
879 0
521 1
1033 0
236 1
961 0
257 1
137 1
375 1
109 1
803 0
1040 0
575 1
176 1
1174 0
692 0
500 1
1213 0
1150 0
1258 0
1162 0
955 0
688 0
168 1
709 0
293 1
1087 0
1043 0
383 1
654 0
851 0
793 0
929 0
1204 0
905 0
517 1
1202 0
114 1
1031 0
377 1
778 0
175 1
652 0
113 1
189 1
402 1
259 1
1159 0
733 0
673 0
845 0
940 0
232 1
1129 0
454 1
773 0
295 1
1171 0
1206 0
515 1
717 0
651 0
1270 0
858 0
605 1
663 0
671 0
230 1
602 1
142 1
968 0
120 1
1140 0
1006 0
700 0
395 1
426 1
508 1
1219 0
1054 0
1214 0
470 1
615 1
1003 0
416 1
141 1
463 1
466 1
1264 0
900 0
223 1
123 1
661 0
443 1
163 1
672 0
371 1
783 0
753 0
301 1
889 0
1120 0
438 1
264 1
1180 0
318 1
127 1
1199 0
572 1
1217 0
314 1
1110 0
128 1
427 1
429 1
665 0
258 1
1191 0
279 1
240 1
129 1
1259 0
1245 0
243 1
751 0
442 1
743 0
379 1
881 0
349 1
1062 0
132 1
1069 0
745 0
656 0
613 1
1001 0
532 1
699 0
419 1
791 0
807 0
810 0
825 0
331 1
1082 0
1013 0
988 0
967 0
552 1
456 1
930 0
694 0
953 0
1261 0
433 1
459 1
1145 0
384 1
455 1
866 0
479 1
263 1
690 0
1211 0
980 0
691 0
827 0
974 0
408 1
140 1
852 0
351 1
687 0
347 1
251 1
143 1
535 1
582 1
1025 0
1072 0
222 1
219 1
560 1
1122 0
564 1
648 1
837 0
518 1
271 1
242 1
498 1
973 0
554 1
468 1
147 1
812 0
307 1
722 0
752 0
705 0
1038 0
255 1
1263 0
357 1
916 0
215 1
150 1
540 1
511 1
597 1
638 1
1233 0
592 1
933 0
152 1
1232 0
401 1
194 1
199 1
385 1
154 1
731 0
1019 0
681 0
934 0
728 0
1046 0
927 0
686 0
423 1
157 1
451 1
285 1
971 0
482 1
350 1
312 1
333 1
1119 0
761 0
166 1
853 0
606 1
749 0
995 0
407 1
983 0
1000 0
1113 0
239 1
162 1
344 1
352 1
497 1
195 1
164 1
323 1
668 0
234 1
559 1
557 1
616 1
247 1
1137 0
319 1
629 1
806 0
238 1
849 0
1086 0
590 1
1080 0
277 1
169 1
396 1
1071 0
567 1
583 1
447 1
570 1
617 1
397 1
759 0
960 0
1078 0
213 1
274 1
341 1
737 0
356 1
774 0
1127 0
1099 0
1236 0
797 0
1151 0
1066 0
873 0
254 1
1085 0
683 0
726 0
1144 0
404 1
237 1
1225 0
741 0
1133 0
305 1
1134 0
270 1
894 0
701 0
769 0
185 1
566 1
984 0
577 1
186 1
994 0
1070 0
856 0
430 1
609 1
693 0
365 1
1021 0
585 1
872 0
191 1
226 1
539 1
538 1
519 1
373 1
698 0
886 0
611 1
418 1
198 1
1007 0
207 1
286 1
1095 0
644 1
1242 0
642 1
547 1
770 0
607 1
1169 0
358 1
208 1
1116 0
393 1
643 1
322 1
941 0
210 1
212 1
214 1
216 1
835 0
823 0
655 0
440 1
218 1
1051 0
1112 0
1267 0
439 1
1089 0
635 1
727 0
550 1
354 1
646 1
708 0
877 0
513 1
612 1
1010 0
1139 0
697 0
1193 0
861 0
647 1
1161 0
231 1
896 0
924 0
659 0
931 0
488 1
309 1
841 0
310 1
765 0
510 1
1265 0
294 1
316 1
1034 0
1257 0
253 1
817 0
415 1
1230 0
339 1
946 0
1210 0
775 0
1132 0
1088 0
608 1
1002 0
553 1
335 1
867 0
857 0
587 1
278 1
580 1
1273 0
490 1
444 1
1200 0
586 1
410 1
942 0
684 0
976 0
573 1
1179 0
549 1
1138 0
1091 0
1042 0
275 1
926 0
303 1
1175 0
1056 0
392 1
718 0
292 1
1231 0
287 1
1239 0
1190 0
1073 0
584 1
338 1
645 1
868 0
529 1
703 0
1223 0
308 1
987 0
1177 0
1052 0
1186 0
1156 0
649 1
524 1
484 1
966 0
945 0
324 1
327 1
374 1
632 1
503 1
919 0
811 0
908 0
386 1
1246 0
972 0
598 1
913 0
359 1
993 0
364 1
829 0
1037 0
1196 0
660 0
411 1
917 0
556 1
563 1
1055 0
1136 0
1109 0
534 1
802 0
462 1
712 0
1142 0
618 1
895 0
813 0
723 0
1222 0