0 1
1 0
2 1
3 0
4 1
5 0
6 1
7 0
8 1
9 0
10 0
11 0
12 1
13 0
14 0
15 1
16 1
17 1
18 1
19 0
20 0
21 0
22 0
23 1
24 1
25 0
26 0
27 0
28 0
29 1
30 1
31 0
32 0
33 0
34 1
35 0
36 1
37 0
38 1
39 1
40 1
41 1
42 1
43 1
44 1
45 1
46 1
47 0
48 1
49 1
50 1
51 0
52 0
53 1
54 0
55 0
56 0
57 0
58 1
59 0
60 1
61 0
62 0
63 1
64 1
65 0
66 1
67 1
68 0
69 1
70 0
71 0
72 1
73 0
74 0
75 0
76 1
77 1
78 0
79 0
80 0
81 0
82 0
83 0
84 0
85 0
86 0
87 0
88 0
89 0
90 1
91 0
92 1
93 0
94 1
95 1
96 1
97 1
98 0
99 1
100 0
101 1
102 0
103 0
104 0
105 1
106 1
107 0
108 0
109 0
110 0
111 0
112 0
113 1
114 1
115 1
116 1
117 0
118 0
119 0
120 0
121 0
122 1
123 0
124 0
125 0
126 0
127 1
128 1
129 0
130 0
131 1
132 1
133 1
134 1
135 0
136 1
137 0
138 1
139 1
140 0
141 0
142 1
143 0
144 1
145 0
146 1
147 0
148 0
149 0
150 0
151 0
152 1
153 0
154 1
155 0
156 0
157 0
158 1
159 0
160 1
161 1
162 1
163 1
164 1
165 0
166 1
167 1
168 0
169 1
170 1
171 0
172 0
173 0
174 1
175 1
176 0
177 1
178 0
179 0
180 1
181 0
182 1
183 0
184 0
185 1
186 1
187 0
188 0
189 0
190 0
191 1
192 1
193 0
194 0
195 1
196 0
197 1
198 0
199 0
200 0
201 0
202 0
203 0
204 0
205 1
206 0
207 0
208 0
209 0
210 1
211 1
212 1
213 0
214 0
215 0
216 1
217 1
218 1
219 0
220 0
221 1
222 0
223 0
224 1
225 1
226 0
227 1
228 0
229 0
230 1
231 0
232 0
233 1
234 0
235 0
236 1
237 1
238 0
239 0
240 0
241 0
242 1
243 0
244 0
245 1
246 0
247 1
248 1
249 0
250 0
251 1
252 1
253 1
254 0
255 1
256 1
257 0
258 0
259 1
260 1
261 0
262 0
263 0
264 0
265 1
266 0
267 0
268 1
269 1
270 0
271 0
272 0
273 0
274 0
275 0
276 1
277 1
278 0
279 0
280 0
281 0
282 1
283 1
284 1
285 1
286 1
287 0
288 0
289 0
290 0
291 1
292 1
293 0
294 1
295 1
296 0
297 1
298 1
299 0
300 1
301 1
302 0
303 1
304 0
305 1
306 0
307 0
308 1
309 0
310 0
311 0
312 1
313 0
314 0
315 1
316 0
317 1
318 1
319 1
320 0
321 1
322 0
323 0
324 1
325 1
326 0
327 0
328 1
329 0
330 1
331 0
332 0
333 0
334 1
335 0
336 0
337 0
338 1
339 0
340 1
341 0
342 0
343 0
344 1
345 1
346 0
347 1
348 0
349 0
350 1
351 1
352 0
353 0
354 1
355 1
356 1
357 0
358 1
359 0
360 0
361 1
362 1
363 1
364 1
365 1
366 0
367 0
368 0
369 1
370 1
371 0
372 1
373 0
374 1
375 0
376 0
377 1
378 1
379 1
380 0
381 1
382 0
383 1
384 0
385 1
386 1
387 1
388 0
389 0
390 1
391 0
392 0
393 0
394 0
395 1
396 1
397 0
398 1
399 1
400 0
401 1
402 1
403 0
404 1
405 1
406 1
407 0
408 1
409 0
410 1
411 0
412 1
413 0
414 1
415 1
416 1
417 1
418 0
419 1
420 0
421 0
422 1
423 1
424 1
425 1
426 1
427 1
428 1
429 1
430 1
431 0
432 1
433 1
434 1
435 1
436 1
437 0
438 1
439 0
440 0
441 1
442 0
443 0
444 1
445 1
446 1
447 1
448 0
449 0
450 0
451 0
452 1
453 1
454 0
455 1
456 0
457 1
458 1
459 1
460 1
461 1
462 0
463 1
464 1
465 1
466 1
467 0
468 0
469 0
470 1
471 1
472 0
473 1
474 1
475 0
476 1
477 1
478 1
479 1
480 1
481 1
482 0
483 1
484 0
485 1
486 1
487 0
488 0
489 1
490 0
491 0
492 1
493 1
494 0
495 0
496 0
497 1
498 1
499 1
500 1
501 0
502 1
503 1
504 0
505 0
506 0
507 0
508 1
509 0
510 0
511 0
512 1
513 0
514 1
515 1
516 1
517 0
518 0
519 0
520 0
521 0
522 0
523 1
524 1
525 1
526 1
527 1
528 1
529 1
530 0
531 0
532 1
533 1
534 0
535 0
536 1
537 0
538 1
539 1
540 1
541 1
542 0
543 1
544 1
545 0
546 0
547 1
548 0
549 0
550 1
551 0
552 1
553 0
554 0
555 1
556 0
557 1
558 1
559 0
560 1
561 0
562 0
563 1
564 1
565 1
566 1
567 1
568 1
569 0
570 1
571 1
572 1
573 0
574 1
575 1
576 0
577 1
578 1
579 0
580 0
581 0
582 0
583 1
584 1
585 1
586 1
587 1
588 1
589 1
590 1
591 0
592 0
593 0
594 1
595 1
596 0
597 1
598 0
599 0
600 0
601 0
602 0
603 1
604 0
605 0
606 1
607 0
608 1
609 0
610 0
611 0
612 1
613 0
614 1
615 1
616 0
617 1
618 0
619 0
620 1
621 1
622 0
623 1
624 1
625 0
626 1
627 0
628 0
629 1
630 1
631 0
632 1
633 0
634 1
635 0
636 1
637 1
638 1
639 1
640 0
641 0
642 0
643 1
644 0
645 1
646 1
647 1
648 0
649 0
650 1
651 0
652 0
653 1
654 0
655 0
656 1
657 1
658 0
659 1
660 1
661 0
662 0
663 0
664 1
665 1
666 1
667 1
668 1
669 0
670 0
671 0
672 0
673 0
674 0
675 0
676 1
677 0
678 1
679 1
680 0
681 0
682 0
683 1
684 0
685 1
686 1
687 1
688 0
689 1
690 1
691 1
692 1
693 0
694 0
695 1
696 1
697 0
698 1
699 0
700 0
701 0
702 0
703 1
704 0
705 1
706 1
707 0
708 0
709 0
710 1
711 1
712 1
713 0
714 1
715 0
716 1
717 0
718 0
719 0
720 0
721 0
722 1
723 1
724 0
725 0
726 1
727 0
728 0
729 0
730 0
731 1
732 0
733 0
734 0
735 1
736 1
737 0
738 1
739 1
740 1
741 0
742 0
743 1
744 0
745 1
746 1
747 0
748 1
749 1
750 0
751 0
752 0
753 1
754 0
755 0
756 0
757 1
758 0
759 0
760 1
761 0
762 0
763 1
764 1
765 0
766 1
767 0
768 1
769 1
770 0
771 0
772 0
773 1
774 0
775 1
776 1
777 0
778 0
779 0
780 0
781 0
782 0
783 1
784 1
785 0
786 1
787 0
788 0
789 1
790 1
791 1
792 0
793 0
794 1
795 1
796 0
797 1
798 0
799 1
800 0
801 0
802 0
803 1
804 0
805 1
806 1
807 0
808 1
809 0
810 1
811 1
812 0
813 1
814 1
815 0
816 0
817 0
818 1
819 0
820 1
821 1
822 1
823 1
824 0
825 1
826 0
827 0
828 0
829 0
830 0
831 0
832 0
833 0
834 0
835 1
836 0
837 0
838 1
839 1
840 0
841 1
842 0
843 0
844 0
845 0
846 1
847 1
848 1
849 0
850 1
851 0
852 1
853 1
854 0
855 0
856 0
857 0
858 1
859 1
860 1
861 1
862 1
863 1
864 0
865 0
866 0
867 0
868 0
869 1
870 1
871 1
872 0
873 1
874 1
875 1
876 1
877 1
878 0
879 0
880 0
881 0
882 1
883 0
884 1
885 0
886 1
887 0
888 1
889 1
890 0
891 0
892 0
893 1
894 1
895 0
896 0
897 0
898 1
899 1
900 0
901 1
902 1
903 1
904 0
905 1
906 0
907 1
908 0
909 1
910 1
911 0
912 1
913 1
914 1
915 1
916 0
917 1
918 0
919 0
920 1
921 0
922 1
923 0
924 1
925 1
926 0
927 1
928 1
929 0
930 1
931 0
932 0
933 0
934 0
935 0
936 1
937 1
938 1
939 1
940 0
941 0
942 1
943 1
944 0
945 0
946 1
947 1
948 0
949 1
950 1
951 0
952 1
953 0
954 1
955 1
956 1
957 1
958 1
959 1
960 0
961 0
962 0
963 1
964 1
965 1
966 0
967 0
968 1
969 1
970 1
971 0
972 1
973 1
974 0
975 0
976 0
977 0
978 1
979 0
980 0
981 0
982 1
983 0
984 1
985 1
986 1
987 0
988 1
989 1
990 1
991 1
992 0
993 1
994 1
995 0
996 0
997 1
998 0
999 0
1000 0
1001 0
1002 0
1003 1
1004 0
1005 1
1006 0
1007 0
1008 0
1009 1
1010 0
1011 0
1012 0
1013 1
1014 1
1015 1
1016 0
1017 1
1018 1
1019 1
1020 0
1021 1
1022 1
1023 0
1024 0
1025 0
1026 0
1027 1
1028 0
1029 1
1030 1
1031 1
1032 0
1033 1
1034 0
1035 1
1036 0
1037 0
1038 1
1039 0
1040 0
1041 1
1042 1
1043 0
1044 1
1045 0
1046 1
1047 0
1048 1
1049 0
1050 1
1051 1
1052 0
1053 0
1054 1
1055 1
1056 0
1057 0
1058 0
1059 1
1060 1
1061 1
1062 0
1063 0
1064 0
1065 1
1066 0
1067 1
1068 1
1069 1
1070 0
1071 0
1072 0
1073 1
1074 1
1075 0
1076 1
1077 1
1078 0
1079 1
1080 0
1081 1
1082 1
1083 1
1084 1
1085 1
1086 0
1087 0
1088 1
1089 1
1090 1
1091 0
1092 1
1093 0
1094 1
1095 1
1096 0
1097 1
1098 0
1099 1
1100 0
1101 0
1102 1
1103 1
1104 1
1105 1
1106 1
1107 0
1108 1
1109 0
1110 1
1111 0
1112 0
1113 0
1114 1
1115 0
1116 0
1117 1
1118 0
1119 0
1120 1
1121 1
1122 1
1123 1
1124 1
1125 0
1126 0
1127 1
1128 0
1129 0
1130 1
1131 0
1132 1
1133 0
1134 0
1135 1
1136 1
1137 0
1138 0
1139 0
1140 1
1141 1
1142 0
1143 1
1144 1
1145 1
1146 0
1147 0
1148 0
1149 1
1150 1
1151 0
1152 0
1153 0
1154 1
1155 1
1156 0
1157 0
1158 0
1159 0
1160 1
1161 1
1162 0
1163 1
1164 0
1165 0
1166 1
1167 1
1168 0
1169 1
1170 1
1171 0
1172 0
1173 0
1174 0
1175 1
1176 0
1177 0
1178 0
1179 0
1180 0
1181 0
1182 1
1183 0
1184 1
1185 1
1186 0
1187 1
1188 1
1189 0
1190 1
1191 1
1192 0
1193 1
1194 1
1195 0
1196 0
1197 0
1198 1
1199 1
1200 1
1201 0
1202 0
1203 1
1204 1
1205 0
1206 1
1207 1
1208 0
1209 1
1210 0
1211 0
1212 0
1213 1
1214 1
1215 1
1216 0
1217 1
1218 1
1219 0
1220 0
1221 1
1222 0
1223 1
1224 0
1225 1
1226 1
1227 1
1228 1
1229 0
1230 1
1231 1
1232 0
1233 1
1234 1
1235 1
1236 1
1237 0
1238 1
1239 1
1240 0
1241 0
1242 1
1243 1
1244 0
1245 0
1246 0
1247 0
1248 0
1249 1
1250 1
1251 0
1252 0
1253 0
1254 1
1255 1
1256 0
1257 1
1258 1
1259 0
1260 1
1261 1
1262 0
1263 0
1264 0
1265 0
1266 0
1267 0
1268 1
1269 0
1270 0
1271 0
1272 1
1273 1
1274 1
1275 0
1276 1
1277 0
1278 1
1279 1
1280 0
1281 0
1282 1
1283 0
1284 0
1285 0
1286 1
1287 0
1288 1
1289 1
1290 1
1291 1
1292 0
1293 0
1294 1
1295 1
1296 1
1297 0
1298 0
1299 1
1300 1
1301 0
1302 0
1303 0
1304 1
1305 0
1306 1
1307 1
1308 1
1309 1
1310 1
1311 1
1312 0
1313 0
1314 0
1315 1
1316 1
1317 0
1318 1
1319 1
1320 0
1321 1
1322 0
1323 1
1324 0
1325 0
1326 1
1327 0
1328 1
1329 1
1330 0
1331 1
1332 0
1333 0
1334 1
1335 1
1336 0
1337 0
1338 0
1339 1
1340 1
1341 1
1342 0
1343 1
1344 1
1345 0
1346 0
1347 1
1348 1
1349 0
1350 1
1351 1
1352 1
1353 1
1354 1
1355 0
1356 1
1357 1
1358 0
1359 1
1360 0
1361 0
1362 0
1363 0
1364 0
1365 1
1366 1
1367 1
1368 0
1369 1
1370 1
1371 0
1372 1
1373 1
1374 1
1375 0
1376 1
1377 0
1378 0
1379 1
1380 1
1381 1
1382 0
1383 1
1384 0
1385 1
1386 0
1387 1
1388 0
1389 1
1390 1
1391 1
1392 0
1393 0
1394 0
1395 1
1396 1
1397 0
1398 0
1399 1
1400 0
1401 1
1402 0
1403 0
1404 0
1405 1
1406 1
1407 1
1408 0
1409 1
1410 1
1411 0
1412 0
1413 0
1414 0
1415 1
1416 1
1417 0
1418 1
1419 0
1420 1
1421 1
1422 1
1423 0
1424 1
1425 1
1426 0
1427 0
1428 0
1429 1
1430 1
1431 0
1432 1
1433 1
1434 0
1435 0
1436 0
1437 1
1438 0
1439 0
1440 0
1441 0
1442 0
1443 0
1444 1
1445 0
1446 0
1447 1
1448 1
1449 1
1450 0
1451 0
1452 0
1453 1
1454 1
1455 1
1456 1
1457 1
1458 0
1459 0
1460 1
1461 0
1462 0
1463 0
1464 1
1465 0
1466 1
1467 0
1468 1
1469 0
1470 1
1471 1
1472 1
1473 1
1474 0
1475 1
1476 0
1477 1
1478 0
1479 0
1480 0
1481 1
1482 0
1483 1
1484 0
1485 0
1486 0
1487 1
1488 0
1489 1
1490 1
1491 1
1492 0
1493 0
1494 0
1495 1
1496 1
1497 1
1498 1
1499 1
1500 1
1501 1
1502 0
1503 0
1504 0
1505 0
1506 1
1507 0
1508 0
1509 0
1510 0
1511 0
1512 0
1513 0
1514 0
1515 1
1516 1
1517 0
1518 1
1519 1
1520 1
1521 0
1522 1
1523 0
1524 0
1525 1
1526 1
1527 0
1528 0
1529 1
1530 0
1531 0
1532 0
1533 0
1534 1
1535 0
1536 0
1537 1
1538 1
1539 1
1540 1
1541 1
1542 0
1543 1
1544 0
1545 1
1546 1
1547 1
1548 0
1549 0
1550 0
1551 0
1552 1
1553 1
1554 1
1555 0
1556 0
1557 1
1558 1
1559 0
1560 1
1561 0
1562 0
1563 1
1564 0
1565 1
1566 1
1567 1
1568 0
1569 0
1570 1
1571 0
1572 0
1573 1
1574 1
1575 0
1576 0
1577 1
1578 1
1579 0
1580 0
1581 1
1582 0
1583 0
1584 1
1585 0
1586 1
1587 1
1588 1
1589 0
1590 0
1591 0
1592 0
1593 0
1594 0
1595 1
1596 1
1597 1
1598 1
1599 1
1600 1
1601 0
1602 0
1603 0
1604 1
1605 1
1606 0
1607 0
1608 0
1609 0
1610 0
1611 0
1612 1
1613 1
1614 0
1615 0
1616 1
1617 0
1618 0
1619 0
1620 1
1621 0
1622 1
1623 0
1624 1
1625 1
1626 1
1627 0
1628 1
1629 1
1630 0
1631 1
1632 0
1633 1
1634 1
1635 0
1636 1
1637 1
1638 1
1639 1
1640 0
1641 0
1642 1
1643 1
1644 0
1645 0
1646 0
1647 1
1648 0
1649 1
1650 0
1651 1
1652 0
1653 1
1654 0
1655 1
1656 1
1657 0
1658 0
1659 0
1660 1
1661 0
1662 0
1663 0
1664 1
1665 1
1666 1
1667 0
1668 1
1669 0
1670 1
1671 0
1672 1
1673 1
1674 1
1675 1
1676 1
1677 1
1678 1
1679 1
1680 0
1681 1
1682 0
1683 1
1684 0
1685 0
1686 0
1687 0
1688 1
1689 1
1690 1
1691 1
1692 1
1693 0
1694 0
1695 0
1696 1
1697 0
1698 0
1699 0
1700 0
1701 1
1702 0
1703 0
1704 1
1705 0
1706 0
1707 0
1708 0
1709 1
1710 0
1711 1
1712 1
1713 1
1714 1
1715 0
1716 1
1717 0
1718 1
1719 0
1720 0
1721 1
1722 0
1723 1
1724 1
1725 0
1726 0
1727 0
1728 0
1729 1
1730 0
1731 0
1732 0
1733 0
1734 0
1735 0
1736 1
1737 0
1738 0
1739 0
1740 1
1741 1
1742 1
1743 0
1744 1
1745 1
1746 0
1747 0
1748 1
1749 0
1750 1
1751 1
1752 1
1753 0
1754 1
1755 1
1756 1
1757 0
1758 0
1759 1
1760 1
1761 1
1762 0
1763 1
1764 0
1765 0
1766 1
1767 0
1768 0
1769 1
1770 1
1771 0
1772 1
1773 0
1774 0
1775 0
1776 0
1777 0
1778 0
1779 0
1780 0
1781 1
1782 0
1783 1
1784 0
1785 1
1786 0
1787 0
1788 0
1789 0
1790 0
1791 0
1792 1
1793 0
1794 1
1795 0
1796 0
1797 0
1798 1
1799 0
1800 0
1801 1
1802 1
1803 1
1804 0
1805 0
1806 0
1807 1
1808 1
1809 1
1810 0
1811 0
1812 1
1813 0
1814 1
1815 0
1816 1
1817 0
1818 0
1819 1
1820 1
1821 1
1822 1
1823 0
1824 0
1825 1
1826 1
1827 0
1828 1
1829 0
1830 0
1831 0
1832 1
1833 0
1834 0
1835 0
1836 0
1837 1
1838 0
1839 1
1840 0
1841 1
1842 0
1843 0
1844 0
1845 0
1846 0
1847 1
1848 0
1849 0
1850 1
1851 1
1852 0
1853 0
1854 0
1855 0
1856 1
1857 1
1858 1
1859 1
1860 0
1861 1
1862 0
1863 0
1864 0
1865 1
1866 1
1867 0
1868 0
1869 0
1870 0
1871 1
1872 0
1873 0
1874 1
1875 1
1876 0
1877 0
1878 0
1879 1
1880 0
1881 0
1882 0
1883 1
1884 0
1885 1
1886 0
1887 1
1888 0
1889 0
1890 1
1891 1
1892 0
1893 0
1894 1
1895 0
1896 1
1897 0
1898 0
1899 1
1900 0
1901 1
1902 1
1903 0
1904 0
1905 0
1906 0
1907 1
1908 0
1909 1
1910 1
1911 0
1912 0
1913 0
1914 1
1915 0
1916 0
1917 0
1918 1
1919 1
1920 1
1921 1
1922 0
1923 1
1924 0
1925 0
1926 1
1927 0
1928 1
1929 1
1930 1
1931 0
1932 1
1933 1
1934 1
1935 1
1936 0
1937 1
1938 1
1939 1
1940 1
1941 0
1942 1
1943 1
1944 1
1945 0
1946 0
1947 0
1948 1
1949 0
1950 0
1951 0
1952 1
1953 0
1954 0
1955 0
1956 1
1957 1
1958 1
1959 1
1960 1
1961 1
1962 0
1963 0
1964 0
1965 1
1966 0
1967 0
1968 1
1969 0
1970 0
1971 1
1972 0
1973 0
1974 0
1975 0
1976 0
1977 1
1978 1
1979 1
1980 1
1981 1
1982 0
1983 0
1984 1
1985 0
1986 1
1987 0
1988 0
1989 1
1990 1
1991 1
1992 0
1993 0
1994 1
1995 1
1996 0
1997 0
1998 1
1999 1
2000 1
2001 1
2002 1
2003 1
2004 0
2005 0
2006 1
2007 0
2008 1
2009 1
2010 1
2011 1
2012 0
2013 1
2014 1
2015 1
2016 0
2017 1
2018 1
2019 1
2020 1
2021 0
2022 0
2023 0
2024 1
2025 0
2026 0
2027 0
2028 0
2029 0
2030 1
2031 1
2032 1
2033 1
2034 0
2035 1
2036 0
2037 1
2038 0
2039 0
2040 1
2041 0
2042 0
2043 0
2044 1
2045 0
2046 0
2047 0
2048 1
2049 1
2050 0
2051 1
2052 0
2053 0
2054 1
2055 0
2056 1
2057 1
2058 0
2059 0
2060 0
2061 1
2062 1
2063 1
2064 0
2065 0
2066 0
2067 1
2068 1
2069 0
2070 1
2071 1
2072 0
2073 0
2074 1
2075 1
2076 1
2077 1
2078 0
2079 1
2080 0
2081 1
2082 0
2083 0
2084 0
2085 0
2086 0
2087 1
2088 1
2089 1
2090 0
2091 0
2092 1
2093 1
2094 0
2095 1
2096 1
2097 0
2098 1
2099 1
2100 0
2101 0
2102 0
2103 1
2104 0
2105 0
2106 0
2107 1
2108 1
2109 0
2110 1
2111 1
2112 1
2113 1
2114 0
2115 0
2116 1
2117 0
2118 0
2119 0
2120 1
2121 1
2122 1
2123 1
2124 0
2125 0
2126 1
2127 1
2128 0
2129 1
2130 0
2131 0
2132 0
2133 0
2134 1
2135 0
2136 0
2137 1
2138 1
2139 1
2140 0
2141 0
2142 1
2143 0
2144 0
2145 1
2146 0
2147 0
2148 0
2149 1
2150 1
2151 1
2152 0
2153 1
2154 0
2155 0
2156 1
2157 0
2158 1
2159 0
2160 1
2161 0
2162 1
2163 1
2164 0
2165 1
2166 1
2167 0
2168 1
2169 1
2170 0
2171 0
2172 1
2173 1
2174 0
2175 1
2176 0
2177 1
2178 1
2179 0
2180 0
2181 0
2182 0
2183 0
2184 0
2185 0
2186 0
2187 0
2188 0
2189 1
2190 0
2191 1
2192 0
2193 1
2194 1
2195 0
2196 0
2197 1
2198 1
2199 0
2200 1
2201 0
2202 0
2203 1
2204 0
2205 1
2206 0
2207 1
2208 1
2209 1
2210 1
2211 0
2212 0
2213 1
2214 0
2215 1
2216 0
2217 0
2218 0
2219 1
2220 1
2221 1
2222 1
2223 1
2224 0
2225 0
2226 0
2227 1
2228 1
2229 1
2230 1
2231 1
2232 0
2233 1
2234 0
2235 0
2236 1
2237 1
2238 0
2239 0
2240 1
2241 0
2242 0
2243 1
2244 0
2245 0
2246 0
2247 1
2248 0
2249 0
2250 0
2251 1
2252 0
2253 0
2254 0
2255 1
2256 1
2257 0
2258 1
2259 1
2260 0
2261 0
2262 0
2263 0
2264 1
2265 0
2266 1
2267 0
2268 0
2269 0
2270 0
2271 0
2272 0
2273 1
2274 1
2275 0
2276 0
2277 0
2278 0
2279 1
2280 1
2281 1
2282 0
2283 1
2284 1
2285 0
2286 1
2287 1
2288 0
2289 0
2290 1
2291 1
2292 1
2293 1
2294 0
2295 1
2296 0
2297 1
2298 1
2299 1
2300 0
2301 1
2302 1
2303 1
2304 0
2305 0
2306 1
2307 0
2308 1
2309 1
2310 0
2311 1
2312 1
2313 1
2314 1
2315 0
2316 0
2317 1
2318 1
2319 0
2320 0
2321 1
2322 0
2323 0
2324 1
2325 1
2326 0
2327 1
2328 0
2329 0
2330 1
2331 1
2332 0
2333 1
2334 0
2335 1
2336 0
2337 0
2338 1
2339 1
2340 0
2341 1
2342 0
2343 1
2344 1
2345 0
2346 1
2347 0
2348 1
2349 1
2350 1
2351 0
2352 0
2353 1
2354 0
2355 0
2356 1
2357 0
2358 0
2359 0
2360 1
2361 1
2362 1
2363 1
2364 0
2365 1
2366 0
2367 0
2368 0
2369 1
2370 1
2371 1
2372 1
2373 0
2374 1
2375 1
2376 1
2377 0
2378 0
2379 0
2380 0
2381 1
2382 0
2383 1
2384 1
2385 1
2386 1
2387 0
2388 0
2389 0
2390 1
2391 1
2392 0
2393 1
2394 0
2395 0
2396 0
2397 0
2398 0
2399 0
2400 1
2401 1
2402 0
2403 0
2404 0
2405 1
2406 1
2407 0
2408 0
2409 1
2410 0
2411 0
2412 0
2413 1
2414 1
2415 1
2416 1
2417 0
2418 0
2419 0
2420 0
2421 1
2422 0
2423 1
2424 1
2425 1
2426 0
2427 1
2428 1
2429 0
2430 0
2431 0
2432 1
2433 0
2434 1
2435 1
2436 1
2437 0
2438 0
2439 0
2440 1
2441 0
2442 1
2443 0
2444 1
2445 0
2446 0
2447 1
2448 0
2449 0
2450 1
2451 0
2452 0
2453 0
2454 0
2455 0
2456 1
2457 0
2458 1
2459 1
2460 1
2461 0
2462 0
2463 0
2464 0
2465 0
2466 0
2467 0
2468 0
2469 1
2470 0
2471 0
2472 1
2473 1
2474 1
2475 0
2476 1
2477 0
2478 0
2479 0
2480 0
2481 1
2482 0
2483 0
2484 0
2485 1
2486 0
2487 1
2488 1
2489 1
2490 1
2491 1
2492 0
2493 1
2494 1
2495 1
2496 0
2497 1
2498 0
2499 1
2500 1
2501 0
2502 1
2503 0
2504 0
2505 0
2506 0
2507 0
2508 0
2509 1
2510 0
2511 1
2512 0
2513 0
2514 1
2515 1
2516 0
2517 1
2518 1
2519 0
2520 0
2521 0
2522 1
2523 0
2524 1
2525 1
2526 1
2527 1
2528 0
2529 0
2530 1
2531 0
2532 0
2533 0
2534 0
2535 1
2536 0
2537 1
2538 1
2539 0
2540 0
2541 0
2542 1
2543 0
2544 0
2545 1
2546 1
2547 0
2548 1
2549 1
2550 1
2551 1
2552 0
2553 1
2554 0
2555 0
2556 1
2557 1
2558 1
2559 0
2560 0
2561 1
2562 1
2563 1
2564 1
2565 1
2566 1
2567 0
2568 1
2569 1
2570 0
2571 0
2572 0
2573 1
2574 1
2575 0
2576 1
2577 0
2578 1
2579 0
2580 0
2581 0
2582 0
2583 0
2584 1
2585 0
2586 0
2587 0
2588 1
2589 0
2590 1
2591 0
2592 1
2593 0
2594 0
2595 0
2596 0
2597 1
2598 1
2599 1
2600 1
2601 1
2602 0
2603 0
2604 0
2605 0
2606 1
2607 1
2608 0
2609 0
2610 0
2611 0
2612 1
2613 1
2614 0
2615 0
2616 0
2617 1
2618 1
2619 1
2620 0
2621 1
2622 1
2623 1
2624 1
2625 0
2626 1
2627 0
2628 1
2629 0
2630 0
2631 1
2632 0
2633 1
2634 0
2635 1
2636 0
2637 0
2638 0
2639 1
2640 1
2641 0
2642 0
2643 1
2644 1
2645 1
2646 0
2647 1
2648 0
2649 0
2650 0
2651 0
2652 0
2653 0
2654 0
2655 1
2656 0
2657 0
2658 1
2659 0
2660 1
2661 0
2662 0
2663 1
2664 1
2665 0
2666 1
2667 0
2668 0
2669 1
2670 0
2671 1
2672 1
2673 1
2674 1
2675 0
2676 0
2677 1
2678 1
2679 1
2680 1
2681 0
2682 0
2683 1
2684 0
2685 0
2686 0
2687 1
2688 1
2689 0
2690 1
2691 0
2692 0
2693 1
2694 1
2695 1
2696 1
2697 1
2698 1
2699 1
2700 1
2701 1
2702 0
2703 1
2704 1
2705 1
2706 1
2707 0
2708 0
2709 0
2710 1
2711 1
2712 1
2713 0
2714 1
2715 0
2716 0
2717 0
2718 1
2719 0
2720 1
2721 0
2722 1
2723 1
2724 0
2725 0
2726 0
2727 0
2728 1
2729 0
2730 0
2731 0
2732 0
2733 1
2734 0
2735 0
2736 0
2737 0
2738 1
2739 1
2740 0
2741 0
2742 0
2743 0
2744 0
2745 1
2746 0
2747 0
2748 0
2749 1
2750 0
2751 0
2752 1
2753 1
2754 0
2755 0
2756 0
2757 0
2758 0
2759 1
2760 1
2761 1
2762 1
2763 0
2764 1
2765 1
2766 0
2767 1
2768 1
2769 1
2770 1
2771 0
2772 1
2773 0
2774 1
2775 0
2776 1
2777 0
2778 0
2779 0
2780 0
2781 1
2782 0
2783 0
2784 0
2785 0
2786 0
2787 0
2788 1
2789 0
2790 0
2791 1
2792 1
2793 1
2794 1
2795 1
2796 1
2797 1
2798 1
2799 1
2800 1
2801 1
2802 1
2803 0
2804 0
2805 0
2806 0
2807 1
2808 1
2809 1
2810 0
2811 0
2812 0
2813 1
2814 1
2815 0
2816 0
2817 1
2818 1
2819 1
2820 0
2821 1
2822 0
2823 1
2824 1
2825 0
2826 1
2827 0
2828 1
2829 1
2830 1
2831 1
2832 0
2833 1
2834 0
2835 1
2836 1
2837 1
2838 0
2839 1
2840 0
2841 1
2842 0
2843 0
2844 1
2845 1
2846 1
2847 0
2848 0
2849 1
2850 1
2851 1
2852 0
2853 0
2854 1
2855 0
2856 0
2857 1
2858 1
2859 0
2860 0
2861 1
2862 0
2863 1
2864 1
2865 1
2866 0
2867 1
2868 1
2869 0
2870 1
2871 1
2872 0
2873 0
2874 0
2875 0
2876 1
2877 1
2878 0
2879 1
2880 0
2881 1
2882 1
2883 0
2884 1
2885 1
2886 1
2887 1
2888 0
2889 1
2890 0
2891 1
2892 1
2893 0
2894 0
2895 1
2896 1
2897 0
2898 0
2899 1
2900 1
2901 0
2902 1
2903 0
2904 0
2905 0
2906 1
2907 0
2908 1
2909 0
2910 1
2911 1
2912 1
2913 1
2914 1
2915 1
2916 1
2917 0
2918 1
2919 1
2920 1
2921 0
2922 0
2923 0
2924 0
2925 0
2926 1
2927 0
2928 0
2929 1
2930 1
2931 1
2932 1
2933 1
2934 1
2935 1
2936 0
2937 1
2938 0
2939 0
2940 0
2941 0
2942 0
2943 0
2944 1
2945 0
2946 1
2947 0
2948 0
2949 0
2950 0
2951 0
2952 0
2953 1
2954 0
2955 0
2956 1
2957 0
2958 0
2959 1
2960 1
2961 0
2962 0
2963 1
2964 1
2965 1
2966 1
2967 0
2968 1
2969 1
2970 0
2971 0
2972 0
2973 1
2974 0
2975 0
2976 0
2977 0
2978 1
2979 1
2980 1
2981 1
2982 1
2983 1
2984 0
2985 1
2986 1
2987 1
2988 0
2989 0
2990 1
2991 0
2992 1
2993 1
2994 1
2995 0
2996 0
2997 0
2998 1
2999 0
3000 1
3001 0
3002 1
3003 0
3004 1
3005 0
3006 1
3007 0
3008 1
3009 1
3010 1
3011 1
3012 1
3013 0
3014 1
3015 0
3016 1
3017 1
3018 1
3019 0
3020 0
3021 1
3022 1
3023 1
3024 1
3025 0
3026 0
3027 0
3028 0
3029 0
3030 1
3031 0
3032 0
3033 0
3034 1
3035 0
3036 0
3037 1
3038 1
3039 0
3040 1
3041 1
3042 1
3043 1
3044 1
3045 1
3046 1
3047 0
3048 0
3049 0
3050 0
3051 0
3052 0
3053 1
3054 0
3055 1
3056 1
3057 1
3058 1
3059 1
3060 1
3061 0
3062 1
3063 0
3064 0
3065 0
3066 0
3067 0
3068 1
3069 1
3070 1
3071 1
3072 1
3073 0
3074 0
3075 1
3076 1
3077 1
3078 0
3079 0
3080 1
3081 1
3082 1
3083 0
3084 1
3085 1
3086 0
3087 0
3088 1
3089 1
3090 0
3091 1
3092 0
3093 1
3094 0
3095 0
3096 0
3097 0
3098 1
3099 0
3100 0
3101 0
3102 0
3103 0
3104 0
3105 1
3106 1
3107 1
3108 1
3109 1
3110 0
3111 1
3112 1
3113 0
3114 0
3115 0
3116 0
3117 0
3118 1
3119 1
3120 0
3121 0
3122 1
3123 1
3124 0
3125 1
3126 0
3127 1
3128 1
3129 1
3130 1
3131 0
3132 0
3133 0
3134 1
3135 1
3136 0
3137 1
3138 1
3139 0
3140 1
3141 1
3142 0
3143 0
3144 0
3145 1
3146 1
3147 0
3148 1
3149 0
3150 1
3151 0
3152 1
3153 0
3154 0
3155 0
3156 1
3157 1
3158 0
3159 1
3160 1
3161 0
3162 0
3163 1
3164 0
3165 1
3166 1
3167 1
3168 1
3169 1
3170 1
3171 1
3172 0
3173 1
3174 0
3175 1
3176 0
3177 1
3178 0
3179 1
3180 1
3181 0
3182 0
3183 1
3184 1
3185 1
3186 0
3187 1
3188 1
3189 1
3190 0
3191 1
3192 1
3193 0
3194 0
3195 0
3196 1
3197 1
3198 0
3199 0
3200 0
3201 0
3202 1
3203 0
3204 1
3205 0
3206 1
3207 0
3208 1
3209 0
3210 1
3211 0
3212 1
3213 1
3214 0
3215 0
3216 1
3217 1
3218 0
3219 1
3220 0
3221 0
3222 1
3223 0
3224 1
3225 0
3226 0
3227 0
3228 1
3229 1
3230 1
3231 0
3232 1
3233 1
3234 0
3235 1
3236 1
3237 1
3238 0
3239 1
3240 0
3241 1
3242 1
3243 0
3244 1
3245 0
3246 0
3247 0
3248 1
3249 1
3250 1
3251 0
3252 1
3253 0
3254 1
3255 1
3256 0
3257 0
3258 0
3259 1
3260 1
3261 0
3262 1
3263 0
3264 1
3265 0
3266 0
3267 0
3268 1
3269 0
3270 1
3271 1
3272 1
3273 0
3274 1
3275 0
3276 0
3277 1
3278 0
3279 1
3280 0
3281 1
3282 0
3283 1
3284 0
3285 0
3286 1
3287 0
3288 1
3289 0
3290 0
3291 0
3292 1
3293 1
3294 1
3295 0
3296 1
3297 1
3298 1
3299 1