0 1
0 99
0 4
0 96
0 95
0 94
0 8
0 91
0 90
0 11
0 88
0 14
0 86
0 62
0 50
0 35
0 65
0 20
0 54
0 56
0 37
0 38
0 74
0 79
0 44
0 25
0 71
0 73
0 77
0 33
0 84
1 5
1 6
1 96
1 7
1 8
1 9
1 93
1 10
1 90
1 13
1 89
1 14
1 88
1 87
1 63
1 66
1 35
1 51
1 29
1 25
1 24
1 74
1 79
1 32
1 55
1 84
1 39
1 61
1 57
2 5
2 99
2 7
2 8
2 95
2 10
2 94
2 13
2 14
2 90
2 15
2 17
2 75
2 3
2 72
2 60
2 24
2 57
2 31
2 54
2 69
2 70
2 92
2 63
2 26
2 33
3 4
3 5
3 6
3 8
3 98
3 9
3 10
3 95
3 12
3 13
3 90
3 17
3 89
3 18
3 47
3 42
3 28
3 64
3 61
3 43
3 44
3 59
3 69
3 99
3 22
3 53
3 19
3 45
4 6
4 7
4 99
4 10
4 98
4 12
4 96
4 94
4 15
4 93
4 16
4 19
4 22
4 39
4 62
4 8
4 74
4 70
4 77
4 45
4 20
4 56
4 34
4 85
4 43
4 91
4 78
5 6
5 7
5 10
5 11
5 13
5 14
5 96
5 16
5 17
5 93
5 19
5 91
5 90
5 85
5 78
5 56
5 83
5 24
5 23
5 9
5 65
5 82
5 80
5 54
6 7
6 8
6 10
6 12
6 97
6 17
6 95
6 18
6 19
6 93
6 20
6 21
6 91
6 84
6 78
6 48
6 25
6 44
6 62
6 80
6 85
6 75
6 27
6 36
6 57
6 89
7 8
7 10
7 11
7 13
7 14
7 99
7 98
7 17
7 97
7 18
7 19
7 94
7 21
7 92
7 65
7 45
7 32
7 70
7 9
7 72
7 63
7 57
7 61
7 15
7 84
7 42
7 53
7 40
7 51
8 9
8 10
8 12
8 13
8 16
8 17
8 99
8 98
8 19
8 97
8 20
8 21
8 22
8 49
8 60
8 35
8 30
8 48
8 27
8 45
8 69
8 89
8 54
8 91
8 87
8 90
9 11
9 12
9 13
9 15
9 20
9 98
9 22
9 95
9 24
9 56
9 75
9 45
9 73
9 34
9 62
9 72
9 88
9 25
9 26
9 55
9 97
9 19
9 93
10 11
10 14
10 16
10 20
10 21
10 99
10 22
10 98
10 23
10 24
10 77
10 72
10 50
10 51
10 80
10 32
10 90
10 52
10 41
10 84
10 71
10 58
10 15
10 66
10 47
10 68
10 48
11 12
11 13
11 14
11 16
11 20
11 22
11 23
11 99
11 24
11 98
11 26
11 96
11 85
11 61
11 56
11 93
11 55
11 91
11 83
11 32
12 14
12 15
12 17
12 18
12 24
12 26
12 91
12 36
12 78
12 63
12 40
12 49
12 13
12 48
12 51
12 45
12 38
12 50
12 65
12 90
12 16
12 85
13 14
13 15
13 16
13 18
13 19
13 21
13 22
13 23
13 24
13 25
13 98
13 72
13 97
13 83
13 75
13 96
13 85
13 59
13 91
13 84
13 37
13 41
13 62
13 90
13 70
14 15
14 17
14 18
14 19
14 20
14 21
14 22
14 24
14 25
14 29
14 46
14 33
14 51
14 89
14 97
14 44
14 58
14 69
14 85
14 66
14 82
14 80
14 83
14 43
14 35
14 96
14 94
14 42
14 75
15 16
15 18
15 19
15 22
15 27
15 74
15 35
15 58
15 94
15 70
15 31
15 55
15 38
15 46
15 80
15 49
15 97
15 61
15 28
16 20
16 22
16 23
16 24
16 26
16 28
16 29
16 30
16 73
16 94
16 47
16 45
16 21
16 95
16 90
16 83
16 81
17 19
17 24
17 25
17 29
17 85
17 50
17 40
17 99
17 59
17 80
17 54
17 94
17 97
17 74
17 67
17 73
17 78
17 38
17 76
17 77
17 41
17 56
18 22
18 23
18 25
18 28
18 29
18 31
18 32
18 33
18 40
18 41
18 64
18 66
18 54
18 19
18 84
18 51
18 53
18 75
18 97
18 26
18 56
18 62
18 69
18 59
18 30
19 20
19 22
19 24
19 25
19 26
19 27
19 30
19 31
19 94
19 35
19 79
19 36
19 75
19 21
19 97
19 71
19 64
19 33
20 22
20 24
20 30
20 31
20 32
20 33
20 40
20 69
20 81
20 98
20 74
20 87
20 86
20 83
20 28
20 45
20 92
20 56
20 23
21 23
21 25
21 26
21 27
21 29
21 32
21 34
21 35
21 36
21 75
21 82
21 22
21 69
21 47
21 39
21 53
21 61
21 81
21 63
22 23
22 24
22 25
22 28
22 30
22 31
22 32
22 33
22 37
22 38
22 79
22 98
22 97
22 95
22 77
22 43
22 93
22 94
22 60
22 76
22 35
22 73
23 25
23 26
23 27
23 28
23 29
23 32
23 33
23 34
23 35
23 36
23 37
23 71
23 46
23 59
23 90
23 61
23 77
23 42
23 81
23 55
23 83
23 39
23 47
24 26
24 27
24 28
24 29
24 35
24 37
24 39
24 52
24 95
24 55
24 82
24 62
24 45
24 68
24 85
24 86
24 99
25 26
25 29
25 34
25 35
25 36
25 37
25 38
25 39
25 44
25 98
25 64
25 70
25 67
25 60
25 66
25 82
25 79
25 58
25 72
25 93
26 28
26 32
26 33
26 36
26 37
26 76
26 81
26 97
26 92
26 74
26 49
26 67
26 53
26 96
26 48
26 89
26 80
26 94
26 50
26 59
27 28
27 29
27 34
27 36
27 38
27 39
27 42
27 87
27 59
27 55
27 43
27 83
27 85
27 70
27 97
27 80
27 90
27 49
27 79
27 37
27 92
27 31
27 96
27 77
28 29
28 31
28 32
28 36
28 39
28 53
28 50
28 72
28 97
28 94
28 65
28 44
28 70
28 46
28 80
28 82
28 71
28 57
28 55
28 83
28 41
29 31
29 32
29 41
29 42
29 43
29 49
29 84
29 94
29 99
29 76
29 75
29 50
29 80
29 66
29 36
29 73
29 86
29 98
29 85
30 31
30 32
30 33
30 35
30 37
30 38
30 40
30 44
30 45
30 49
30 96
30 89
30 87
30 65
30 91
30 58
30 75
30 36
31 32
31 33
31 34
31 35
31 36
31 37
31 38
31 40
31 41
31 42
31 43
31 75
31 54
31 56
31 76
31 77
31 83
31 61
32 33
32 34
32 39
32 45
32 47
32 55
32 36
32 61
32 82
32 35
32 89
32 92
32 71
32 90
32 69
32 43
33 34
33 36
33 37
33 39
33 40
33 42
33 43
33 44
33 97
33 69
33 93
33 95
33 91
33 83
33 70
33 55
33 65
34 37
34 40
34 42
34 44
34 48
34 64
34 95
34 99
34 68
34 86
34 75
34 58
34 88
34 98
34 57
34 77
34 85
34 52
34 46
35 36
35 37
35 40
35 43
35 44
35 46
35 48
35 49
35 50
35 59
35 67
35 57
35 65
35 95
35 82
35 55
35 56
36 39
36 44
36 46
36 48
36 50
36 84
36 98
36 91
36 65
36 74
36 40
36 93
36 87
36 90
36 45
36 92
36 57
36 81
36 63
36 99
36 97
37 39
37 41
37 47
37 48
37 95
37 67
37 78
37 42
37 55
37 99
37 74
37 61
37 66
38 39
38 40
38 42
38 44
38 46
38 47
38 51
38 52
38 57
38 90
38 84
38 62
38 94
38 81
38 43
38 74
39 44
39 45
39 48
39 49
39 51
39 54
39 85
39 58
39 90
39 62
39 71
39 57
39 55
39 92
40 41
40 42
40 43
40 44
40 46
40 47
40 49
40 50
40 52
40 53
40 54
40 55
40 85
40 93
40 72
40 99
40 64
40 69
40 57
40 75
40 76
40 45
40 73
40 88
41 43
41 44
41 46
41 49
41 51
41 53
41 54
41 56
41 59
41 63
41 42
41 96
41 58
41 98
41 79
41 87
41 66
42 45
42 49
42 52
42 57
42 84
42 89
42 68
42 61
42 43
42 85
42 90
42 73
42 63
42 94
42 78
42 82
43 44
43 45
43 46
43 47
43 48
43 50
43 51
43 54
43 55
43 92
43 93
43 94
43 81
43 86
43 97
43 85
43 49
44 46
44 49
44 52
44 54
44 55
44 56
44 45
44 62
44 85
44 82
44 64
44 69
44 94
44 96
44 70
44 89
44 77
44 75
45 46
45 50
45 52
45 53
45 59
45 66
45 73
45 87
45 92
45 76
45 84
45 99
46 48
46 50
46 51
46 53
46 55
46 56
46 58
46 59
46 60
46 92
46 63
46 49
46 64
47 50
47 51
47 53
47 54
47 55
47 58
47 59
47 60
47 80
47 69
47 67
47 73
47 85
47 98
47 68
47 89
47 92
47 96
47 78
47 52
47 56
48 49
48 50
48 51
48 54
48 55
48 57
48 58
48 60
48 61
48 87
48 89
48 95
48 52
48 70
48 88
49 50
49 58
49 62
49 63
49 64
49 76
49 84
49 86
49 72
49 91
49 93
49 68
49 71
49 67
49 94
49 89
49 73
49 80
50 52
50 55
50 56
50 60
50 61
50 64
50 65
50 72
50 82
50 98
50 54
50 85
50 67
51 53
51 57
51 58
51 60
51 61
51 62
51 64
51 65
51 66
51 72
51 54
51 56
51 95
52 55
52 57
52 58
52 59
52 60
52 61
52 63
52 64
52 67
52 88
52 81
52 82
52 68
52 53
52 83
52 74
53 55
53 56
53 61
53 63
53 67
53 68
53 75
53 98
53 76
53 97
53 77
53 73
53 58
53 79
53 91
53 92
54 55
54 56
54 57
54 59
54 64
54 66
54 67
54 68
54 80
54 71
54 78
54 73
54 63
54 88
54 95
55 56
55 58
55 59
55 60
55 62
55 70
55 84
55 80
55 64
55 81
55 87
56 57
56 58
56 60
56 62
56 64
56 66
56 84
56 90
56 98
56 85
56 61
56 76
56 82
57 59
57 63
57 68
57 71
57 72
57 91
57 75
57 74
57 93
57 81
57 99
57 90
57 89
58 59
58 60
58 63
58 64
58 69
58 71
58 72
58 73
58 74
58 91
58 97
58 96
58 61
59 60
59 66
59 67
59 68
59 72
59 73
59 74
59 87
59 91
59 62
59 63
59 69
59 71
60 61
60 63
60 65
60 67
60 73
60 74
60 75
60 84
60 99
60 92
60 91
60 68
60 78
60 86
60 87
60 70
60 62
60 95
61 62
61 66
61 71
61 74
61 76
61 82
61 99
61 91
61 97
61 93
62 63
62 65
62 66
62 72
62 73
62 74
62 75
62 77
62 90
62 92
62 84
62 69
63 65
63 68
63 70
63 72
63 87
63 83
63 79
63 95
63 85
63 88
64 66
64 68
64 71
64 72
64 73
64 75
64 76
64 78
64 79
64 89
64 94
64 65
64 86
65 66
65 67
65 68
65 72
65 73
65 74
65 75
65 77
65 78
65 80
65 95
65 81
65 94
65 96
66 69
66 70
66 71
66 73
66 74
66 93
66 78
66 67
66 76
67 68
67 73
67 75
67 76
67 80
67 81
67 70
67 99
67 92
67 71
67 77
67 87
68 69
68 70
68 72
68 73
68 75
68 77
68 78
68 79
68 80
68 81
68 82
68 89
68 76
69 74
69 78
69 82
69 99
69 93
70 72
70 75
70 77
70 79
70 84
70 94
70 90
70 73
70 86
71 72
71 73
71 74
71 75
71 77
71 78
71 81
71 83
71 85
71 93
71 97
71 87
72 78
72 79
72 81
72 82
72 84
72 85
72 87
72 73
72 90
73 77
73 81
73 83
73 76
73 92
73 90
74 76
74 77
74 78
74 82
74 83
74 84
74 86
74 87
74 88
74 81
74 96
74 91
74 79
75 79
75 81
75 86
75 88
75 90
75 97
75 78
76 78
76 79
76 81
76 82
76 83
76 85
76 87
76 88
76 91
76 92
76 94
77 78
77 79
77 80
77 81
77 82
77 83
77 87
77 88
77 92
77 94
78 79
78 80
78 83
78 85
78 86
78 87
78 88
78 91
78 93
79 80
79 82
79 84
79 85
79 87
79 89
79 99
79 83
79 81
80 81
80 83
80 84
80 85
80 86
80 87
80 93
80 94
80 96
80 99
81 82
81 84
81 86
81 90
81 91
81 83
82 83
82 85
82 86
82 87
82 89
82 90
82 92
82 93
82 94
82 96
82 88
83 85
83 86
83 87
83 91
83 92
83 95
83 96
83 97
83 98
83 84
84 86
84 89
84 90
84 93
84 95
84 96
84 98
84 85
84 87
84 97
85 87
85 88
85 91
85 92
85 95
85 99
86 87
86 89
86 90
86 91
86 93
86 94
86 98
86 99
86 88
86 92
87 89
87 91
87 92
87 93
87 95
87 96
87 98
87 99
88 89
88 90
88 91
88 97
88 98
88 99
88 92
88 93
89 90
89 91
89 94
89 98
89 99
89 92
89 97
90 91
90 94
90 95
90 96
91 92
91 93
91 94
91 97
91 98
91 99
92 95
92 96
92 97
92 98
93 95
93 96
93 94
94 95
94 96
94 97
94 99
94 98
95 98
95 99
95 97
96 97
96 98
96 99
97 98
98 99