0 0
1 1
2 0
3 1
4 0
5 0
6 0
7 0
8 0
9 1
10 0
11 1
12 0
13 1
14 0
15 1
16 0
17 0
18 0
19 1
20 1
21 0
22 0
23 1
24 1
25 0
26 1
27 1
28 0
29 0
30 0
31 0
32 0
33 0
34 0
35 0
36 0
37 0
38 0
39 0
40 0
41 0
42 0
43 1
44 1
45 0
46 0
47 0
48 0
49 0
50 0
51 1
52 1
53 0
54 1
55 0
56 1
57 1
58 1
59 1
60 1
61 0
62 1
63 1
64 0
65 1
66 0
67 0
68 0
69 1
70 0
71 1
72 0
73 1
74 0
75 1
76 1
77 0
78 1
79 1
80 1
81 0
82 0
83 0
84 0
85 1
86 0
87 0
88 1
89 0
90 1
91 1
92 0
93 1
94 1
95 1
96 1
97 1
98 0
99 0
100 0
101 0
102 0
103 1
104 0
105 0
106 0
107 0
108 1
109 1
110 1
111 0
112 1
113 1
114 0
115 1
116 0
117 1
118 1
119 1
120 1
121 1
122 0
123 0
124 0
125 1
126 0
127 1
128 1
129 0
130 1
131 0
132 1
133 0
134 0
135 1
136 1
137 0
138 0
139 0
140 0
141 1
142 1
143 0
144 1
145 1
146 1
147 1
148 0
149 1
150 1
151 1
152 0
153 0
154 0
155 0
156 1
157 0
158 1
159 0
160 1
161 1
162 0
163 0
164 1
165 1
166 1
167 0
168 0
169 1
170 0
171 0
172 1
173 1
174 1
175 1
176 0
177 0
178 1
179 1
180 0
181 1
182 0
183 0
184 0
185 1
186 1
187 1
188 1
189 1
190 1
191 1
192 0
193 0
194 0
195 1
196 0
197 1
198 1
199 0
200 1
201 1
202 1
203 0
204 0
205 1
206 1
207 0
208 1
209 0
210 1
211 1
212 0
213 0
214 1
215 0
216 0
217 1
218 1
219 1
220 0
221 1
222 0
223 0
224 0
225 0
226 0
227 0
228 0
229 1
230 1
231 0
232 1
233 1
234 1
235 1
236 0
237 1
238 0
239 0
240 1
241 1
242 1
243 0
244 1
245 1
246 0
247 0
248 0
249 1
250 1
251 1
252 0
253 0
254 1
255 1
256 0
257 1
258 1
259 0
260 1
261 0
262 0
263 0
264 1
265 1
266 1
267 1
268 0
269 1
270 0
271 0
272 0
273 0
274 1
275 0
276 0
277 1
278 1
279 0
280 0
281 0
282 1
283 0
284 0
285 0
286 0
287 1
288 1
289 1
290 1
291 0
292 0
293 0
294 1
295 0
296 1
297 1
298 1
299 1
300 0
301 1
302 1
303 0
304 0
305 0
306 1
307 0
308 1
309 1
310 1
311 0
312 1
313 0
314 1
315 1
316 1
317 0
318 1
319 1
320 0
321 1
322 0
323 1
324 1
325 1
326 1
327 1
328 0
329 1
330 1
331 0
332 0
333 0
334 0
335 0
336 0
337 0
338 0
339 1
340 1
341 1
342 0
343 0
344 1
345 0
346 0
347 1
348 1
349 1
350 1
351 0
352 1
353 1
354 1
355 1
356 1
357 1
358 1
359 0
360 0
361 0
362 1
363 0
364 1
365 0
366 1
367 1
368 0
369 0
370 1
371 0
372 1
373 0
374 1
375 0
376 1
377 1
378 0
379 1
380 0
381 0
382 1
383 1
384 0
385 0
386 1
387 1
388 1
389 0
390 1
391 0
392 1
393 0
394 1
395 1
396 0
397 0
398 1
399 1
400 0
401 0
402 1
403 0
404 0
405 1
406 0
407 1
408 0
409 1
410 1
411 0
412 1
413 0
414 0
415 0
416 1
417 1
418 0
419 0
420 1
421 1
422 1
423 0
424 1
425 0
426 1
427 0
428 0
429 0
430 0
431 1
432 1
433 1
434 1
435 1
436 0
437 0
438 0
439 1
440 1
441 0
442 1
443 0
444 0
445 0
446 0
447 0
448 0
449 0
450 1
451 0
452 0
453 0
454 0
455 1
456 0
457 0
458 1
459 1
460 1
461 1
462 1
463 0
464 1
465 1
466 1
467 1
468 1
469 0
470 1
471 1
472 0
473 0
474 1
475 1
476 0
477 1
478 0
479 1
480 0
481 0
482 1
483 1
484 1
485 0
486 0
487 1
488 0
489 1
490 1
491 0
492 0
493 1
494 0
495 1
496 0
497 1
498 0
499 1
500 1
501 1
502 0
503 0
504 0
505 1
506 0
507 1
508 1
509 0
510 1
511 0
512 0
513 1
514 1
515 1
516 0
517 0
518 0
519 0
520 1
521 0
522 1
523 0
524 1
525 0
526 0
527 0
528 1
529 1
530 1
531 0
532 0
533 1
534 0
535 0
536 0
537 0
538 0
539 1
540 0
541 1
542 0
543 1
544 0
545 1
546 0
547 1
548 0
549 1
550 0
551 0
552 0
553 0
554 0
555 0
556 1
557 1
558 1
559 0
560 1
561 0
562 1
563 1
564 1
565 1
566 1
567 1
568 0
569 1
570 1
571 0
572 1
573 1
574 0
575 1
576 1
577 0
578 1
579 1
580 0
581 0
582 1
583 1
584 1
585 1
586 0
587 1
588 1
589 0
590 1
591 0
592 1
593 0
594 1
595 1
596 1
597 0
598 0
599 0
600 0
601 1
602 1
603 1
604 1
605 1
606 0
607 1
608 1
609 1
610 0
611 1
612 0
613 0
614 0
615 0
616 0
617 1
618 1
619 1
620 1
621 1
622 1
623 0
624 1
625 1
626 0
627 0
628 0
629 1
630 1
631 1
632 1
633 1
634 1
635 1
636 1
637 0
638 0
639 0
640 0
641 0
642 1
643 1
644 1
645 1
646 0
647 0
648 0
649 1
650 1
651 0
652 1
653 0
654 0
655 0
656 1
657 0
658 1
659 0
660 0
661 1
662 0
663 0
664 1
665 0
666 1
667 1
668 1
669 0
670 1
671 1
672 0
673 1
674 0
675 0
676 0
677 1
678 1
679 1
680 0
681 0
682 0
683 0
684 0
685 0
686 0
687 1
688 1
689 0
690 0
691 1
692 1
693 1
694 0
695 1
696 0
697 0
698 1
699 1
700 1
701 1
702 0
703 1
704 0
705 0
706 0
707 0
708 1
709 1
710 1
711 1
712 1
713 0
714 0
715 0
716 0
717 0
718 1
719 0
720 0
721 1
722 1
723 1
724 0
725 0
726 1
727 1
728 1
729 0
730 1
731 0
732 1
733 1
734 0
735 1
736 1
737 1
738 1
739 1
740 1
741 0
742 0
743 1
744 0
745 1
746 1
747 1
748 0
749 0
750 0
751 1
752 0
753 0
754 0
755 1
756 0
757 1
758 1
759 1
760 1
761 0
762 0
763 1
764 1
765 1
766 0
767 1
768 1
769 1
770 1
771 1
772 1
773 0
774 1
775 0
776 0
777 0
778 1
779 1
780 1
781 1
782 1
783 1
784 0
785 1
786 0
787 0
788 0
789 1
790 0
791 1
792 1
793 0
794 1
795 0
796 1
797 1
798 1
799 1
800 0
801 0
802 1
803 0
804 0
805 0
806 1
807 1
808 0
809 0
810 0
811 1
812 0
813 1
814 1
815 0
816 1
817 1
818 1
819 0
820 0
821 1
822 1
823 0
824 1
825 1
826 0
827 0
828 1
829 1
830 0
831 0
832 0
833 1
834 1
835 0
836 1
837 0
838 0
839 0
840 1
841 0
842 1
843 1
844 0
845 0
846 1
847 1
848 1
849 1
850 1
851 0
852 1
853 1
854 0
855 0
856 0
857 1
858 1
859 0
860 1
861 1
862 0
863 0
864 0
865 0
866 0
867 1
868 0
869 0
870 1
871 0
872 1
873 0
874 1
875 0
876 0
877 0
878 0
879 0
880 1
881 1
882 1
883 1
884 1
885 1
886 0
887 1
888 1
889 0
890 0
891 1
892 1
893 0
894 1
895 0
896 0
897 1
898 1
899 0
900 1
901 1
902 0
903 1
904 1
905 1
906 1
907 1
908 1
909 1
910 0
911 1
912 0
913 0
914 1
915 1
916 1
917 1
918 0
919 0
920 1
921 0
922 0
923 1
924 0
925 0
926 1
927 0
928 0
929 1
930 0
931 1
932 1
933 0
934 1
935 1
936 0
937 1
938 1
939 1
940 0
941 0
942 1
943 0
944 1
945 1
946 0
947 0
948 1
949 0
950 0
951 0
952 1
953 1
954 0
955 1
956 1
957 1
958 1
959 0
960 0
961 1
962 1
963 1
964 0
965 0
966 1
967 0
968 0
969 0
970 0
971 1
972 0
973 1
974 0
975 1
976 0
977 1
978 0
979 1
980 0
981 1
982 1
983 0
984 1
985 0
986 1
987 0
988 0
989 0
990 0
991 0
992 1
993 0
994 1
995 1
996 0
997 0
998 0
999 0
1000 0
1001 1
1002 0
1003 1
1004 0
1005 0
1006 1
1007 0
1008 0
1009 0
1010 0
1011 1
1012 0
1013 0
1014 1
1015 1
1016 1
1017 1
1018 0
1019 1
1020 1
1021 0
1022 0
1023 0
1024 1
1025 0
1026 0
1027 0
1028 0
1029 0
1030 1
1031 1
1032 0
1033 0
1034 0
1035 0
1036 0
1037 0
1038 1
1039 1
1040 0
1041 0
1042 1
1043 0
1044 0
1045 1
1046 1
1047 1
1048 0
1049 0
1050 0
1051 1
1052 1
1053 0
1054 0
1055 1
1056 1
1057 1
1058 1
1059 0
1060 0
1061 0
1062 0
1063 0
1064 0
1065 0
1066 0
1067 1
1068 0
1069 0
1070 1
1071 1
1072 0
1073 1
1074 0
1075 1
1076 0
1077 1
1078 0
1079 0
1080 0
1081 0
1082 0
1083 1
1084 1
1085 1
1086 0
1087 0
1088 0
1089 0
1090 1
1091 1
1092 1
1093 1
1094 1
1095 0
1096 1
1097 0
1098 0
1099 1
1100 1
1101 1
1102 0
1103 0
1104 0
1105 0
1106 0
1107 0
1108 1
1109 1
1110 1
1111 1
1112 0
1113 0
1114 1
1115 1
1116 0
1117 0
1118 0
1119 1
1120 1
1121 1
1122 1
1123 1
1124 0
1125 1
1126 1
1127 0
1128 1
1129 1
1130 0
1131 0
1132 1
1133 0
1134 0
1135 1
1136 0
1137 1
1138 1
1139 1
1140 1
1141 0
1142 1
1143 0
1144 0
1145 0
1146 0
1147 0
1148 1
1149 0
1150 1
1151 1
1152 0
1153 0
1154 0
1155 1
1156 1
1157 0
1158 0
1159 0
1160 1
1161 0
1162 1
1163 1
1164 1
1165 1
1166 0
1167 0
1168 1
1169 0
1170 0
1171 0
1172 1
1173 0
1174 0
1175 0
1176 1
1177 1
1178 0
1179 1
1180 1
1181 0
1182 1
1183 1
1184 0
1185 1
1186 0
1187 1
1188 0
1189 0
1190 1
1191 0
1192 0
1193 0
1194 0
1195 1
1196 1
1197 0
1198 1
1199 0
1200 0
1201 1
1202 0
1203 0
1204 1
1205 0
1206 1
1207 1
1208 0
1209 1
1210 1
1211 0
1212 1
1213 1
1214 0
1215 0
1216 0
1217 0
1218 0
1219 0
1220 1
1221 1
1222 1
1223 0
1224 0
1225 1
1226 1
1227 1
1228 1
1229 0
1230 1
1231 1
1232 0
1233 1
1234 0
1235 0
1236 0
1237 1
1238 1
1239 0
1240 0
1241 0
1242 0
1243 0
1244 0
1245 0
1246 1
1247 1
1248 1
1249 1
1250 0
1251 0
1252 0
1253 0
1254 1
1255 0
1256 1
1257 0
1258 0
1259 0
1260 1
1261 0
1262 1
1263 0
1264 0
1265 0
1266 0
1267 1
1268 1
1269 0
1270 0
1271 1
1272 0
1273 0
1274 1
1275 1
1276 1
1277 1
1278 0
1279 1
1280 0
1281 0
1282 0
1283 0
1284 0
1285 1
1286 0
1287 0
1288 0
1289 1
1290 0
1291 0
1292 0
1293 1
1294 1
1295 1
1296 0
1297 1
1298 0
1299 1
1300 1
1301 1
1302 0
1303 0
1304 1
1305 1
1306 1
1307 0
1308 1
1309 1
1310 0
1311 1
1312 0
1313 0
1314 0
1315 1
1316 1
1317 1
1318 0
1319 0
1320 1
1321 1
1322 0
1323 1
1324 0
1325 0
1326 0
1327 0
1328 0
1329 0
1330 1
1331 1
1332 1
1333 1
1334 0
1335 1
1336 0
1337 1
1338 1
1339 0
1340 1
1341 1
1342 1
1343 1
1344 0
1345 0
1346 0
1347 1
1348 1
1349 1
1350 1
1351 1
1352 0
1353 0
1354 0
1355 0
1356 0
1357 0
1358 0
1359 1
1360 0
1361 1
1362 1
1363 1
1364 1
1365 0
1366 1
1367 0
1368 0
1369 0
1370 1
1371 1
1372 0
1373 0
1374 0
1375 0
1376 1
1377 1
1378 1
1379 0
1380 1
1381 1
1382 1
1383 1
1384 1
1385 0
1386 0
1387 1
1388 0
1389 1
1390 1
1391 0
1392 1
1393 1
1394 0
1395 1
1396 1
1397 0
1398 1
1399 0
1400 1
1401 0
1402 0
1403 0
1404 1
1405 0
1406 1
1407 1
1408 1
1409 1
1410 1
1411 1
1412 0
1413 0
1414 1
1415 1
1416 1
1417 0
1418 0
1419 0
1420 0
1421 1
1422 1
1423 0
1424 1
1425 0
1426 0
1427 1
1428 1
1429 1
1430 0
1431 0
1432 1
1433 1
1434 0
1435 0
1436 1
1437 0
1438 1
1439 1
1440 1
1441 0
1442 0
1443 0
1444 1
1445 1
1446 1
1447 1
1448 0
1449 1
1450 1
1451 0
1452 0
1453 1
1454 1
1455 1
1456 1
1457 1
1458 1
1459 0
1460 1
1461 1
1462 1
1463 1
1464 0
1465 1
1466 0
1467 1
1468 1
1469 1
1470 0
1471 0
1472 0
1473 0
1474 1
1475 0
1476 0
1477 1
1478 0
1479 1
1480 0
1481 0
1482 1
1483 1
1484 0
1485 1
1486 0
1487 0
1488 1
1489 0
1490 1
1491 0
1492 1
1493 0
1494 1
1495 0
1496 1
1497 0
1498 1
1499 1
1500 1
1501 0
1502 1
1503 1
1504 1
1505 1
1506 0
1507 1
1508 0
1509 0
1510 1
1511 1
1512 1
1513 0
1514 0
1515 0
1516 0
1517 1
1518 0
1519 0
1520 0
1521 0
1522 1
1523 1
1524 0
1525 0
1526 0
1527 1
1528 1
1529 0
1530 0
1531 0
1532 1
1533 0
1534 1
1535 0
1536 0
1537 0
1538 0
1539 1
1540 1
1541 0
1542 1
1543 0
1544 1
1545 0
1546 1
1547 0
1548 1
1549 1
1550 0
1551 1
1552 0
1553 1
1554 0
1555 0
1556 1
1557 0
1558 0
1559 1
1560 0
1561 0
1562 0
1563 0
1564 0
1565 0
1566 0
1567 1
1568 0
1569 1
1570 0
1571 1
1572 0
1573 0
1574 1
1575 0
1576 1
1577 1
1578 0
1579 0
1580 1
1581 1
1582 0
1583 0
1584 1
1585 1
1586 0
1587 0
1588 1
1589 1
1590 0
1591 0
1592 1
1593 1
1594 1
1595 1
1596 1
1597 1
1598 1
1599 1
1600 1
1601 0
1602 0
1603 0
1604 1
1605 1
1606 1
1607 1
1608 0
1609 1
1610 0
1611 1
1612 1
1613 1
1614 1
1615 1
1616 1
1617 0
1618 1
1619 1
1620 1
1621 0
1622 0
1623 0
1624 1
1625 1
1626 0
1627 0
1628 0
1629 0
1630 0
1631 1
1632 1
1633 0
1634 1
1635 1
1636 1
1637 1
1638 1
1639 0
1640 0
1641 1
1642 0
1643 1
1644 0
1645 1
1646 1
1647 0
1648 0
1649 1
1650 1
1651 0
1652 1
1653 0
1654 0
1655 1
1656 1
1657 1
1658 0
1659 0
1660 1
1661 1
1662 1
1663 0
1664 1
1665 1
1666 0
1667 1
1668 0
1669 0
1670 1
1671 0
1672 1
1673 0
1674 0
1675 1
1676 1
1677 1
1678 1
1679 1
1680 1
1681 0
1682 1
1683 0
1684 0
1685 1
1686 0
1687 0
1688 1
1689 1
1690 1
1691 0
1692 0
1693 1
1694 0
1695 1
1696 0
1697 0
1698 1
1699 0
1700 1
1701 0
1702 1
1703 1
1704 1
1705 0
1706 0
1707 1
1708 0
1709 0
1710 0
1711 0
1712 1
1713 1
1714 0
1715 0
1716 0
1717 0
1718 1
1719 1
1720 1
1721 1
1722 0
1723 0
1724 0
1725 0
1726 1
1727 0
1728 0
1729 1
1730 0
1731 0
1732 0
1733 0
1734 0
1735 1
1736 0
1737 1
1738 0
1739 1
1740 1
1741 0
1742 1
1743 0
1744 1
1745 0
1746 0
1747 1
1748 1
1749 0
1750 0
1751 0
1752 0
1753 0
1754 1
1755 1
1756 1
1757 1
1758 0
1759 0
1760 0
1761 0
1762 0
1763 1
1764 0
1765 1
1766 1
1767 1
1768 1
1769 1
1770 0
1771 0
1772 0
1773 1
1774 0
1775 1
1776 1
1777 1
1778 0
1779 1
1780 0
1781 0
1782 1
1783 1
1784 0
1785 1
1786 1
1787 1
1788 0
1789 0
1790 0
1791 1
1792 0
1793 0
1794 1
1795 1
1796 1
1797 0
1798 0
1799 0
1800 1
1801 1
1802 1
1803 0
1804 0
1805 0
1806 0
1807 0
1808 0
1809 0
1810 1
1811 0
1812 1
1813 0
1814 0
1815 0
1816 1
1817 1
1818 0
1819 0
1820 0
1821 0
1822 1
1823 1
1824 1
1825 0
1826 0
1827 0
1828 0
1829 0
1830 0
1831 0
1832 0
1833 1
1834 1
1835 0
1836 0
1837 0
1838 0
1839 1
1840 0
1841 1
1842 0
1843 0
1844 0
1845 0
1846 1
1847 0
1848 0
1849 0
1850 0
1851 0
1852 1
1853 0
1854 1
1855 1
1856 0
1857 0
1858 0
1859 0
1860 1
1861 0
1862 0
1863 0
1864 0
1865 0
1866 0
1867 1
1868 1
1869 0
1870 1
1871 1
1872 1
1873 0
1874 0
1875 0
1876 0
1877 1
1878 0
1879 0
1880 0
1881 1
1882 0
1883 0
1884 1
1885 1
1886 1
1887 0
1888 0
1889 1
1890 1
1891 0
1892 1
1893 0
1894 1
1895 1
1896 0
1897 1
1898 1
1899 1
1900 1
1901 1
1902 1
1903 0
1904 1
1905 1
1906 0
1907 1
1908 0
1909 0
1910 0
1911 1
1912 0
1913 0
1914 1
1915 0
1916 1
1917 1
1918 1
1919 1
1920 1
1921 0
1922 1
1923 0
1924 1
1925 0
1926 0
1927 0
1928 0
1929 1
1930 1
1931 1
1932 0
1933 0
1934 1
1935 0
1936 0
1937 1
1938 0
1939 0
1940 0
1941 1
1942 0
1943 1
1944 0
1945 0
1946 1
1947 1
1948 0
1949 0
1950 0
1951 1
1952 0
1953 1
1954 0
1955 1
1956 1
1957 0
1958 0
1959 1
1960 0
1961 0
1962 1
1963 0
1964 0
1965 0
1966 1
1967 1
1968 0
1969 1
1970 1
1971 0
1972 1
1973 1
1974 1
1975 1
1976 0
1977 1
1978 1
1979 0
1980 0
1981 0
1982 0
1983 1
1984 0
1985 1
1986 1
1987 1
1988 0
1989 0
1990 1
1991 1
1992 0
1993 1
1994 1
1995 0
1996 1
1997 1
1998 0
1999 0
2000 0
2001 1
2002 1
2003 0
2004 0
2005 0
2006 0
2007 0
2008 1
2009 0
2010 1
2011 1
2012 0
2013 1
2014 0
2015 0
2016 1
2017 1
2018 1
2019 1
2020 0
2021 0
2022 1
2023 1
2024 0
2025 1
2026 0
2027 0
2028 1
2029 1
2030 1
2031 1
2032 0
2033 0
2034 1
2035 0
2036 0
2037 0
2038 0
2039 0
2040 1
2041 0
2042 0
2043 0
2044 1
2045 0
2046 0
2047 0
2048 1
2049 1
2050 0
2051 0
2052 0
2053 0
2054 1
2055 0
2056 1
2057 0
2058 1
2059 0
2060 1
2061 1
2062 0
2063 1
2064 0
2065 1
2066 0
2067 0
2068 1
2069 1
2070 1
2071 0
2072 0
2073 1
2074 1
2075 0
2076 1
2077 1
2078 0
2079 0
2080 0
2081 0
2082 0
2083 0
2084 1
2085 1
2086 0
2087 0
2088 1
2089 0
2090 0
2091 0
2092 0
2093 0
2094 1
2095 1
2096 0
2097 1
2098 1
2099 1
2100 0
2101 1
2102 0
2103 0
2104 1
2105 0
2106 1
2107 0
2108 0
2109 1
2110 1
2111 0
2112 0
2113 1
2114 1
2115 0
2116 1
2117 0
2118 1
2119 1
2120 0
2121 1
2122 1
2123 1
2124 1
2125 0
2126 1
2127 1
2128 1
2129 1
2130 1
2131 1
2132 1
2133 0
2134 1
2135 1
2136 1
2137 1
2138 1
2139 0
2140 0
2141 1
2142 0
2143 1
2144 1
2145 0
2146 0
2147 1
2148 1
2149 0
2150 0
2151 0
2152 0
2153 0
2154 1
2155 0
2156 0
2157 0
2158 0
2159 1
2160 0
2161 0
2162 1
2163 1
2164 1
2165 1
2166 0
2167 1
2168 0
2169 0
2170 1
2171 1
2172 0
2173 0
2174 0
2175 0
2176 0
2177 0
2178 0
2179 1
2180 0
2181 0
2182 0
2183 1
2184 1
2185 0
2186 0
2187 1
2188 1
2189 1
2190 1
2191 0
2192 0
2193 1
2194 0
2195 0
2196 1
2197 1
2198 1
2199 0
2200 1
2201 0
2202 1
2203 1
2204 0
2205 1
2206 1
2207 1
2208 0
2209 1
2210 0
2211 1
2212 1
2213 0
2214 1
2215 0
2216 0
2217 0
2218 0
2219 1
2220 1
2221 0
2222 1
2223 1
2224 0
2225 0
2226 1
2227 0
2228 0
2229 0
2230 0
2231 0
2232 0
2233 1
2234 0
2235 0
2236 0
2237 0
2238 1
2239 1
2240 1
2241 0
2242 1
2243 1
2244 0
2245 1
2246 1
2247 0
2248 1
2249 1
2250 0
2251 1
2252 0
2253 1
2254 0
2255 1
2256 1
2257 0
2258 0
2259 0
2260 0
2261 0
2262 0
2263 0
2264 1
2265 0
2266 1
2267 0
2268 1
2269 1
2270 1
2271 1
2272 1
2273 0
2274 0
2275 1
2276 1
2277 1
2278 0
2279 1
2280 0
2281 0
2282 1
2283 0
2284 0
2285 1
2286 1
2287 1
2288 1
2289 1
2290 0
2291 1
2292 1
2293 0
2294 1
2295 0
2296 1
2297 1
2298 0
2299 0
2300 0
2301 1
2302 0
2303 0
2304 1
2305 0
2306 0
2307 0
2308 0
2309 1
2310 1
2311 0
2312 0
2313 1
2314 0
2315 0
2316 0
2317 0
2318 1
2319 1
2320 1
2321 0
2322 0
2323 1
2324 1
2325 1
2326 0
2327 0
2328 0
2329 0
2330 0
2331 1
2332 0
2333 1
2334 0
2335 1
2336 0
2337 1
2338 1
2339 1
2340 1
2341 0
2342 0
2343 0
2344 0
2345 1
2346 1
2347 0
2348 0
2349 1
2350 0
2351 0
2352 1
2353 1
2354 1
2355 1
2356 0
2357 0
2358 1
2359 1
2360 0
2361 0
2362 1
2363 1
2364 1
2365 0
2366 0
2367 0
2368 0
2369 0
2370 1
2371 1
2372 1
2373 1
2374 0
2375 0
2376 1
2377 0
2378 1
2379 1
2380 1
2381 1
2382 0
2383 1
2384 0
2385 0
2386 1
2387 1
2388 0
2389 1
2390 0
2391 0
2392 1
2393 0
2394 0
2395 0
2396 1
2397 0
2398 0
2399 1
2400 1
2401 1
2402 1
2403 0
2404 1
2405 1
2406 1
2407 0
2408 0
2409 1
2410 0
2411 0
2412 1
2413 0
2414 1
2415 0
2416 1
2417 1
2418 0
2419 0
2420 1
2421 0
2422 1
2423 0
2424 1
2425 1
2426 0
2427 1
2428 0
2429 0
2430 1
2431 1
2432 0
2433 0
2434 0
2435 0
2436 1
2437 1
2438 1
2439 0
2440 0
2441 1
2442 1
2443 1
2444 1
2445 1
2446 0
2447 0
2448 1
2449 1
2450 0
2451 0
2452 1
2453 0
2454 0
2455 0
2456 0
2457 0
2458 0
2459 1
2460 1
2461 0
2462 0
2463 0
2464 1
2465 1
2466 1
2467 1
2468 1
2469 0
2470 1
2471 1
2472 0
2473 1
2474 1
2475 1
2476 1
2477 1
2478 0
2479 0
2480 0
2481 1
2482 1
2483 0
2484 1
2485 0
2486 0
2487 0
2488 0
2489 1
2490 1
2491 1
2492 0
2493 1
2494 1
2495 1
2496 1
2497 0
2498 0
2499 0
2500 1
2501 1
2502 0
2503 0
2504 1
2505 1
2506 1
2507 1
2508 0
2509 1
2510 0
2511 1
2512 1
2513 1
2514 0
2515 0
2516 0
2517 1
2518 0
2519 1
2520 0
2521 0
2522 1
2523 1
2524 1
2525 0
2526 0
2527 0
2528 0
2529 1
2530 1
2531 1
2532 1
2533 1
2534 1
2535 0
2536 1
2537 0
2538 0
2539 1
2540 0
2541 1
2542 0
2543 1
2544 0
2545 1
2546 1
2547 0
2548 1
2549 0
2550 0
2551 1
2552 0
2553 0
2554 1
2555 0
2556 1
2557 0
2558 1
2559 1
2560 1
2561 0
2562 1
2563 1
2564 0
2565 1
2566 1
2567 1
2568 1
2569 1
2570 1
2571 1
2572 1
2573 0
2574 1
2575 0
2576 0
2577 1
2578 0
2579 0
2580 0
2581 1
2582 0
2583 1
2584 1
2585 0
2586 0
2587 0
2588 1
2589 0
2590 0
2591 0
2592 1
2593 0
2594 0
2595 1
2596 1
2597 1
2598 1
2599 0
2600 1
2601 0
2602 0
2603 0
2604 0
2605 1
2606 0
2607 0
2608 1
2609 1
2610 0
2611 1
2612 0
2613 1
2614 1
2615 1
2616 1
2617 0
2618 1
2619 1
2620 0
2621 1
2622 0
2623 0
2624 0
2625 1
2626 0
2627 1
2628 0
2629 0
2630 0
2631 0
2632 0
2633 0
2634 1
2635 0
2636 0
2637 1
2638 1
2639 1
2640 0
2641 1
2642 1
2643 0
2644 0
2645 1
2646 0
2647 1
2648 1
2649 1
2650 1
2651 0
2652 0
2653 0
2654 1
2655 0
2656 0
2657 1
2658 0
2659 0
2660 1
2661 0
2662 0
2663 0
2664 1
2665 1
2666 1
2667 0
2668 1
2669 0
2670 1
2671 1
2672 1
2673 0
2674 0
2675 0
2676 1
2677 0
2678 0
2679 0
2680 1
2681 0
2682 1
2683 0
2684 0
2685 1
2686 0
2687 0
2688 1
2689 1
2690 1
2691 1
2692 0
2693 0
2694 1
2695 0
2696 0
2697 1
2698 0
2699 1
2700 1
2701 1
2702 0
2703 1
2704 0
2705 0
2706 1
2707 0
2708 1
2709 0
2710 1
2711 1
2712 1
2713 1
2714 0
2715 0
2716 0
2717 0
2718 0
2719 0
2720 1
2721 0
2722 1
2723 1
2724 1
2725 1
2726 1
2727 1
2728 0
2729 1
2730 1
2731 1
2732 0
2733 0
2734 1
2735 0
2736 0
2737 1
2738 1
2739 0
2740 1
2741 1
2742 1
2743 1
2744 1
2745 0
2746 0
2747 1
2748 1
2749 1
2750 0
2751 0
2752 1
2753 0
2754 0
2755 1
2756 1
2757 0
2758 0
2759 1
2760 0
2761 0
2762 1
2763 0
2764 1
2765 1
2766 1
2767 0
2768 0
2769 0
2770 1
2771 0
2772 1
2773 0
2774 0
2775 0
2776 1
2777 1
2778 1
2779 0
2780 0
2781 0
2782 1
2783 0
2784 0
2785 1
2786 0
2787 0
2788 0
2789 1
2790 1
2791 1
2792 0
2793 0
2794 1
2795 0
2796 1
2797 0
2798 1
2799 1
2800 1
2801 1
2802 0
2803 0
2804 0
2805 1
2806 1
2807 1
2808 0
2809 0
2810 1
2811 0
2812 0
2813 1
2814 0
2815 1
2816 0
2817 1
2818 0
2819 0
2820 0
2821 0
2822 1
2823 1
2824 0
2825 0
2826 1
2827 1
2828 1
2829 0
2830 0
2831 1
2832 0
2833 1
2834 1
2835 1
2836 0
2837 1
2838 0
2839 0
2840 1
2841 0
2842 0
2843 0
2844 1
2845 0
2846 1
2847 0
2848 1
2849 1
2850 1
2851 1
2852 0
2853 0
2854 0
2855 1
2856 0
2857 0
2858 1
2859 0
2860 0
2861 1
2862 0
2863 0
2864 0
2865 0
2866 0
2867 0
2868 0
2869 0
2870 0
2871 1
2872 0
2873 0
2874 1
2875 0
2876 1
2877 0
2878 0
2879 0
2880 1
2881 1
2882 1
2883 1
2884 0
2885 1
2886 1
2887 0
2888 1
2889 0
2890 0
2891 0
2892 0
2893 0
2894 0
2895 1
2896 0
2897 0
2898 0
2899 1
2900 1
2901 0
2902 1
2903 1
2904 1
2905 0
2906 0
2907 1
2908 0
2909 1
2910 1
2911 1
2912 1
2913 1
2914 0
2915 1
2916 0
2917 0
2918 1
2919 0
2920 1
2921 1
2922 1
2923 1
2924 0
2925 0
2926 1
2927 0
2928 1
2929 0
2930 1
2931 0
2932 0
2933 1
2934 1
2935 1
2936 0
2937 1
2938 1
2939 1
2940 1
2941 1
2942 1
2943 1
2944 0
2945 1
2946 0
2947 0
2948 0
2949 0
2950 1
2951 0
2952 0
2953 1
2954 1
2955 1
2956 0
2957 1
2958 1
2959 0
2960 1
2961 0
2962 0
2963 1
2964 0
2965 1
2966 1
2967 0
2968 1
2969 1
2970 0
2971 1
2972 1
2973 1
2974 0
2975 1
2976 1
2977 1
2978 1
2979 1
2980 1
2981 0
2982 1
2983 1
2984 1
2985 1
2986 0
2987 0
2988 1
2989 1
2990 1
2991 1
2992 1
2993 0
2994 0
2995 1
2996 0
2997 0
2998 1
2999 1
3000 0
3001 1
3002 0
3003 0
3004 1
3005 0
3006 1
3007 1
3008 1
3009 0
3010 0
3011 1
3012 0
3013 1
3014 1
3015 1
3016 1
3017 0
3018 0
3019 0
3020 0
3021 1
3022 1
3023 1
3024 0
3025 0
3026 1
3027 1
3028 0
3029 0
3030 1
3031 0
3032 1
3033 1
3034 0
3035 0
3036 1
3037 1
3038 1
3039 0
3040 1
3041 1
3042 0
3043 0
3044 1
3045 0
3046 1
3047 1
3048 1
3049 1
3050 1
3051 0
3052 1
3053 1
3054 0
3055 1
3056 0
3057 0
3058 1
3059 0
3060 0
3061 1
3062 1
3063 1
3064 1
3065 1
3066 0
3067 1
3068 0
3069 0
3070 0
3071 1
3072 0
3073 1
3074 0
3075 1
3076 1
3077 1
3078 1
3079 1
3080 0
3081 0
3082 1
3083 0
3084 1
3085 0
3086 1
3087 0
3088 1
3089 0
3090 0
3091 1
3092 0
3093 0
3094 1
3095 0
3096 0
3097 0
3098 0
3099 0
3100 0
3101 1
3102 0
3103 1
3104 0
3105 1
3106 1
3107 0
3108 1
3109 1
3110 0
3111 0
3112 0
3113 0
3114 1
3115 0
3116 0
3117 0
3118 1
3119 0
3120 1
3121 0
3122 1
3123 1
3124 1
3125 1
3126 1
3127 1
3128 0
3129 0
3130 0
3131 1
3132 0
3133 1
3134 0
3135 1
3136 1
3137 0
3138 0
3139 1
3140 1
3141 1
3142 0
3143 0
3144 1
3145 1
3146 0
3147 0
3148 0
3149 0
3150 1
3151 1
3152 0
3153 0
3154 1
3155 1
3156 1
3157 1
3158 0
3159 1
3160 1
3161 1
3162 1
3163 1
3164 1
3165 1
3166 1
3167 1
3168 1
3169 0
3170 1
3171 1
3172 0
3173 1
3174 1
3175 1
3176 0
3177 0
3178 1
3179 0
3180 0
3181 1
3182 1
3183 1
3184 0
3185 1
3186 0
3187 1
3188 0
3189 0
3190 0
3191 1
3192 0
3193 1
3194 0
3195 1
3196 0
3197 1
3198 1
3199 1
3200 0
3201 0
3202 1
3203 0
3204 0
3205 0
3206 1
3207 0
3208 1
3209 1
3210 1
3211 0
3212 1
3213 1
3214 0
3215 0
3216 1
3217 1
3218 1
3219 0
3220 0
3221 0
3222 0
3223 1
3224 1
3225 0
3226 0
3227 1
3228 1
3229 0
3230 0
3231 1
3232 1
3233 0
3234 0
3235 0
3236 0
3237 0
3238 0
3239 1
3240 0
3241 1
3242 1
3243 1
3244 1
3245 1
3246 0
3247 1
3248 0
3249 1
3250 0
3251 1
3252 1
3253 0
3254 1
3255 1
3256 0
3257 0
3258 1
3259 1
3260 0
3261 0
3262 1
3263 0
3264 1
3265 1
3266 0
3267 0
3268 1
3269 0
3270 0
3271 1
3272 1
3273 1
3274 0
3275 1
3276 1
3277 1
3278 0
3279 0
3280 0
3281 0
3282 0
3283 1
3284 0
3285 1
3286 0
3287 0
3288 0
3289 0
3290 1
3291 1
3292 1
3293 0
3294 1
3295 0
3296 0
3297 1
3298 0
3299 0
3300 0
3301 1
3302 0
3303 1
3304 1
3305 0
3306 0
3307 0
3308 1
3309 1
3310 1
3311 1
3312 1
3313 1
3314 0
3315 0
3316 0
3317 0
3318 0
3319 0
3320 0
3321 0
3322 0
3323 0
3324 0
3325 1
3326 0
3327 0
3328 0
3329 1
3330 1
3331 0
3332 0
3333 0
3334 1
3335 1
3336 0
3337 0
3338 0
3339 0
3340 1
3341 1
3342 1
3343 0
3344 0
3345 0
3346 0
3347 0
3348 1
3349 0
3350 0
3351 0
3352 1
3353 0
3354 0
3355 0
3356 0
3357 0
3358 0
3359 1
3360 1
3361 0
3362 0
3363 1
3364 1
3365 1
3366 1
3367 0
3368 0
3369 0
3370 1
3371 1
3372 1
3373 0
3374 0
3375 0
3376 0
3377 1
3378 1
3379 0
3380 1
3381 0
3382 0
3383 1
3384 0
3385 0
3386 1
3387 0
3388 0
3389 0
3390 1
3391 1
3392 1
3393 1
3394 1
3395 0
3396 1
3397 0
3398 1
3399 0
3400 1
3401 1
3402 1
3403 1
3404 0
3405 0
3406 0
3407 1
3408 0
3409 1
3410 1
3411 0
3412 1
3413 0
3414 1
3415 1
3416 0
3417 1
3418 1
3419 0
3420 1
3421 1
3422 1
3423 1
3424 1
3425 1
3426 1
3427 1
3428 1
3429 0
3430 1
3431 1
3432 1
3433 1
3434 0
3435 0
3436 0
3437 1
3438 0
3439 1
3440 1
3441 0
3442 0
3443 1
3444 1
3445 1
3446 0
3447 1
3448 0
3449 0
3450 0
3451 1
3452 1
3453 0
3454 0
3455 1
3456 1
3457 1
3458 0
3459 0
3460 1
3461 0
3462 0
3463 1
3464 1
3465 0
3466 0
3467 1
3468 1
3469 0
3470 0
3471 0
3472 0
3473 1
3474 1
3475 1
3476 0
3477 0
3478 0
3479 1
3480 0
3481 1
3482 0
3483 1
3484 1
3485 1
3486 1
3487 0
3488 0
3489 0
3490 1
3491 1
3492 0
3493 0
3494 1
3495 1
3496 0
3497 1
3498 0
3499 0
3500 0
3501 1
3502 0
3503 0
3504 0
3505 0
3506 0
3507 1
3508 1
3509 0
3510 0
3511 1
3512 1
3513 0
3514 1
3515 0
3516 0
3517 1
3518 0
3519 0
3520 1
3521 0
3522 1
3523 0
3524 0
3525 1
3526 1
3527 1
3528 0
3529 1
3530 0
3531 1
3532 0
3533 0
3534 1
3535 0
3536 0
3537 1
3538 1
3539 0
3540 1
3541 0
3542 1
3543 0
3544 1
3545 0
3546 0
3547 0
3548 0
3549 0
3550 0
3551 1
3552 0
3553 1
3554 1
3555 1
3556 1
3557 1
3558 0
3559 1
3560 0
3561 1
3562 1
3563 1
3564 0
3565 0
3566 1
3567 1
3568 1
3569 0
3570 0
3571 0
3572 0
3573 1
3574 0
3575 0
3576 0
3577 0
3578 0
3579 0
3580 1
3581 0
3582 0
3583 0
3584 1
3585 1
3586 0
3587 0
3588 1
3589 1
3590 1
3591 1
3592 1
3593 1
3594 0
3595 1
3596 0
3597 0
3598 0
3599 0
3600 1
3601 1
3602 0
3603 0
3604 1
3605 1
3606 1
3607 1
3608 1
3609 0
3610 1
3611 0
3612 1
3613 0
3614 0
3615 0
3616 1
3617 1
3618 1
3619 1
3620 1
3621 0
3622 1
3623 1
3624 0
3625 0
3626 1
3627 0
3628 0
3629 1
3630 1
3631 1
3632 0
3633 0
3634 1
3635 0
3636 0
3637 1
3638 0
3639 0
3640 0
3641 1
3642 1
3643 0
3644 0
3645 1
3646 1
3647 1
3648 0
3649 0
3650 0
3651 1
3652 1
3653 1
3654 0
3655 0
3656 0
3657 0
3658 0
3659 1
3660 0
3661 1
3662 1
3663 0
3664 1
3665 0
3666 0
3667 1
3668 1
3669 1
3670 0
3671 1
3672 1
3673 0
3674 1
3675 0
3676 0
3677 1
3678 1
3679 1
3680 0
3681 1
3682 0
3683 1
3684 0
3685 1
3686 1
3687 0
3688 0
3689 0
3690 1
3691 1
3692 0
3693 1
3694 0
3695 0
3696 1
3697 1
3698 0
3699 0
3700 0
3701 1
3702 0
3703 0
3704 0
3705 1
3706 1
3707 0
3708 0
3709 0
3710 0
3711 1
3712 0
3713 1
3714 0
3715 1
3716 1
3717 0
3718 1
3719 0
3720 0
3721 1
3722 1
3723 1
3724 0
3725 1
3726 1
3727 0
3728 1
3729 0
3730 1
3731 0
3732 0
3733 1
3734 1
3735 0
3736 1
3737 1
3738 1
3739 1
3740 0
3741 0
3742 0
3743 1
3744 0
3745 1
3746 0
3747 0
3748 1
3749 0
3750 0
3751 1
3752 1
3753 1
3754 0
3755 1
3756 1
3757 0
3758 0
3759 1
3760 0
3761 0
3762 1
3763 1
3764 0
3765 1
3766 0
3767 0
3768 1
3769 0
3770 1
3771 0
3772 1
3773 0
3774 0
3775 1
3776 0
3777 1
3778 0
3779 1
3780 0
3781 0
3782 0
3783 0
3784 0
3785 0
3786 0
3787 1
3788 0
3789 1
3790 0
3791 1
3792 1
3793 0
3794 0
3795 0
3796 1
3797 1
3798 1
3799 1
3800 0
3801 1
3802 1
3803 1
3804 1
3805 1
3806 0
3807 1
3808 0
3809 0
3810 0
3811 0
3812 0
3813 1
3814 1
3815 1
3816 1
3817 0
3818 1
3819 1
3820 0
3821 1
3822 1
3823 1
3824 1
3825 0
3826 1
3827 0
3828 0
3829 1
3830 0
3831 1
3832 0
3833 1
3834 0
3835 1
3836 0
3837 1
3838 1
3839 0
3840 1
3841 1
3842 1
3843 1
3844 0
3845 0
3846 1
3847 0
3848 1
3849 0
3850 1
3851 1
3852 1
3853 0
3854 1
3855 0
3856 0
3857 1
3858 0
3859 0
3860 1
3861 0
3862 0
3863 1
3864 0
3865 0
3866 0
3867 0
3868 1
3869 1
3870 0
3871 1
3872 1
3873 1
3874 0
3875 1
3876 1
3877 1
3878 1
3879 0
3880 0
3881 1
3882 1
3883 1
3884 1
3885 1
3886 0
3887 1
3888 0
3889 0
3890 1
3891 0
3892 1
3893 0
3894 0
3895 1
3896 0
3897 0
3898 0
3899 0
3900 1
3901 0
3902 1
3903 0
3904 1
3905 0
3906 0
3907 0
3908 0
3909 1
3910 0
3911 0
3912 0
3913 0
3914 1
3915 1
3916 0
3917 1
3918 1
3919 0
3920 0
3921 1
3922 1
3923 0
3924 1
3925 0
3926 0
3927 0
3928 0
3929 1
3930 0
3931 1
3932 0
3933 0
3934 1
3935 0
3936 1
3937 0
3938 1
3939 1
3940 0
3941 0
3942 1
3943 0
3944 1
3945 1
3946 0
3947 0
3948 0
3949 1
3950 1
3951 1
3952 0
3953 1
3954 1
3955 1
3956 0
3957 0
3958 0
3959 1
3960 0
3961 1
3962 0
3963 0
3964 0
3965 1
3966 1
3967 0
3968 1
3969 1
3970 1
3971 0
3972 1
3973 0
3974 1
3975 0
3976 1
3977 1
3978 1
3979 0
3980 1
3981 0
3982 0
3983 1
3984 0
3985 1
3986 0
3987 1
3988 1
3989 1
3990 1
3991 1
3992 0
3993 1
3994 0
3995 1
3996 1
3997 1
3998 1
3999 1
4000 0
4001 0
4002 0
4003 0
4004 0
4005 1
4006 0
4007 1
4008 0
4009 1
4010 1
4011 1
4012 0
4013 0
4014 0
4015 1
4016 0
4017 1
4018 0
4019 0
4020 1
4021 1
4022 0
4023 1
4024 0
4025 0
4026 0
4027 0
4028 0
4029 0
4030 0
4031 1
4032 1
4033 1
4034 1
4035 0
4036 1
4037 1
4038 1
4039 0
4040 1
4041 1
4042 0
4043 0
4044 1
4045 1
4046 0
4047 1
4048 1
4049 1
4050 0
4051 1
4052 1
4053 1
4054 1
4055 0
4056 1
4057 1
4058 0
4059 1
4060 1
4061 1
4062 1
4063 0
4064 1
4065 1
4066 1
4067 1
4068 0
4069 1
4070 1
4071 1
4072 0
4073 1
4074 0
4075 0
4076 0
4077 0
4078 0
4079 0
4080 1
4081 0
4082 0
4083 1
4084 0
4085 1
4086 0
4087 0
4088 1
4089 0
4090 1
4091 1
4092 0
4093 0
4094 1
4095 0
4096 1
4097 0
4098 0
4099 1
4100 0
4101 1
4102 1
4103 1
4104 1
4105 0
4106 1
4107 0
4108 0
4109 1
4110 1
4111 0
4112 1
4113 0
4114 0
4115 0
4116 0
4117 0
4118 0
4119 1
4120 0
4121 1
4122 1
4123 1
4124 1
4125 1
4126 1
4127 1
4128 1
4129 1
4130 0
4131 0
4132 0
4133 0
4134 0
4135 0
4136 1
4137 1
4138 0
4139 1
4140 0
4141 0
4142 1
4143 1
4144 1
4145 0
4146 1
4147 1
4148 1
4149 1
4150 1
4151 0
4152 1
4153 0
4154 0
4155 1
4156 1
4157 1
4158 1
4159 1
4160 1
4161 1
4162 1
4163 1
4164 1
4165 0
4166 1
4167 1
4168 0
4169 0
4170 1
4171 1
4172 0
4173 0
4174 0
4175 0
4176 0
4177 0
4178 1
4179 1
4180 0
4181 0
4182 0
4183 0
4184 0
4185 0
4186 1
4187 0
4188 1
4189 0
4190 1
4191 0
4192 1
4193 1
4194 0
4195 1
4196 0
4197 1
4198 0
4199 1
4200 0
4201 0
4202 1
4203 0
4204 1
4205 0
4206 0
4207 1
4208 0
4209 1
4210 0
4211 0
4212 0
4213 0
4214 0
4215 1
4216 0
4217 1
4218 1
4219 1
4220 0
4221 1
4222 1
4223 0
4224 1
4225 0
4226 1
4227 1
4228 1
4229 0
4230 1
4231 1
4232 0
4233 0
4234 1
4235 0
4236 1
4237 1
4238 1
4239 1
4240 0
4241 1
4242 0
4243 0
4244 1
4245 1
4246 1
4247 0
4248 1
4249 0