0 1
0 2
0 3
0 4
0 5
0 6
0 7
0 8
0 9
0 10
0 11
0 12
0 13
0 14
0 15
0 16
0 19
0 20
0 21
0 24
0 26
0 29
0 33
0 35
0 36
0 40
0 46
0 48
0 49
0 51
0 52
0 56
0 58
0 59
0 60
0 65
0 66
0 68
0 71
0 75
0 79
0 80
0 95
0 100
0 107
0 115
0 122
0 127
0 131
0 135
0 141
0 144
0 149
0 151
0 153
0 175
0 182
0 185
0 205
0 207
0 212
0 218
0 219
0 230
0 233
0 234
0 243
0 252
0 292
0 293
0 296
0 307
0 309
0 312
0 342
0 347
0 363
0 374
0 377
0 387
0 392
0 413
0 441
0 456
0 464
0 469
0 470
0 480
0 481
0 492
0 504
0 507
0 521
0 539
0 546
1 17
1 23
1 25
1 27
1 30
1 32
1 35
1 37
1 39
1 42
1 45
1 49
1 51
1 53
1 58
1 78
1 85
1 105
1 128
1 130
1 133
1 150
1 156
1 159
1 177
1 180
1 186
1 190
1 200
1 209
1 225
1 227
1 259
1 267
1 329
1 331
1 354
1 369
1 391
1 393
1 400
1 405
1 448
1 472
1 475
1 491
2 7
2 8
2 9
2 10
2 12
2 13
2 15
2 16
2 18
2 21
2 22
2 23
2 24
2 26
2 27
2 28
2 29
2 41
2 42
2 50
2 53
2 55
2 59
2 62
2 63
2 64
2 68
2 69
2 70
2 76
2 86
2 95
2 107
2 126
2 134
2 139
2 153
2 166
2 189
2 205
2 206
2 214
2 224
2 230
2 246
2 264
2 280
2 287
2 291
2 296
2 311
2 321
2 323
2 327
2 329
2 350
2 352
2 360
2 371
2 410
2 413
2 439
2 453
2 462
2 467
2 504
2 508
2 518
2 526
2 531
2 532
2 542
3 7
3 8
3 9
3 11
3 14
3 24
3 26
3 31
3 32
3 37
3 51
3 69
3 73
3 80
3 92
3 98
3 105
3 115
3 141
3 142
3 149
3 164
3 176
3 179
3 180
3 185
3 188
3 189
3 197
3 212
3 227
3 228
3 245
3 312
3 378
3 396
3 418
3 430
3 433
3 436
3 439
3 453
3 514
3 539
4 7
4 9
4 10
4 12
4 14
4 15
4 19
4 31
4 33
4 36
4 45
4 50
4 74
4 77
4 86
4 90
4 108
4 111
4 112
4 120
4 150
4 172
4 174
4 178
4 190
4 191
4 201
4 223
4 227
4 258
4 263
4 292
4 326
4 338
4 356
4 368
4 377
4 382
4 392
4 396
4 419
4 434
4 509
4 510
4 534
5 7
5 8
5 9
5 11
5 13
5 17
5 19
5 43
5 44
5 65
5 72
5 82
5 98
5 103
5 106
5 111
5 114
5 122
5 145
5 163
5 169
5 178
5 181
5 193
5 222
5 226
5 231
5 236
5 237
5 277
5 294
5 300
5 306
5 344
5 358
5 366
5 405
5 415
5 421
5 437
5 495
5 545
6 7
6 8
6 10
6 14
6 19
6 28
6 35
6 38
6 39
6 40
6 45
6 56
6 63
6 79
6 97
6 105
6 109
6 115
6 117
6 121
6 124
6 208
6 221
6 229
6 250
6 295
6 302
6 305
6 307
6 319
6 326
6 372
6 377
6 442
6 484
6 529
7 8
7 10
7 11
7 12
7 13
7 15
7 16
7 17
7 21
7 28
7 30
7 33
7 39
7 41
7 42
7 44
7 59
7 60
7 64
7 65
7 78
7 83
7 89
7 90
7 91
7 94
7 109
7 110
7 121
7 125
7 136
7 143
7 147
7 157
7 190
7 193
7 194
7 196
7 197
7 198
7 208
7 211
7 246
7 247
7 256
7 259
7 266
7 270
7 271
7 301
7 315
7 343
7 346
7 352
7 372
7 419
7 430
7 431
7 445
7 462
7 470
7 503
7 524
8 9
8 11
8 13
8 16
8 21
8 22
8 23
8 24
8 25
8 28
8 29
8 31
8 32
8 34
8 37
8 38
8 40
8 41
8 43
8 46
8 51
8 54
8 55
8 56
8 59
8 61
8 63
8 65
8 69
8 70
8 77
8 78
8 81
8 90
8 95
8 97
8 98
8 105
8 106
8 118
8 119
8 128
8 131
8 137
8 155
8 172
8 176
8 203
8 205
8 212
8 216
8 219
8 220
8 246
8 249
8 253
8 275
8 281
8 283
8 287
8 293
8 374
8 379
8 380
8 383
8 385
8 397
8 401
8 406
8 423
8 440
8 441
8 442
8 454
8 460
8 461
8 462
8 472
8 480
8 481
8 491
8 497
8 501
8 512
8 523
8 543
9 10
9 11
9 12
9 17
9 18
9 32
9 33
9 35
9 40
9 44
9 50
9 58
9 68
9 69
9 76
9 82
9 86
9 87
9 91
9 94
9 111
9 123
9 127
9 155
9 167
9 174
9 190
9 194
9 203
9 206
9 240
9 258
9 279
9 329
9 336
9 355
9 378
9 387
9 390
9 391
9 395
9 426
9 432
9 463
9 470
9 483
9 509
9 525
9 531
9 535
10 12
10 13
10 15
10 18
10 20
10 27
10 44
10 48
10 102
10 115
10 116
10 132
10 137
10 148
10 150
10 175
10 195
10 199
10 249
10 273
10 317
10 329
10 350
10 351
10 395
10 439
10 488
10 512
10 515
10 537
11 16
11 19
11 32
11 34
11 39
11 48
11 75
11 84
11 94
11 133
11 165
11 166
11 172
11 194
11 209
11 211
11 217
11 273
11 283
11 295
11 300
11 312
11 320
11 330
11 337
11 367
11 379
11 404
11 428
11 479
11 513
11 523
11 544
12 14
12 17
12 18
12 21
12 22
12 23
12 25
12 30
12 36
12 37
12 38
12 40
12 48
12 55
12 59
12 62
12 74
12 80
12 87
12 91
12 95
12 112
12 139
12 150
12 156
12 161
12 169
12 194
12 212
12 232
12 248
12 276
12 278
12 290
12 297
12 341
12 342
12 346
12 381
12 403
12 407
12 466
12 486
12 495
12 503
12 505
12 525
12 527
13 14
13 15
13 16
13 18
13 20
13 25
13 27
13 36
13 53
13 61
13 66
13 67
13 70
13 84
13 87
13 97
13 104
13 107
13 108
13 129
13 148
13 155
13 169
13 178
13 180
13 181
13 204
13 207
13 217
13 266
13 267
13 284
13 305
13 332
13 334
13 346
13 367
13 371
13 453
13 486
13 525
13 528
14 18
14 20
14 29
14 53
14 55
14 63
14 71
14 125
14 184
14 192
14 258
14 280
14 283
14 324
14 358
14 377
14 456
14 507
14 524
14 533
15 17
15 19
15 20
15 22
15 24
15 25
15 27
15 30
15 37
15 50
15 59
15 67
15 73
15 84
15 100
15 101
15 128
15 141
15 144
15 155
15 173
15 179
15 209
15 238
15 344
15 390
15 457
15 459
15 480
15 526
15 533
16 23
16 27
16 33
16 34
16 35
16 43
16 45
16 49
16 52
16 61
16 68
16 78
16 88
16 93
16 103
16 112
16 119
16 134
16 144
16 145
16 158
16 163
16 168
16 207
16 238
16 246
16 258
16 264
16 285
16 289
16 328
16 338
16 341
16 349
16 377
16 382
16 404
16 406
16 444
16 450
16 453
16 475
16 476
16 506
16 519
17 24
17 31
17 42
17 47
17 52
17 60
17 63
17 67
17 76
17 81
17 83
17 123
17 138
17 151
17 153
17 158
17 168
17 174
17 180
17 190
17 191
17 215
17 228
17 232
17 234
17 253
17 255
17 258
17 292
17 296
17 303
17 311
17 334
17 349
17 356
17 367
17 404
17 417
17 437
17 465
17 473
17 483
17 492
17 500
17 506
17 512
17 513
18 20
18 22
18 25
18 28
18 29
18 31
18 36
18 42
18 45
18 46
18 47
18 49
18 55
18 58
18 60
18 62
18 74
18 95
18 97
18 111
18 112
18 126
18 168
18 173
18 176
18 179
18 187
18 208
18 221
18 239
18 245
18 289
18 313
18 315
18 336
18 346
18 369
18 376
18 396
18 413
18 422
18 468
18 484
18 519
18 536
18 537
18 547
19 21
19 23
19 26
19 30
19 31
19 41
19 43
19 44
19 54
19 56
19 62
19 67
19 72
19 75
19 92
19 94
19 99
19 113
19 121
19 125
19 132
19 142
19 157
19 164
19 191
19 193
19 206
19 222
19 238
19 253
19 271
19 276
19 288
19 298
19 325
19 360
19 388
19 409
19 411
19 412
19 415
19 444
19 457
19 509
19 529
19 531
19 547
19 548
19 549
20 34
20 39
20 47
20 52
20 57
20 60
20 62
20 64
20 71
20 79
20 83
20 93
20 95
20 100
20 108
20 110
20 113
20 132
20 144
20 152
20 161
20 162
20 171
20 180
20 186
20 198
20 213
20 220
20 229
20 232
20 254
20 263
20 274
20 303
20 311
20 314
20 318
20 327
20 328
20 337
20 345
20 348
20 356
20 390
20 394
20 400
20 426
20 484
20 487
20 499
20 508
20 509
20 518
20 528
21 22
21 26
21 33
21 37
21 54
21 55
21 57
21 60
21 69
21 71
21 83
21 84
21 93
21 99
21 110
21 120
21 122
21 132
21 133
21 142
21 165
21 177
21 191
21 193
21 195
21 204
21 243
21 250
21 256
21 257
21 262
21 289
21 310
21 314
21 320
21 326
21 345
21 383
21 401
21 420
21 427
21 455
21 471
21 501
21 527
21 545
22 29
22 40
22 48
22 51
22 72
22 73
22 79
22 85
22 89
22 96
22 110
22 124
22 125
22 127
22 130
22 140
22 150
22 156
22 159
22 171
22 177
22 229
22 231
22 241
22 260
22 342
22 354
22 365
22 368
22 386
22 412
22 432
22 456
22 480
22 519
22 537
22 548
23 34
23 35
23 43
23 53
23 82
23 83
23 88
23 96
23 102
23 135
23 149
23 182
23 188
23 242
23 262
23 282
23 285
23 288
23 319
23 349
23 352
23 391
23 426
23 448
23 502
24 28
24 41
24 61
24 69
24 72
24 79
24 80
24 81
24 91
24 98
24 104
24 110
24 114
24 127
24 131
24 186
24 187
24 199
24 234
24 235
24 427
24 493
24 524
24 540
25 26
25 76
25 80
25 88
25 99
25 114
25 117
25 118
25 126
25 131
25 141
25 244
25 253
25 304
25 332
25 360
25 375
25 401
25 414
25 477
25 486
25 512
25 530
25 543
26 32
26 44
26 46
26 47
26 54
26 74
26 116
26 192
26 304
26 309
26 388
26 415
26 452
26 494
27 30
27 34
27 53
27 66
27 74
27 77
27 87
27 91
27 102
27 109
27 115
27 170
27 171
27 199
27 202
27 205
27 249
27 254
27 280
27 283
27 296
27 297
27 325
27 351
27 363
27 392
27 399
27 420
27 434
27 442
27 470
27 485
27 496
27 532
28 58
28 70
28 76
28 88
28 97
28 113
28 168
28 171
28 217
28 248
28 261
28 291
28 310
28 333
28 334
28 361
28 368
28 373
28 399
28 455
28 462
28 490
28 535
29 70
29 112
29 117
29 135
29 163
29 182
29 245
29 262
29 315
29 402
29 482
30 38
30 145
30 160
30 170
30 178
30 181
30 226
30 251
30 325
30 332
30 366
30 375
30 458
30 518
31 45
31 49
31 57
31 94
31 120
31 151
31 189
31 277
31 279
31 290
31 333
31 381
31 410
31 479
31 490
31 500
31 516
31 547
32 84
32 90
32 113
32 114
32 117
32 158
32 183
32 196
32 222
32 266
32 282
32 285
32 307
32 311
32 312
32 330
32 335
32 341
32 408
32 471
32 488
32 507
33 41
33 52
33 84
33 93
33 124
33 127
33 142
33 147
33 161
33 170
33 196
33 201
33 213
33 223
33 240
33 242
33 244
33 252
33 285
33 313
33 348
33 411
33 430
33 463
33 540
34 36
34 39
34 61
34 64
34 65
34 81
34 92
34 93
34 183
34 186
34 213
34 228
34 259
34 400
34 484
34 488
34 490
34 524
34 530
34 546
35 38
35 50
35 64
35 94
35 135
35 192
35 226
35 236
35 275
35 298
35 459
36 46
36 47
36 67
36 146
36 202
36 221
36 228
36 270
36 278
36 281
36 286
36 398
36 437
36 466
36 467
37 38
37 50
37 123
37 206
37 260
37 268
37 297
37 298
37 313
37 322
37 374
37 438
37 465
37 496
38 72
38 81
38 101
38 107
38 108
38 174
38 180
38 183
38 184
38 194
38 197
38 200
38 294
38 327
38 335
38 367
38 371
38 373
38 407
38 422
38 443
38 447
38 458
39 52
39 66
39 73
39 82
39 98
39 100
39 128
39 166
39 167
39 175
39 179
39 184
39 197
39 202
39 204
39 213
39 221
39 294
39 354
39 360
39 379
39 388
39 402
39 430
39 452
39 475
39 477
40 42
40 43
40 47
40 56
40 73
40 75
40 77
40 82
40 87
40 98
40 100
40 107
40 130
40 135
40 145
40 146
40 151
40 165
40 193
40 196
40 202
40 211
40 223
40 274
40 282
40 308
40 351
40 450
40 545
41 48
41 57
41 71
41 78
41 89
41 101
41 121
41 131
41 161
41 256
41 271
41 440
41 493
41 515
41 519
41 521
42 46
42 54
42 58
42 65
42 75
42 85
42 103
42 141
42 153
42 158
42 170
42 251
42 264
42 284
42 286
42 301
42 317
42 386
42 401
42 478
43 79
43 148
43 249
43 271
43 282
43 406
43 435
43 466
43 491
43 527
43 547
44 66
44 101
44 118
44 121
44 148
44 198
44 230
44 257
44 323
44 390
44 461
44 473
44 502
45 51
45 54
45 85
45 114
45 116
45 153
45 170
45 173
45 221
45 229
45 231
45 239
45 244
45 255
45 259
45 265
45 266
45 284
45 353
45 365
45 373
45 385
45 387
45 469
45 485
45 514
46 71
46 83
46 117
46 134
46 136
46 141
46 233
46 248
46 288
46 291
46 302
46 376
46 398
46 416
46 466
47 67
47 77
47 144
47 246
47 280
47 301
47 303
47 309
47 336
47 404
47 425
47 489
47 500
48 49
48 56
48 74
48 82
48 85
48 90
48 99
48 173
48 210
48 216
48 220
48 279
48 299
48 366
48 416
48 425
48 438
48 488
48 501
48 527
49 86
49 336
49 355
49 416
49 440
50 68
50 101
50 162
50 174
50 196
50 201
50 218
50 297
50 324
50 343
50 410
50 487
50 498
51 288
51 411
51 497
51 499
52 62
52 96
52 125
52 145
52 146
52 147
52 197
52 200
52 236
52 260
52 262
52 333
52 338
52 401
53 107
53 157
53 177
53 252
53 397
54 136
54 139
54 184
54 226
54 241
54 293
54 353
54 385
54 424
54 446
54 477
54 514
55 57
55 91
55 93
55 119
55 137
55 168
55 187
55 200
55 204
55 235
55 238
55 244
55 353
55 366
55 409
55 414
55 440
55 446
55 451
55 539
55 543
56 57
56 61
56 105
56 137
56 138
56 140
56 149
56 201
56 208
56 211
56 228
56 244
56 266
56 270
56 273
56 286
56 383
56 394
56 506
56 522
57 128
57 146
57 195
57 227
57 263
57 362
57 515
58 77
58 211
58 308
58 365
58 457
58 488
59 73
59 76
59 85
59 96
59 102
59 126
59 130
59 158
59 159
59 165
59 169
59 195
59 210
59 215
59 277
59 284
59 346
59 452
59 493
59 525
60 64
60 72
60 106
60 126
60 187
60 215
60 241
60 262
60 268
60 288
60 307
60 309
60 314
60 330
60 337
60 341
60 352
60 362
60 399
60 402
60 428
60 491
60 515
60 541
61 87
61 89
61 96
61 102
61 103
61 112
61 116
61 133
61 143
61 237
61 241
61 245
61 271
61 297
61 300
61 303
61 327
61 412
61 471
61 530
62 63
62 88
62 92
62 133
62 139
62 157
62 190
62 207
62 223
62 232
62 279
62 306
62 318
62 323
62 324
62 397
62 405
62 424
62 433
62 504
62 547
63 70
63 75
64 66
64 121
64 143
64 152
64 154
64 216
64 288
64 500
64 502
64 522
64 533
64 534
64 540
65 68
65 88
65 106
65 133
65 134
65 213
65 241
65 393
65 399
66 99
66 183
66 214
66 218
66 261
66 266
66 380
66 452
66 520
66 529
67 110
67 129
67 152
67 223
67 225
67 316
67 321
68 80
68 108
68 117
68 120
68 124
68 140
68 160
68 166
68 277
68 286
68 306
68 331
68 361
68 441
68 485
68 520
69 78
69 81
69 86
69 102
69 103
69 106
69 119
69 132
69 157
69 227
69 247
69 276
69 284
69 383
69 398
69 542
70 350
70 496
70 548
71 89
71 92
71 123
71 160
71 270
71 291
71 310
71 382
71 451
72 131
72 144
72 215
72 238
72 322
72 351
72 384
72 397
72 476
73 104
73 116
73 147
73 235
73 264
73 435
74 114
74 122
74 128
74 136
74 232
74 240
74 254
74 261
74 370
74 465
74 521
75 225
75 425
75 467
75 496
75 498
76 86
76 89
76 90
76 92
76 111
76 129
76 138
76 172
76 194
76 237
76 247
76 262
76 267
76 304
76 313
76 320
76 351
76 366
76 369
76 380
76 402
76 414
76 458
76 459
76 496
76 545
77 99
77 109
77 145
77 154
77 420
77 542
78 100
78 503
78 536
79 97
79 104
79 130
79 140
79 222
79 282
79 308
79 324
79 378
79 385
79 388
79 405
79 457
79 461
79 481
80 111
80 134
80 162
80 214
80 243
80 269
80 323
80 343
80 407
80 523
81 143
81 199
81 270
81 294
81 297
81 316
81 344
81 400
81 401
81 427
81 474
81 486
82 96
82 104
82 124
82 146
82 175
82 185
82 189
82 200
82 215
82 267
82 278
82 296
82 320
82 327
82 425
82 445
82 464
82 469
82 479
82 526
83 152
83 210
83 214
83 215
83 261
83 265
83 272
83 310
83 388
83 412
83 450
84 130
84 201
84 295
84 301
84 304
85 135
85 139
85 335
85 370
85 476
85 484
85 503
86 185
86 204
86 274
86 307
86 461
86 474
86 479
87 160
87 183
87 239
87 339
87 403
87 443
87 457
87 490
87 544
88 120
88 125
88 147
88 154
88 155
88 198
88 204
88 217
88 269
88 287
88 378
88 471
88 475
89 104
89 151
89 281
89 387
89 510
90 136
90 156
90 167
90 173
90 182
90 184
90 202
90 224
90 261
90 340
90 364
90 463
90 465
90 482
91 119
91 250
91 289
91 329
91 336
91 347
91 409
91 416
91 422
92 156
92 188
92 275
92 353
92 462
93 109
93 210
93 285
93 335
93 366
94 319
94 349
94 395
94 406
95 105
95 123
95 196
95 220
95 281
95 289
96 119
96 122
96 167
96 185
96 233
96 284
96 300
96 334
96 337
96 339
96 355
96 431
96 459
96 476
96 509
97 164
97 235
97 275
97 276
97 335
97 363
97 468
97 469
98 129
98 176
98 265
98 281
98 292
98 398
98 451
99 139
99 143
99 179
99 321
99 331
99 339
99 365
99 391
99 466
99 473
99 544
100 101
100 123
100 124
100 127
100 150
100 225
100 240
100 250
100 258
100 317
100 340
100 430
100 468
100 477
100 505
101 140
101 152
101 156
101 177
101 313
101 328
101 339
101 354
101 361
101 446
102 103
102 108
102 272
102 274
102 299
102 482
103 113
103 140
103 154
103 169
103 192
103 256
103 277
103 340
103 358
103 425
103 472
103 482
103 534
104 122
104 226
104 237
104 263
104 268
104 473
104 533
105 106
105 109
105 137
105 187
105 199
105 326
105 340
105 406
105 500
105 526
106 157
106 219
106 294
106 358
106 469
107 142
107 148
107 233
107 251
107 269
107 384
107 487
108 115
108 184
108 249
109 192
109 293
109 338
109 350
109 522
110 129
110 160
110 185
110 216
110 386
110 427
110 522
111 113
111 142
111 152
111 158
111 160
111 233
111 244
111 257
111 279
111 448
111 464
111 465
112 186
112 252
112 272
112 348
112 370
112 506
113 116
113 118
113 134
113 136
113 138
113 143
113 146
113 162
113 224
113 227
113 237
113 359
113 364
113 423
113 492
114 148
114 163
114 182
114 221
114 303
114 431
114 438
114 467
114 528
114 543
114 548
115 118
115 138
115 153
115 188
115 205
115 207
115 342
115 443
116 147
116 512
117 118
117 154
117 254
117 325
117 340
117 425
117 435
117 464
117 494
117 534
118 120
118 138
118 167
118 217
118 257
118 274
118 352
118 368
118 429
118 447
118 467
119 149
119 216
119 218
119 242
119 271
119 305
119 321
120 175
120 219
120 242
120 337
120 477
121 154
121 163
121 164
121 169
121 170
121 181
121 230
121 232
121 235
121 265
121 286
121 317
121 398
121 450
121 542
122 126
122 137
122 171
122 206
122 275
122 280
122 323
122 339
122 445
122 468
122 485
122 549
123 163
123 189
123 494
124 368
125 129
125 162
125 182
125 251
125 261
125 436
125 511
126 178
126 345
126 441
126 481
126 540
127 183
127 231
127 433
127 460
127 539
128 132
128 179
128 186
128 201
128 219
128 337
128 343
128 356
128 385
128 404
128 407
129 199
129 316
129 413
130 238
130 311
130 383
130 499
131 151
131 298
131 304
132 329
133 159
133 203
133 251
133 350
134 214
134 255
134 356
134 429
134 494
134 502
134 542
135 172
135 246
135 250
135 302
135 330
135 335
135 359
135 360
135 424
135 437
135 449
135 516
136 165
136 320
136 395
136 489
136 506
136 532
136 535
137 191
137 202
137 234
137 364
137 380
137 447
137 454
138 164
138 245
138 363
138 394
138 431
138 473
138 518
139 155
139 171
139 172
139 173
139 209
139 336
139 375
139 441
139 453
139 477
139 506
139 523
140 210
140 402
140 408
141 210
141 242
141 362
141 376
141 487
141 517
142 164
142 177
142 193
142 212
142 225
142 243
142 248
142 268
142 293
142 330
142 345
142 385
142 406
142 407
142 517
143 166
143 290
144 167
145 165
145 209
145 223
145 281
145 324
145 345
145 372
145 390
145 481
145 511
145 546
146 247
146 446
147 197
147 203
147 290
147 306
147 505
148 149
148 159
148 253
148 378
148 421
148 528
148 530
149 189
149 449
150 159
150 168
150 207
150 322
150 358
150 407
150 463
150 480
150 483
151 218
151 220
151 311
152 176
152 195
152 233
152 268
152 379
152 409
152 418
153 181
153 218
153 333
153 430
153 454
154 187
154 224
154 260
154 278
154 324
154 331
154 399
154 472
154 508
155 219
155 224
155 326
155 379
155 389
155 399
155 410
156 162
156 181
156 240
156 255
156 489
156 531
157 247
157 334
157 437
158 161
158 216
158 257
158 302
158 334
159 161
159 175
159 225
159 274
159 298
159 485
160 206
160 278
160 314
160 390
160 433
160 444
160 492
160 528
160 535
161 231
161 344
161 357
161 361
161 408
161 497
161 536
162 200
162 268
162 420
163 178
163 191
163 243
163 264
163 275
163 395
163 429
163 434
163 435
163 449
164 203
164 263
164 393
165 166
165 176
165 188
165 353
165 495
166 174
166 525
167 236
167 364
167 493
167 543
169 222
169 301
169 314
169 362
169 518
170 192
170 198
170 292
170 295
170 312
170 376
170 484
171 205
171 239
171 277
171 414
171 421
171 460
171 479
171 509
172 236
172 381
173 287
173 290
173 347
173 439
173 498
173 499
173 544
174 302
174 342
174 361
174 365
174 389
175 231
175 234
175 316
175 391
175 410
176 198
176 299
176 305
176 341
176 393
176 423
176 434
176 438
176 444
176 455
176 461
176 510
176 537
177 239
177 306
177 391
178 203
178 443
179 224
179 254
179 269
179 345
179 355
179 374
179 393
179 475
179 549
180 256
180 433
181 374
181 380
182 255
182 300
182 389
182 402
182 427
183 188
183 283
183 395
184 195
184 208
184 214
184 257
184 278
184 364
184 486
185 228
185 235
185 236
185 386
186 264
187 212
187 237
187 248
187 354
187 416
188 222
188 239
189 208
190 230
190 408
190 436
190 482
191 289
191 348
191 445
191 458
191 520
192 269
192 292
192 318
192 396
192 422
192 449
194 445
194 446
194 539
195 209
195 260
195 541
196 318
196 330
196 333
196 361
196 394
196 478
196 507
196 514
196 515
197 226
197 245
197 318
197 350
197 382
197 410
198 230
198 272
198 373
198 517
199 242
199 269
199 305
200 234
200 256
200 280
200 319
200 409
200 433
200 499
201 259
201 416
201 418
201 467
201 508
201 521
203 252
203 356
203 428
203 547
204 217
204 403
204 454
205 383
205 405
205 423
205 534
206 213
206 229
206 250
206 267
206 504
207 211
207 376
207 494
208 240
208 291
208 299
208 315
208 367
208 424
209 220
209 276
209 355
209 357
209 422
209 456
210 322
210 417
210 432
210 450
210 511
210 538
211 308
212 253
212 294
212 315
212 362
212 515
213 302
214 283
214 287
214 295
214 307
214 442
215 392
216 320
216 409
216 533
217 247
217 369
217 431
217 455
217 538
218 375
219 308
220 248
221 265
221 338
221 387
221 455
222 417
222 428
223 229
223 273
223 357
223 377
223 413
223 459
223 500
223 521
224 408
224 436
224 487
225 260
225 397
226 388
226 400
226 461
226 536
226 548
227 328
228 243
229 507
230 255
230 270
230 331
230 386
230 394
230 451
231 323
231 339
231 369
231 429
231 448
231 540
232 241
233 251
235 287
235 357
235 363
235 418
235 490
235 494
236 293
236 373
236 374
236 384
236 455
236 471
236 472
236 522
237 291
237 304
237 460
238 254
238 259
238 340
238 529
239 404
239 432
240 303
240 319
240 362
240 372
240 393
240 492
241 299
241 370
241 380
242 285
242 358
243 273
243 279
243 486
243 530
244 249
244 305
244 310
244 314
244 371
244 381
244 495
244 514
245 417
245 451
245 503
245 517
247 322
247 359
247 414
248 273
248 317
248 348
248 480
248 503
248 516
249 252
249 263
249 319
249 331
249 541
250 298
250 315
250 444
250 447
250 474
250 512
250 538
251 272
251 299
251 398
251 524
251 548
252 392
253 325
253 359
253 403
255 272
255 343
255 349
256 310
256 456
256 469
256 491
257 316
257 321
257 389
257 482
257 505
258 267
258 313
258 317
258 338
258 532
258 533
260 265
261 296
261 367
262 290
262 420
262 422
262 442
262 531
263 447
264 295
265 282
265 426
265 478
265 513
266 510
268 349
268 384
268 431
270 521
271 333
271 411
271 427
272 386
273 276
274 342
274 354
275 316
275 348
275 440
275 458
275 520
276 347
277 328
278 322
278 359
279 309
279 396
279 408
280 375
281 286
281 429
282 421
283 312
283 343
283 389
283 443
284 365
284 375
285 301
285 405
286 438
287 328
287 445
288 308
288 424
290 421
290 428
290 468
291 468
291 492
292 327
292 424
292 495
292 497
294 502
294 511
294 534
295 300
295 344
295 351
295 544
296 309
296 389
296 474
297 371
297 397
299 332
299 418
299 435
299 489
299 493
300 306
300 394
300 513
303 428
303 465
304 347
304 418
304 441
304 448
304 538
305 435
305 476
306 318
306 501
307 460
308 357
308 360
308 419
309 344
309 412
309 464
309 544
310 332
310 382
310 489
311 326
311 440
312 347
312 369
312 434
312 449
312 488
312 538
313 325
313 403
314 381
315 412
315 432
317 501
319 370
320 321
320 516
322 415
324 382
324 451
325 341
326 352
326 450
326 474
327 359
327 438
327 516
328 332
328 545
329 448
330 417
330 454
331 528
332 489
333 364
334 357
334 419
334 523
334 529
336 400
336 462
337 368
338 442
338 520
339 420
340 381
340 423
341 346
341 415
341 432
342 353
342 376
344 483
345 423
345 458
346 355
346 429
346 457
346 546
347 413
347 419
347 471
348 371
348 372
348 483
348 537
350 453
352 443
352 498
353 517
354 379
354 384
355 392
357 363
357 434
357 497
357 504
360 378
360 527
361 373
361 514
361 546
362 426
362 449
363 370
367 372
369 384
369 414
369 439
370 452
371 456
371 478
371 531
372 417
372 436
372 526
373 426
373 452
374 464
375 541
377 478
378 437
378 472
378 501
379 419
379 510
379 519
380 387
380 421
381 481
383 403
383 454
383 478
385 490
386 517
386 519
388 511
390 396
390 439
393 487
393 510
394 539
395 411
395 545
396 523
397 511
399 415
400 463
404 535
405 446
405 473
406 525
407 411
407 540
407 541
409 505
410 497
411 516
416 459
418 444
422 436
425 463
426 524
427 541
429 470
431 498
431 532
432 483
436 447
436 536
437 536
438 460
438 537
443 505
444 479
444 495
446 466
447 470
452 535
453 508
454 474
454 513
455 475
455 476
455 504
455 508
455 529
457 538
458 496
460 502
461 485
461 530
464 522
470 493
471 498
479 532
479 549
481 527
483 513
488 499
488 507
490 491
493 520
497 526
499 546
502 518
508 543
511 542
511 549
526 549