0 500.0 8211.0 32.844 0.134093382066651 0.2945891783567134 0.030662544286549496 0.5863689776733255 0.1595566151026278 0.008282660938400353
1 500.0 8211.0 32.844 0.134093382066651 0.11623246492985971 0.004603822374871994 0.5280423280423281 0.0710006518684433 0.0033746493575911992
2 500.0 8211.0 32.844 0.134093382066651 0.08416833667334668 0.002666440591413757 0.5081466395112016 0.04504453202930065 0.002524260022423673
3 500.0 8211.0 32.844 0.134093382066651 0.08016032064128256 0.0019516206453953418 0.512846865364851 0.05240425043010553 0.0023774803323491
4 500.0 8211.0 32.844 0.134093382066651 0.05611222444889779 0.00079008213087262 0.5 0.043572892596959734 0.0017091540548269803
5 500.0 8211.0 32.844 0.134093382066651 0.1282565130260521 0.00520296113836133 0.5331196581196581 0.07631637700114142 0.003686066091875715
6 500.0 8211.0 32.844 0.134093382066651 0.10821643286573146 0.004071545800928722 0.5258166491043204 0.06621789717437601 0.0031569147279495308
7 500.0 8211.0 32.844 0.134093382066651 0.156312625250501 0.008502745499928967 0.5423913043478261 0.09208611192602681 0.0044795603400520165
8 500.0 8211.0 32.844 0.134093382066651 0.12625250501002003 0.005459555866123785 0.5308510638297872 0.07216048189543306 0.0036586937589792195
9 500.0 8211.0 32.844 0.134093382066651 0.1222444889779559 0.00559934275255421 0.5286016949152542 0.06984450779578477 0.0035585221907215164
10 500.0 8211.0 32.844 0.134093382066651 0.10420841683366733 0.0030580185246832283 0.5258166491043204 0.06567546556879346 0.0030224657261852523
11 500.0 8211.0 32.844 0.134093382066651 0.15430861723446893 0.008880617534860826 0.5412147505422994 0.08769914582440295 0.0044325741151373145
12 500.0 8211.0 32.844 0.134093382066651 0.10420841683366733 0.0030303146917339567 0.5230607966457023 0.06772186536674307 0.0030177069284157134
13 500.0 8211.0 32.844 0.134093382066651 0.07014028056112225 0.00153605407058419 0.5065989847715736 0.04706166028409567 0.002105141402061747
14 500.0 8211.0 32.844 0.134093382066651 0.2545090180360721 0.024485442719479503 0.5729047072330654 0.132338377231304 0.007208918776002275
15 500.0 8211.0 32.844 0.134093382066651 0.1062124248496994 0.0036092272217302435 0.5247108307045215 0.06282757143414654 0.0030957992494245
16 500.0 8211.0 32.844 0.134093382066651 0.1503006012024048 0.007323843407023124 0.5388768898488121 0.09102218440806549 0.0042942337914162266
17 500.0 8211.0 32.844 0.134093382066651 0.09418837675350701 0.0028532148069099193 0.5214211076280042 0.0600670118194752 0.0027661054663886777
18 500.0 8211.0 32.844 0.134093382066651 0.2745490981963928 0.0230991592303103 0.5795586527293844 0.16396895277818246 0.007661696548558198
19 500.0 8211.0 32.844 0.134093382066651 0.23847695390781562 0.017341384979509045 0.5676905574516496 0.14302131591274225 0.006684961632463492
20 500.0 8211.0 32.844 0.134093382066651 0.24849699398797592 0.019203318045613465 0.5709382151029748 0.14422100080606173 0.006973149577103335
21 500.0 8211.0 32.844 0.134093382066651 0.2605210420841683 0.02200950648236593 0.5748847926267281 0.14691586269355275 0.007307095042559585
22 500.0 8211.0 32.844 0.134093382066651 0.2284569138276553 0.01544738461552065 0.5644796380090498 0.14018967250918749 0.006403293801490564
23 500.0 8211.0 32.844 0.134093382066651 0.19839679358717432 0.012784535028760726 0.5550611790878754 0.11757862274065205 0.00560958207759326
24 500.0 8211.0 32.844 0.134093382066651 0.24649298597194386 0.019653544956862657 0.5702857142857143 0.14008186809024598 0.006927522042480395
25 500.0 8211.0 32.844 0.134093382066651 0.2605210420841683 0.022583878616026967 0.5748847926267281 0.14533173591351853 0.007320178951466578
26 500.0 8211.0 32.844 0.134093382066651 0.21843687374749496 0.016666869171456072 0.5613048368953881 0.1261106887020458 0.006186537809754543
27 500.0 8211.0 32.844 0.134093382066651 0.21042084168336672 0.0149965076726988 0.5587905935050392 0.11732453138384843 0.005949870982570814
28 500.0 8211.0 32.844 0.134093382066651 0.22444889779559116 0.015811703140799768 0.5632054176072234 0.12697718843426353 0.006302527594744104
29 500.0 8211.0 32.844 0.134093382066651 0.21442885771543085 0.016241830711244177 0.5600448933782267 0.11935403890577888 0.006071721935844926
30 500.0 8211.0 32.844 0.134093382066651 0.2344689378757515 0.02013869087125735 0.5664018161180476 0.11977273296187851 0.006645883545947737
31 500.0 8211.0 32.844 0.134093382066651 0.1723446893787575 0.01049000085765189 0.5471491228070176 0.10286788587058211 0.004913151845615581
32 500.0 8211.0 32.844 0.134093382066651 0.12424849699398796 0.005204784544075133 0.5331196581196581 0.07173752269884609 0.003596801274505061
33 500.0 8211.0 32.844 0.134093382066651 0.1723446893787575 0.008635477689978945 0.5471491228070176 0.10549321382987578 0.0048666628850156015
34 500.0 8211.0 32.844 0.134093382066651 0.16432865731462926 0.009628310658017381 0.5429815016322089 0.09079990499958089 0.004698845228001458
35 500.0 8211.0 32.844 0.134093382066651 0.19639278557114226 0.013783922192519936 0.5538290788013318 0.10682923873011371 0.005579389615861489
36 500.0 8211.0 32.844 0.134093382066651 0.2224448897795591 0.017746587265444473 0.5625704622322435 0.11814957946259212 0.00630403792254572
37 500.0 8211.0 32.844 0.134093382066651 0.1903807615230461 0.012914303681691 0.5526024363233666 0.10614728574357189 0.005418170963040453
38 500.0 8211.0 32.844 0.134093382066651 0.15430861723446893 0.00784580810929005 0.5406283856988082 0.0855063950428644 0.004416296653419043
39 500.0 8211.0 32.844 0.134093382066651 0.13827655310621242 0.00632821173484365 0.5359828141783028 0.08290659662813762 0.00396388972773523
40 500.0 8211.0 32.844 0.134093382066651 0.20440881763527052 0.01407028710962254 0.5569196428571429 0.11054174182247076 0.005793388318120754
41 500.0 8211.0 32.844 0.134093382066651 0.13627254509018036 0.006462972487955639 0.5354077253218884 0.07795461621177789 0.003928391313917459
42 500.0 8211.0 32.844 0.134093382066651 0.2064128256513026 0.014934541933695098 0.5569196428571429 0.10558051507090345 0.005861716889546026
43 500.0 8211.0 32.844 0.134093382066651 0.09819639278557113 0.0026363124882614795 0.5225130890052356 0.06292597070315091 0.0028534350395574633
44 500.0 8211.0 32.844 0.134093382066651 0.13627254509018036 0.006016635903325913 0.5354077253218884 0.08107719783518207 0.003912960943817027
45 500.0 8211.0 32.844 0.134093382066651 0.13226452905811623 0.005647833892352858 0.5336898395721925 0.07601626664175312 0.0038063601000412933
46 500.0 8211.0 32.844 0.134093382066651 0.21042084168336672 0.01556544595271299 0.5587905935050392 0.11385752397623453 0.005968734572426114
47 500.0 8211.0 32.844 0.134093382066651 0.09819639278557113 0.003254627528143049 0.5192507804370448 0.0620642295400867 0.002885554361352047
48 500.0 8211.0 32.844 0.134093382066651 0.11422845691382764 0.003825817360217155 0.5274841437632135 0.06821048996321512 0.0032955559438284576
49 500.0 8211.0 32.844 0.134093382066651 0.11623246492985971 0.003878370477325048 0.5286016949152542 0.07013060170385214 0.003346536666121513
50 500.0 8211.0 32.844 0.134093382066651 0.13026052104208416 0.00518787697345783 0.5336898395721925 0.07438388553434619 0.0037430935976733
51 500.0 8211.0 32.844 0.134093382066651 0.14629258517034066 0.007745821292963162 0.5382955771305286 0.07900567575069103 0.0042135138506231
52 500.0 8211.0 32.844 0.134093382066651 0.14829659318637273 0.008486883364406991 0.5371367061356297 0.07784016046335042 0.0042943167697840744
53 500.0 8211.0 32.844 0.134093382066651 0.15230460921843686 0.007812084848645752 0.54004329004329 0.08277226107935806 0.004367190293268042
54 500.0 8211.0 32.844 0.134093382066651 0.08817635270541081 0.0027473924369276195 0.5176348547717843 0.057047455965447254 0.0026113569569672012
55 500.0 8211.0 32.844 0.134093382066651 0.1342685370741483 0.006689858011664167 0.5331196581196581 0.07025213915960217 0.0038969238310576494
56 500.0 8211.0 32.844 0.134093382066651 0.10821643286573146 0.0034470126104416514 0.5263713080168776 0.06933556949306927 0.0031283359184915323
57 500.0 8211.0 32.844 0.134093382066651 0.12024048096192384 0.006024336746968652 0.5258166491043204 0.061290611230935224 0.0035297827112396843
58 500.0 8211.0 32.844 0.134093382066651 0.11022044088176351 0.0040729555064524525 0.5247108307045215 0.06195345878969347 0.0032206599522126957
59 500.0 8211.0 32.844 0.134093382066651 0.1222444889779559 0.004804726406619332 0.5302869287991498 0.0675219190282798 0.003538539109314501
60 500.0 8211.0 32.844 0.134093382066651 0.10420841683366733 0.003289725255710226 0.5241596638655462 0.06346147499459481 0.0030253767349739838
61 500.0 8211.0 32.844 0.134093382066651 0.08216432865731463 0.0018358447715759384 0.5144329896907216 0.054359812202210187 0.0024141073128027377
62 500.0 8211.0 32.844 0.134093382066651 0.13827655310621242 0.007598302043430064 0.5359828141783028 0.07093455146915563 0.004013082484271733
63 500.0 8211.0 32.844 0.134093382066651 0.10220440881763526 0.003512006902504834 0.5241596638655462 0.059893653278609016 0.002988268602002606
64 500.0 8211.0 32.844 0.134093382066651 0.11222444889779558 0.004325639203494675 0.5269271383315733 0.06361280344957829 0.003264929632364756
65 500.0 8211.0 32.844 0.134093382066651 0.14829659318637273 0.008120181749287417 0.5382955771305286 0.07747436204216981 0.0042787633201058165
66 500.0 8211.0 32.844 0.134093382066651 0.10420841683366733 0.0038323244437150506 0.5203336809176226 0.05665723057978697 0.003049253526120772
67 500.0 8211.0 32.844 0.134093382066651 0.09819639278557113 0.0030565114385549194 0.5197916666666667 0.0555251865896264 0.0028740728042384507
68 500.0 8211.0 32.844 0.134093382066651 0.09218436873747494 0.0028747376131028073 0.5203336809176226 0.05808145065218725 0.002706839336538128
69 500.0 8211.0 32.844 0.134093382066651 0.11823647294589178 0.005200751784681423 0.5269271383315733 0.06004194637926548 0.0034608086048633154
70 500.0 8211.0 32.844 0.134093382066651 0.08817635270541081 0.002494694743702808 0.5176348547717843 0.052896084595057485 0.002600474908376796
71 500.0 8211.0 32.844 0.134093382066651 0.08016032064128256 0.0018307647508810992 0.5123203285420944 0.04992866641069985 0.002373750342138046
72 500.0 8211.0 32.844 0.134093382066651 0.11222444889779558 0.004931487869916035 0.5274841437632135 0.06018472715879342 0.0032867201271726326
73 500.0 8211.0 32.844 0.134093382066651 0.08416833667334668 0.0018728011767993327 0.5144329896907216 0.0510851596888155 0.002483938074268978
74 500.0 8211.0 32.844 0.134093382066651 0.09218436873747494 0.002390994156549974 0.5176348547717843 0.056063694336039575 0.0026960088019069833
75 500.0 8211.0 32.844 0.134093382066651 0.1282565130260521 0.005798164678028584 0.531416400425985 0.068214091165504 0.003726489251214659
76 500.0 8211.0 32.844 0.134093382066651 0.10420841683366733 0.0035986260637810926 0.5236096537250787 0.059155061617121626 0.0030505445918007443
77 500.0 8211.0 32.844 0.134093382066651 0.09619238476953906 0.0029997736147922816 0.5214211076280042 0.05912146435214275 0.0028169924473997895
78 500.0 8211.0 32.844 0.134093382066651 0.06813627254509018 0.0011825359145613802 0.5091836734693878 0.045439687534793015 0.0020326495393624346
79 500.0 8211.0 32.844 0.134093382066651 0.07414829659318636 0.0015796219369044948 0.5060851926977687 0.04389259382871937 0.0022090540904974574
80 500.0 8211.0 32.844 0.134093382066651 0.09018036072144288 0.0028189174712942105 0.512846865364851 0.048303701097041504 0.002672895787461642
81 500.0 8211.0 32.844 0.134093382066651 0.08216432865731463 0.0020368430123254002 0.512846865364851 0.04786905913817999 0.0024368698365115848
82 500.0 8211.0 32.844 0.134093382066651 0.09418837675350701 0.0029604856625550327 0.5165631469979296 0.049232972044411766 0.0027703628706714097
83 500.0 8211.0 32.844 0.134093382066651 0.11222444889779558 0.005138460648068336 0.5225130890052356 0.0583637031493611 0.0032985251893380015
84 500.0 8211.0 32.844 0.134093382066651 0.10420841683366733 0.004109219756221264 0.5197916666666667 0.04803577294864378 0.00307364375743258
85 500.0 8211.0 32.844 0.134093382066651 0.09418837675350701 0.0026842179689414193 0.5208768267223383 0.05548620652143285 0.0027651145733943927
86 500.0 8211.0 32.844 0.134093382066651 0.11022044088176351 0.004509254637554048 0.5236096537250787 0.056756996547766066 0.003231332129208666
87 500.0 8211.0 32.844 0.134093382066651 0.1002004008016032 0.0036763930550718074 0.5197916666666667 0.05700654825813567 0.002951736702404449
88 500.0 8211.0 32.844 0.134093382066651 0.10420841683366733 0.0040920643826828475 0.5197916666666667 0.05121911701099716 0.0030675838546611973
89 500.0 8211.0 32.844 0.134093382066651 0.1002004008016032 0.0034803265292548497 0.5187110187110187 0.052492789896685536 0.0029410065076944615
90 500.0 8211.0 32.844 0.134093382066651 0.0721442885771543 0.0014332971004673272 0.5050607287449392 0.04275533383280677 0.002157962468182965
91 500.0 8211.0 32.844 0.134093382066651 0.08416833667334668 0.0024526929540048276 0.5102249488752556 0.045473377078396895 0.002506728323524169
92 500.0 8211.0 32.844 0.134093382066651 0.08416833667334668 0.0024726918608720654 0.5076297049847406 0.044020668542115754 0.002508243171374783
93 500.0 8211.0 32.844 0.134093382066651 0.09218436873747494 0.00269223567161368 0.515495867768595 0.05350703545238841 0.002713140581096502
94 500.0 8211.0 32.844 0.134093382066651 0.09819639278557113 0.00338970534083343 0.5192507804370448 0.05309124572832207 0.002894764986153743
95 500.0 8211.0 32.844 0.134093382066651 0.07414829659318636 0.0017011664765747448 0.5091836734693878 0.04554635888525405 0.002212206286189894
96 500.0 8211.0 32.844 0.134093382066651 0.09218436873747494 0.0030514165634260605 0.5144329896907216 0.05238996741054788 0.0027303290338764287
97 500.0 8211.0 32.844 0.134093382066651 0.07014028056112225 0.0013149975483517072 0.5030241935483871 0.041723242761395614 0.0020987430315230027
98 500.0 8211.0 32.844 0.134093382066651 0.07414829659318636 0.0017953374664086404 0.5025176233635448 0.04163918263208418 0.0022196999672071754
99 500.0 8211.0 32.844 0.134093382066651 0.06613226452905811 0.00125717049934596 0.501004016064257 0.037116927663811916 0.0019925874244031442
100 500.0 8211.0 32.844 0.134093382066651 0.1002004008016032 0.0033890477666479683 0.5203336809176226 0.053378430789009154 0.002941239186076626
101 500.0 8211.0 32.844 0.134093382066651 0.07615230460921843 0.0017110551919554567 0.5117948717948718 0.049616758657548714 0.002270193041292573
102 500.0 8211.0 32.844 0.134093382066651 0.08016032064128256 0.0019505109991803376 0.5117948717948718 0.04865384945461017 0.002378652003627039
103 500.0 8211.0 32.844 0.134093382066651 0.09619238476953906 0.0037078879071199447 0.5149638802889577 0.05166992730776894 0.0028606213797098836
104 500.0 8211.0 32.844 0.134093382066651 0.09619238476953906 0.0038370303451351517 0.5165631469979296 0.04712449730243393 0.0028610205150293895
105 500.0 8211.0 32.844 0.134093382066651 0.06012024048096192 0.0010728933187199737 0.5015075376884423 0.04387352780791813 0.0018252040511069231
106 500.0 8211.0 32.844 0.134093382066651 0.09619238476953906 0.0031912401985878585 0.5144329896907216 0.055438374329846614 0.0028348571650817465
107 500.0 8211.0 32.844 0.134093382066651 0.09619238476953906 0.003659162494373339 0.513903192584964 0.046401560028083454 0.0028530561049798556
108 500.0 8211.0 32.844 0.134093382066651 0.0501002004008016 0.0004997424820810945 0.49454905847373637 0.03640524838697328 0.0015365873257448372
109 500.0 8211.0 32.844 0.134093382066651 0.07014028056112225 0.001502594612236261 0.5081466395112016 0.04324993406629744 0.002102708597292286
110 500.0 8211.0 32.844 0.134093382066651 0.08617234468937875 0.0023399494632374727 0.5181723779854621 0.04917141402670402 0.0025507311701450227
111 500.0 8211.0 32.844 0.134093382066651 0.06813627254509018 0.0014184824227576553 0.4985014985014985 0.04034742608960967 0.002049523059976757
112 500.0 8211.0 32.844 0.134093382066651 0.0721442885771543 0.001697098674150066 0.5076297049847406 0.04517645675177388 0.0021610686134388942
113 500.0 8211.0 32.844 0.134093382066651 0.0781563126252505 0.0024008319990438663 0.5005015045135406 0.040041001797691544 0.0023573152860813873
114 500.0 8211.0 32.844 0.134093382066651 0.06813627254509018 0.0014853930966435185 0.5 0.035711008370761674 0.002055319473158349
115 500.0 8211.0 32.844 0.134093382066651 0.08416833667334668 0.002869474533780844 0.5112704918032787 0.0428882117186498 0.002522504580788128
116 500.0 8211.0 32.844 0.134093382066651 0.06412825651302605 0.0014371624756959027 0.4955312810327706 0.03564785298814103 0.001954377626101614
117 500.0 8211.0 32.844 0.134093382066651 0.0781563126252505 0.0020152433534512634 0.5071138211382114 0.04368630316225861 0.002337102952012933
118 500.0 8211.0 32.844 0.134093382066651 0.05410821643286573 0.0008421054373120276 0.49259624876604147 0.037293234969293716 0.00166462323666815
119 500.0 8211.0 32.844 0.134093382066651 0.09418837675350701 0.003598886988775089 0.5170984455958549 0.04906024342648109 0.0028057104494717245
120 500.0 8211.0 32.844 0.134093382066651 0.09018036072144288 0.003211457727881906 0.5149638802889577 0.04751753953728939 0.0026907870719044174
121 500.0 8211.0 32.844 0.134093382066651 0.08617234468937875 0.002649019738772355 0.508664627930683 0.04252087046026346 0.0025727660511108965
122 500.0 8211.0 32.844 0.134093382066651 0.0781563126252505 0.0022348500649488397 0.5050607287449392 0.039195048562713206 0.0023408989678922855
123 500.0 8211.0 32.844 0.134093382066651 0.07414829659318636 0.0018313927866812213 0.5050607287449392 0.046175910764470494 0.002219598232954271
124 500.0 8211.0 32.844 0.134093382066651 0.09018036072144288 0.0030034334511593 0.5060851926977687 0.04227930770185275 0.0026882496680676314
125 500.0 8211.0 32.844 0.134093382066651 0.07014028056112225 0.0016633351665135696 0.4882583170254403 0.03258890992541188 0.0021277306409638714
126 500.0 8211.0 32.844 0.134093382066651 0.07414829659318636 0.0020027770149024723 0.5076297049847406 0.03936752038805323 0.0022315264537081905
127 500.0 8211.0 32.844 0.134093382066651 0.07414829659318636 0.0017248652278070709 0.5076297049847406 0.0424070137542144 0.00221906710983207
128 500.0 8211.0 32.844 0.134093382066651 0.06613226452905811 0.00124351273400293 0.49701195219123506 0.035370139680714945 0.0020001627808866876
129 500.0 8211.0 32.844 0.134093382066651 0.0721442885771543 0.0019260516048738533 0.5020120724346077 0.03821810356541639 0.0021873655924307656
130 500.0 8211.0 32.844 0.134093382066651 0.07014028056112225 0.0015594260094398097 0.5112704918032787 0.04147413696790313 0.002109298770088599
131 500.0 8211.0 32.844 0.134093382066651 0.07414829659318636 0.0019513005845322074 0.5025176233635448 0.03804168442536971 0.0022335679709308298
132 500.0 8211.0 32.844 0.134093382066651 0.07414829659318636 0.0017065124391812685 0.5081466395112016 0.04456525612708619 0.0022189188036969305
133 500.0 8211.0 32.844 0.134093382066651 0.06412825651302605 0.001204652218743239 0.501004016064257 0.04068958881787149 0.0019451689351286136
134 500.0 8211.0 32.844 0.134093382066651 0.07014028056112225 0.0017955830453996425 0.49750747756729813 0.03458734316408576 0.0021267632424604287
135 500.0 8211.0 32.844 0.134093382066651 0.06412825651302605 0.0013251890896917751 0.499 0.03649585258829289 0.0019478578164507298
136 500.0 8211.0 32.844 0.134093382066651 0.06613226452905811 0.001512694152355192 0.4896957801766438 0.033735216964444176 0.002013273388552186
137 500.0 8211.0 32.844 0.134093382066651 0.06212424849699398 0.0011902748403065286 0.5005015045135406 0.04130162054649072 0.00188429785418016
138 500.0 8211.0 32.844 0.134093382066651 0.07014028056112225 0.0015522305221186438 0.5055724417426545 0.043088920836972536 0.0021102888920912465
139 500.0 8211.0 32.844 0.134093382066651 0.08016032064128256 0.0024712512361639897 0.5055724417426545 0.040290877794578676 0.0024157931296718165
140 500.0 8211.0 32.844 0.134093382066651 0.05611222444889779 0.0008131907812472262 0.4911417322834646 0.03359912977790697 0.001715869063930535
141 500.0 8211.0 32.844 0.134093382066651 0.09018036072144288 0.0030229572606518536 0.5117948717948718 0.04505623902408009 0.0026871513538368886
142 500.0 8211.0 32.844 0.134093382066651 0.0781563126252505 0.0024091156056120257 0.5020120724346077 0.039419330851259905 0.0023517929794431396
143 500.0 8211.0 32.844 0.134093382066651 0.08416833667334668 0.0026681450370547553 0.512846865364851 0.04477907370045631 0.0025204486057231624
144 500.0 8211.0 32.844 0.134093382066651 0.07414829659318636 0.0020589908199966636 0.5040404040404041 0.03984593538870061 0.0022377077917806703
145 500.0 8211.0 32.844 0.134093382066651 0.058116232464929855 0.001166487904897527 0.4882583170254403 0.03029730986896191 0.0017818813521911726
146 500.0 8211.0 32.844 0.134093382066651 0.052104208416833664 0.0008226452248732232 0.48352713178294576 0.03113630469812081 0.0016144042010742638
147 500.0 8211.0 32.844 0.134093382066651 0.08416833667334668 0.002872370366889075 0.5112704918032787 0.04139000301277857 0.0025264338767435304
148 500.0 8211.0 32.844 0.134093382066651 0.07014028056112225 0.001831096785413077 0.49454905847373637 0.03563961741571926 0.002128038623156222
149 500.0 8211.0 32.844 0.134093382066651 0.06412825651302605 0.0011868811567052355 0.5005015045135406 0.03995289043192016 0.0019367777295282514
150 500.0 8211.0 32.844 0.134093382066651 0.0501002004008016 0.0007422697074964922 0.49308300395256915 0.034424592880898094 0.0015542702311363505
151 500.0 8211.0 32.844 0.134093382066651 0.07014028056112225 0.0018696100431955425 0.5065989847715736 0.03974998343598914 0.0021349199411941034
152 500.0 8211.0 32.844 0.134093382066651 0.06813627254509018 0.0016920658397078802 0.4994994994994995 0.03963910365327562 0.0020710324961947853
153 500.0 8211.0 32.844 0.134093382066651 0.0501002004008016 0.0007609195106943093 0.48446601941747575 0.03101206950603467 0.001556563473691576
154 500.0 8211.0 32.844 0.134093382066651 0.05410821643286573 0.0007902716706880159 0.48588120740019475 0.034612266482680995 0.0016630084418382143
155 500.0 8211.0 32.844 0.134093382066651 0.06212424849699398 0.0013208010996265897 0.49405940594059405 0.030719434224540623 0.0018977413013085609
156 500.0 8211.0 32.844 0.134093382066651 0.07414829659318636 0.0018304448712589177 0.5050607287449392 0.041256771261354755 0.0022265403430478544
157 500.0 8211.0 32.844 0.134093382066651 0.06813627254509018 0.0016982127775485806 0.49800399201596807 0.035685750674583384 0.002075676781784266
158 500.0 8211.0 32.844 0.134093382066651 0.06012024048096192 0.0011521557215328432 0.499 0.037690994282192705 0.0018371000628607079
159 500.0 8211.0 32.844 0.134093382066651 0.07414829659318636 0.001973942828636782 0.5005015045135406 0.036767814957099534 0.0022396605290316667
160 500.0 8211.0 32.844 0.134093382066651 0.08416833667334668 0.0028333182643146635 0.5045500505561172 0.04280819378671883 0.002526921832792685
161 500.0 8211.0 32.844 0.134093382066651 0.06412825651302605 0.0014725769333323116 0.5 0.033923173723169074 0.0019596086049838263
162 500.0 8211.0 32.844 0.134093382066651 0.05410821643286573 0.0008868121390265216 0.49065880039331367 0.03167774088169085 0.0016731590593826633
163 500.0 8211.0 32.844 0.134093382066651 0.06412825651302605 0.0014019893680714687 0.5045500505561172 0.0359273433692417 0.0019528761329672825
164 500.0 8211.0 32.844 0.134093382066651 0.0501002004008016 0.0006325873937446494 0.4873046875 0.032594004924359564 0.001551609364689336
165 500.0 8211.0 32.844 0.134093382066651 0.06412825651302605 0.0012694571248247492 0.49259624876604147 0.03525545882567245 0.0019510244004480035
166 500.0 8211.0 32.844 0.134093382066651 0.06212424849699398 0.0012014372639888612 0.48446601941747575 0.029272235102283044 0.0018963813738341643
167 500.0 8211.0 32.844 0.134093382066651 0.04809619238476953 0.0007276774133175785 0.4729857819905213 0.026987636338661452 0.0015101073250675912
168 500.0 8211.0 32.844 0.134093382066651 0.05611222444889779 0.0009884905590199133 0.4868292682926829 0.02934550663985586 0.001734116430256124
169 500.0 8211.0 32.844 0.134093382066651 0.06412825651302605 0.0016470417730831306 0.5 0.034009604645831075 0.0019669466412139004
170 500.0 8211.0 32.844 0.134093382066651 0.052104208416833664 0.0007758123751165842 0.48540856031128404 0.03387850096386529 0.0016156706841969405
171 500.0 8211.0 32.844 0.134093382066651 0.07014028056112225 0.002016331253772319 0.49651741293532337 0.033754956406788286 0.0021448445184299655
172 500.0 8211.0 32.844 0.134093382066651 0.06613226452905811 0.0015055835774628436 0.48778103616813295 0.032460974300769455 0.0020199259419905274
173 500.0 8211.0 32.844 0.134093382066651 0.052104208416833664 0.0006892189685415311 0.4901768172888016 0.03367448759839377 0.0016094198233000633
174 500.0 8211.0 32.844 0.134093382066651 0.05410821643286573 0.000911965387921379 0.49065880039331367 0.03365227194678135 0.0016742862666264374
175 500.0 8211.0 32.844 0.134093382066651 0.06212424849699398 0.001279290228385067 0.4911417322834646 0.03399482558499243 0.0019011034115975494
176 500.0 8211.0 32.844 0.134093382066651 0.0721442885771543 0.0021692125322351524 0.5 0.036681997236499266 0.002203152356443343
177 500.0 8211.0 32.844 0.134093382066651 0.06613226452905811 0.0015392251214873265 0.4873046875 0.0297896097819098 0.0020140484245742985
178 500.0 8211.0 32.844 0.134093382066651 0.05611222444889779 0.0009583057163611156 0.49503968253968256 0.03455072069432371 0.0017251533686105242
179 500.0 8211.0 32.844 0.134093382066651 0.06412825651302605 0.0013703476332192 0.4896957801766438 0.03378588589965177 0.001955262350026428
180 500.0 8211.0 32.844 0.134093382066651 0.05611222444889779 0.0009559183907558704 0.48446601941747575 0.032674578307908125 0.0017338379539995844
181 500.0 8211.0 32.844 0.134093382066651 0.044088176352705406 0.0004897023948526489 0.47569113441372735 0.025135960846348043 0.001394264611516459
182 500.0 8211.0 32.844 0.134093382066651 0.05410821643286573 0.000956059961499246 0.47569113441372735 0.025807084425277467 0.0016859159201161637
183 500.0 8211.0 32.844 0.134093382066651 0.05611222444889779 0.0009652107847459627 0.49405940594059405 0.03577802998596861 0.0017207346950617766
184 500.0 8211.0 32.844 0.134093382066651 0.06012024048096192 0.001567984094386482 0.483996120271581 0.02795703001201254 0.0018676035729443756
185 500.0 8211.0 32.844 0.134093382066651 0.06212424849699398 0.0012937785288620982 0.49405940594059405 0.0333180663406189 0.0019041051170320459
186 500.0 8211.0 32.844 0.134093382066651 0.0781563126252505 0.002509818802511465 0.5 0.034992846211496696 0.002370660150522017
187 500.0 8211.0 32.844 0.134093382066651 0.0501002004008016 0.0007952541010673072 0.4896957801766438 0.03384767474012311 0.0015603332402167568
188 500.0 8211.0 32.844 0.134093382066651 0.044088176352705406 0.0005405383482353905 0.4779693486590038 0.026382236113744847 0.0013893491443446445
189 500.0 8211.0 32.844 0.134093382066651 0.06212424849699398 0.0013054552511299396 0.4921104536489152 0.03524374360953923 0.0018993632571934918
190 500.0 8211.0 32.844 0.134093382066651 0.06412825651302605 0.001395896610738872 0.4994994994994995 0.03964675693938145 0.001956910885379213
191 500.0 8211.0 32.844 0.134093382066651 0.05611222444889779 0.0010282190287611928 0.4830590513068732 0.029005405171531128 0.0017342523393831981
192 500.0 8211.0 32.844 0.134093382066651 0.07014028056112225 0.0019370626482259725 0.4892156862745098 0.032993546736550486 0.0021404614053917156
193 500.0 8211.0 32.844 0.134093382066651 0.0501002004008016 0.0007848465433164617 0.48352713178294576 0.029535522447517195 0.001564398262171086
194 500.0 8211.0 32.844 0.134093382066651 0.0781563126252505 0.002943313327549477 0.49800399201596807 0.0315185463771527 0.002386450342860722
195 500.0 8211.0 32.844 0.134093382066651 0.052104208416833664 0.0009429372017907582 0.47751196172248805 0.02566333574807235 0.0016299542273433484
196 500.0 8211.0 32.844 0.134093382066651 0.05611222444889779 0.001034187571247509 0.48778103616813295 0.02908826804225489 0.001740356969246267
197 500.0 8211.0 32.844 0.134093382066651 0.058116232464929855 0.0011187105278491173 0.4825918762088975 0.030791364004987023 0.0017918555339048188
198 500.0 8211.0 32.844 0.134093382066651 0.04809619238476953 0.0005815512126550007 0.4849368318756074 0.03083825400981274 0.0014963684289341238
199 500.0 8211.0 32.844 0.134093382066651 0.052104208416833664 0.0008914214662252673 0.49065880039331367 0.03232223812546649 0.0016178350178285826
200 500.0 8211.0 32.844 0.134093382066651 0.04609218436873747 0.0006121414925939715 0.4873046875 0.02798057971029187 0.0014497889283774223
201 500.0 8211.0 32.844 0.134093382066651 0.06412825651302605 0.0015481458568582327 0.49651741293532337 0.03459577859868063 0.001965594958647493
202 500.0 8211.0 32.844 0.134093382066651 0.06813627254509018 0.001986609212851317 0.49065880039331367 0.03006463475830913 0.0020918475329946584
203 500.0 8211.0 32.844 0.134093382066651 0.04609218436873747 0.0005192341400224314 0.4830590513068732 0.0309069733542022 0.001441677701182099
204 500.0 8211.0 32.844 0.134093382066651 0.06212424849699398 0.0014230085049802825 0.4868292682926829 0.030688436337219144 0.0019170411109096627
205 500.0 8211.0 32.844 0.134093382066651 0.0501002004008016 0.0007868369588758884 0.47659980897803245 0.024781872819554226 0.0015678213497274602
206 500.0 8211.0 32.844 0.134093382066651 0.052104208416833664 0.0009052903382958555 0.4825918762088975 0.025732990166077937 0.0016327165039588046
207 500.0 8211.0 32.844 0.134093382066651 0.06613226452905811 0.0017284625103077187 0.49454905847373637 0.03221979481801642 0.002031181433273403
208 500.0 8211.0 32.844 0.134093382066651 0.05410821643286573 0.0009845893388069446 0.49405940594059405 0.034722175821597506 0.0016718309792128471
209 500.0 8211.0 32.844 0.134093382066651 0.058116232464929855 0.0010908086825502086 0.4798076923076923 0.02948377766334265 0.0018001422736478934
210 500.0 8211.0 32.844 0.134093382066651 0.04008016032064128 0.0003629586376964807 0.4887365328109696 0.03111373170352148 0.0012689643435601437
211 500.0 8211.0 32.844 0.134093382066651 0.06813627254509018 0.0018464667366979326 0.4911417322834646 0.03176106404392167 0.002086493676285251
212 500.0 8211.0 32.844 0.134093382066651 0.06613226452905811 0.001663734378269862 0.5020120724346077 0.03804230307361917 0.002020917157946235
213 500.0 8211.0 32.844 0.134093382066651 0.0501002004008016 0.0006993184406359197 0.48635477582846004 0.03004705450005339 0.001557693786998027
214 500.0 8211.0 32.844 0.134093382066651 0.04809619238476953 0.0007151135013809694 0.4821256038647343 0.03026063424094909 0.0015039685140487294
215 500.0 8211.0 32.844 0.134093382066651 0.058116232464929855 0.001106852708160962 0.48635477582846004 0.031132355743556484 0.0017897092180704185
216 500.0 8211.0 32.844 0.134093382066651 0.05410821643286573 0.0009673479770470317 0.4798076923076923 0.027047206324547494 0.001685553842460441
217 500.0 8211.0 32.844 0.134093382066651 0.04609218436873747 0.0005642915725665919 0.4793467819404419 0.026877033564645835 0.0014451770616625843
218 500.0 8211.0 32.844 0.134093382066651 0.052104208416833664 0.0008240442741917285 0.4892156862745098 0.03300371850900176 0.0016158657447046612
219 500.0 8211.0 32.844 0.134093382066651 0.04208416833667334 0.00044424988695075115 0.4830590513068732 0.02764001535173239 0.0013340790374608753
220 500.0 8211.0 32.844 0.134093382066651 0.06412825651302605 0.0015644993424543277 0.49308300395256915 0.03394753270877356 0.0019735017822668
221 500.0 8211.0 32.844 0.134093382066651 0.052104208416833664 0.000868937960638182 0.48352713178294576 0.029983290695961354 0.0016198942443891853
222 500.0 8211.0 32.844 0.134093382066651 0.04809619238476953 0.0006106895208003755 0.47659980897803245 0.029607486322186734 0.0015039509555777183
223 500.0 8211.0 32.844 0.134093382066651 0.052104208416833664 0.0008515176469179115 0.4821256038647343 0.027436655114316033 0.001629251159036694
224 500.0 8211.0 32.844 0.134093382066651 0.05611222444889779 0.0011600310389758887 0.4887365328109696 0.030749407490282484 0.001742144893027181
225 500.0 8211.0 32.844 0.134093382066651 0.052104208416833664 0.001010488031394171 0.4873046875 0.030298989945108528 0.001629185952142454
226 500.0 8211.0 32.844 0.134093382066651 0.0501002004008016 0.0008322066769878768 0.4921104536489152 0.03607167534411478 0.0015599288992840857
227 500.0 8211.0 32.844 0.134093382066651 0.044088176352705406 0.0005106436372744428 0.4779693486590038 0.028033005622758077 0.0013904749338285113
228 500.0 8211.0 32.844 0.134093382066651 0.04809619238476953 0.0008775513676734081 0.470311027332705 0.023462113412360597 0.0015233048400328333
229 500.0 8211.0 32.844 0.134093382066651 0.0501002004008016 0.0008447627335477978 0.4798076923076923 0.02678504659887149 0.00157469160690777
230 500.0 8211.0 32.844 0.134093382066651 0.04208416833667334 0.0005077634828875284 0.4729857819905213 0.02557436294426434 0.001338609733500062
231 500.0 8211.0 32.844 0.134093382066651 0.052104208416833664 0.0009477435793707943 0.4901768172888016 0.032657833616300855 0.001622334073514533
232 500.0 8211.0 32.844 0.134093382066651 0.044088176352705406 0.0006289393052294598 0.4747859181731684 0.024277538009970363 0.001403524298348958
233 500.0 8211.0 32.844 0.134093382066651 0.044088176352705406 0.0005689712195685025 0.4637546468401487 0.021075761617004987 0.0014039267591205052
234 500.0 8211.0 32.844 0.134093382066651 0.06813627254509018 0.0021527767607363445 0.49259624876604147 0.030979678759834244 0.0020988847974186486
235 500.0 8211.0 32.844 0.134093382066651 0.04609218436873747 0.0006484646212705364 0.4825918762088975 0.02981272101973332 0.0014519258636063947
236 500.0 8211.0 32.844 0.134093382066651 0.04208416833667334 0.00043719514862814617 0.4830590513068732 0.027409853203572906 0.0013356469752029499
237 500.0 8211.0 32.844 0.134093382066651 0.04609218436873747 0.0005485160547397364 0.4747859181731684 0.028448275534367316 0.0014438170066482145
238 500.0 8211.0 32.844 0.134093382066651 0.05410821643286573 0.0009758217951107773 0.48352713178294576 0.030315147162870835 0.0016783764395302725
239 500.0 8211.0 32.844 0.134093382066651 0.0501002004008016 0.0007758210417139368 0.49065880039331367 0.03250264908757892 0.0015638897142349504
240 500.0 8211.0 32.844 0.134093382066651 0.04809619238476953 0.0007446325294916973 0.4882583170254403 0.031227616553593986 0.0015080337403549366
241 500.0 8211.0 32.844 0.134093382066651 0.058116232464929855 0.0012799117919390344 0.48540856031128404 0.029682679801899817 0.001806662231862283
242 500.0 8211.0 32.844 0.134093382066651 0.044088176352705406 0.0004726954524678553 0.480269489894129 0.029096284319176515 0.0013891130359150335
243 500.0 8211.0 32.844 0.134093382066651 0.07014028056112225 0.0020144931210733363 0.501004016064257 0.034856098884560954 0.0021439598603212214
244 500.0 8211.0 32.844 0.134093382066651 0.044088176352705406 0.0005538408513330058 0.480269489894129 0.028542935728697653 0.0013920675721501693
245 500.0 8211.0 32.844 0.134093382066651 0.04609218436873747 0.0006409952071163492 0.47751196172248805 0.027556778981316733 0.001450984543097833
246 500.0 8211.0 32.844 0.134093382066651 0.04809619238476953 0.0007791120836275083 0.47569113441372735 0.027172822027254847 0.0015142835651425265
247 500.0 8211.0 32.844 0.134093382066651 0.038076152304609215 0.00037019812176700704 0.4663551401869159 0.0239443513600544 0.0012259865279675712
248 500.0 8211.0 32.844 0.134093382066651 0.04609218436873747 0.0005236112009217479 0.49065880039331367 0.03319218493148508 0.0014396874836499498
249 500.0 8211.0 32.844 0.134093382066651 0.0501002004008016 0.0008160981708494368 0.48540856031128404 0.033351196122215584 0.0015650699674632665
250 500.0 8211.0 32.844 0.134093382066651 0.052104208416833664 0.000947144365914377 0.4793467819404419 0.026897133479621634 0.0016360783115319042
251 500.0 8211.0 32.844 0.134093382066651 0.044088176352705406 0.0005480284695027465 0.46942615239887114 0.024977633095001724 0.0013976009962566407
252 500.0 8211.0 32.844 0.134093382066651 0.04008016032064128 0.00037585731061802913 0.480269489894129 0.027462002360945786 0.0012749499237921544
253 500.0 8211.0 32.844 0.134093382066651 0.06212424849699398 0.001417913982207311 0.4882583170254403 0.03176162310372449 0.00190910767213745
254 500.0 8211.0 32.844 0.134093382066651 0.0501002004008016 0.0008348670500909948 0.4901768172888016 0.029382302345223297 0.001569810395567907
255 500.0 8211.0 32.844 0.134093382066651 0.04609218436873747 0.0007019650878428156 0.4830590513068732 0.029305929349273688 0.0014556358832923915
256 500.0 8211.0 32.844 0.134093382066651 0.052104208416833664 0.0008529211908519426 0.4873046875 0.0316212625538395 0.0016185115041858736
257 500.0 8211.0 32.844 0.134093382066651 0.04208416833667334 0.00042682488651560183 0.4716446124763705 0.02537347254654489 0.0013341889003411639
258 500.0 8211.0 32.844 0.134093382066651 0.04809619238476953 0.00078373367695832 0.4747859181731684 0.02491781043349414 0.0015133586227527277
259 500.0 8211.0 32.844 0.134093382066651 0.038076152304609215 0.0003561602389041874 0.46505125815470644 0.022820659777604214 0.0012274113787555363
260 500.0 8211.0 32.844 0.134093382066651 0.05611222444889779 0.0012659427775381885 0.4849368318756074 0.028067820715213375 0.0017511594827604579
261 500.0 8211.0 32.844 0.134093382066651 0.052104208416833664 0.0009435161356544699 0.47343453510436434 0.026164774447468148 0.0016403225622512525
262 500.0 8211.0 32.844 0.134093382066651 0.04008016032064128 0.00041223943991060665 0.4793467819404419 0.02647260343349101 0.0012772933320820286
263 500.0 8211.0 32.844 0.134093382066651 0.05611222444889779 0.001414228040938773 0.4901768172888016 0.028976787356510287 0.0017558765782950136
264 500.0 8211.0 32.844 0.134093382066651 0.052104208416833664 0.00103640937735169 0.4849368318756074 0.027793430132275657 0.001630620516022532
265 500.0 8211.0 32.844 0.134093382066651 0.0501002004008016 0.001041700139509083 0.47433460076045625 0.02213519824767527 0.0015890773950423649
266 500.0 8211.0 32.844 0.134093382066651 0.04208416833667334 0.0005331194657451844 0.4552919708029197 0.021069586773747793 0.0013468389277456203
267 500.0 8211.0 32.844 0.134093382066651 0.04609218436873747 0.0007464418540940752 0.4716446124763705 0.023183024444986853 0.0014594652087027936
268 500.0 8211.0 32.844 0.134093382066651 0.0501002004008016 0.0007687415126006879 0.483996120271581 0.02998238454385494 0.0015678719030038824
269 500.0 8211.0 32.844 0.134093382066651 0.04609218436873747 0.0006243349967303822 0.48352713178294576 0.02962238756847598 0.0014485036300223007
270 500.0 8211.0 32.844 0.134093382066651 0.052104208416833664 0.0010691882795660851 0.4830590513068732 0.02720491768406448 0.0016339615810758163
271 500.0 8211.0 32.844 0.134093382066651 0.04208416833667334 0.0005347854521332815 0.46289424860853434 0.02162665675757709 0.0013506885312365674
272 500.0 8211.0 32.844 0.134093382066651 0.04208416833667334 0.0005895006407755131 0.462037037037037 0.022047616928657393 0.0013552025817256093
273 500.0 8211.0 32.844 0.134093382066651 0.052104208416833664 0.0009503676094922513 0.4892156862745098 0.03197063450184374 0.0016284330317588198
274 500.0 8211.0 32.844 0.134093382066651 0.04609218436873747 0.0007573773607851087 0.46289424860853434 0.02277303396321942 0.001465930227831653
275 500.0 8211.0 32.844 0.134093382066651 0.0501002004008016 0.0008465509977034541 0.4716446124763705 0.024362176936047666 0.001577142902650363
276 500.0 8211.0 32.844 0.134093382066651 0.0501002004008016 0.0008170439613648341 0.4896957801766438 0.03137107181633059 0.0015682872251453993
277 500.0 8211.0 32.844 0.134093382066651 0.04609218436873747 0.0007774491803476182 0.46461824953445063 0.021914688520498583 0.0014647807134583121
278 500.0 8211.0 32.844 0.134093382066651 0.04809619238476953 0.0008279028103564157 0.4729857819905213 0.02493432459223474 0.0015259103185692308
279 500.0 8211.0 32.844 0.134093382066651 0.052104208416833664 0.0010482579676951054 0.4811957569913211 0.025483756417376723 0.0016381117043582588
280 500.0 8211.0 32.844 0.134093382066651 0.04809619238476953 0.0007485423028247608 0.4882583170254403 0.03393432852381787 0.0015045761195434679
281 500.0 8211.0 32.844 0.134093382066651 0.052104208416833664 0.0010563713248834391 0.46505125815470644 0.023865766103433286 0.001641947497365531
282 500.0 8211.0 32.844 0.134093382066651 0.04609218436873747 0.0007292802496951905 0.4716446124763705 0.024773920939872254 0.0014584873661038216
283 500.0 8211.0 32.844 0.134093382066651 0.04008016032064128 0.0005059336474900667 0.4663551401869159 0.024571478783864995 0.0012879065049736674
284 500.0 8211.0 32.844 0.134093382066651 0.05410821643286573 0.0011810813145466728 0.4761450381679389 0.025376799905294258 0.0016988310973654708
285 500.0 8211.0 32.844 0.134093382066651 0.03607214428857715 0.00031885421410971285 0.45487693710118504 0.020095952495120094 0.001176556192637106
286 500.0 8211.0 32.844 0.134093382066651 0.05410821643286573 0.0011543366576711614 0.4811957569913211 0.027295071866504827 0.0016898214475305152
287 500.0 8211.0 32.844 0.134093382066651 0.04609218436873747 0.0007042911431661462 0.47888675623800386 0.023665140700506165 0.0014602072406108746
288 500.0 8211.0 32.844 0.134093382066651 0.038076152304609215 0.0003196559360432414 0.4784276126558006 0.028454165324070756 0.001219080774371973
289 500.0 8211.0 32.844 0.134093382066651 0.05410821643286573 0.001220270694507116 0.4811957569913211 0.025644679435113456 0.0017008941392900492
290 500.0 8211.0 32.844 0.134093382066651 0.0501002004008016 0.0009036622679994855 0.4770554493307839 0.027642756447786545 0.0015740262077040877
291 500.0 8211.0 32.844 0.134093382066651 0.044088176352705406 0.0006786752067022631 0.47343453510436434 0.02372260345233666 0.001409391410482484
292 500.0 8211.0 32.844 0.134093382066651 0.052104208416833664 0.0010897206291973379 0.47569113441372735 0.025932641518344214 0.00164467438198396
293 500.0 8211.0 32.844 0.134093382066651 0.052104208416833664 0.0010864392243546469 0.4725378787878788 0.02441276852342945 0.0016404632236855334
294 500.0 8211.0 32.844 0.134093382066651 0.04609218436873747 0.0007147132366726826 0.4611829944547135 0.021471284437593233 0.001471711179152133
295 500.0 8211.0 32.844 0.134093382066651 0.04609218436873747 0.0006848869277743817 0.46246524559777574 0.02291357847916825 0.0014643875504899559
296 500.0 8211.0 32.844 0.134093382066651 0.04809619238476953 0.0008527168590804582 0.47523809523809524 0.023511530844988655 0.0015279288787972266
297 500.0 8211.0 32.844 0.134093382066651 0.04208416833667334 0.0005732940473445957 0.47433460076045625 0.026557840219203717 0.00134323449537026
298 500.0 8211.0 32.844 0.134093382066651 0.044088176352705406 0.0007168410839069369 0.46246524559777574 0.02192290690938113 0.001418555837694609
299 500.0 8211.0 32.844 0.134093382066651 0.052104208416833664 0.001029744375571826 0.4873046875 0.027668606926196652 0.0016343367055598479
300 500.0 8211.0 32.844 0.134093382066651 0.04208416833667334 0.0004436249437102048 0.4720908230842006 0.024506275600986775 0.0013403992149011279
301 500.0 8211.0 32.844 0.134093382066651 0.052104208416833664 0.0009589138066746131 0.4761450381679389 0.0275558301920221 0.001631455097589109
302 500.0 8211.0 32.844 0.134093382066651 0.03607214428857715 0.0003573687382921962 0.46942615239887114 0.02219273823543249 0.0011773029441091226
303 500.0 8211.0 32.844 0.134093382066651 0.04208416833667334 0.0006000493362765561 0.4511754068716094 0.019875905096048363 0.0013607733540559966
304 500.0 8211.0 32.844 0.134093382066651 0.044088176352705406 0.0005548681268622295 0.4747859181731684 0.02523400574435494 0.001403476879755717
305 500.0 8211.0 32.844 0.134093382066651 0.04609218436873747 0.0008431181429001273 0.47343453510436434 0.0236445770698866 0.0014719621371103648
306 500.0 8211.0 32.844 0.134093382066651 0.04609218436873747 0.0008112337438787704 0.4793467819404419 0.024987947388669773 0.0014677711138745676
307 500.0 8211.0 32.844 0.134093382066651 0.05410821643286573 0.0013305394886325259 0.4676663542642924 0.02257481362963063 0.0017132289367244385
308 500.0 8211.0 32.844 0.134093382066651 0.044088176352705406 0.0006223849199197867 0.48446601941747575 0.027082844192266246 0.0014001826666535943
309 500.0 8211.0 32.844 0.134093382066651 0.044088176352705406 0.0005793969605956713 0.4798076923076923 0.027647363274884287 0.0013966979081395268
310 500.0 8211.0 32.844 0.134093382066651 0.04609218436873747 0.000660758983905198 0.46898496240601506 0.024810835970751306 0.0014623466457697658
311 500.0 8211.0 32.844 0.134093382066651 0.04609218436873747 0.0007312146939663293 0.4798076923076923 0.028020229840762436 0.001461961411223919
312 500.0 8211.0 32.844 0.134093382066651 0.04809619238476953 0.000816627483651858 0.4770554493307839 0.02558612479097096 0.0015173425026040852
313 500.0 8211.0 32.844 0.134093382066651 0.04208416833667334 0.00042856567963564247 0.4811957569913211 0.03126234659462077 0.0013325448924945058
314 500.0 8211.0 32.844 0.134093382066651 0.04008016032064128 0.00041548997485587593 0.46942615239887114 0.024030599040389858 0.0012820280322910456
315 500.0 8211.0 32.844 0.134093382066651 0.038076152304609215 0.0004922937565822398 0.4557077625570776 0.019214560988556808 0.0012437359559730665
316 500.0 8211.0 32.844 0.134093382066651 0.04008016032064128 0.0004282534549681118 0.46898496240601506 0.02320505264554467 0.0012877512438203454
317 500.0 8211.0 32.844 0.134093382066651 0.044088176352705406 0.0005563976198509666 0.4798076923076923 0.027874232007222447 0.0013965121771900347
318 500.0 8211.0 32.844 0.134093382066651 0.044088176352705406 0.000661645021308579 0.4663551401869159 0.02253468029169223 0.0014148930690877077
319 500.0 8211.0 32.844 0.134093382066651 0.044088176352705406 0.0005706372168079659 0.4793467819404419 0.027881581575624658 0.0013979301448329433
320 500.0 8211.0 32.844 0.134093382066651 0.044088176352705406 0.0006392598667886838 0.46810506566604126 0.022917260348649507 0.0014053404823036622
321 500.0 8211.0 32.844 0.134093382066651 0.04809619238476953 0.0009608045219482068 0.46591970121381887 0.021643671716946925 0.0015424265132780643
322 500.0 8211.0 32.844 0.134093382066651 0.044088176352705406 0.0007111536570825436 0.47388414055080724 0.025045498237525075 0.001406965408941423
323 500.0 8211.0 32.844 0.134093382066651 0.038076152304609215 0.00030544609363209683 0.4711992445703494 0.02640540554401232 0.0012197284386984933
324 500.0 8211.0 32.844 0.134093382066651 0.044088176352705406 0.0006352952002514721 0.47433460076045625 0.026525278002864926 0.0014056251656845622
325 500.0 8211.0 32.844 0.134093382066651 0.04008016032064128 0.00045549217213912424 0.46505125815470644 0.021716127966625025 0.001293854549313627
326 500.0 8211.0 32.844 0.134093382066651 0.04008016032064128 0.0004403096413592767 0.4711992445703494 0.025545711966447844 0.0012821300522555998
327 500.0 8211.0 32.844 0.134093382066651 0.05410821643286573 0.0013923236226193424 0.483996120271581 0.02718620999656583 0.001711374890758229
328 500.0 8211.0 32.844 0.134093382066651 0.04008016032064128 0.0005388285896820131 0.44914491449144917 0.017508337331324744 0.0013025088961664693
329 500.0 8211.0 32.844 0.134093382066651 0.04008016032064128 0.000569377751438718 0.46505125815470644 0.022181986751062564 0.0013034677316057742
330 500.0 8211.0 32.844 0.134093382066651 0.04208416833667334 0.000630510613294798 0.470311027332705 0.023073804681937347 0.0013559732338229728
331 500.0 8211.0 32.844 0.134093382066651 0.04208416833667334 0.0004955598038139383 0.4793467819404419 0.028521798287099692 0.0013423144633492254
332 500.0 8211.0 32.844 0.134093382066651 0.038076152304609215 0.00042455831973173226 0.4515837104072398 0.02081302694937026 0.0012371837840851458
333 500.0 8211.0 32.844 0.134093382066651 0.038076152304609215 0.0003098130913822205 0.4698681732580038 0.026123244218405346 0.0012244618332086852
334 500.0 8211.0 32.844 0.134093382066651 0.04609218436873747 0.0009227755569124544 0.4761450381679389 0.022876190558278515 0.0014720765456722358
335 500.0 8211.0 32.844 0.134093382066651 0.044088176352705406 0.0007492637139063918 0.46505125815470644 0.020172327121771416 0.0014203316157753026
336 500.0 8211.0 32.844 0.134093382066651 0.038076152304609215 0.0003609866105064327 0.4637546468401487 0.02279392806328595 0.0012309882255554135
337 500.0 8211.0 32.844 0.134093382066651 0.04008016032064128 0.00048443260791043344 0.4720908230842006 0.024237832504228278 0.001285247952509537
338 500.0 8211.0 32.844 0.134093382066651 0.044088176352705406 0.0006434713444490682 0.480269489894129 0.026798529855577374 0.0014018915559517054
339 500.0 8211.0 32.844 0.134093382066651 0.04208416833667334 0.0005866233520375652 0.4707547169811321 0.02205348449756566 0.0013567034488846986
340 500.0 8211.0 32.844 0.134093382066651 0.038076152304609215 0.0003987283763458795 0.4663551401869159 0.02229917067078157 0.0012360945233010434
341 500.0 8211.0 32.844 0.134093382066651 0.044088176352705406 0.0007247281374565159 0.45737855178735104 0.01990924855723305 0.0014208883176138713
342 500.0 8211.0 32.844 0.134093382066651 0.04609218436873747 0.0008361000112963795 0.46854460093896716 0.025089849654353215 0.0014732402096561167
343 500.0 8211.0 32.844 0.134093382066651 0.03406813627254509 0.0002652310334252357 0.45906163753449863 0.02054586363431168 0.0011200093409965551
344 500.0 8211.0 32.844 0.134093382066651 0.03607214428857715 0.00043400284926222354 0.4536363636363636 0.01850968855823958 0.0011880129157707108
345 500.0 8211.0 32.844 0.134093382066651 0.03607214428857715 0.00022302783375434398 0.4698681732580038 0.026921468423102786 0.0011591351350457657
346 500.0 8211.0 32.844 0.134093382066651 0.04008016032064128 0.0005797784984074055 0.45695970695970695 0.019639996990336066 0.0013001021148989996
347 500.0 8211.0 32.844 0.134093382066651 0.044088176352705406 0.0007393282598245574 0.46854460093896716 0.023446343669183505 0.0014151378265369239
348 500.0 8211.0 32.844 0.134093382066651 0.04008016032064128 0.0005533785771173619 0.46075715604801476 0.022182708518233434 0.0012986862669748809
349 500.0 8211.0 32.844 0.134093382066651 0.038076152304609215 0.0004237449509090419 0.47343453510436434 0.023987555114371662 0.0012339463542040208
350 500.0 8211.0 32.844 0.134093382066651 0.038076152304609215 0.00034741242214556163 0.48166023166023164 0.026976680261263642 0.001222609524390313
351 500.0 8211.0 32.844 0.134093382066651 0.044088176352705406 0.0006175365929577272 0.46898496240601506 0.02504316657299558 0.0014042803238371072
352 500.0 8211.0 32.844 0.134093382066651 0.04609218436873747 0.0007080997441241718 0.4716446124763705 0.023775770830709135 0.0014678378175206428
353 500.0 8211.0 32.844 0.134093382066651 0.044088176352705406 0.0006762295844931299 0.46898496240601506 0.026629011783888552 0.0014089960455693203
354 500.0 8211.0 32.844 0.134093382066651 0.044088176352705406 0.000661199195706094 0.46591970121381887 0.022632932652580467 0.0014157817971850676
355 500.0 8211.0 32.844 0.134093382066651 0.04008016032064128 0.0005612864821318238 0.4552919708029197 0.019858955743613915 0.0013043026478406039
356 500.0 8211.0 32.844 0.134093382066651 0.03406813627254509 0.0003406697687712052 0.4611829944547135 0.022112561591419916 0.0011224404668196228
357 500.0 8211.0 32.844 0.134093382066651 0.04609218436873747 0.0009488132031520999 0.4565416285452882 0.01778369584213201 0.0014891055573430835
358 500.0 8211.0 32.844 0.134093382066651 0.04609218436873747 0.0008876208136254348 0.46722846441947563 0.02130895754240612 0.0014828605434463456
359 500.0 8211.0 32.844 0.134093382066651 0.038076152304609215 0.00045916567557413823 0.4459338695263628 0.016958749322696334 0.0012482727896303471
360 500.0 8211.0 32.844 0.134093382066651 0.038076152304609215 0.0003608158390454021 0.46548507462686567 0.022932621677702974 0.0012313719525728927
361 500.0 8211.0 32.844 0.134093382066651 0.04609218436873747 0.0008378254014844861 0.4720908230842006 0.02202679018959758 0.0014774822494979416
362 500.0 8211.0 32.844 0.134093382066651 0.03607214428857715 0.0003082208963757443 0.46854460093896716 0.0228308491759669 0.0011713743642855876
363 500.0 8211.0 32.844 0.134093382066651 0.04008016032064128 0.0005304981836959367 0.4784276126558006 0.028802197520847356 0.0012890764922132009
364 500.0 8211.0 32.844 0.134093382066651 0.03607214428857715 0.00034136054965595185 0.46810506566604126 0.02378825323847573 0.001169223190159639
365 500.0 8211.0 32.844 0.134093382066651 0.04008016032064128 0.0006086710493484278 0.45737855178735104 0.01914302872200186 0.0013114302598336138
366 500.0 8211.0 32.844 0.134093382066651 0.04609218436873747 0.0008594415261024655 0.4793467819404419 0.025839623842967594 0.0014708165489809974
367 500.0 8211.0 32.844 0.134093382066651 0.038076152304609215 0.0005385528071865756 0.462037037037037 0.020305890707928757 0.001247396085077179
368 500.0 8211.0 32.844 0.134093382066651 0.04208416833667334 0.00041858229670386685 0.4784276126558006 0.027268045143089344 0.0013411841631596466
369 500.0 8211.0 32.844 0.134093382066651 0.03607214428857715 0.00028153631556488177 0.470311027332705 0.02531016535039243 0.001166525126483382
370 500.0 8211.0 32.844 0.134093382066651 0.04008016032064128 0.000498751096756738 0.4793467819404419 0.026793634148937012 0.0012868401020182448
371 500.0 8211.0 32.844 0.134093382066651 0.04008016032064128 0.000552210866338986 0.4536363636363636 0.018419199862433917 0.0013030157660867403
372 500.0 8211.0 32.844 0.134093382066651 0.04208416833667334 0.00073516724193747 0.4663551401869159 0.019811590635678344 0.0013635760596485333
373 500.0 8211.0 32.844 0.134093382066651 0.03607214428857715 0.0004343863824728876 0.44355555555555554 0.016424396593847073 0.001193894797652002
374 500.0 8211.0 32.844 0.134093382066651 0.03607214428857715 0.0003316595171462599 0.4641860465116279 0.022365421327739086 0.0011775981538112293
375 500.0 8211.0 32.844 0.134093382066651 0.04008016032064128 0.0004913650620563168 0.47433460076045625 0.023372534380096375 0.0012961520166365704
376 500.0 8211.0 32.844 0.134093382066651 0.0501002004008016 0.0009847495063754553 0.47523809523809524 0.025014422976317865 0.0015857336980965417
377 500.0 8211.0 32.844 0.134093382066651 0.038076152304609215 0.0005233100165987204 0.45821854912764004 0.019385475171691705 0.0012479663547784452
378 500.0 8211.0 32.844 0.134093382066651 0.04208416833667334 0.000485002156210857 0.4716446124763705 0.02477646215220847 0.0013437497084040613
379 500.0 8211.0 32.844 0.134093382066651 0.038076152304609215 0.00043626720537877063 0.4667913938260056 0.02167648778977795 0.001235666644500514
380 500.0 8211.0 32.844 0.134093382066651 0.04208416833667334 0.000526089442117839 0.46591970121381887 0.022947746227960118 0.0013495367539616218
381 500.0 8211.0 32.844 0.134093382066651 0.038076152304609215 0.00044296579758947117 0.4616096207215541 0.020989427049553044 0.0012383414226756866
382 500.0 8211.0 32.844 0.134093382066651 0.03607214428857715 0.00030663590574358303 0.47433460076045625 0.025619287398620103 0.0011716628628518034
383 500.0 8211.0 32.844 0.134093382066651 0.03607214428857715 0.00032685984068469057 0.4528130671506352 0.020709829356062318 0.0011788358379243979
384 500.0 8211.0 32.844 0.134093382066651 0.04008016032064128 0.0005629918949991727 0.4528130671506352 0.0189431849981334 0.0013036808396537786
385 500.0 8211.0 32.844 0.134093382066651 0.03607214428857715 0.0003233908879980774 0.4455357142857143 0.017642080492719894 0.0011849847733437972
386 500.0 8211.0 32.844 0.134093382066651 0.044088176352705406 0.0007906198078389202 0.46942615239887114 0.02217507539455561 0.0014180056626706197
387 500.0 8211.0 32.844 0.134093382066651 0.03607214428857715 0.00037548819324881045 0.4770554493307839 0.024833758053869805 0.001173853073492818
388 500.0 8211.0 32.844 0.134093382066651 0.038076152304609215 0.000488994419625699 0.4544626593806922 0.020896908629516292 0.0012445024655540497
389 500.0 8211.0 32.844 0.134093382066651 0.038076152304609215 0.0003271937215688037 0.4725378787878788 0.026113293679029908 0.0012234972397156861
390 500.0 8211.0 32.844 0.134093382066651 0.038076152304609215 0.0006532856366697195 0.4392605633802817 0.015057707213688477 0.0012687012827001384
391 500.0 8211.0 32.844 0.134093382066651 0.03406813627254509 0.0002433346060541577 0.46898496240601506 0.02271007415180646 0.0011150052347164011
392 500.0 8211.0 32.844 0.134093382066651 0.04008016032064128 0.0004932366393497762 0.46246524559777574 0.02067029102515669 0.001297616757817377
393 500.0 8211.0 32.844 0.134093382066651 0.03607214428857715 0.0003057629565272227 0.4716446124763705 0.02465879414887026 0.0011730878694513902
394 500.0 8211.0 32.844 0.134093382066651 0.038076152304609215 0.000541262284388831 0.46332404828226553 0.020121896950486124 0.0012488362661736416
395 500.0 8211.0 32.844 0.134093382066651 0.038076152304609215 0.0005734002874204816 0.43695271453590195 0.016085007571684053 0.0012558356243229049
396 500.0 8211.0 32.844 0.134093382066651 0.038076152304609215 0.0004521617612048511 0.4599078341013825 0.020607621074412018 0.0012378043704166929
397 500.0 8211.0 32.844 0.134093382066651 0.04609218436873747 0.0007042328742955544 0.4784276126558006 0.026236994174418635 0.0014648695689245548
398 500.0 8211.0 32.844 0.134093382066651 0.03607214428857715 0.00034199853780509683 0.45906163753449863 0.02059305448306937 0.0011753319974460795
399 500.0 8211.0 32.844 0.134093382066651 0.04008016032064128 0.0005475183195759403 0.47751196172248805 0.024438633680821473 0.0012964753483095627
400 500.0 8211.0 32.844 0.134093382066651 0.03607214428857715 0.0003521954096142529 0.4676663542642924 0.02318918428730558 0.001172964162298674
401 500.0 8211.0 32.844 0.134093382066651 0.038076152304609215 0.00045757679309467724 0.46548507462686567 0.022057230908918722 0.001234157719791476
402 500.0 8211.0 32.844 0.134093382066651 0.03406813627254509 0.0003104032943037383 0.4565416285452882 0.01964984191317465 0.0011206179540549169
403 500.0 8211.0 32.844 0.134093382066651 0.038076152304609215 0.0005425857944081614 0.44395017793594305 0.01692998102355447 0.0012569250474921403
404 500.0 8211.0 32.844 0.134093382066651 0.04008016032064128 0.0005662663947542113 0.45906163753449863 0.018647625017360205 0.0013053578756226675
405 500.0 8211.0 32.844 0.134093382066651 0.04008016032064128 0.000549732391030899 0.44954954954954957 0.018523618101475698 0.0013077849468996544
406 500.0 8211.0 32.844 0.134093382066651 0.038076152304609215 0.0003575875861382109 0.4663551401869159 0.024684985126125908 0.0012249185771741843
407 500.0 8211.0 32.844 0.134093382066651 0.038076152304609215 0.0005773615752600535 0.4459338695263628 0.01723318977394203 0.001258410678057364
408 500.0 8211.0 32.844 0.134093382066651 0.04208416833667334 0.000531153131819013 0.4577981651376147 0.021759065068206438 0.0013523822385560552
409 500.0 8211.0 32.844 0.134093382066651 0.038076152304609215 0.0005771169342817373 0.4515837104072398 0.018066460643976965 0.0012596582934828572
410 500.0 8211.0 32.844 0.134093382066651 0.04208416833667334 0.000751512835959786 0.462037037037037 0.020981306280764 0.0013698831917408323
411 500.0 8211.0 32.844 0.134093382066651 0.03607214428857715 0.0004212472302263404 0.46246524559777574 0.021552888840964794 0.0011827272442447388
412 500.0 8211.0 32.844 0.134093382066651 0.03607214428857715 0.00043445423390871556 0.4577981651376147 0.0199432447745631 0.0011862682489802083
413 500.0 8211.0 32.844 0.134093382066651 0.038076152304609215 0.00045386069215185893 0.4711992445703494 0.02370475234583065 0.0012327408597688522
414 500.0 8211.0 32.844 0.134093382066651 0.038076152304609215 0.0005721829263309666 0.4519927536231884 0.019961285657979135 0.0012558754843380942
415 500.0 8211.0 32.844 0.134093382066651 0.03607214428857715 0.000345892248130453 0.4599078341013825 0.022153963604469123 0.0011788881692364197
416 500.0 8211.0 32.844 0.134093382066651 0.04008016032064128 0.0006426008840398406 0.45612431444241314 0.018572098063703826 0.0013113688042906313
417 500.0 8211.0 32.844 0.134093382066651 0.038076152304609215 0.0004503959261571579 0.46461824953445063 0.02243175683309967 0.0012366160860098855
418 500.0 8211.0 32.844 0.134093382066651 0.03406813627254509 0.0004382019703929354 0.4412024756852343 0.015537572410783537 0.0011454336808254051
419 500.0 8211.0 32.844 0.134093382066651 0.03607214428857715 0.00030439609474244053 0.4725378787878788 0.0245683106345905 0.0011683950895511554
420 500.0 8211.0 32.844 0.134093382066651 0.03406813627254509 0.0002250523314015878 0.46548507462686567 0.023748244949666538 0.0011091036658775909
421 500.0 8211.0 32.844 0.134093382066651 0.03607214428857715 0.0002707850881788475 0.46898496240601506 0.025276899538809156 0.0011648693260489832
422 500.0 8211.0 32.844 0.134093382066651 0.038076152304609215 0.000650508283569399 0.44355555555555554 0.015590684003333775 0.0012679390055641818
423 500.0 8211.0 32.844 0.134093382066651 0.04208416833667334 0.0009041374351224287 0.4586397058823529 0.019414559673384957 0.0013810010706531734
424 500.0 8211.0 32.844 0.134093382066651 0.038076152304609215 0.0005730768910414406 0.46246524559777574 0.019344496318397766 0.0012518832956109492
425 500.0 8211.0 32.844 0.134093382066651 0.03406813627254509 0.0002513872553853605 0.470311027332705 0.025732625030989394 0.001111130874007079
426 500.0 8211.0 32.844 0.134093382066651 0.038076152304609215 0.0004688559092785709 0.45737855178735104 0.021043808526374146 0.0012418223524610977
427 500.0 8211.0 32.844 0.134093382066651 0.03406813627254509 0.00016951238136376874 0.4667913938260056 0.023763563102220567 0.001105847243975009
428 500.0 8211.0 32.844 0.134093382066651 0.04208416833667334 0.0006840302261517388 0.4599078341013825 0.02152313016114103 0.0013641264952342002
429 500.0 8211.0 32.844 0.134093382066651 0.04008016032064128 0.0005966347356542013 0.4707547169811321 0.021615383580481005 0.001301511969185417
430 500.0 8211.0 32.844 0.134093382066651 0.03406813627254509 0.00038118251060869523 0.4427684117125111 0.017386462051822 0.0011410394207319928
431 500.0 8211.0 32.844 0.134093382066651 0.03607214428857715 0.00036821526568856167 0.47659980897803245 0.025095276225219426 0.0011738931971415761
432 500.0 8211.0 32.844 0.134093382066651 0.03607214428857715 0.00040997430011696135 0.45695970695970695 0.01845445056029016 0.0011875668048674987
433 500.0 8211.0 32.844 0.134093382066651 0.03406813627254509 0.00033002104832933603 0.4536363636363636 0.0208623955700384 0.0011256990034372123
434 500.0 8211.0 32.844 0.134093382066651 0.038076152304609215 0.0006193693262768593 0.4475336322869955 0.016380002576582262 0.0012623153314518909
435 500.0 8211.0 32.844 0.134093382066651 0.03607214428857715 0.000385677091132232 0.44954954954954957 0.020100492089418904 0.0011782776359919446
436 500.0 8211.0 32.844 0.134093382066651 0.038076152304609215 0.000580427312629778 0.4499549143372408 0.018265711672587132 0.0012595133720339244
437 500.0 8211.0 32.844 0.134093382066651 0.03607214428857715 0.00031198028710944663 0.4725378787878788 0.025326757759154835 0.0011708312483775544
438 500.0 8211.0 32.844 0.134093382066651 0.03406813627254509 0.00034293607942361564 0.4594843462246777 0.02092721073502888 0.0011243973452786534
439 500.0 8211.0 32.844 0.134093382066651 0.03607214428857715 0.0004824879100325571 0.454049135577798 0.019040961351326477 0.0011883133915903548
440 500.0 8211.0 32.844 0.134093382066651 0.038076152304609215 0.0005536752526074705 0.4616096207215541 0.019607654063031735 0.0012499527309226023
441 500.0 8211.0 32.844 0.134093382066651 0.03406813627254509 0.0003378573029192972 0.44395017793594305 0.01835021433146024 0.0011309700016032477
442 500.0 8211.0 32.844 0.134093382066651 0.03607214428857715 0.0004671693175044241 0.4707547169811321 0.02301652951165827 0.0011860638103654275
443 500.0 8211.0 32.844 0.134093382066651 0.038076152304609215 0.0005268958257976361 0.4729857819905213 0.02527831190603853 0.0012439295412757672
444 500.0 8211.0 32.844 0.134093382066651 0.03406813627254509 0.00024812085347281754 0.46461824953445063 0.022657224462294717 0.001117012836346263
445 500.0 8211.0 32.844 0.134093382066651 0.038076152304609215 0.00045231724957976277 0.4519927536231884 0.019407691870543788 0.0012409532787780021
446 500.0 8211.0 32.844 0.134093382066651 0.03607214428857715 0.0004319747310654957 0.4499549143372408 0.018182982432050996 0.0011890132091063235
447 500.0 8211.0 32.844 0.134093382066651 0.03406813627254509 0.00041527542882397074 0.4309153713298791 0.014189841119589526 0.0011449081305086185
448 500.0 8211.0 32.844 0.134093382066651 0.03607214428857715 0.00025547539720060885 0.4698681732580038 0.02549319382165023 0.0011645608747424309
449 500.0 8211.0 32.844 0.134093382066651 0.03406813627254509 0.00026105211191065507 0.45695970695970695 0.019233330003429642 0.0011220577283554676
450 500.0 8211.0 32.844 0.134093382066651 0.04008016032064128 0.0006610142989803695 0.4503610108303249 0.01779549979207421 0.0013152739667638838
451 500.0 8211.0 32.844 0.134093382066651 0.03607214428857715 0.00032081153724282087 0.4565416285452882 0.019114914295775543 0.0011838933255057848
452 500.0 8211.0 32.844 0.134093382066651 0.03406813627254509 0.00030059622662942425 0.46246524559777574 0.020628518893525544 0.0011220898972190908
453 500.0 8211.0 32.844 0.134093382066651 0.03406813627254509 0.00030467582805527053 0.4459338695263628 0.017910180008060526 0.0011289437085563788
454 500.0 8211.0 32.844 0.134093382066651 0.03406813627254509 0.0003474653204748931 0.4544626593806922 0.019641540161363404 0.0011312002776624936
455 500.0 8211.0 32.844 0.134093382066651 0.03406813627254509 0.0002894157306149502 0.4616096207215541 0.022196291160261755 0.0011185816503360374
456 500.0 8211.0 32.844 0.134093382066651 0.03406813627254509 0.00024381193662844085 0.4747859181731684 0.024144025277911374 0.0011145858070532558
457 500.0 8211.0 32.844 0.134093382066651 0.03607214428857715 0.0004722585602626795 0.43657042869641294 0.014666916756761773 0.0011966477921668602
458 500.0 8211.0 32.844 0.134093382066651 0.038076152304609215 0.0005357988222503889 0.440423654015887 0.016614188649882837 0.0012579161148132461
459 500.0 8211.0 32.844 0.134093382066651 0.03406813627254509 0.00036138403410939485 0.4544626593806922 0.01863478078935137 0.0011333897358152155
460 500.0 8211.0 32.844 0.134093382066651 0.03607214428857715 0.0003966933561044716 0.4519927536231884 0.019813209834123664 0.0011884549408029794
461 500.0 8211.0 32.844 0.134093382066651 0.03406813627254509 0.0004660160941714019 0.4536363636363636 0.018781201214750107 0.0011385905724717426
462 500.0 8211.0 32.844 0.134093382066651 0.038076152304609215 0.0005650857669087408 0.4611829944547135 0.018953880135313173 0.001246073041799535
463 500.0 8211.0 32.844 0.134093382066651 0.03406813627254509 0.00036289734200813117 0.46810506566604126 0.022998056855088357 0.0011252517332335738
464 500.0 8211.0 32.844 0.134093382066651 0.03406813627254509 0.0004221701952686454 0.4459338695263628 0.01719568800998847 0.0011411457203674988
465 500.0 8211.0 32.844 0.134093382066651 0.03406813627254509 0.00031516482725554905 0.4611829944547135 0.019428240075521817 0.0011267794313433053
466 500.0 8211.0 32.844 0.134093382066651 0.03406813627254509 0.0004934321519550368 0.4324090121317158 0.01470013591485612 0.001150336018319811
467 500.0 8211.0 32.844 0.134093382066651 0.03607214428857715 0.0003860783021853325 0.4603321033210332 0.0200870958036229 0.0011807261511858774
468 500.0 8211.0 32.844 0.134093382066651 0.03607214428857715 0.0005928006311085243 0.43695271453590195 0.013521581281313479 0.0012133508153004161
469 500.0 8211.0 32.844 0.134093382066651 0.03406813627254509 0.00033640672056162174 0.46332404828226553 0.02020264133011195 0.0011291606998415382
470 500.0 8211.0 32.844 0.134093382066651 0.03406813627254509 0.0004058559659752417 0.4499549143372408 0.01924568216908592 0.0011346146337709976
471 500.0 8211.0 32.844 0.134093382066651 0.03406813627254509 0.00031660429719002146 0.4565416285452882 0.020117094518034447 0.0011241556052470488
472 500.0 8211.0 32.844 0.134093382066651 0.03607214428857715 0.00029493598737233463 0.46246524559777574 0.022004512479144513 0.0011749777394372103
473 500.0 8211.0 32.844 0.134093382066651 0.04008016032064128 0.0005869289111831389 0.4552919708029197 0.01915952962733825 0.001310488536851319
474 500.0 8211.0 32.844 0.134093382066651 0.03406813627254509 0.00030824880760200194 0.4499549143372408 0.01839078618756414 0.0011237733755913902
475 500.0 8211.0 32.844 0.134093382066651 0.03607214428857715 0.0003886767035368189 0.4519927536231884 0.02008667042419905 0.0011883135119236253
476 500.0 8211.0 32.844 0.134093382066651 0.03607214428857715 0.00045081703091075394 0.44954954954954957 0.018031874160391873 0.0011905430906495138
477 500.0 8211.0 32.844 0.134093382066651 0.03406813627254509 0.0002465280673197439 0.4524025385312783 0.02130160287059992 0.0011182341191723368
478 500.0 8211.0 32.844 0.134093382066651 0.03607214428857715 0.0004616523543261604 0.44355555555555554 0.015712060441142428 0.0011973505011515905
479 500.0 8211.0 32.844 0.134093382066651 0.03406813627254509 0.0003756148173102491 0.4519927536231884 0.016942151753279427 0.0011349619264832626
480 500.0 8211.0 32.844 0.134093382066651 0.03607214428857715 0.00036508691835619077 0.4707547169811321 0.023875329974946416 0.0011774225356416088
481 500.0 8211.0 32.844 0.134093382066651 0.03406813627254509 0.00035091129635497303 0.470311027332705 0.02344177189026755 0.0011241675015448568
482 500.0 8211.0 32.844 0.134093382066651 0.03406813627254509 0.0002984527983564541 0.47433460076045625 0.026350916639621615 0.0011158180339723466
483 500.0 8211.0 32.844 0.134093382066651 0.03406813627254509 0.00035149104135389763 0.46810506566604126 0.023047165316711613 0.0011242469870291808
484 500.0 8211.0 32.844 0.134093382066651 0.03406813627254509 0.0002323099695062561 0.46075715604801476 0.023592220759300432 0.0011099932979877233
485 500.0 8211.0 32.844 0.134093382066651 0.03406813627254509 0.000363996097539959 0.45322434150772023 0.019889449966562948 0.0011352256917386597
486 500.0 8211.0 32.844 0.134093382066651 0.03406813627254509 0.00036532261220824103 0.4667913938260056 0.023119583262606908 0.0011266798024197385
487 500.0 8211.0 32.844 0.134093382066651 0.03406813627254509 0.0004421388683237419 0.44713261648745517 0.015554820361594928 0.0011384789530902233
488 500.0 8211.0 32.844 0.134093382066651 0.03406813627254509 0.0004715664065860742 0.4346689895470383 0.013752223830538219 0.00114769067015609
489 500.0 8211.0 32.844 0.134093382066651 0.03406813627254509 0.0003742988641817048 0.4312878133102852 0.014302685430016757 0.0011391738349297595
490 500.0 8211.0 32.844 0.134093382066651 0.03406813627254509 0.0002831059525320796 0.4711992445703494 0.023624243324559216 0.001114247596762213
491 500.0 8211.0 32.844 0.134093382066651 0.03406813627254509 0.00035648235441329535 0.470311027332705 0.022357253995271206 0.0011213686640970278
492 500.0 8211.0 32.844 0.134093382066651 0.03406813627254509 0.00032495258499859036 0.44954954954954957 0.018258609388253765 0.001128815018019704
493 500.0 8211.0 32.844 0.134093382066651 0.038076152304609215 0.0004934509365021026 0.454049135577798 0.019776645255409238 0.0012445165122474855
494 500.0 8211.0 32.844 0.134093382066651 0.03406813627254509 0.0004557996383993183 0.4528130671506352 0.017172399684517566 0.0011413638215666206
495 500.0 8211.0 32.844 0.134093382066651 0.03406813627254509 0.00043798388110395225 0.43353605560382275 0.01507603165727615 0.0011505318701221009
496 500.0 8211.0 32.844 0.134093382066651 0.03406813627254509 0.00039107569563724307 0.4577981651376147 0.019902392602317708 0.0011329445497579788
497 500.0 8211.0 32.844 0.134093382066651 0.03406813627254509 0.00029479531004728725 0.4720908230842006 0.024720316976267344 0.0011163548633527688
498 500.0 8211.0 32.844 0.134093382066651 0.03406813627254509 0.00037989577569372485 0.4455357142857143 0.01724234608218484 0.0011366076973818252
499 500.0 8211.0 32.844 0.134093382066651 0.03406813627254509 0.0002440154269020561 0.46722846441947563 0.022485864969735033 0.0011116008493303714