0 362
1 879
2 318
3 437
4 899
5 315
6 908
7 250
8 850
9 812
10 480
11 838
12 356
13 126
14 206
15 512
16 176
17 505
18 144
19 55
20 483
21 382
22 857
23 50
24 361
25 650
26 35
27 382
28 526
29 309
30 502
31 171
32 190
33 203
34 854
35 345
36 148
37 31
38 767
39 263
40 999
41 270
42 256
43 788
44 515
45 962
46 479
47 666
48 0
49 183
50 728
51 264
52 643
53 743
54 236
55 699
56 401
57 139
58 208
59 549
60 105
61 250
62 375
63 581
64 129
65 900
66 631
67 120
68 549
69 488
70 916
71 206
72 661
73 57
74 227
75 383
76 643
77 357
78 120
79 508
80 851
81 813
82 900
83 143
84 160
85 445
86 786
87 44
88 813
89 793
90 543
91 664
92 581
93 387
94 396
95 67
96 206
97 622
98 740
99 833
100 8
101 596
102 131
103 914
104 919
105 66
106 847
107 785
108 277
109 251
110 907
111 12
112 695
113 266
114 729
115 315
116 755
117 170
118 633
119 81
120 14
121 310
122 773
123 525
124 924
125 637
126 844
127 246
128 818
129 708
130 790
131 894
132 556
133 135
134 785
135 759
136 149
137 897
138 452
139 597
140 662
141 300
142 483
143 91
144 210
145 969
146 27
147 673
148 66
149 294
150 673
151 536
152 996
153 456
154 593
155 377
156 205
157 691
158 337
159 940
160 950
161 143
162 482
163 462
164 551
165 704
166 597
167 205
168 569
169 877
170 904
171 887
172 41
173 292
174 627
175 823
176 617
177 220
178 846
179 32
180 94
181 261
182 230
183 435
184 387
185 61
186 71
187 822
188 265
189 81
190 585
191 366
192 570
193 16
194 197
195 668
196 210
197 228
198 863
199 563
200 207
201 638
202 41
203 402
204 610
205 796
206 549
207 751
208 146
209 438
210 629
211 457
212 253
213 529
214 791
215 308
216 958
217 891
218 329
219 311
220 129
221 963
222 452
223 977
224 922
225 840
226 474
227 562
228 685
229 987
230 832
231 82
232 229
233 368
234 274
235 766
236 621
237 903
238 765
239 461
240 725
241 824
242 805
243 382
244 405
245 962
246 354
247 505
248 532
249 508
250 20
251 332
252 90
253 585
254 288
255 490
256 899
257 452
258 688
259 664
260 282
261 488
262 303
263 528
264 754
265 70
266 258
267 147
268 149
269 770
270 273
271 764
272 701
273 257
274 24
275 187
276 373
277 542
278 101
279 1
280 639
281 770
282 98
283 928
284 801
285 637
286 3
287 736
288 805
289 832
290 451
291 932
292 811
293 312
294 681
295 658
296 386
297 24
298 411
299 566
300 441
301 550
302 396
303 601
304 457
305 517
306 47
307 975
308 14
309 672
310 110
311 536
312 475
313 920
314 233
315 781
316 433
317 861
318 73
319 55
320 532
321 879
322 280
323 816
324 880
325 607
326 229
327 889
328 3
329 892
330 211
331 949
332 205
333 469
334 200
335 508
336 898
337 920
338 952
339 54
340 519
341 10
342 817
343 220
344 272
345 698
346 603
347 729
348 709
349 977
350 174
351 356
352 205
353 69
354 38
355 237
356 871
357 923
358 612
359 61
360 790
361 844
362 473
363 186
364 773
365 721
366 816
367 846
368 439
369 309
370 319
371 859
372 436
373 703
374 98
375 302
376 287
377 327
378 775
379 787
380 715
381 377
382 509
383 602
384 643
385 349
386 785
387 722
388 647
389 41
390 522
391 377
392 314
393 732
394 344
395 80
396 410
397 678
398 739
399 942
400 504
401 134
402 925
403 614
404 470
405 110
406 172
407 490
408 422
409 946
410 76
411 408
412 104
413 940
414 204
415 638
416 964
417 366
418 185
419 827
420 554
421 539
422 73
423 204
424 101
425 423
426 350
427 70
428 953
429 303
430 93
431 755
432 249
433 915
434 859
435 988
436 303
437 215
438 785
439 320
440 982
441 817
442 256
443 756
444 691
445 37
446 234
447 112
448 458
449 117
450 168
451 499
452 922
453 3
454 154
455 81
456 558
457 509
458 299
459 950
460 443
461 960
462 977
463 335
464 237
465 917
466 542
467 354
468 879
469 70
470 149
471 994
472 454
473 974
474 695
475 447
476 597
477 12
478 370
479 490
480 110
481 475
482 194
483 371
484 813
485 604
486 321
487 913
488 163
489 775
490 329
491 840
492 655
493 483
494 194
495 742
496 131
497 508
498 582
499 595
500 863
501 572
502 610
503 483
504 248
505 234
506 304
507 646
508 158
509 434
510 695
511 218
512 735
513 105
514 6
515 495
516 231
517 927
518 79
519 22
520 663
521 3
522 925
523 910
524 903
525 194
526 119
527 590
528 429
529 337
530 656
531 132
532 198
533 998
534 434
535 648
536 861
537 725
538 345
539 160
540 552
541 858
542 846
543 563
544 672
545 154
546 371
547 466
548 139
549 816
550 893
551 256
552 345
553 177
554 379
555 567
556 840
557 135
558 873
559 63
560 754
561 5
562 435
563 502
564 288
565 804
566 943
567 946
568 475
569 113
570 203
571 571
572 374
573 345
574 271
575 725
576 618
577 686
578 266
579 423
580 205
581 63
582 221
583 542
584 625
585 568
586 318
587 702
588 347
589 396
590 740
591 214
592 224
593 672
594 681
595 667
596 832
597 231
598 584
599 922
600 306
601 820
602 264
603 190
604 80
605 940
606 231
607 573
608 433
609 252
610 391
611 269
612 474
613 173
614 802
615 739
616 487
617 681
618 386
619 945
620 618
621 924
622 162
623 571
624 509
625 455
626 949
627 700
628 791
629 216
630 266
631 182
632 19
633 977
634 236
635 748
636 346
637 386
638 857
639 500
640 423
641 421
642 826
643 514
644 739
645 890
646 110
647 57
648 26
649 280
650 661
651 104
652 206
653 213
654 737
655 329
656 771
657 748
658 640
659 438
660 719
661 518
662 851
663 418
664 82
665 828
666 674
667 856
668 636
669 90
670 912
671 544
672 911
673 183
674 229
675 200
676 581
677 564
678 827
679 102
680 683
681 261
682 21
683 729
684 402
685 473
686 962
687 904
688 163
689 778
690 353
691 685
692 356
693 683
694 504
695 328
696 133
697 642
698 112
699 363
700 945
701 83
702 226
703 363
704 673
705 156
706 679
707 11
708 806
709 272
710 525
711 61
712 539
713 757
714 373
715 82
716 517
717 461
718 380
719 108
720 86
721 403
722 527
723 923
724 159
725 601
726 216
727 213
728 197
729 259
730 429
731 974
732 743
733 610
734 702
735 607
736 511
737 495
738 623
739 120
740 826
741 376
742 721
743 649
744 429
745 904
746 133
747 919
748 129
749 261
750 207
751 328
752 313
753 197
754 596
755 648
756 564
757 83
758 34
759 745
760 221
761 681
762 102
763 676
764 84
765 364
766 167
767 199
768 200
769 838
770 395
771 506
772 586
773 817
774 316
775 945
776 408
777 826
778 32
779 155
780 85
781 480
782 51
783 602
784 194
785 92
786 746
787 359
788 334
789 262
790 453
791 787
792 859
793 28
794 49
795 901
796 793
797 580
798 940
799 12
800 425
801 377
802 504
803 243
804 811
805 161
806 215
807 302
808 544
809 174
810 778
811 184
812 119
813 985
814 46
815 899
816 581
817 592
818 726
819 516
820 545
821 146
822 561
823 529
824 962
825 455
826 766
827 573
828 700
829 685
830 575
831 506
832 43
833 818
834 920
835 35
836 874
837 458
838 898
839 311
840 617
841 235
842 979
843 647
844 826
845 868
846 720
847 652
848 399
849 93
850 733
851 804
852 750
853 951
854 634
855 703
856 13
857 192
858 839
859 91
860 797
861 290
862 46
863 853
864 561
865 994
866 571
867 305
868 496
869 604
870 374
871 531
872 941
873 751
874 694
875 408
876 606
877 441
878 288
879 16
880 583
881 880
882 551
883 661
884 319
885 553
886 434
887 162
888 984
889 104
890 347
891 421
892 915
893 528
894 687
895 760
896 799
897 908
898 252
899 904
900 685
901 944
902 504
903 131
904 441
905 96
906 594
907 820
908 520
909 529
910 961
911 664
912 755
913 977
914 793
915 408
916 792
917 327
918 776
919 156
920 619
921 771
922 264
923 299
924 929
925 721
926 18
927 189
928 554
929 297
930 518
931 860
932 500
933 554
934 374
935 619
936 83
937 755
938 954
939 585
940 9
941 807
942 749
943 280
944 258
945 787
946 968
947 177
948 576
949 371
950 986
951 149
952 817
953 982
954 93
955 458
956 116
957 663
958 60
959 482
960 803
961 645
962 688
963 36
964 692
965 756
966 23
967 45
968 951
969 990
970 9
971 324
972 144
973 176
974 761
975 775
976 923
977 245
978 950
979 33
980 165
981 39
982 929
983 212
984 957
985 666
986 82
987 173
988 479
989 354
990 55
991 538
992 884
993 323
994 188
995 640
996 296
997 244
998 219
999 81
1000 824
1001 764
1002 664
1003 708
1004 697
1005 196
1006 645
1007 992
1008 915
1009 38
1010 427
1011 219
1012 398
1013 925
1014 292
1015 359
1016 456
1017 699
1018 201
1019 981
1020 980
1021 962
1022 600
1023 83
1024 585
1025 185
1026 298
1027 823
1028 24
1029 89
1030 137
1031 974
1032 361
1033 356
1034 809
1035 121
1036 100
1037 158
1038 650
1039 556
1040 386
1041 62
1042 961
1043 496
1044 187
1045 744
1046 602
1047 641
1048 516
1049 873
1050 952
1051 456
1052 634
1053 804
1054 908
1055 405
1056 913
1057 820
1058 158
1059 396
1060 186
1061 530
1062 579
1063 134
1064 518
1065 766
1066 161
1067 332
1068 247
1069 459
1070 289
1071 252
1072 207
1073 521
1074 354
1075 287
1076 388
1077 174
1078 662
1079 713
1080 270
1081 632
1082 796
1083 285
1084 357
1085 280
1086 177
1087 763
1088 817
1089 67
1090 512
1091 271
1092 514
1093 979
1094 209
1095 527
1096 784
1097 899
1098 180
1099 136
1100 634
1101 162
1102 317
1103 956
1104 239
1105 572
1106 199
1107 698
1108 764
1109 757
1110 598
1111 179
1112 106
1113 726
1114 303
1115 462
1116 282
1117 974
1118 542
1119 146
1120 500
1121 293
1122 854
1123 906
1124 851
1125 485
1126 84
1127 170
1128 376
1129 798
1130 603
1131 30
1132 167
1133 968
1134 732
1135 914
1136 172
1137 815
1138 259
1139 560
1140 256
1141 482
1142 372
1143 836
1144 934
1145 782
1146 419
1147 370
1148 902
1149 981
1150 861
1151 25
1152 244
1153 954
1154 949
1155 538
1156 801
1157 99
1158 138
1159 217
1160 610
1161 723
1162 600
1163 932
1164 675
1165 564
1166 822
1167 430
1168 7
1169 328
1170 137
1171 156
1172 432
1173 587
1174 619
1175 42
1176 728
1177 140
1178 119
1179 469
1180 843
1181 223
1182 42
1183 99
1184 713
1185 363
1186 811
1187 852
1188 230
1189 644
1190 208
1191 652
1192 131
1193 650
1194 439
1195 675
1196 338
1197 692
1198 822
1199 399