0 903
1 204
2 519
3 193
4 706
5 666
6 349
7 275
8 707
9 459
10 307
11 299
12 313
13 733
14 688
15 91
16 660
17 532
18 42
19 906
20 673
21 84
22 429
23 887
24 322
25 55
26 553
27 971
28 763
29 740
30 493
31 668
32 283
33 511
34 964
35 553
36 484
37 650
38 812
39 593
40 715
41 758
42 431
43 558
44 297
45 990
46 673
47 347
48 324
49 375
50 25
51 647
52 587
53 155
54 112
55 552
56 397
57 417
58 560
59 504
60 157
61 945
62 21
63 143
64 328
65 86
66 548
67 499
68 10
69 39
70 955
71 490
72 503
73 483
74 140
75 487
76 225
77 514
78 970
79 494
80 207
81 705
82 800
83 710
84 711
85 679
86 461
87 325
88 416
89 450
90 620
91 943
92 865
93 264
94 741
95 978
96 36
97 947
98 171
99 283
100 664
101 436
102 221
103 519
104 486
105 281
106 321
107 564
108 510
109 898
110 47
111 158
112 95
113 81
114 919
115 672
116 18
117 768
118 322
119 311
120 267
121 14
122 601
123 465
124 297
125 706
126 615
127 453
128 879
129 72
130 113
131 48
132 355
133 87
134 463
135 511
136 155
137 154
138 226
139 510
140 341
141 492
142 152
143 501
144 712
145 807
146 710
147 198
148 953
149 51
150 52
151 818
152 546
153 89
154 775
155 481
156 149
157 277
158 483
159 584
160 284
161 276
162 335
163 325
164 101
165 417
166 411
167 72
168 794
169 135
170 249
171 742
172 75
173 570
174 577
175 480
176 804
177 83
178 995
179 909
180 221
181 128
182 23
183 552
184 565
185 587
186 445
187 472
188 501
189 126
190 227
191 290
192 813
193 216
194 792
195 548
196 471
197 977
198 702
199 276
200 814
201 417
202 942
203 738
204 157
205 731
206 538
207 885
208 594
209 227
210 792
211 253
212 848
213 333
214 330
215 925
216 122
217 966
218 835
219 77
220 262
221 947
222 2
223 909
224 808
225 419
226 119
227 733
228 53
229 769
230 68
231 304
232 541
233 415
234 893
235 184
236 471
237 59
238 532
239 953
240 351
241 884
242 708
243 949
244 560
245 537
246 586
247 735
248 782
249 966
250 54
251 809
252 707
253 118
254 860
255 164
256 109
257 334
258 50
259 889
260 301
261 937
262 121
263 712
264 28
265 354
266 285
267 552
268 239
269 538
270 442
271 710
272 239
273 600
274 483
275 502
276 829
277 97
278 871
279 66
280 767
281 471
282 700
283 834
284 255
285 336
286 751
287 442
288 54
289 813
290 147
291 961
292 801
293 699
294 72
295 205
296 91
297 322
298 941
299 389
300 916
301 74
302 284
303 42
304 74
305 300
306 353
307 961
308 537
309 419
310 621
311 485
312 908
313 361
314 662
315 798
316 984
317 25
318 798
319 233
320 780
321 755
322 134
323 640
324 286
325 183
326 38
327 668
328 439
329 418
330 712
331 60
332 963
333 909
334 851
335 179
336 719
337 413
338 974
339 65
340 863
341 660
342 89
343 787
344 512
345 588
346 891
347 937
348 85
349 55
350 502
351 22
352 227
353 543
354 625
355 607
356 506
357 427
358 471
359 567
360 922
361 135
362 201
363 275
364 488
365 118
366 381
367 184
368 108
369 931
370 912
371 471
372 30
373 218
374 751
375 942
376 972
377 285
378 20
379 589
380 74
381 734
382 458
383 173
384 1
385 795
386 583
387 939
388 53
389 276
390 420
391 753
392 819
393 491
394 592
395 242
396 18
397 760
398 945
399 730
400 58
401 402
402 487
403 463
404 187
405 85
406 309
407 152
408 710
409 526
410 534
411 298
412 894
413 717
414 880
415 746
416 592
417 529
418 808
419 530
420 600
421 788
422 109
423 496
424 99
425 275
426 328
427 649
428 592
429 895
430 645
431 896
432 907
433 22
434 552
435 784
436 696
437 450
438 380
439 966
440 748
441 34
442 372
443 209
444 149
445 913
446 812
447 680
448 618
449 787
450 856
451 598
452 726
453 622
454 737
455 945
456 503
457 882
458 218
459 527
460 815
461 630
462 187
463 196
464 518
465 363
466 255
467 618
468 146
469 368
470 74
471 969
472 264
473 609
474 188
475 901
476 391
477 541
478 516
479 189
480 106
481 97
482 459
483 433
484 608
485 491
486 288
487 787
488 757
489 705
490 691
491 51
492 635
493 863
494 509
495 786
496 955
497 874
498 380
499 33
500 932
501 299
502 317
503 158
504 864
505 418
506 967
507 109
508 132
509 130
510 11
511 371
512 786
513 271
514 386
515 696
516 101
517 338
518 139
519 911
520 722
521 110
522 234
523 550
524 979
525 189
526 275
527 902
528 951
529 493
530 923
531 679
532 415
533 634
534 159
535 63
536 635
537 733
538 827
539 138
540 572
541 300
542 411
543 531
544 372
545 408
546 270
547 970
548 495
549 792
550 319
551 356
552 632
553 503
554 112
555 128
556 794
557 472
558 538
559 187
560 505
561 682
562 897
563 152
564 742
565 305
566 58
567 883
568 218
569 958
570 258
571 379
572 461
573 989
574 311
575 62
576 168
577 6
578 811
579 968
580 443
581 794
582 467
583 36
584 109
585 922
586 25
587 317
588 719
589 591
590 838
591 87
592 82
593 519
594 715
595 355
596 858
597 186
598 476
599 999
600 202
601 96
602 139
603 27
604 84
605 984
606 1
607 106
608 565
609 200
610 382
611 161
612 586
613 538
614 3
615 91
616 26
617 539
618 448
619 853
620 364
621 346
622 419
623 992
624 515
625 407
626 175
627 499
628 727
629 64
630 736
631 282
632 555
633 965
634 613
635 167
636 524
637 829
638 948
639 609
640 19
641 40
642 192
643 426
644 849
645 179
646 520
647 895
648 185
649 405
650 851
651 501
652 186
653 68
654 328
655 994
656 159
657 341
658 168
659 223
660 261
661 878
662 337
663 409
664 407
665 865
666 293
667 769
668 217
669 647
670 75
671 224
672 136
673 969
674 316
675 912
676 111
677 243
678 512
679 518
680 117
681 187
682 298
683 358
684 948
685 3
686 599
687 260
688 850
689 469
690 25
691 919
692 819
693 328
694 744
695 940
696 241
697 477
698 754
699 859
700 161
701 355
702 34
703 429
704 973
705 611
706 747
707 412
708 957
709 59
710 270
711 18
712 28
713 579
714 316
715 559
716 712
717 206
718 875
719 258
720 225
721 431
722 258
723 248
724 906
725 882
726 76
727 329
728 80
729 258
730 316
731 270
732 682
733 795
734 346
735 898
736 663
737 440
738 494
739 36
740 884
741 992
742 735
743 686
744 186
745 324
746 188
747 109
748 417
749 855
750 70
751 135
752 677
753 740
754 596
755 106
756 915
757 436
758 999
759 214
760 81
761 672
762 303
763 741
764 480
765 386
766 581
767 657
768 786
769 698
770 122
771 531
772 798
773 493
774 744
775 165
776 347
777 504
778 555
779 644
780 722
781 167
782 970
783 205
784 343
785 590
786 297
787 304
788 682
789 552
790 450
791 420
792 715
793 390
794 530
795 484
796 95
797 564
798 345
799 4
800 654
801 187
802 958
803 772
804 454
805 285
806 366
807 225
808 414
809 968
810 970
811 817
812 699
813 453
814 501
815 901
816 741
817 963
818 224
819 10
820 780
821 593
822 856
823 641
824 527
825 820
826 40
827 613
828 318
829 551
830 22
831 612
832 985
833 204
834 783
835 678
836 132
837 0
838 40
839 368
840 178
841 667
842 987
843 56
844 887
845 979
846 695
847 228
848 272
849 594
850 954
851 432
852 718
853 549
854 232
855 30
856 44
857 388
858 233
859 84
860 228
861 49
862 241
863 776
864 933
865 259
866 873
867 853
868 248
869 8
870 254
871 382
872 240
873 68
874 92
875 679
876 434
877 486
878 517
879 245
880 83
881 576
882 360
883 795
884 426
885 980
886 533
887 400
888 134
889 587
890 298
891 342
892 907
893 220
894 24
895 840
896 991
897 470
898 89
899 822
900 366
901 254
902 959
903 613
904 761
905 430
906 818
907 804
908 998
909 265
910 411
911 385
912 794
913 972
914 626
915 874
916 953
917 178
918 583
919 937
920 982
921 917
922 505
923 475
924 920
925 538
926 114
927 697
928 5
929 608
930 829
931 761
932 663
933 811
934 440
935 773
936 188
937 774
938 624
939 92
940 348
941 710
942 246
943 858
944 91
945 774
946 198
947 53
948 720
949 286
950 492
951 306
952 832
953 714
954 473
955 636
956 494
957 171
958 853
959 578
960 296
961 49
962 738
963 668
964 128
965 832
966 579
967 814
968 169
969 579
970 435
971 481
972 347
973 458
974 746
975 20
976 10
977 465
978 700
979 22
980 314
981 765
982 246
983 474
984 316
985 904
986 623
987 412
988 910
989 239
990 274
991 434
992 483
993 130
994 190
995 463
996 844
997 6
998 745
999 720
1000 900
1001 250
1002 916
1003 36
1004 320
1005 980
1006 998
1007 207
1008 703
1009 813
1010 520
1011 619
1012 372
1013 208
1014 227
1015 746
1016 303
1017 795
1018 446
1019 779
1020 186
1021 178
1022 876
1023 868
1024 941
1025 401
1026 389
1027 70
1028 586
1029 221
1030 477
1031 934
1032 831
1033 241
1034 87
1035 758
1036 829
1037 739
1038 142
1039 327
1040 160
1041 112
1042 409
1043 169
1044 955
1045 629
1046 291
1047 991
1048 931
1049 471
1050 936
1051 206
1052 638
1053 645
1054 683
1055 337
1056 780
1057 373
1058 351
1059 108
1060 222
1061 188
1062 208
1063 656
1064 794
1065 528
1066 205
1067 740
1068 64
1069 174
1070 848
1071 846
1072 379
1073 133
1074 936
1075 532
1076 152
1077 67
1078 588
1079 676
1080 956
1081 532
1082 837
1083 817
1084 270
1085 732
1086 113
1087 517
1088 684
1089 527
1090 207
1091 785
1092 611
1093 603
1094 443
1095 431
1096 49
1097 615
1098 536
1099 727
1100 509
1101 376
1102 287
1103 124
1104 555
1105 562
1106 789
1107 467
1108 67
1109 454
1110 65
1111 905
1112 728
1113 147
1114 615
1115 654
1116 243
1117 856
1118 235
1119 491
1120 131
1121 863
1122 134
1123 152
1124 972
1125 756
1126 535
1127 576
1128 104
1129 806
1130 855
1131 746
1132 143
1133 780
1134 227
1135 428
1136 117
1137 684
1138 866
1139 459
1140 177
1141 932
1142 835
1143 42
1144 246
1145 755
1146 285
1147 405
1148 421
1149 601
1150 610
1151 345
1152 202
1153 249
1154 401
1155 809
1156 459
1157 443
1158 921
1159 347
1160 559
1161 590
1162 157
1163 824
1164 597
1165 567
1166 30
1167 368
1168 523
1169 19
1170 253
1171 379
1172 606
1173 4
1174 511
1175 454
1176 537
1177 650
1178 5
1179 613
1180 642
1181 699
1182 971
1183 921
1184 320
1185 959
1186 125
1187 557
1188 129
1189 51
1190 6
1191 30
1192 83
1193 873
1194 629
1195 299
1196 540
1197 785
1198 960
1199 213
1200 69
1201 462
1202 292
1203 887
1204 677
1205 523
1206 179
1207 156
1208 223
1209 502
1210 241
1211 90
1212 341
1213 950
1214 269
1215 637
1216 273
1217 53
1218 96
1219 133
1220 114
1221 549
1222 135
1223 199
1224 69
1225 994
1226 922
1227 560
1228 375
1229 9
1230 978
1231 262
1232 280
1233 632
1234 465
1235 549
1236 772
1237 912
1238 293
1239 950
1240 871
1241 514
1242 573
1243 133
1244 876
1245 900
1246 997
1247 19
1248 407
1249 380
1250 351
1251 865
1252 116
1253 74
1254 103
1255 706
1256 527
1257 939
1258 528
1259 840
1260 839
1261 246
1262 766
1263 820
1264 47
1265 115
1266 858
1267 920
1268 916
1269 238
1270 377
1271 160
1272 861
1273 611
1274 103
1275 401
1276 17
1277 673
1278 625
1279 103
1280 155
1281 662
1282 898
1283 416
1284 494
1285 176
1286 778
1287 585
1288 76
1289 52
1290 94
1291 91
1292 787
1293 195
1294 307
1295 294
1296 2
1297 511
1298 447
1299 447
1300 442
1301 819
1302 331
1303 54
1304 637
1305 818
1306 425
1307 399
1308 850
1309 662
1310 124
1311 575
1312 91
1313 923
1314 431
1315 493
1316 553
1317 151
1318 800
1319 838
1320 11
1321 497
1322 540
1323 344
1324 405
1325 128
1326 788
1327 868
1328 709
1329 263
1330 844
1331 891
1332 722
1333 328
1334 903
1335 393
1336 67
1337 777
1338 617
1339 10
1340 428
1341 25
1342 790
1343 581
1344 334
1345 454
1346 471
1347 33
1348 157
1349 611
1350 124
1351 705
1352 208
1353 490
1354 102
1355 651
1356 731
1357 44
1358 266
1359 906
1360 605
1361 769
1362 315
1363 404
1364 70
1365 991
1366 557
1367 717
1368 55
1369 584
1370 210
1371 717
1372 961
1373 894
1374 960
1375 418
1376 398
1377 432
1378 862
1379 587
1380 39
1381 272
1382 256
1383 439
1384 524
1385 18
1386 265
1387 955
1388 779
1389 110
1390 278
1391 918
1392 910
1393 510
1394 198
1395 850
1396 612
1397 344
1398 493
1399 504
1400 459
1401 601
1402 404
1403 640
1404 802
1405 813
1406 233
1407 996
1408 593
1409 71
1410 903
1411 109
1412 637
1413 24
1414 702
1415 449
1416 172
1417 532
1418 192
1419 451
1420 668
1421 712
1422 880
1423 171
1424 956
1425 946
1426 557
1427 732
1428 369
1429 739
1430 162
1431 471
1432 889
1433 233
1434 415
1435 870
1436 477
1437 94
1438 976
1439 437
1440 669
1441 588
1442 40
1443 276
1444 977
1445 958
1446 0
1447 769
1448 875
1449 744
1450 208
1451 297
1452 393
1453 75
1454 964
1455 99
1456 831
1457 274
1458 394
1459 751
1460 150
1461 761
1462 255
1463 331
1464 978
1465 390
1466 414
1467 726
1468 10
1469 108
1470 168
1471 134
1472 914
1473 616
1474 254
1475 944
1476 592
1477 521
1478 312
1479 882
1480 549
1481 305
1482 375
1483 627
1484 881
1485 602
1486 197
1487 286
1488 588
1489 109
1490 321
1491 552
1492 386
1493 566
1494 643
1495 548
1496 497
1497 65
1498 220
1499 427
1500 73
1501 396
1502 41
1503 442
1504 776
1505 8
1506 375
1507 824
1508 154
1509 938
1510 76
1511 710
1512 626
1513 372
1514 333
1515 608
1516 432
1517 903
1518 666
1519 50
1520 740
1521 393
1522 507
1523 997
1524 383
1525 396
1526 420
1527 175
1528 437
1529 79
1530 397
1531 755
1532 351
1533 966
1534 54
1535 25
1536 73
1537 199
1538 836
1539 286
1540 858
1541 742
1542 296
1543 226
1544 451
1545 528
1546 812
1547 387
1548 555
1549 444
1550 627
1551 894
1552 628
1553 133
1554 871
1555 298
1556 890
1557 208
1558 292
1559 70
1560 71
1561 802
1562 224
1563 460
1564 719
1565 93
1566 444
1567 101
1568 744
1569 694
1570 839
1571 326
1572 213
1573 481
1574 464
1575 668
1576 493
1577 88
1578 93
1579 327
1580 0
1581 108
1582 95
1583 928
1584 861
1585 145
1586 348
1587 387
1588 9
1589 39
1590 10
1591 31
1592 633
1593 154
1594 144
1595 642
1596 324
1597 918
1598 188
1599 591
1600 373
1601 948
1602 268
1603 434
1604 848
1605 260
1606 299
1607 144
1608 115
1609 30
1610 364
1611 57
1612 205
1613 228
1614 186
1615 280
1616 275
1617 176
1618 718
1619 714
1620 205
1621 164
1622 145
1623 728
1624 980
1625 198
1626 893
1627 838
1628 733
1629 874
1630 670
1631 66
1632 910
1633 457
1634 306
1635 389
1636 897
1637 207
1638 499
1639 346
1640 581
1641 928
1642 993
1643 745
1644 434
1645 526
1646 322
1647 624
1648 583
1649 241
1650 326
1651 800
1652 114
1653 12
1654 490
1655 523
1656 843
1657 524
1658 822
1659 945
1660 379
1661 54
1662 474
1663 595
1664 748
1665 560
1666 157
1667 170
1668 610
1669 340
1670 632
1671 261
1672 733
1673 899
1674 126
1675 304
1676 558
1677 816
1678 156
1679 55
1680 54
1681 272
1682 464
1683 315
1684 411
1685 204
1686 981
1687 666
1688 966
1689 443
1690 265
1691 134
1692 321
1693 285
1694 812
1695 123
1696 923
1697 854
1698 570
1699 283
1700 945
1701 952
1702 540
1703 197
1704 51
1705 248
1706 53
1707 213
1708 888
1709 268
1710 836
1711 628
1712 677
1713 77
1714 815
1715 160
1716 446
1717 97
1718 362
1719 173
1720 354
1721 918
1722 815
1723 498
1724 996
1725 876
1726 836
1727 645
1728 687
1729 195
1730 261
1731 611
1732 432
1733 668
1734 213
1735 480
1736 515
1737 963
1738 734
1739 745
1740 366
1741 967
1742 525
1743 904
1744 414
1745 34
1746 35
1747 583
1748 451
1749 238
1750 84
1751 127
1752 145
1753 203
1754 941
1755 743
1756 476
1757 985
1758 605
1759 118
1760 899
1761 74
1762 307
1763 646
1764 613
1765 804
1766 394
1767 112
1768 13
1769 974
1770 648
1771 694
1772 731
1773 113
1774 968
1775 154
1776 733
1777 479
1778 554
1779 270
1780 667
1781 61
1782 74
1783 137
1784 938
1785 609
1786 372
1787 653
1788 378
1789 387
1790 343
1791 586
1792 42
1793 711
1794 838
1795 650
1796 69
1797 983
1798 917
1799 143
1800 579
1801 719
1802 415
1803 776
1804 329
1805 379
1806 706
1807 789
1808 942
1809 919
1810 865
1811 750
1812 338
1813 843
1814 363
1815 910
1816 153
1817 952
1818 30
1819 386
1820 702
1821 275
1822 62
1823 68
1824 73
1825 330
1826 467
1827 132
1828 315
1829 935
1830 125
1831 111
1832 20
1833 214
1834 385
1835 725
1836 490
1837 133
1838 525
1839 625
1840 657
1841 556
1842 264
1843 608
1844 824
1845 133
1846 963
1847 241
1848 444
1849 362
1850 387
1851 938
1852 35
1853 473
1854 11
1855 277
1856 422
1857 833
1858 469
1859 30
1860 194
1861 709
1862 16
1863 205
1864 161
1865 695
1866 923
1867 875
1868 763
1869 232
1870 585
1871 747
1872 641
1873 915
1874 652
1875 780
1876 341
1877 291
1878 116
1879 510
1880 570
1881 152
1882 363
1883 29
1884 797
1885 460
1886 600
1887 998
1888 130
1889 950
1890 387
1891 400
1892 294
1893 847
1894 430
1895 968
1896 1
1897 337
1898 691
1899 557
1900 337
1901 814
1902 262
1903 349
1904 238
1905 437
1906 692
1907 691
1908 797
1909 395
1910 855
1911 625
1912 501
1913 381
1914 659
1915 975
1916 150
1917 501
1918 80
1919 903
1920 71
1921 156
1922 570
1923 192
1924 796
1925 341
1926 154
1927 652
1928 610
1929 565
1930 289
1931 846
1932 92
1933 778
1934 178
1935 7
1936 557
1937 288
1938 375
1939 113
1940 299
1941 863
1942 737
1943 292
1944 359
1945 264
1946 579
1947 76
1948 970
1949 30
1950 819
1951 452
1952 889
1953 155
1954 648
1955 185
1956 433
1957 556
1958 394
1959 323
1960 866
1961 904
1962 576
1963 523
1964 480
1965 18
1966 519
1967 314
1968 502
1969 89
1970 498
1971 696
1972 910
1973 666
1974 520
1975 397
1976 225
1977 275
1978 894
1979 858
1980 325
1981 417
1982 674
1983 975
1984 292
1985 979
1986 515
1987 574
1988 76
1989 145
1990 58
1991 442
1992 314
1993 975
1994 230
1995 770
1996 593
1997 968
1998 183
1999 556
2000 174
2001 456
2002 76
2003 621
2004 377
2005 609
2006 652
2007 784
2008 760
2009 935
2010 817
2011 907
2012 37
2013 147
2014 119
2015 467
2016 379
2017 685
2018 716
2019 282
2020 54
2021 398
2022 837
2023 471
2024 261
2025 759
2026 0
2027 180
2028 939
2029 57
2030 995
2031 86
2032 721
2033 900
2034 352
2035 386
2036 677
2037 598
2038 741
2039 448
2040 164
2041 470
2042 860
2043 938
2044 505
2045 996
2046 4
2047 855
2048 660
2049 735
2050 64
2051 144
2052 16
2053 307
2054 742
2055 190
2056 751
2057 638
2058 400
2059 215
2060 767
2061 819
2062 20
2063 258
2064 770
2065 696
2066 553
2067 350
2068 361
2069 931
2070 244
2071 632
2072 482
2073 263
2074 872
2075 95
2076 995
2077 780
2078 634
2079 672
2080 413
2081 680
2082 562
2083 252
2084 830
2085 31
2086 295
2087 552
2088 47
2089 314
2090 441
2091 165
2092 502
2093 852
2094 546
2095 974
2096 249
2097 332
2098 639
2099 109
2100 442
2101 162
2102 182
2103 724
2104 676
2105 618
2106 409
2107 520
2108 973
2109 991
2110 200
2111 12
2112 431
2113 529
2114 792
2115 744
2116 470
2117 396
2118 45
2119 100
2120 921
2121 846
2122 962
2123 579
2124 441
2125 771
2126 124
2127 181
2128 882
2129 363
2130 433
2131 673
2132 260
2133 331
2134 959
2135 419
2136 396
2137 215
2138 399
2139 743
2140 473
2141 341
2142 22
2143 161
2144 448
2145 497
2146 986
2147 892
2148 127
2149 732
2150 105
2151 270
2152 531
2153 56
2154 579
2155 467
2156 891
2157 655
2158 840
2159 946
2160 710
2161 970
2162 764
2163 558
2164 260
2165 61
2166 625
2167 931
2168 575
2169 351
2170 42
2171 302
2172 843
2173 120
2174 880
2175 804
2176 785
2177 25
2178 361
2179 456
2180 132
2181 27
2182 943
2183 863
2184 259
2185 315
2186 591
2187 793
2188 859
2189 813
2190 707
2191 90
2192 456
2193 444
2194 201
2195 438
2196 840
2197 835
2198 776
2199 733
2200 168
2201 838
2202 423
2203 559
2204 339
2205 502
2206 19
2207 348
2208 457
2209 791
2210 185
2211 845
2212 519
2213 184
2214 501
2215 639
2216 604
2217 971
2218 18
2219 51
2220 610
2221 530
2222 466
2223 401
2224 410
2225 154
2226 780
2227 664
2228 323
2229 731
2230 24
2231 132
2232 72
2233 162
2234 60
2235 208
2236 655
2237 88
2238 344
2239 554
2240 453
2241 339
2242 466
2243 401
2244 180
2245 579
2246 230
2247 391
2248 40
2249 401
2250 57
2251 58
2252 580
2253 750
2254 584
2255 445
2256 799
2257 588
2258 642
2259 612
2260 62
2261 334
2262 688
2263 218
2264 749
2265 385
2266 218
2267 299
2268 823
2269 834
2270 871
2271 901
2272 50
2273 537
2274 26
2275 217
2276 763
2277 959
2278 346
2279 322
2280 781
2281 368
2282 389
2283 305
2284 635
2285 19
2286 773
2287 791
2288 568
2289 901
2290 880
2291 174
2292 465
2293 535
2294 979
2295 779
2296 436
2297 331
2298 123
2299 48
2300 291
2301 69
2302 453
2303 676
2304 762
2305 913
2306 596
2307 948
2308 286
2309 589
2310 420
2311 617
2312 235
2313 417
2314 738
2315 965
2316 561
2317 710
2318 687
2319 515
2320 344
2321 480
2322 531
2323 767
2324 659
2325 313
2326 445
2327 64
2328 222
2329 317
2330 419
2331 568
2332 190
2333 165
2334 135
2335 398
2336 702
2337 342
2338 584
2339 306
2340 79
2341 688
2342 414
2343 8
2344 349
2345 981
2346 696
2347 348
2348 463
2349 335
2350 782
2351 907
2352 154
2353 756
2354 49
2355 269
2356 159
2357 428
2358 957
2359 979
2360 598
2361 826
2362 651
2363 867
2364 108
2365 971
2366 441
2367 665
2368 670
2369 408
2370 191
2371 668
2372 883
2373 494
2374 862
2375 528
2376 132
2377 917
2378 619
2379 593
2380 414
2381 102
2382 715
2383 135
2384 758
2385 920
2386 316
2387 766
2388 903
2389 25
2390 552
2391 515
2392 348
2393 5
2394 763
2395 89
2396 751
2397 526
2398 294
2399 247
2400 380
2401 562
2402 994
2403 824
2404 146
2405 75
2406 813
2407 205
2408 835
2409 347
2410 636
2411 3
2412 260
2413 494
2414 899
2415 46
2416 387
2417 211
2418 225
2419 122
2420 914
2421 103
2422 497
2423 90
2424 53
2425 742
2426 691
2427 225
2428 948
2429 135
2430 431
2431 989
2432 67
2433 446
2434 822
2435 245
2436 11
2437 589
2438 29
2439 803
2440 917
2441 880
2442 502
2443 325
2444 14
2445 866
2446 824
2447 238
2448 246
2449 726
2450 895
2451 438
2452 358
2453 115
2454 917
2455 540
2456 139
2457 160
2458 774
2459 737
2460 19
2461 268
2462 328
2463 205
2464 911
2465 385
2466 730
2467 32
2468 420
2469 627
2470 807
2471 861
2472 690
2473 426
2474 245
2475 747
2476 845
2477 864
2478 658
2479 75
2480 203
2481 252
2482 22
2483 75
2484 261
2485 166
2486 19
2487 366
2488 260
2489 567
2490 885
2491 366
2492 520
2493 70
2494 781
2495 339
2496 836
2497 565
2498 834
2499 637
2500 254
2501 693
2502 127
2503 160
2504 231
2505 443
2506 247
2507 798
2508 695
2509 438
2510 257
2511 897
2512 815
2513 100
2514 266
2515 651
2516 372
2517 21
2518 965
2519 316
2520 1
2521 717
2522 847
2523 30
2524 166
2525 115
2526 443
2527 174
2528 866
2529 536
2530 289
2531 48
2532 19
2533 880
2534 221
2535 253
2536 359
2537 186
2538 211
2539 578
2540 826
2541 44
2542 677
2543 599
2544 470
2545 150
2546 42
2547 840
2548 353
2549 112
2550 661
2551 36
2552 582
2553 327
2554 988
2555 804
2556 319
2557 362
2558 36
2559 950
2560 84
2561 313
2562 3
2563 532
2564 190
2565 500
2566 336
2567 455
2568 69
2569 578
2570 758
2571 111
2572 143
2573 532
2574 924
2575 818
2576 173
2577 979
2578 48
2579 825
2580 309
2581 304
2582 122
2583 465
2584 704
2585 479
2586 202
2587 657
2588 21
2589 185
2590 446
2591 173
2592 13
2593 542
2594 306
2595 934
2596 125
2597 730
2598 177
2599 900
2600 781
2601 918
2602 154
2603 433
2604 51
2605 964
2606 796
2607 517
2608 904
2609 238
2610 470
2611 104
2612 668
2613 516
2614 99
2615 854
2616 51
2617 572
2618 144
2619 390
2620 728
2621 871
2622 296
2623 999
2624 911
2625 756
2626 273
2627 953
2628 113
2629 356
2630 264
2631 77
2632 247
2633 850
2634 744
2635 302
2636 901
2637 860
2638 342
2639 24
2640 623
2641 360
2642 246
2643 920
2644 547
2645 703
2646 422
2647 449
2648 517
2649 377
2650 226
2651 533
2652 63
2653 637
2654 405
2655 440
2656 341
2657 383
2658 803
2659 616
2660 773
2661 640
2662 202
2663 743
2664 385
2665 712
2666 871
2667 681
2668 522
2669 799
2670 776
2671 290
2672 878
2673 553
2674 788
2675 429
2676 123
2677 627
2678 561
2679 317
2680 146
2681 224
2682 609
2683 207
2684 840
2685 934
2686 811
2687 684
2688 210
2689 326
2690 602
2691 121
2692 398
2693 300
2694 727
2695 16
2696 3
2697 845
2698 658
2699 57
2700 369
2701 498
2702 659
2703 315
2704 756
2705 585
2706 814
2707 950
2708 878
2709 38
2710 578
2711 777
2712 907
2713 475
2714 769
2715 946
2716 106
2717 608
2718 608
2719 869
2720 365
2721 261
2722 542
2723 58
2724 531
2725 967
2726 557
2727 743
2728 482
2729 955
2730 908
2731 168
2732 548
2733 321
2734 66
2735 862
2736 996
2737 874
2738 513
2739 729
2740 305
2741 418
2742 480
2743 1
2744 749
2745 957
2746 648
2747 379
2748 977
2749 527
2750 875
2751 5
2752 935
2753 384
2754 199
2755 377
2756 932
2757 243
2758 926
2759 497
2760 182
2761 927
2762 590
2763 885
2764 648
2765 958
2766 139
2767 948
2768 648
2769 441
2770 988
2771 577
2772 459
2773 232
2774 413
2775 665
2776 20
2777 26
2778 572
2779 609
2780 473
2781 455
2782 537
2783 151
2784 961
2785 610
2786 291
2787 285
2788 398
2789 82
2790 361
2791 701
2792 439
2793 448
2794 226
2795 548
2796 654
2797 474
2798 192
2799 396
2800 370
2801 78
2802 474
2803 586
2804 368
2805 369
2806 255
2807 74
2808 187
2809 79
2810 128
2811 369
2812 605
2813 828
2814 792
2815 817
2816 750
2817 759
2818 879
2819 719
2820 128
2821 346
2822 103
2823 897
2824 89
2825 181
2826 927
2827 202
2828 572
2829 509
2830 984
2831 432
2832 611
2833 276
2834 438
2835 684
2836 736
2837 221
2838 463
2839 831
2840 677
2841 351
2842 904
2843 376
2844 212
2845 505
2846 628
2847 935
2848 217
2849 485
2850 133
2851 494
2852 331
2853 667
2854 685
2855 619
2856 348
2857 948
2858 646
2859 653
2860 940
2861 54
2862 928
2863 225
2864 702
2865 223
2866 47
2867 151
2868 219
2869 400
2870 492
2871 626
2872 525
2873 370
2874 700
2875 540
2876 584
2877 602
2878 951
2879 310
2880 355
2881 972
2882 262
2883 56
2884 524
2885 633
2886 462
2887 69
2888 440
2889 479
2890 136
2891 73
2892 512
2893 560
2894 325
2895 55
2896 789
2897 110
2898 255
2899 969
2900 896
2901 633
2902 642
2903 136
2904 654
2905 623
2906 975
2907 196
2908 842
2909 666
2910 154
2911 289
2912 47
2913 854
2914 60
2915 694
2916 622
2917 445
2918 557
2919 950
2920 821
2921 577
2922 975
2923 861
2924 493
2925 213
2926 303
2927 293
2928 766
2929 604
2930 158
2931 244
2932 186
2933 893
2934 207
2935 589
2936 534
2937 2
2938 319
2939 291
2940 130
2941 600
2942 947
2943 629
2944 102
2945 349
2946 391
2947 929
2948 650
2949 666
2950 132
2951 761
2952 332
2953 449
2954 199
2955 965
2956 658
2957 655
2958 333
2959 106
2960 79
2961 988
2962 997
2963 194
2964 139
2965 951
2966 824
2967 480
2968 707
2969 385
2970 522
2971 542
2972 367
2973 282
2974 773
2975 345
2976 497
2977 526
2978 723
2979 493
2980 76
2981 366
2982 359
2983 767
2984 791
2985 399
2986 333
2987 932
2988 673
2989 210
2990 429
2991 182
2992 489
2993 399
2994 532
2995 773
2996 800
2997 675
2998 434
2999 350
3000 785
3001 847
3002 677
3003 940
3004 918
3005 309
3006 237
3007 768
3008 533
3009 757
3010 626
3011 21
3012 191
3013 641
3014 753
3015 275
3016 632
3017 680
3018 106
3019 81
3020 613
3021 643
3022 45
3023 868
3024 715
3025 758
3026 407
3027 976
3028 702
3029 859
3030 971
3031 767
3032 741
3033 974
3034 24
3035 436
3036 913
3037 672
3038 100
3039 907
3040 798
3041 392
3042 756
3043 464
3044 129
3045 677
3046 260
3047 67
3048 167
3049 816
3050 400
3051 151
3052 961
3053 697
3054 470
3055 33
3056 215
3057 66
3058 472
3059 918
3060 454
3061 100
3062 926
3063 616
3064 654
3065 945
3066 536
3067 700
3068 727
3069 582
3070 446
3071 30
3072 836
3073 373
3074 634
3075 114
3076 176
3077 879
3078 264
3079 329
3080 54
3081 427
3082 30
3083 714
3084 777
3085 510
3086 63
3087 720
3088 127
3089 930
3090 741
3091 68
3092 574
3093 486
3094 82
3095 795
3096 459
3097 311
3098 764
3099 871
3100 337
3101 511
3102 213
3103 779
3104 81
3105 578
3106 330
3107 838
3108 80
3109 424
3110 448
3111 373
3112 379
3113 484
3114 688
3115 487
3116 88
3117 976
3118 928
3119 533
3120 258
3121 737
3122 102
3123 100
3124 517
3125 216
3126 192
3127 389
3128 95
3129 430
3130 810
3131 617
3132 534
3133 671
3134 552
3135 650
3136 114
3137 910
3138 462
3139 916
3140 278
3141 660
3142 849
3143 110
3144 358
3145 298
3146 769
3147 938
3148 309
3149 3
3150 367
3151 770
3152 367
3153 139
3154 252
3155 117
3156 166
3157 771
3158 259
3159 520
3160 700
3161 521
3162 66
3163 9
3164 803
3165 460
3166 888
3167 782
3168 369
3169 65
3170 529
3171 659
3172 484
3173 558
3174 939
3175 983
3176 477
3177 130
3178 173
3179 196
3180 376
3181 737
3182 560
3183 177
3184 560
3185 136
3186 413
3187 114
3188 2
3189 88
3190 105
3191 798
3192 532
3193 29
3194 847
3195 954
3196 441
3197 454
3198 749
3199 443
3200 229
3201 458
3202 843
3203 738
3204 270
3205 225
3206 691
3207 134
3208 2
3209 886
3210 289
3211 958
3212 307
3213 201
3214 340
3215 972
3216 441
3217 321
3218 160
3219 103
3220 451
3221 763
3222 59
3223 31
3224 887
3225 603
3226 298
3227 434
3228 2
3229 715
3230 923
3231 26
3232 836
3233 41
3234 590
3235 970
3236 944
3237 992
3238 29
3239 726
3240 615
3241 516
3242 499
3243 803
3244 543
3245 177
3246 197
3247 698
3248 451
3249 164
3250 999
3251 941
3252 162
3253 364
3254 203
3255 503
3256 759
3257 727
3258 451
3259 489
3260 899
3261 555
3262 496
3263 959
3264 789
3265 468
3266 326
3267 489
3268 627
3269 82
3270 656
3271 676
3272 366
3273 446
3274 32
3275 999
3276 980
3277 187
3278 531
3279 129
3280 444
3281 775
3282 141
3283 491
3284 78
3285 198
3286 493
3287 364
3288 434
3289 849
3290 550
3291 82
3292 836
3293 785
3294 676
3295 923
3296 798
3297 215
3298 787
3299 888
3300 109
3301 31
3302 349
3303 139
3304 830
3305 420
3306 713
3307 230
3308 457
3309 832
3310 330
3311 995
3312 378
3313 66
3314 539
3315 730
3316 318
3317 397
3318 590
3319 470
3320 799
3321 386
3322 853
3323 654
3324 808
3325 300
3326 760
3327 859
3328 213
3329 819
3330 777
3331 885
3332 279
3333 33
3334 744
3335 218
3336 619
3337 75
3338 502
3339 711
3340 13
3341 742
3342 849
3343 228
3344 671
3345 190
3346 286
3347 336
3348 947
3349 828
3350 599
3351 743
3352 816
3353 13
3354 803
3355 897
3356 427
3357 296
3358 529
3359 829
3360 23
3361 795
3362 652
3363 710
3364 852
3365 554
3366 615
3367 102
3368 978
3369 536
3370 9
3371 931
3372 681
3373 883
3374 849
3375 394
3376 682
3377 9
3378 714
3379 11
3380 183
3381 562
3382 489
3383 652
3384 53
3385 588
3386 607
3387 470
3388 851
3389 103
3390 887
3391 266
3392 387
3393 231
3394 100
3395 687
3396 807
3397 508
3398 262
3399 774
3400 418
3401 106
3402 990
3403 884
3404 577
3405 652
3406 617
3407 905
3408 243
3409 604
3410 443
3411 301
3412 207
3413 322
3414 77
3415 143
3416 127
3417 389
3418 70
3419 35
3420 936
3421 817
3422 28
3423 457
3424 911
3425 589
3426 699
3427 316
3428 934
3429 723
3430 16
3431 651
3432 17
3433 565
3434 790
3435 908
3436 857
3437 499
3438 818
3439 703
3440 870
3441 738
3442 612
3443 20
3444 520
3445 841
3446 523
3447 865
3448 609
3449 54
3450 799
3451 74
3452 419
3453 126
3454 350
3455 623
3456 495
3457 995
3458 541
3459 891
3460 752
3461 887
3462 836
3463 568
3464 973
3465 488
3466 624
3467 812
3468 828
3469 10
3470 916
3471 588
3472 720
3473 489
3474 64
3475 170
3476 296
3477 912
3478 79
3479 322
3480 232
3481 999
3482 147
3483 654
3484 690
3485 483
3486 562
3487 128
3488 205
3489 742
3490 687
3491 462
3492 848
3493 62
3494 981
3495 295
3496 113
3497 281
3498 265
3499 465
3500 401
3501 947
3502 0
3503 158
3504 325
3505 369
3506 476
3507 466
3508 145
3509 28
3510 860
3511 683
3512 482
3513 928
3514 153
3515 22
3516 930
3517 636
3518 897
3519 485
3520 224
3521 595
3522 55
3523 515
3524 244
3525 654
3526 216
3527 682
3528 372
3529 977
3530 169
3531 27
3532 939
3533 822
3534 306
3535 66
3536 393
3537 709
3538 241
3539 655
3540 648
3541 511
3542 945
3543 103
3544 25
3545 612
3546 708
3547 623
3548 968
3549 88
3550 397
3551 190
3552 721
3553 553
3554 744
3555 126
3556 321
3557 148
3558 444
3559 140
3560 949
3561 610
3562 725
3563 500
3564 821
3565 572
3566 530
3567 411
3568 963
3569 865
3570 520
3571 496
3572 428
3573 538
3574 648
3575 171
3576 845
3577 770
3578 993
3579 151
3580 99
3581 336
3582 816
3583 680
3584 268
3585 828
3586 596
3587 784
3588 157
3589 121
3590 191
3591 432
3592 732
3593 238
3594 954
3595 785
3596 681
3597 630
3598 203
3599 941
3600 674
3601 339
3602 920
3603 491
3604 881
3605 403
3606 531
3607 46
3608 572
3609 416
3610 176
3611 748
3612 641
3613 499
3614 702
3615 560
3616 420
3617 758
3618 199
3619 564
3620 862
3621 75
3622 394
3623 991
3624 767
3625 721
3626 301
3627 954
3628 597
3629 763
3630 937
3631 726
3632 276
3633 737
3634 86
3635 634
3636 236
3637 305
3638 653
3639 743
3640 9
3641 823
3642 807
3643 168
3644 694
3645 467
3646 503
3647 582
3648 530
3649 696
3650 30
3651 249
3652 448
3653 157
3654 196
3655 506
3656 290
3657 214
3658 143
3659 18
3660 546
3661 355
3662 971
3663 963
3664 448
3665 464
3666 227
3667 430
3668 296
3669 327
3670 335
3671 902
3672 708
3673 883
3674 400
3675 982
3676 840
3677 330
3678 281
3679 588
3680 59
3681 505
3682 66
3683 207
3684 426
3685 207
3686 188
3687 235
3688 788
3689 47
3690 509
3691 660
3692 683
3693 101
3694 260
3695 195
3696 282
3697 748
3698 48
3699 493
3700 910
3701 267
3702 163
3703 98
3704 92
3705 946
3706 610
3707 767
3708 987
3709 9
3710 26
3711 298
3712 121
3713 50
3714 862
3715 113
3716 576
3717 861
3718 13
3719 166
3720 760
3721 226
3722 299
3723 836
3724 973
3725 1
3726 184
3727 116
3728 367
3729 632
3730 457
3731 552
3732 16
3733 646
3734 964
3735 247
3736 732
3737 750
3738 232
3739 229
3740 331
3741 643
3742 987
3743 266
3744 936
3745 996
3746 11
3747 609
3748 564
3749 357
3750 495
3751 352
3752 948
3753 752
3754 531
3755 946
3756 675
3757 858
3758 38
3759 897
3760 284
3761 908
3762 114
3763 26
3764 711
3765 453
3766 89
3767 854
3768 311
3769 207
3770 489
3771 11
3772 358
3773 379
3774 105
3775 776
3776 523
3777 397
3778 725
3779 291
3780 179
3781 764
3782 569
3783 71
3784 178
3785 114
3786 309
3787 647
3788 86
3789 773
3790 349
3791 677
3792 873
3793 771
3794 324
3795 845
3796 435
3797 234
3798 561
3799 197
3800 697
3801 763
3802 253
3803 215
3804 476
3805 96
3806 111
3807 748
3808 395
3809 973
3810 658
3811 220
3812 928
3813 804
3814 997
3815 857
3816 295
3817 807
3818 358
3819 99
3820 480
3821 668
3822 237
3823 158
3824 342
3825 816
3826 761
3827 669
3828 648
3829 145
3830 42
3831 37
3832 347
3833 846
3834 76
3835 833
3836 914
3837 319
3838 404
3839 629
3840 640
3841 194
3842 893
3843 770
3844 629
3845 108
3846 38
3847 782
3848 161
3849 570