0 350.0 5661.0 32.348571428571425 0.16828365630049524 0.3868194842406877 0.037542448823465385 0.6198934280639432 0.18305899182649066 0.011049329838963725
1 350.0 5661.0 32.348571428571425 0.16828365630049524 0.1489971346704871 0.0048847477941793204 0.5377503852080123 0.07876077205611509 0.004404413552802474
10 350.0 5661.0 32.348571428571425 0.16828365630049524 0.12893982808022922 0.0038086167583626573 0.5336391437308868 0.06723962199266886 0.003850732109567854
100 350.0 5661.0 32.348571428571425 0.16828365630049524 0.07736389684813753 0.001187463154701363 0.5043352601156069 0.042360695107435106 0.0024165220650131727
101 350.0 5661.0 32.348571428571425 0.16828365630049524 0.10601719197707736 0.002760131472940916 0.5232383808095952 0.05191577554183707 0.003224420312328383
102 350.0 5661.0 32.348571428571425 0.16828365630049524 0.07736389684813753 0.0013055679822774895 0.5072674418604651 0.04193967002344479 0.002428239355798675
103 350.0 5661.0 32.348571428571425 0.16828365630049524 0.10888252148997134 0.0032787881490955076 0.524024024024024 0.04642905980181459 0.003340566569390897
104 350.0 5661.0 32.348571428571425 0.16828365630049524 0.13753581661891118 0.005765562474579841 0.5295902883156297 0.0544014152645357 0.0041675324718144224
105 350.0 5661.0 32.348571428571425 0.16828365630049524 0.10028653295128939 0.0026773818330047953 0.5224550898203593 0.04732440594849249 0.0030908684783879457
106 350.0 5661.0 32.348571428571425 0.16828365630049524 0.0830945558739255 0.001395167954457874 0.5117302052785924 0.042795474345943066 0.002581138313734391
107 350.0 5661.0 32.348571428571425 0.16828365630049524 0.08595988538681948 0.0016070356008866626 0.513235294117647 0.043925829200018224 0.002665182052007998
108 350.0 5661.0 32.348571428571425 0.16828365630049524 0.10601719197707736 0.002580710086746146 0.524024024024024 0.04716863805816208 0.003231872286084782
109 350.0 5661.0 32.348571428571425 0.16828365630049524 0.1146131805157593 0.003972850363233862 0.524024024024024 0.052500228234753046 0.003506059798693376
11 350.0 5661.0 32.348571428571425 0.16828365630049524 0.19197707736389685 0.00856996789134542 0.5513428120063191 0.0959201771948641 0.005607513487133421
110 350.0 5661.0 32.348571428571425 0.16828365630049524 0.09742120343839542 0.0023294498032431234 0.5147492625368731 0.04384035760800654 0.0029958399453972684
111 350.0 5661.0 32.348571428571425 0.16828365630049524 0.10888252148997134 0.003279607907190414 0.524812030075188 0.04523452792874541 0.0033382976761441247
112 350.0 5661.0 32.348571428571425 0.16828365630049524 0.09169054441260745 0.0021220366714800078 0.5094890510948905 0.04142934711577248 0.0028386046171828515
113 350.0 5661.0 32.348571428571425 0.16828365630049524 0.10601719197707736 0.003218933278098185 0.5232383808095952 0.04982277012636145 0.003254309769008322
114 350.0 5661.0 32.348571428571425 0.16828365630049524 0.0830945558739255 0.0015545277581858598 0.5170370370370371 0.04321235617673863 0.0025767764112571735
115 350.0 5661.0 32.348571428571425 0.16828365630049524 0.08882521489971347 0.0017619423223648371 0.5170370370370371 0.046558555152120595 0.0027417133792235144
116 350.0 5661.0 32.348571428571425 0.16828365630049524 0.07736389684813753 0.0010536011881273834 0.5087463556851312 0.04199254073559703 0.0024100522236870196
117 350.0 5661.0 32.348571428571425 0.16828365630049524 0.07449856733524356 0.0010537335058111441 0.5065312046444121 0.04031193049415382 0.0023341793479220536
118 350.0 5661.0 32.348571428571425 0.16828365630049524 0.12607449856733524 0.004457805688055994 0.5287878787878788 0.05618176474491294 0.0038161457680930353
119 350.0 5661.0 32.348571428571425 0.16828365630049524 0.09169054441260745 0.002161117770993874 0.5162721893491125 0.04141825781747539 0.0028499427231758606
12 350.0 5661.0 32.348571428571425 0.16828365630049524 0.12893982808022922 0.004454710168793863 0.5344563552833078 0.06630529105729556 0.003894147240927734
120 350.0 5661.0 32.348571428571425 0.16828365630049524 0.09169054441260745 0.0020677641448815505 0.513235294117647 0.04577682309506009 0.002840984629546288
121 350.0 5661.0 32.348571428571425 0.16828365630049524 0.1146131805157593 0.003663017072416379 0.527190332326284 0.05426563870071047 0.003496940246110836
122 350.0 5661.0 32.348571428571425 0.16828365630049524 0.08882521489971347 0.0020891172168815957 0.5124816446402349 0.04190590623977984 0.002760377565423206
123 350.0 5661.0 32.348571428571425 0.16828365630049524 0.07736389684813753 0.0010245516909813677 0.513235294117647 0.038771677553574316 0.002407437245657237
124 350.0 5661.0 32.348571428571425 0.16828365630049524 0.08882521489971347 0.001970168733578662 0.5109809663250366 0.04114926334375218 0.002766611471780707
125 350.0 5661.0 32.348571428571425 0.16828365630049524 0.09742120343839542 0.002342475032944668 0.5139911634756995 0.047106767794670525 0.0030034289363950707
126 350.0 5661.0 32.348571428571425 0.16828365630049524 0.07736389684813753 0.0013445724925907128 0.5080058224163028 0.035522184275450494 0.002430157447144073
127 350.0 5661.0 32.348571428571425 0.16828365630049524 0.06017191977077364 0.0004418779531460077 0.5028818443804035 0.039348267626863956 0.0019071862764237543
128 350.0 5661.0 32.348571428571425 0.16828365630049524 0.05730659025787965 0.0005096329658803447 0.4908579465541491 0.0308187808834159 0.0018479628446029395
129 350.0 5661.0 32.348571428571425 0.16828365630049524 0.10601719197707736 0.0028742266987757084 0.524024024024024 0.048633325640449365 0.003245104612037755
13 350.0 5661.0 32.348571428571425 0.16828365630049524 0.166189111747851 0.005778466735806542 0.5444617784711389 0.09026200687836203 0.004875160124962528
130 350.0 5661.0 32.348571428571425 0.16828365630049524 0.08022922636103151 0.001598891743385355 0.5080058224163028 0.0405287965544072 0.0025146997443213984
131 350.0 5661.0 32.348571428571425 0.16828365630049524 0.0830945558739255 0.00166420409736409 0.5094890510948905 0.045166135596245396 0.0025888615717645494
132 350.0 5661.0 32.348571428571425 0.16828365630049524 0.07449856733524356 0.0011800211784574299 0.5080058224163028 0.0416011033290269 0.002342479485049939
133 350.0 5661.0 32.348571428571425 0.16828365630049524 0.09169054441260745 0.0022226873922856676 0.5147492625368731 0.04368379422371099 0.0028462720471250334
134 350.0 5661.0 32.348571428571425 0.16828365630049524 0.09169054441260745 0.00205598496588398 0.5193452380952381 0.04525159737601258 0.00283090587818826
135 350.0 5661.0 32.348571428571425 0.16828365630049524 0.06876790830945559 0.0009057244955093268 0.5102339181286549 0.03758917374828751 0.0021770908456357745
136 350.0 5661.0 32.348571428571425 0.16828365630049524 0.06876790830945559 0.0009165351154196155 0.49928469241773965 0.03613624928496933 0.0021817349948291733
137 350.0 5661.0 32.348571428571425 0.16828365630049524 0.0659025787965616 0.0007287555251233652 0.5007173601147776 0.03495151094886494 0.0020898221269361823
138 350.0 5661.0 32.348571428571425 0.16828365630049524 0.07736389684813753 0.001318288533804381 0.5057971014492754 0.037616331161027756 0.0024337045192191547
139 350.0 5661.0 32.348571428571425 0.16828365630049524 0.08882521489971347 0.001830223819100737 0.5109809663250366 0.04199455314883443 0.0027555705527557324
14 350.0 5661.0 32.348571428571425 0.16828365630049524 0.15759312320916904 0.006363184817551583 0.5402476780185759 0.07555783721976385 0.004677927743509707
140 350.0 5661.0 32.348571428571425 0.16828365630049524 0.10028653295128939 0.002572075892858611 0.5185735512630015 0.04536404118322366 0.0030862667518770084
141 350.0 5661.0 32.348571428571425 0.16828365630049524 0.08022922636103151 0.0013010257038908147 0.5117302052785924 0.04523420183437505 0.0024989751586191643
142 350.0 5661.0 32.348571428571425 0.16828365630049524 0.06876790830945559 0.0010106179472710352 0.5036075036075036 0.038527800987063585 0.002182744228348673
143 350.0 5661.0 32.348571428571425 0.16828365630049524 0.0659025787965616 0.000833647024739963 0.5 0.03469691505209707 0.002095069500747197
144 350.0 5661.0 32.348571428571425 0.16828365630049524 0.09455587392550142 0.002619939325861175 0.513235294117647 0.041838624623995097 0.002938168313738391
145 350.0 5661.0 32.348571428571425 0.16828365630049524 0.0659025787965616 0.0008791398250638683 0.49928469241773965 0.03490879323702025 0.002097385141867406
146 350.0 5661.0 32.348571428571425 0.16828365630049524 0.07449856733524356 0.0009940090116550338 0.5102339181286549 0.04373184946878867 0.0023301033582546005
147 350.0 5661.0 32.348571428571425 0.16828365630049524 0.09169054441260745 0.002194286773233956 0.513235294117647 0.040817260296034275 0.0028504049069416034
148 350.0 5661.0 32.348571428571425 0.16828365630049524 0.0659025787965616 0.0008258635420740605 0.5028818443804035 0.03358514415806957 0.0021075443762054967
149 350.0 5661.0 32.348571428571425 0.16828365630049524 0.07163323782234957 0.0011910608564861724 0.5050651230101303 0.036328767516779874 0.0022719681773981006
15 350.0 5661.0 32.348571428571425 0.16828365630049524 0.1146131805157593 0.0032506663072659346 0.5232383808095952 0.05530884151488198 0.003484019945264042
150 350.0 5661.0 32.348571428571425 0.16828365630049524 0.07163323782234957 0.0009338104813615416 0.5162721893491125 0.04105245429028902 0.0022476965797245604
151 350.0 5661.0 32.348571428571425 0.16828365630049524 0.07736389684813753 0.0012139990431033199 0.513235294117647 0.03997453587677054 0.0024194115611914065
152 350.0 5661.0 32.348571428571425 0.16828365630049524 0.05730659025787965 0.0006165282934080705 0.4908579465541491 0.02890121142015947 0.0018680851262329308
153 350.0 5661.0 32.348571428571425 0.16828365630049524 0.10028653295128939 0.002949474672768172 0.5124816446402349 0.039702425270818874 0.003109003072902499
154 350.0 5661.0 32.348571428571425 0.16828365630049524 0.07163323782234957 0.0010035211759374402 0.5057971014492754 0.03868453881739077 0.0022556683273290464
155 350.0 5661.0 32.348571428571425 0.16828365630049524 0.0659025787965616 0.000778919056129056 0.5057971014492754 0.03551893677895945 0.002093439364599681
156 350.0 5661.0 32.348571428571425 0.16828365630049524 0.08595988538681948 0.0019289214862852923 0.5072674418604651 0.039075419448180354 0.0026868582982080046
157 350.0 5661.0 32.348571428571425 0.16828365630049524 0.0830945558739255 0.0016205987848185196 0.5094890510948905 0.04020299128034081 0.002596930815322449
158 350.0 5661.0 32.348571428571425 0.16828365630049524 0.08595988538681948 0.001896290694468679 0.513235294117647 0.03822567840702995 0.0026861547347794175
159 350.0 5661.0 32.348571428571425 0.16828365630049524 0.08595988538681948 0.0018217719353059287 0.513235294117647 0.03983936662728607 0.002673963887042897
16 350.0 5661.0 32.348571428571425 0.16828365630049524 0.20343839541547276 0.011269930146961394 0.5566188197767146 0.09131508131459115 0.005973523557569105
160 350.0 5661.0 32.348571428571425 0.16828365630049524 0.0830945558739255 0.0015212224776195997 0.513235294117647 0.04323734261946356 0.0025851458283674975
161 350.0 5661.0 32.348571428571425 0.16828365630049524 0.07449856733524356 0.0011610866288491247 0.5102339181286549 0.03921100621344642 0.00234519768489382
162 350.0 5661.0 32.348571428571425 0.16828365630049524 0.10315186246418338 0.003360170555850124 0.5178041543026706 0.03997926315889343 0.0032030006037186186
163 350.0 5661.0 32.348571428571425 0.16828365630049524 0.06303724928366762 0.0007438725534827416 0.5050651230101303 0.03711544059131813 0.002013791764779681
164 350.0 5661.0 32.348571428571425 0.16828365630049524 0.06303724928366762 0.0007710986328293147 0.5028818443804035 0.033237521552806924 0.00201434778778645
165 350.0 5661.0 32.348571428571425 0.16828365630049524 0.07449856733524356 0.0011889585635236513 0.5028818443804035 0.03807735016115577 0.0023464232850139623
166 350.0 5661.0 32.348571428571425 0.16828365630049524 0.08022922636103151 0.0015701299909092437 0.5080058224163028 0.03869674817934238 0.0025209250156202883
167 350.0 5661.0 32.348571428571425 0.16828365630049524 0.08882521489971347 0.002301619721503596 0.5147492625368731 0.040400610460871914 0.002773070213539724
168 350.0 5661.0 32.348571428571425 0.16828365630049524 0.06303724928366762 0.0008492636806700672 0.4860724233983287 0.028438435021205216 0.0020330050918724515
169 350.0 5661.0 32.348571428571425 0.16828365630049524 0.06303724928366762 0.0008627286445138674 0.49928469241773965 0.03217368336271321 0.0020234949818669977
17 350.0 5661.0 32.348571428571425 0.16828365630049524 0.20057306590257878 0.011280843014542637 0.5548489666136724 0.08942402442189584 0.005900998876052268
170 350.0 5661.0 32.348571428571425 0.16828365630049524 0.08022922636103151 0.0016949297167764242 0.4950354609929078 0.03298623743899178 0.0025312034834847766
171 350.0 5661.0 32.348571428571425 0.16828365630049524 0.06017191977077364 0.0006287483301603378 0.4929378531073446 0.032319894099789706 0.0019364855952711548
172 350.0 5661.0 32.348571428571425 0.16828365630049524 0.0659025787965616 0.0007714950182582571 0.5080058224163028 0.040999072263114826 0.002083399091976059
173 350.0 5661.0 32.348571428571425 0.16828365630049524 0.06876790830945559 0.0009765078851031087 0.49715099715099714 0.0320181562144319 0.002189966283818676
174 350.0 5661.0 32.348571428571425 0.16828365630049524 0.09455587392550142 0.0029379916749949493 0.5072674418604651 0.032488494000326947 0.002957836246684693
175 350.0 5661.0 32.348571428571425 0.16828365630049524 0.07736389684813753 0.001622491911368001 0.5080058224163028 0.03757036957139611 0.002437673547143581
176 350.0 5661.0 32.348571428571425 0.16828365630049524 0.07163323782234957 0.0010000500976028253 0.5094890510948905 0.04082874143401825 0.0022653685692056507
177 350.0 5661.0 32.348571428571425 0.16828365630049524 0.08595988538681948 0.0023599559827885037 0.5124816446402349 0.037544362322168574 0.0027025019060127687
178 350.0 5661.0 32.348571428571425 0.16828365630049524 0.06876790830945559 0.001075168603433243 0.49644381223328593 0.03222842544356103 0.0022033095393425694
179 350.0 5661.0 32.348571428571425 0.16828365630049524 0.08022922636103151 0.0017808452125404586 0.4978601997146933 0.030276005835533134 0.0025448199111988623
18 350.0 5661.0 32.348571428571425 0.16828365630049524 0.32664756446991405 0.023364941647996743 0.5976027397260274 0.16380393327485882 0.009321275946989626
180 350.0 5661.0 32.348571428571425 0.16828365630049524 0.05444126074498567 0.00042621932226030485 0.4929378531073446 0.03377687290162638 0.001764009105080693
181 350.0 5661.0 32.348571428571425 0.16828365630049524 0.07449856733524356 0.001506606856212245 0.5028818443804035 0.03370148823655811 0.002373855034552619
182 350.0 5661.0 32.348571428571425 0.16828365630049524 0.07163323782234957 0.0013168553423793387 0.5014367816091954 0.03180248939248752 0.0022816187603231647
183 350.0 5661.0 32.348571428571425 0.16828365630049524 0.07449856733524356 0.0011411624299384109 0.5080058224163028 0.03979679219510052 0.002348398682668053
184 350.0 5661.0 32.348571428571425 0.16828365630049524 0.05730659025787965 0.0006404126584317275 0.4915492957746479 0.02884714188553278 0.0018703889257402678
185 350.0 5661.0 32.348571428571425 0.16828365630049524 0.06017191977077364 0.000699280425370435 0.4978601997146933 0.0327893248813687 0.0019359183768285933
186 350.0 5661.0 32.348571428571425 0.16828365630049524 0.06876790830945559 0.0010422928708400448 0.5036075036075036 0.03813780965474373 0.0021848210296860427
187 350.0 5661.0 32.348571428571425 0.16828365630049524 0.07736389684813753 0.001852887347054205 0.49573863636363635 0.028318966195432692 0.0024699696808750463
188 350.0 5661.0 32.348571428571425 0.16828365630049524 0.06303724928366762 0.0007721918334181414 0.4922425952045134 0.031234802006110455 0.0020192649685958574
189 350.0 5661.0 32.348571428571425 0.16828365630049524 0.05730659025787965 0.0007059707364326882 0.48743016759776536 0.02754391621838567 0.0018742518912079839
19 350.0 5661.0 32.348571428571425 0.16828365630049524 0.34097421203438394 0.029370515531670124 0.6027633851468048 0.16010189288025736 0.009770357864897869
190 350.0 5661.0 32.348571428571425 0.16828365630049524 0.06303724928366762 0.000674136750076942 0.5028818443804035 0.03725359706159486 0.002013275707338655
191 350.0 5661.0 32.348571428571425 0.16828365630049524 0.05730659025787965 0.0007007171275613342 0.4787379972565158 0.024360310345301433 0.0018732771709292853
192 350.0 5661.0 32.348571428571425 0.16828365630049524 0.07163323782234957 0.0011664231251993955 0.5028818443804035 0.03591497772118236 0.002278087832307185
193 350.0 5661.0 32.348571428571425 0.16828365630049524 0.06017191977077364 0.0007461033340536782 0.4950354609929078 0.03016703574532162 0.0019484156423520585
194 350.0 5661.0 32.348571428571425 0.16828365630049524 0.08022922636103151 0.0017795364506164011 0.5021582733812949 0.03217255387153793 0.0025434338247793927
195 350.0 5661.0 32.348571428571425 0.16828365630049524 0.07163323782234957 0.0013934898564298044 0.49363507779349364 0.029286894095420516 0.0022973604389572915
196 350.0 5661.0 32.348571428571425 0.16828365630049524 0.07163323782234957 0.0013576980612519237 0.49928469241773965 0.03033135331547254 0.0022869192805497164
197 350.0 5661.0 32.348571428571425 0.16828365630049524 0.07163323782234957 0.0014973199759281644 0.4978601997146933 0.02851961132582387 0.0022918675264428177
198 350.0 5661.0 32.348571428571425 0.16828365630049524 0.06017191977077364 0.000520516463951799 0.5021582733812949 0.03577706919495837 0.0019276877453790215
199 350.0 5661.0 32.348571428571425 0.16828365630049524 0.08595988538681948 0.0025295846276698316 0.5021582733812949 0.032678922879415664 0.0027252815249949316
2 350.0 5661.0 32.348571428571425 0.16828365630049524 0.15759312320916904 0.005439155396983775 0.5427682737169518 0.08454167312078897 0.004646468520563641
20 350.0 5661.0 32.348571428571425 0.16828365630049524 0.31805157593123207 0.023090407354983872 0.5945485519591142 0.15905212076450925 0.009093413183237134
200 350.0 5661.0 32.348571428571425 0.16828365630049524 0.05730659025787965 0.000440476509136204 0.49363507779349364 0.032874878202865616 0.001847026610726762
201 350.0 5661.0 32.348571428571425 0.16828365630049524 0.05444126074498567 0.0004758092436109764 0.4943342776203966 0.028042516967834785 0.0017789514585654683
202 350.0 5661.0 32.348571428571425 0.16828365630049524 0.0659025787965616 0.0008624906113409167 0.5028818443804035 0.036639846610375684 0.002103870285551407
203 350.0 5661.0 32.348571428571425 0.16828365630049524 0.0659025787965616 0.0010015476490417034 0.4901685393258427 0.030371449201183134 0.0021154927256373307
204 350.0 5661.0 32.348571428571425 0.16828365630049524 0.06303724928366762 0.0008594153683756294 0.4787379972565158 0.027185065487322874 0.0020385859480007993
205 350.0 5661.0 32.348571428571425 0.16828365630049524 0.05730659025787965 0.000732825790907094 0.4853963838664812 0.028081249663053406 0.0018726850907123428
206 350.0 5661.0 32.348571428571425 0.16828365630049524 0.06017191977077364 0.0007019447478194089 0.49644381223328593 0.03512290599015239 0.0019384126821855628
207 350.0 5661.0 32.348571428571425 0.16828365630049524 0.05444126074498567 0.0003999241406814766 0.4887955182072829 0.032065704042566874 0.0017680975331222796
208 350.0 5661.0 32.348571428571425 0.16828365630049524 0.05730659025787965 0.0007148983724450451 0.4901685393258427 0.025839790965798595 0.0018734893558455218
209 350.0 5661.0 32.348571428571425 0.16828365630049524 0.06017191977077364 0.0008157073663358895 0.4894810659186536 0.026706928860660926 0.0019611686810765026
21 350.0 5661.0 32.348571428571425 0.16828365630049524 0.2607449856733524 0.013532890259265767 0.5749588138385503 0.1350958316193895 0.007464146265105834
210 350.0 5661.0 32.348571428571425 0.16828365630049524 0.0659025787965616 0.0012731561700278736 0.48675034867503486 0.026435120549200462 0.0021373288609917458
211 350.0 5661.0 32.348571428571425 0.16828365630049524 0.05730659025787965 0.0007048159237035565 0.4929378531073446 0.030953895364422515 0.0018651275076808228
212 350.0 5661.0 32.348571428571425 0.16828365630049524 0.05444126074498567 0.0006056366721621365 0.476775956284153 0.02375356489794521 0.0017944803430636484
213 350.0 5661.0 32.348571428571425 0.16828365630049524 0.06303724928366762 0.0006944037242587075 0.49857142857142855 0.035599345916550576 0.0020138920287428013
214 350.0 5661.0 32.348571428571425 0.16828365630049524 0.06017191977077364 0.0008534201613408617 0.4915492957746479 0.028473069441574485 0.0019624778841572706
215 350.0 5661.0 32.348571428571425 0.16828365630049524 0.06017191977077364 0.0008040003076850775 0.49715099715099714 0.03210164957137345 0.0019507142978524342
216 350.0 5661.0 32.348571428571425 0.16828365630049524 0.05444126074498567 0.00035796721021509256 0.4978601997146933 0.037137782829820304 0.0017578977092291145
217 350.0 5661.0 32.348571428571425 0.16828365630049524 0.0659025787965616 0.0011845835114784407 0.4901685393258427 0.029229308100165288 0.0021262953151647956
218 350.0 5661.0 32.348571428571425 0.16828365630049524 0.07449856733524356 0.0018095661758860994 0.48743016759776536 0.027834785378276657 0.002395585650104169
219 350.0 5661.0 32.348571428571425 0.16828365630049524 0.06876790830945559 0.0013732812761500254 0.49363507779349364 0.028114857507618777 0.002215181207043084
22 350.0 5661.0 32.348571428571425 0.16828365630049524 0.2636103151862464 0.014558279626295483 0.5759075907590759 0.13802511693492528 0.007551491179216074
220 350.0 5661.0 32.348571428571425 0.16828365630049524 0.06017191977077364 0.0007875184173545074 0.49715099715099714 0.03246482979209538 0.001948721151437001
221 350.0 5661.0 32.348571428571425 0.16828365630049524 0.07449856733524356 0.0014291639451234298 0.49644381223328593 0.03289259853592455 0.0023709944641976876
222 350.0 5661.0 32.348571428571425 0.16828365630049524 0.06017191977077364 0.0007479132525147241 0.4922425952045134 0.030517490143824696 0.0019461648046396462
223 350.0 5661.0 32.348571428571425 0.16828365630049524 0.06876790830945559 0.001276362040316928 0.49573863636363635 0.03028846719796659 0.0022153627925101385
224 350.0 5661.0 32.348571428571425 0.16828365630049524 0.07163323782234957 0.0012888970505813657 0.5021582733812949 0.03700773997137845 0.002281466522921491
225 350.0 5661.0 32.348571428571425 0.16828365630049524 0.05157593123209169 0.0005581706537209981 0.4887955182072829 0.024532088071726497 0.0017074644116903436
226 350.0 5661.0 32.348571428571425 0.16828365630049524 0.06017191977077364 0.0007031618944576872 0.4894810659186536 0.03254964336614668 0.0019452129042723198
227 350.0 5661.0 32.348571428571425 0.16828365630049524 0.05157593123209169 0.00047574782954646217 0.47035040431266845 0.02489811779132422 0.0017046295006416994
228 350.0 5661.0 32.348571428571425 0.16828365630049524 0.06303724928366762 0.0009966139265648185 0.48675034867503486 0.028088150765893587 0.0020462888506927028
229 350.0 5661.0 32.348571428571425 0.16828365630049524 0.06303724928366762 0.0009481335093975235 0.4894810659186536 0.02811684475407975 0.0020367795872288184
23 350.0 5661.0 32.348571428571425 0.16828365630049524 0.3151862464183381 0.026031135334359093 0.5935374149659864 0.1477512826015872 0.009062862104652337
230 350.0 5661.0 32.348571428571425 0.16828365630049524 0.05157593123209169 0.00039758749451500845 0.48337950138504154 0.026454490082884297 0.001701334932000907
231 350.0 5661.0 32.348571428571425 0.16828365630049524 0.05444126074498567 0.0005846801133074935 0.49363507779349364 0.029328454486475728 0.0017813052076305735
232 350.0 5661.0 32.348571428571425 0.16828365630049524 0.05730659025787965 0.0009024319332670267 0.49363507779349364 0.02733007358230322 0.001891008299396494
233 350.0 5661.0 32.348571428571425 0.16828365630049524 0.06017191977077364 0.0009285553362913259 0.4853963838664812 0.02454094486543023 0.0019681096044602887
234 350.0 5661.0 32.348571428571425 0.16828365630049524 0.06017191977077364 0.0007432184359338738 0.4840499306518724 0.028573154667859275 0.001955002620658612
235 350.0 5661.0 32.348571428571425 0.16828365630049524 0.05157593123209169 0.0003921234537255238 0.4887955182072829 0.028982854156450525 0.0016972156692471332
236 350.0 5661.0 32.348571428571425 0.16828365630049524 0.06303724928366762 0.0007779838027614647 0.49573863636363635 0.03372742541940621 0.0020239424758174323
237 350.0 5661.0 32.348571428571425 0.16828365630049524 0.06876790830945559 0.001371835810068768 0.4978601997146933 0.029193758637309587 0.0022245879662549806
238 350.0 5661.0 32.348571428571425 0.16828365630049524 0.05444126074498567 0.0006655456068093544 0.47289972899729 0.023753172619028227 0.001804931879589899
239 350.0 5661.0 32.348571428571425 0.16828365630049524 0.06303724928366762 0.0013261265473148013 0.4748299319727891 0.021745358364343603 0.0020703437231402427
24 350.0 5661.0 32.348571428571425 0.16828365630049524 0.25501432664756446 0.01504812675151162 0.5730706075533661 0.12849913680562852 0.0073483332667373434
240 350.0 5661.0 32.348571428571425 0.16828365630049524 0.05730659025787965 0.0005161309030904238 0.4915492957746479 0.03016461494522331 0.001856472611364337
241 350.0 5661.0 32.348571428571425 0.16828365630049524 0.06876790830945559 0.0012137385644615702 0.49928469241773965 0.0332114247284861 0.002207443648670736
242 350.0 5661.0 32.348571428571425 0.16828365630049524 0.05730659025787965 0.0007274664416142628 0.4847222222222222 0.026538308351245703 0.001872080677308197
243 350.0 5661.0 32.348571428571425 0.16828365630049524 0.05444126074498567 0.00036637805448843974 0.4978601997146933 0.03188215157367721 0.0017685067475160879
244 350.0 5661.0 32.348571428571425 0.16828365630049524 0.04871060171919771 0.0004026893206904141 0.4827109266943292 0.02849304455780438 0.0016180317811678867
245 350.0 5661.0 32.348571428571425 0.16828365630049524 0.04871060171919771 0.0004938934051687448 0.48005502063273725 0.02319106221759462 0.0016333016268992103
246 350.0 5661.0 32.348571428571425 0.16828365630049524 0.05157593123209169 0.00037482687843733365 0.4922425952045134 0.031405781047804844 0.0016898048812756948
247 350.0 5661.0 32.348571428571425 0.16828365630049524 0.05157593123209169 0.0003576463329145116 0.48337950138504154 0.03047545416718785 0.0016870891781533394
248 350.0 5661.0 32.348571428571425 0.16828365630049524 0.05730659025787965 0.0005438280526815492 0.49573863636363635 0.031535589465340616 0.0018595688663408918
249 350.0 5661.0 32.348571428571425 0.16828365630049524 0.06017191977077364 0.000847734691077324 0.4922425952045134 0.030274959036390825 0.0019624876779735356
25 350.0 5661.0 32.348571428571425 0.16828365630049524 0.20343839541547276 0.009997569489385382 0.5566188197767146 0.10356894125290017 0.005940390720711732
250 350.0 5661.0 32.348571428571425 0.16828365630049524 0.05730659025787965 0.0007891937276837028 0.4950354609929078 0.030646103577767807 0.0018751226760211899
251 350.0 5661.0 32.348571428571425 0.16828365630049524 0.06017191977077364 0.0006128886921718484 0.49644381223328593 0.03128787295509515 0.0019386960197991865
252 350.0 5661.0 32.348571428571425 0.16828365630049524 0.05444126074498567 0.0004760230941925091 0.49857142857142855 0.031924334410783003 0.0017742682726769785
253 350.0 5661.0 32.348571428571425 0.16828365630049524 0.05157593123209169 0.0004944264419776456 0.4780821917808219 0.024519626906964877 0.0017132678941323154
254 350.0 5661.0 32.348571428571425 0.16828365630049524 0.04871060171919771 0.00036556359502949964 0.48204419889502764 0.02566649470163349 0.001618407286582315
255 350.0 5661.0 32.348571428571425 0.16828365630049524 0.06303724928366762 0.0007219669589191496 0.5007173601147776 0.03424192684722509 0.0020180996296159893
256 350.0 5661.0 32.348571428571425 0.16828365630049524 0.05444126074498567 0.0005160614346408154 0.4881118881118881 0.028427142491617475 0.001782226814225426
257 350.0 5661.0 32.348571428571425 0.16828365630049524 0.05444126074498567 0.0007302202373083078 0.4774281805745554 0.02276977575552602 0.0018057339465337217
258 350.0 5661.0 32.348571428571425 0.16828365630049524 0.05730659025787965 0.0005739726130833586 0.4887955182072829 0.02724689316619288 0.0018651695461602692
259 350.0 5661.0 32.348571428571425 0.16828365630049524 0.0659025787965616 0.0010857269083619722 0.4978601997146933 0.033389589716664 0.0021211183557470112
26 350.0 5661.0 32.348571428571425 0.16828365630049524 0.23782234957020057 0.011702418342193226 0.567479674796748 0.1263893483760902 0.0068346322096962606
260 350.0 5661.0 32.348571428571425 0.16828365630049524 0.06017191977077364 0.0009849506381916224 0.4881118881118881 0.025241257797251504 0.0019726769858408526
261 350.0 5661.0 32.348571428571425 0.16828365630049524 0.04871060171919771 0.000512188296929536 0.47035040431266845 0.023939396263616748 0.0016342534284207449
262 350.0 5661.0 32.348571428571425 0.16828365630049524 0.05730659025787965 0.0005479953710885214 0.4929378531073446 0.03202419540821238 0.001854987491923711
263 350.0 5661.0 32.348571428571425 0.16828365630049524 0.04871060171919771 0.0004214170145211137 0.4741847826086957 0.02462673021620309 0.0016283433291063249
264 350.0 5661.0 32.348571428571425 0.16828365630049524 0.06017191977077364 0.0007752164727547076 0.4827109266943292 0.029665716064178903 0.0019549427847056666
265 350.0 5661.0 32.348571428571425 0.16828365630049524 0.05730659025787965 0.000870490626765366 0.4780821917808219 0.02582109816535878 0.0018915815721594485
266 350.0 5661.0 32.348571428571425 0.16828365630049524 0.0659025787965616 0.0013546227794840248 0.4853963838664812 0.0240418396579092 0.0021541751913578934
267 350.0 5661.0 32.348571428571425 0.16828365630049524 0.04871060171919771 0.00042704986151644015 0.4847222222222222 0.028206399618428708 0.0016163481840242018
268 350.0 5661.0 32.348571428571425 0.16828365630049524 0.05444126074498567 0.0007162854900048154 0.48675034867503486 0.025395603842060088 0.0018012895578102639
269 350.0 5661.0 32.348571428571425 0.16828365630049524 0.06017191977077364 0.0009094797782555049 0.48337950138504154 0.025682399483747412 0.0019687537073342074
27 350.0 5661.0 32.348571428571425 0.16828365630049524 0.2979942693409742 0.019996232423775146 0.5875420875420876 0.14936853484947712 0.008528568315154823
270 350.0 5661.0 32.348571428571425 0.16828365630049524 0.05730659025787965 0.0008976737823734761 0.4827109266943292 0.024638012622008897 0.001897586331930973
271 350.0 5661.0 32.348571428571425 0.16828365630049524 0.06303724928366762 0.001197628085691288 0.4881118881118881 0.02514503863106716 0.002057044255946732
272 350.0 5661.0 32.348571428571425 0.16828365630049524 0.05730659025787965 0.0008531724568124502 0.49573863636363635 0.028236611617418746 0.001879888678962178
273 350.0 5661.0 32.348571428571425 0.16828365630049524 0.05730659025787965 0.0006224400494422682 0.48675034867503486 0.027975733944418168 0.0018685400161514588
274 350.0 5661.0 32.348571428571425 0.16828365630049524 0.05730659025787965 0.0007048489015503132 0.4887955182072829 0.029315528285816843 0.0018756346896388833
275 350.0 5661.0 32.348571428571425 0.16828365630049524 0.05444126074498567 0.0007498670934385404 0.4793956043956044 0.0257854705614621 0.0018068011076115755
276 350.0 5661.0 32.348571428571425 0.16828365630049524 0.05157593123209169 0.0006155833843509204 0.48137931034482756 0.024487294191409072 0.001719308860073398
277 350.0 5661.0 32.348571428571425 0.16828365630049524 0.05730659025787965 0.000673395456367317 0.4887955182072829 0.02740210786395437 0.001875542720411749
278 350.0 5661.0 32.348571428571425 0.16828365630049524 0.05444126074498567 0.0006390173860795775 0.48204419889502764 0.026552324924625427 0.0017955282428221031
279 350.0 5661.0 32.348571428571425 0.16828365630049524 0.04871060171919771 0.0002909124668489457 0.4894810659186536 0.030369241332259413 0.0016093243704733212
28 350.0 5661.0 32.348571428571425 0.16828365630049524 0.27507163323782235 0.01712000284223393 0.579734219269103 0.13574583911166552 0.007897760166911941
280 350.0 5661.0 32.348571428571425 0.16828365630049524 0.06303724928366762 0.0014194582503510827 0.47035040431266845 0.021660284288838597 0.0020861747525695888
281 350.0 5661.0 32.348571428571425 0.16828365630049524 0.06017191977077364 0.0008459788780267519 0.49363507779349364 0.0303684499736979 0.0019575005736125984
282 350.0 5661.0 32.348571428571425 0.16828365630049524 0.05444126074498567 0.0007646760924440476 0.476775956284153 0.02289204069218515 0.0018083442893757
283 350.0 5661.0 32.348571428571425 0.16828365630049524 0.06017191977077364 0.0010399184375700986 0.4853963838664812 0.02639781976392992 0.001976569456713441
284 350.0 5661.0 32.348571428571425 0.16828365630049524 0.04871060171919771 0.0003491118863735195 0.4722598105548038 0.024821383292355285 0.0016197179899600563
285 350.0 5661.0 32.348571428571425 0.16828365630049524 0.05444126074498567 0.0006767060314378273 0.4774281805745554 0.024623377914069492 0.0017984936213205258
286 350.0 5661.0 32.348571428571425 0.16828365630049524 0.06303724928366762 0.0014592963668272852 0.476775956284153 0.022949664311811294 0.0020814727996164295
287 350.0 5661.0 32.348571428571425 0.16828365630049524 0.05444126074498567 0.0006619681090949378 0.48743016759776536 0.02795316657389667 0.0017952179564023744
288 350.0 5661.0 32.348571428571425 0.16828365630049524 0.05730659025787965 0.0008944229690622071 0.4787379972565158 0.022751051882647536 0.0018957085651581807
289 350.0 5661.0 32.348571428571425 0.16828365630049524 0.05157593123209169 0.0003658157993356506 0.4915492957746479 0.029639667134650688 0.0016924333461614904
29 350.0 5661.0 32.348571428571425 0.16828365630049524 0.2349570200573066 0.012181208015244915 0.5665584415584416 0.12056969581321157 0.006779835709982215
290 350.0 5661.0 32.348571428571425 0.16828365630049524 0.05444126074498567 0.0006090953407440802 0.4978601997146933 0.029433438167429875 0.0017863385741433353
291 350.0 5661.0 32.348571428571425 0.16828365630049524 0.04871060171919771 0.0003720258051307151 0.4741847826086957 0.022528744248338277 0.0016210225993600678
292 350.0 5661.0 32.348571428571425 0.16828365630049524 0.05730659025787965 0.0008581181750334174 0.4807162534435262 0.026438986665442483 0.0018878982590467166
293 350.0 5661.0 32.348571428571425 0.16828365630049524 0.05444126074498567 0.0006369960276890879 0.476775956284153 0.025741559206685093 0.001795288392347569
294 350.0 5661.0 32.348571428571425 0.16828365630049524 0.04871060171919771 0.0005281511542663766 0.48204419889502764 0.022262504590596373 0.001637353866769599
295 350.0 5661.0 32.348571428571425 0.16828365630049524 0.05730659025787965 0.0008547346241274171 0.4774281805745554 0.024698994644525078 0.0018866178446904764
296 350.0 5661.0 32.348571428571425 0.16828365630049524 0.05157593123209169 0.0005712776515814944 0.4887955182072829 0.027159584390942685 0.001714294165681136
297 350.0 5661.0 32.348571428571425 0.16828365630049524 0.04871060171919771 0.00044924476616107155 0.47035040431266845 0.021121787734946555 0.0016316037980174626
298 350.0 5661.0 32.348571428571425 0.16828365630049524 0.04871060171919771 0.0004779448401112509 0.4697173620457604 0.021137958779017137 0.0016328228552113535
299 350.0 5661.0 32.348571428571425 0.16828365630049524 0.05157593123209169 0.0004941692000908884 0.4881118881118881 0.026883291081345108 0.0017065496168399772
3 350.0 5661.0 32.348571428571425 0.16828365630049524 0.12893982808022922 0.005240644669020108 0.5328244274809161 0.056137007337555785 0.003925903621946508
30 350.0 5661.0 32.348571428571425 0.16828365630049524 0.20630372492836677 0.009969518077663055 0.5575079872204473 0.1052761045631901 0.005999195870383117
300 350.0 5661.0 32.348571428571425 0.16828365630049524 0.04871060171919771 0.0005314350011907667 0.4840499306518724 0.024373057152604877 0.0016350067602478218
301 350.0 5661.0 32.348571428571425 0.16828365630049524 0.05157593123209169 0.0005534717822194342 0.48337950138504154 0.028176494057287893 0.0017072696337707492
302 350.0 5661.0 32.348571428571425 0.16828365630049524 0.05157593123209169 0.0005283794645118726 0.4793956043956044 0.02503976024626659 0.0017075578975357547
303 350.0 5661.0 32.348571428571425 0.16828365630049524 0.05730659025787965 0.0006791904081840773 0.49363507779349364 0.029427507827024645 0.001870329803365451
304 350.0 5661.0 32.348571428571425 0.16828365630049524 0.05730659025787965 0.0006055522674445821 0.4978601997146933 0.0333521861636219 0.001860214605294569
305 350.0 5661.0 32.348571428571425 0.16828365630049524 0.05157593123209169 0.0004636710054681508 0.4774281805745554 0.02472380682266838 0.0017095997078604478
306 350.0 5661.0 32.348571428571425 0.16828365630049524 0.04871060171919771 0.0004902462327188939 0.4840499306518724 0.027234235017856864 0.0016338838144437675
307 350.0 5661.0 32.348571428571425 0.16828365630049524 0.05157593123209169 0.0007664304992699639 0.4735413839891452 0.021390015745973847 0.0017419810164305053
308 350.0 5661.0 32.348571428571425 0.16828365630049524 0.05157593123209169 0.0005652678304641534 0.4901685393258427 0.029192693641446905 0.0017119180544727809
309 350.0 5661.0 32.348571428571425 0.16828365630049524 0.04871060171919771 0.00046107123854175153 0.4647137150466045 0.020564901564175526 0.0016404615495322092
31 350.0 5661.0 32.348571428571425 0.16828365630049524 0.2492836676217765 0.014983705982368443 0.5711947626841244 0.12159360243717891 0.007200883491568918
310 350.0 5661.0 32.348571428571425 0.16828365630049524 0.05444126074498567 0.0005236977865026843 0.4929378531073446 0.032728077466877684 0.0017756116248685114
311 350.0 5661.0 32.348571428571425 0.16828365630049524 0.05157593123209169 0.000371843761785745 0.4901685393258427 0.03206320957467588 0.0016886000990427765
312 350.0 5661.0 32.348571428571425 0.16828365630049524 0.05157593123209169 0.0005708026862340925 0.48005502063273725 0.025907532571662003 0.0017131850015241075
313 350.0 5661.0 32.348571428571425 0.16828365630049524 0.05157593123209169 0.0007798988116288392 0.4722598105548038 0.020307520993791 0.0017384630061651996
314 350.0 5661.0 32.348571428571425 0.16828365630049524 0.04871060171919771 0.00043750823813229185 0.48137931034482756 0.026941893535985945 0.0016256898418440106
315 350.0 5661.0 32.348571428571425 0.16828365630049524 0.05444126074498567 0.0006974503952351059 0.4853963838664812 0.0258414775659784 0.0018078440039044662
316 350.0 5661.0 32.348571428571425 0.16828365630049524 0.05157593123209169 0.00038583617317156863 0.4978601997146933 0.03048262013917401 0.0016895100458266515
317 350.0 5661.0 32.348571428571425 0.16828365630049524 0.04871060171919771 0.00037540503677259337 0.4881118881118881 0.02694835758618425 0.0016174189751978548
318 350.0 5661.0 32.348571428571425 0.16828365630049524 0.05157593123209169 0.0005638499078644821 0.4787379972565158 0.024040298438096578 0.0017119324192021433
319 350.0 5661.0 32.348571428571425 0.16828365630049524 0.05730659025787965 0.0006333812979137602 0.49363507779349364 0.029592170916766573 0.0018705947401468144
32 350.0 5661.0 32.348571428571425 0.16828365630049524 0.1977077363896848 0.010242443646739504 0.5548489666136724 0.09444019932361562 0.005807136882600075
320 350.0 5661.0 32.348571428571425 0.16828365630049524 0.05444126074498567 0.0006823622520949272 0.48204419889502764 0.026404504301358864 0.001794467510273104
321 350.0 5661.0 32.348571428571425 0.16828365630049524 0.04871060171919771 0.00047367189017847444 0.4774281805745554 0.02615757924996668 0.0016235873270069032
322 350.0 5661.0 32.348571428571425 0.16828365630049524 0.05157593123209169 0.00044400749058325653 0.4881118881118881 0.028959366503366706 0.0016951840192983953
323 350.0 5661.0 32.348571428571425 0.16828365630049524 0.04871060171919771 0.0003451501934175548 0.4827109266943292 0.025825980206356066 0.001615499875007956
324 350.0 5661.0 32.348571428571425 0.16828365630049524 0.05157593123209169 0.0005898610709546638 0.4929378531073446 0.02758114081173222 0.0017092675745993202
325 350.0 5661.0 32.348571428571425 0.16828365630049524 0.04871060171919771 0.0004398126482454718 0.4748299319727891 0.023929810413333877 0.0016288821947478957
326 350.0 5661.0 32.348571428571425 0.16828365630049524 0.05157593123209169 0.0005159814171191114 0.49857142857142855 0.028339111829348135 0.0017086923015456003
327 350.0 5661.0 32.348571428571425 0.16828365630049524 0.04871060171919771 0.0004811042407235188 0.48005502063273725 0.025790849332920765 0.0016320275621264301
328 350.0 5661.0 32.348571428571425 0.16828365630049524 0.05157593123209169 0.0004674834918896496 0.4915492957746479 0.028294671281712324 0.001707408024843028
329 350.0 5661.0 32.348571428571425 0.16828365630049524 0.04871060171919771 0.0005899183613014567 0.4684563758389262 0.0193971613275171 0.0016569194542247268
33 350.0 5661.0 32.348571428571425 0.16828365630049524 0.14040114613180515 0.003632651961126341 0.5360983102918587 0.07779904627251061 0.004142046363750504
330 350.0 5661.0 32.348571428571425 0.16828365630049524 0.04871060171919771 0.0002615200710357052 0.4894810659186536 0.03016544744975404 0.0015985578895665374
331 350.0 5661.0 32.348571428571425 0.16828365630049524 0.05157593123209169 0.000558713926124212 0.48137931034482756 0.026502060997757877 0.001710412698840317
332 350.0 5661.0 32.348571428571425 0.16828365630049524 0.04871060171919771 0.000477597797430468 0.4697173620457604 0.02377806618981075 0.0016284064202549383
333 350.0 5661.0 32.348571428571425 0.16828365630049524 0.04871060171919771 0.00035240119259652257 0.4827109266943292 0.02765113670582743 0.0016105976392040316
334 350.0 5661.0 32.348571428571425 0.16828365630049524 0.04871060171919771 0.0005933275738856683 0.4709851551956815 0.02161040552548274 0.0016442802082435788
335 350.0 5661.0 32.348571428571425 0.16828365630049524 0.04871060171919771 0.0005483889682143646 0.47547683923705725 0.02343505262775194 0.0016365613350650863
336 350.0 5661.0 32.348571428571425 0.16828365630049524 0.05157593123209169 0.000598401831123832 0.4887955182072829 0.03011124822011779 0.0017146245021124537
337 350.0 5661.0 32.348571428571425 0.16828365630049524 0.05157593123209169 0.00046332564416384477 0.4853963838664812 0.026579910708243247 0.0017059828162162335
338 350.0 5661.0 32.348571428571425 0.16828365630049524 0.04871060171919771 0.0004151584006597195 0.4741847826086957 0.022591094704014013 0.001625981026441487
339 350.0 5661.0 32.348571428571425 0.16828365630049524 0.04871060171919771 0.00042764473537474545 0.48337950138504154 0.027154632724593022 0.0016248578038812625
34 350.0 5661.0 32.348571428571425 0.16828365630049524 0.15759312320916904 0.005948281073892838 0.5394126738794436 0.07986712824251667 0.004667359585231286
340 350.0 5661.0 32.348571428571425 0.16828365630049524 0.04871060171919771 0.0005477540855824083 0.47289972899729 0.020972518793060387 0.0016509025342440044
341 350.0 5661.0 32.348571428571425 0.16828365630049524 0.04871060171919771 0.000512573161145561 0.47289972899729 0.02386620755453023 0.001637780379934001
342 350.0 5661.0 32.348571428571425 0.16828365630049524 0.04871060171919771 0.0005030685400265218 0.4761255115961801 0.021886029833476782 0.0016374194755849499
343 350.0 5661.0 32.348571428571425 0.16828365630049524 0.04871060171919771 0.0003188659687481435 0.49363507779349364 0.029365403037168038 0.001610186291187788
344 350.0 5661.0 32.348571428571425 0.16828365630049524 0.04871060171919771 0.0005212581476872655 0.46657754010695185 0.02182785196374161 0.0016446814061713009
345 350.0 5661.0 32.348571428571425 0.16828365630049524 0.04871060171919771 0.0006444303101134749 0.4787379972565158 0.022666434018736012 0.0016484774547350365
346 350.0 5661.0 32.348571428571425 0.16828365630049524 0.04871060171919771 0.000697811704631293 0.4735413839891452 0.018594126528143774 0.001650430877594646
347 350.0 5661.0 32.348571428571425 0.16828365630049524 0.04871060171919771 0.00046609849353498693 0.47035040431266845 0.024225559755522468 0.0016322311294837157
348 350.0 5661.0 32.348571428571425 0.16828365630049524 0.04871060171919771 0.0006464797184154246 0.4735413839891452 0.01991878232344465 0.0016477575757222927
349 350.0 5661.0 32.348571428571425 0.16828365630049524 0.04871060171919771 0.000533719898886039 0.4787379972565158 0.023854073419985616 0.0016300012041965048
35 350.0 5661.0 32.348571428571425 0.16828365630049524 0.2320916905444126 0.013023046840654544 0.5656401944894651 0.10878560363730135 0.0067187199898019806
36 350.0 5661.0 32.348571428571425 0.16828365630049524 0.1977077363896848 0.008514302423629062 0.5548489666136724 0.10268655342647914 0.005745239498190207
37 350.0 5661.0 32.348571428571425 0.16828365630049524 0.15759312320916904 0.0053663966137122805 0.5427682737169518 0.088309700322903 0.0046269639569842605
38 350.0 5661.0 32.348571428571425 0.16828365630049524 0.21203438395415472 0.010061974191158387 0.5592948717948718 0.10357447072600588 0.006154262713902106
39 350.0 5661.0 32.348571428571425 0.16828365630049524 0.19197707736389685 0.008231455447623895 0.5530903328050714 0.09612697615899607 0.0055921162338019555
4 350.0 5661.0 32.348571428571425 0.16828365630049524 0.13753581661891118 0.003980759855396121 0.5336391437308868 0.07356263656386634 0.004086878517230834
40 350.0 5661.0 32.348571428571425 0.16828365630049524 0.17478510028653294 0.006772460163008369 0.5478806907378336 0.09361853532428539 0.005117625177404467
41 350.0 5661.0 32.348571428571425 0.16828365630049524 0.19197707736389685 0.007944355915275408 0.5530903328050714 0.09566053788786844 0.005590233333008475
42 350.0 5661.0 32.348571428571425 0.16828365630049524 0.1489971346704871 0.00531733501758368 0.5394126738794436 0.0775897006872476 0.004409917676624269
43 350.0 5661.0 32.348571428571425 0.16828365630049524 0.20057306590257878 0.01068020346319706 0.5557324840764332 0.09451165779216121 0.00588335666628086
44 350.0 5661.0 32.348571428571425 0.16828365630049524 0.17191977077363896 0.006922719400548352 0.5453125 0.08281946223911671 0.005056987791666467
45 350.0 5661.0 32.348571428571425 0.16828365630049524 0.14040114613180515 0.004248825653209641 0.5352760736196319 0.07763638371353143 0.00415573135786856
46 350.0 5661.0 32.348571428571425 0.16828365630049524 0.1977077363896848 0.009650190274077762 0.5548489666136724 0.09426049524747568 0.005783983053040762
47 350.0 5661.0 32.348571428571425 0.16828365630049524 0.1518624641833811 0.00506037511106133 0.5410852713178295 0.07683342050531695 0.0044900897311573595
48 350.0 5661.0 32.348571428571425 0.16828365630049524 0.18911174785100285 0.010271462094415705 0.5513428120063191 0.08310476820112246 0.005580948478819173
49 350.0 5661.0 32.348571428571425 0.16828365630049524 0.1489971346704871 0.005227503024428436 0.5394126738794436 0.0787792264192049 0.0044146451418064225
5 350.0 5661.0 32.348571428571425 0.16828365630049524 0.20057306590257878 0.009367506983276826 0.5557324840764332 0.10375713853646372 0.005836493615029233
50 350.0 5661.0 32.348571428571425 0.16828365630049524 0.15472779369627507 0.006066444673611547 0.5402476780185759 0.07295772433124716 0.004583952402923212
51 350.0 5661.0 32.348571428571425 0.16828365630049524 0.1318051575931232 0.004121116003439413 0.5344563552833078 0.06811834865065391 0.003927255534797668
52 350.0 5661.0 32.348571428571425 0.16828365630049524 0.12607449856733524 0.003588514462420905 0.5320121951219512 0.06621077980476782 0.003772811613164206
53 350.0 5661.0 32.348571428571425 0.16828365630049524 0.1174785100286533 0.003161421517519307 0.5287878787878788 0.06322704653957956 0.0035342968789002826
54 350.0 5661.0 32.348571428571425 0.16828365630049524 0.12034383954154727 0.0030019251281849443 0.5287878787878788 0.06065032741639146 0.003602846022907464
55 350.0 5661.0 32.348571428571425 0.16828365630049524 0.16905444126074498 0.007300103452874284 0.5453125 0.07850112766459073 0.004992062497244704
56 350.0 5661.0 32.348571428571425 0.16828365630049524 0.14040114613180515 0.004153333058043791 0.5360983102918587 0.07247556499913001 0.004157234309822594
57 350.0 5661.0 32.348571428571425 0.16828365630049524 0.12034383954154727 0.002854107332044634 0.5312024353120244 0.06386412605394011 0.0035989336881756557
58 350.0 5661.0 32.348571428571425 0.16828365630049524 0.12607449856733524 0.003006516442293742 0.5312024353120244 0.06843599378439573 0.003747386464357884
59 350.0 5661.0 32.348571428571425 0.16828365630049524 0.1489971346704871 0.005617052006481651 0.5377503852080123 0.07194046279453548 0.004428543489025561
6 350.0 5661.0 32.348571428571425 0.16828365630049524 0.18051575931232092 0.007662973239381918 0.5496062992125984 0.09649603204864564 0.005284409156991767
60 350.0 5661.0 32.348571428571425 0.16828365630049524 0.15472779369627507 0.005738968806583632 0.5419254658385093 0.0751885143040624 0.004577252669298213
61 350.0 5661.0 32.348571428571425 0.16828365630049524 0.12034383954154727 0.0034574669863678283 0.5295902883156297 0.06404750328886075 0.003621472715191902
62 350.0 5661.0 32.348571428571425 0.16828365630049524 0.15759312320916904 0.006749624501289343 0.5394126738794436 0.0683100807465262 0.00469548322935615
63 350.0 5661.0 32.348571428571425 0.16828365630049524 0.20057306590257878 0.010872074937038565 0.5557324840764332 0.08552913829988065 0.005895741575191576
64 350.0 5661.0 32.348571428571425 0.16828365630049524 0.10028653295128939 0.00199808489369852 0.5208955223880597 0.056431035568862614 0.0030372733148723947
65 350.0 5661.0 32.348571428571425 0.16828365630049524 0.13753581661891118 0.004690334694851467 0.5320121951219512 0.06663675377394195 0.004111919961095151
66 350.0 5661.0 32.348571428571425 0.16828365630049524 0.1461318051575931 0.0058277549541460244 0.5377503852080123 0.06365330952142928 0.004371107000042917
67 350.0 5661.0 32.348571428571425 0.16828365630049524 0.12034383954154727 0.003655498860664118 0.527190332326284 0.05612095445065873 0.0036460557412617816
68 350.0 5661.0 32.348571428571425 0.16828365630049524 0.10028653295128939 0.002261944383436368 0.5170370370370371 0.046164217036838345 0.003060657449559456
69 350.0 5661.0 32.348571428571425 0.16828365630049524 0.17478510028653294 0.009139989776626223 0.5470219435736677 0.07232273659623306 0.005189943678643678
7 350.0 5661.0 32.348571428571425 0.16828365630049524 0.22349570200573066 0.013342796286135458 0.5629032258064516 0.10715527791625394 0.0065179614143607316
70 350.0 5661.0 32.348571428571425 0.16828365630049524 0.1461318051575931 0.00478853208031454 0.5385802469135802 0.06795641162347658 0.00433779169593233
71 350.0 5661.0 32.348571428571425 0.16828365630049524 0.10888252148997134 0.003003175192512811 0.524024024024024 0.0571409757621043 0.003305828239305221
72 350.0 5661.0 32.348571428571425 0.16828365630049524 0.10028653295128939 0.001973016836913813 0.524024024024024 0.05564646306307295 0.003048109848513182
73 350.0 5661.0 32.348571428571425 0.16828365630049524 0.12893982808022922 0.004002936341342859 0.5303951367781155 0.06004202625040937 0.0038701441226962133
74 350.0 5661.0 32.348571428571425 0.16828365630049524 0.11174785100286533 0.002592747639086194 0.5256024096385542 0.058539045227244936 0.0033758876274248293
75 350.0 5661.0 32.348571428571425 0.16828365630049524 0.1174785100286533 0.0030126632121010807 0.5295902883156297 0.06095641157523513 0.0035325681312728925
76 350.0 5661.0 32.348571428571425 0.16828365630049524 0.12034383954154727 0.003822987389780815 0.5224550898203593 0.05136295852906066 0.0036616980675176864
77 350.0 5661.0 32.348571428571425 0.16828365630049524 0.14326647564469913 0.005019333185460159 0.5352760736196319 0.06254834164438673 0.004274261095525998
78 350.0 5661.0 32.348571428571425 0.16828365630049524 0.0830945558739255 0.0013552978133747806 0.513235294117647 0.049318856855411514 0.0025628019817332554
79 350.0 5661.0 32.348571428571425 0.16828365630049524 0.09169054441260745 0.0018222418192667417 0.5178041543026706 0.04979882937348232 0.002823226386776705
8 350.0 5661.0 32.348571428571425 0.16828365630049524 0.166189111747851 0.008629510990275317 0.5453125 0.07187831457006352 0.004971760088950596
80 350.0 5661.0 32.348571428571425 0.16828365630049524 0.13753581661891118 0.005307316285110422 0.5336391437308868 0.058944757801082964 0.004126774934451941
81 350.0 5661.0 32.348571428571425 0.16828365630049524 0.13753581661891118 0.005112369802503509 0.5336391437308868 0.05744258578128622 0.004135084540166695
82 350.0 5661.0 32.348571428571425 0.16828365630049524 0.10028653295128939 0.0023852768938453553 0.5193452380952381 0.04849795958122019 0.0030756088159757927
83 350.0 5661.0 32.348571428571425 0.16828365630049524 0.12893982808022922 0.004711196265914302 0.5287878787878788 0.05691645488320112 0.003898603457698829
84 350.0 5661.0 32.348571428571425 0.16828365630049524 0.1146131805157593 0.003321307631564802 0.5208955223880597 0.05130574117824378 0.0034776585749665898
85 350.0 5661.0 32.348571428571425 0.16828365630049524 0.10315186246418338 0.0026537323154574854 0.5193452380952381 0.04880776514066702 0.0031553261209213024
86 350.0 5661.0 32.348571428571425 0.16828365630049524 0.09169054441260745 0.0016531995595682543 0.5178041543026706 0.051426410915464085 0.00280094466340541
87 350.0 5661.0 32.348571428571425 0.16828365630049524 0.1318051575931232 0.004308166286164819 0.5320121951219512 0.05791572353475042 0.003969474741956501
88 350.0 5661.0 32.348571428571425 0.16828365630049524 0.09169054441260745 0.0017000163550997924 0.5178041543026706 0.048045453045009186 0.0028105927698397794
89 350.0 5661.0 32.348571428571425 0.16828365630049524 0.06876790830945559 0.0005056726640294861 0.5124816446402349 0.047251156398493865 0.00213560900140238
9 350.0 5661.0 32.348571428571425 0.16828365630049524 0.15472779369627507 0.005499287719731246 0.5410852713178295 0.0794727474789248 0.004577325354376377
90 350.0 5661.0 32.348571428571425 0.16828365630049524 0.0830945558739255 0.0013998814662044311 0.5155096011816839 0.045481111373293345 0.0025699590396081893
91 350.0 5661.0 32.348571428571425 0.16828365630049524 0.08022922636103151 0.0012498355690255967 0.513235294117647 0.04489461465028792 0.0024958358489775697
92 350.0 5661.0 32.348571428571425 0.16828365630049524 0.1318051575931232 0.004966983325438678 0.5303951367781155 0.05773829457928782 0.003988433357185199
93 350.0 5661.0 32.348571428571425 0.16828365630049524 0.09742120343839542 0.0020836840160044167 0.5170370370370371 0.04876146158967451 0.002981940842016584
94 350.0 5661.0 32.348571428571425 0.16828365630049524 0.07163323782234957 0.0007335824516597758 0.5057971014492754 0.04309257124911574 0.002237907283254798
95 350.0 5661.0 32.348571428571425 0.16828365630049524 0.08595988538681948 0.0014646372772660172 0.5102339181286549 0.04370597526919308 0.0026482432688938046
96 350.0 5661.0 32.348571428571425 0.16828365630049524 0.10601719197707736 0.0029595968944507007 0.5201192250372578 0.049127299993406245 0.00324767149810467
97 350.0 5661.0 32.348571428571425 0.16828365630049524 0.07449856733524356 0.0008844278254305854 0.5 0.038280713396747795 0.0023243975649217654
98 350.0 5661.0 32.348571428571425 0.16828365630049524 0.10028653295128939 0.0023063340076109446 0.5216741405082213 0.048039562271614385 0.0030694466180478663
99 350.0 5661.0 32.348571428571425 0.16828365630049524 0.10888252148997134 0.0030837757959997635 0.5232383808095952 0.05342128114298391 0.003322314439696464