0 50.0 750.0 30.0 0.6011679638048512 0.6122448979591836 0.007902536481887561 0.7205882352941176 0.14224564753763502 0.01998163092957613
1 50.0 750.0 30.0 0.6011679638048512 0.673469387755102 0.009592111915678068 0.7538461538461538 0.15478846256995604 0.02180204935544842
10 50.0 750.0 30.0 0.6011679638048512 0.6122448979591836 0.008908826833252037 0.7205882352941176 0.13819463453562505 0.020034587543037944
11 50.0 750.0 30.0 0.6011679638048512 0.673469387755102 0.0099332531081598 0.7538461538461538 0.1548552448381252 0.021804594277918473
12 50.0 750.0 30.0 0.6011679638048512 0.5714285714285714 0.007132004630699759 0.7 0.13168661081046074 0.018796453747985907
13 50.0 750.0 30.0 0.6011679638048512 0.6326530612244897 0.008506092573710754 0.7313432835820896 0.14495794760359795 0.020612366236460723
14 50.0 750.0 30.0 0.6011679638048512 0.5918367346938775 0.0067985728559935375 0.7101449275362319 0.13868935026130216 0.019367455193261395
15 50.0 750.0 30.0 0.6011679638048512 0.6122448979591836 0.008117199527044932 0.7205882352941176 0.14118841759627965 0.0199999491161487
16 50.0 750.0 30.0 0.6011679638048512 0.5714285714285714 0.006442953172353456 0.7 0.13358221822932378 0.018774894718101915
17 50.0 750.0 30.0 0.6011679638048512 0.7142857142857142 0.01051483876497206 0.7777777777777778 0.16451978669191078 0.0229981406452493
18 50.0 750.0 30.0 0.6011679638048512 0.6530612244897959 0.009348058332861633 0.7424242424242424 0.14882132817961827 0.02122155887602509
19 50.0 750.0 30.0 0.6011679638048512 0.5714285714285714 0.006847850656892582 0.7 0.1323281021100077 0.018788178489844733
2 50.0 750.0 30.0 0.6011679638048512 0.5510204081632653 0.006876966406500759 0.6901408450704225 0.1261792813673304 0.018208081435923285
20 50.0 750.0 30.0 0.6011679638048512 0.6122448979591836 0.0066621878086375215 0.7205882352941176 0.1443888111140217 0.019955568422266878
21 50.0 750.0 30.0 0.6011679638048512 0.673469387755102 0.00999064066928541 0.7538461538461538 0.15430609891227523 0.02180755751583942
22 50.0 750.0 30.0 0.6011679638048512 0.7142857142857142 0.011093610677745818 0.7777777777777778 0.16370109757088064 0.023010025750158678
23 50.0 750.0 30.0 0.6011679638048512 0.5714285714285714 0.007491352757181056 0.7 0.12929449840225046 0.018831118539991795
24 50.0 750.0 30.0 0.6011679638048512 0.7346938775510203 0.011477190983570766 0.7903225806451613 0.1691721807438947 0.023597713283937997
25 50.0 750.0 30.0 0.6011679638048512 0.5918367346938775 0.007637187707438348 0.7101449275362319 0.13591861674827968 0.019404902022158093
26 50.0 750.0 30.0 0.6011679638048512 0.6326530612244897 0.008709777566773453 0.7313432835820896 0.1452700273144825 0.020603747094509874
27 50.0 750.0 30.0 0.6011679638048512 0.5918367346938775 0.007623714866459789 0.7101449275362319 0.1354394156602509 0.019410406839509585
28 50.0 750.0 30.0 0.6011679638048512 0.6122448979591836 0.00797075750576115 0.7205882352941176 0.14084374223580304 0.020000633209573123
29 50.0 750.0 30.0 0.6011679638048512 0.5510204081632653 0.007102764777491135 0.6901408450704225 0.1253554708633365 0.0182186592219425
3 50.0 750.0 30.0 0.6011679638048512 0.6530612244897959 0.009396723760717929 0.7424242424242424 0.14907544789121846 0.021217959603024233
30 50.0 750.0 30.0 0.6011679638048512 0.5714285714285714 0.007566344971970265 0.7 0.13089284487187774 0.01880876865482711
31 50.0 750.0 30.0 0.6011679638048512 0.5918367346938775 0.007466212566915893 0.7101449275362319 0.1357275452160965 0.019405362380952643
32 50.0 750.0 30.0 0.6011679638048512 0.5510204081632653 0.006389775062842401 0.6901408450704225 0.12688178010192283 0.018197192757459235
33 50.0 750.0 30.0 0.6011679638048512 0.5714285714285714 0.007191713739015441 0.7 0.13073066702734779 0.018810494569410828
34 50.0 750.0 30.0 0.6011679638048512 0.6530612244897959 0.009144396802307221 0.7424242424242424 0.1505766136711688 0.0211984843118861
35 50.0 750.0 30.0 0.6011679638048512 0.5714285714285714 0.007421934958764907 0.7 0.12894602762001448 0.01882900412926125
36 50.0 750.0 30.0 0.6011679638048512 0.5918367346938775 0.007733250907460524 0.7101449275362319 0.13594009513701136 0.019405900819964506
37 50.0 750.0 30.0 0.6011679638048512 0.5714285714285714 0.00698048814943485 0.7 0.1320975193626607 0.018790897901270042
38 50.0 750.0 30.0 0.6011679638048512 0.5918367346938775 0.0066004499005176374 0.7101449275362319 0.1384993436791797 0.019370945547512397
39 50.0 750.0 30.0 0.6011679638048512 0.6530612244897959 0.008991448349762041 0.7424242424242424 0.1508009284618651 0.02119404216152269
4 50.0 750.0 30.0 0.6011679638048512 0.6122448979591836 0.00783219048444704 0.7205882352941176 0.1412806258545819 0.019998448390100777
40 50.0 750.0 30.0 0.6011679638048512 0.7142857142857142 0.01123479792332688 0.7777777777777778 0.1633283710445872 0.023013391981209885
41 50.0 750.0 30.0 0.6011679638048512 0.6122448979591836 0.007451131761117196 0.7205882352941176 0.14168174449057705 0.019991267645016284
42 50.0 750.0 30.0 0.6011679638048512 0.5102040816326531 0.005345097848770085 0.6712328767123288 0.11962167044381378 0.016972409030689955
43 50.0 750.0 30.0 0.6011679638048512 0.5918367346938775 0.007502607830435472 0.7101449275362319 0.13631299997480456 0.01940078746117295
44 50.0 750.0 30.0 0.6011679638048512 0.5714285714285714 0.007128939138709007 0.7 0.13248094642354222 0.018788824138480365
45 50.0 750.0 30.0 0.6011679638048512 0.5918367346938775 0.007475180501389552 0.7101449275362319 0.13616141583167965 0.019402183604778946
46 50.0 750.0 30.0 0.6011679638048512 0.6326530612244897 0.008754214687139631 0.7313432835820896 0.14528681472731889 0.02060731133793887
47 50.0 750.0 30.0 0.6011679638048512 0.5306122448979591 0.005360341041723435 0.6805555555555556 0.12396740560822309 0.017575403654542344
48 50.0 750.0 30.0 0.6011679638048512 0.5510204081632653 0.006829827183415129 0.6901408450704225 0.1259399309205661 0.018210696914811968
49 50.0 750.0 30.0 0.6011679638048512 0.6938775510204082 0.01020043626736104 0.765625 0.15938583092284456 0.022404291726178343
5 50.0 750.0 30.0 0.6011679638048512 0.5714285714285714 0.007232098185669545 0.7 0.13059124280620657 0.018811026393900386
6 50.0 750.0 30.0 0.6011679638048512 0.6530612244897959 0.008545043820204512 0.7424242424242424 0.15277151186974552 0.02116950826880229
7 50.0 750.0 30.0 0.6011679638048512 0.5918367346938775 0.0068642054924308105 0.7101449275362319 0.13847656761313676 0.019372826448490824
8 50.0 750.0 30.0 0.6011679638048512 0.6122448979591836 0.008232450267867697 0.7205882352941176 0.14123147844002346 0.019996735976899778
9 50.0 750.0 30.0 0.6011679638048512 0.673469387755102 0.010359812441782813 0.7538461538461538 0.15290988851082563 0.02182556172502384