0 0.5977011494252874
1 0.13793103448275862
10 0.10344827586206896
100 0.13793103448275862
101 0.09195402298850575
102 0.10344827586206896
103 0.06896551724137931
104 0.04597701149425287
105 0.06896551724137931
106 0.04597701149425287
107 0.05747126436781609
108 0.06896551724137931
109 0.06896551724137931
11 0.16091954022988506
110 0.06896551724137931
111 0.16091954022988506
112 0.10344827586206896
113 0.14942528735632185
114 0.011494252873563218
115 0.04597701149425287
116 0.09195402298850575
117 0.09195402298850575
118 0.08045977011494253
119 0.05747126436781609
12 0.06896551724137931
120 0.022988505747126436
121 0.08045977011494253
122 0.04597701149425287
123 0.08045977011494253
124 0.09195402298850575
125 0.05747126436781609
126 0.08045977011494253
127 0.08045977011494253
128 0.04597701149425287
129 0.08045977011494253
13 0.25287356321839083
130 0.08045977011494253
131 0.09195402298850575
132 0.05747126436781609
133 0.09195402298850575
134 0.06896551724137931
135 0.05747126436781609
136 0.06896551724137931
137 0.06896551724137931
138 0.06896551724137931
139 0.06896551724137931
14 0.4482758620689655
140 0.10344827586206896
141 0.10344827586206896
142 0.06896551724137931
143 0.05747126436781609
144 0.09195402298850575
145 0.06896551724137931
146 0.12643678160919541
147 0.022988505747126436
148 0.10344827586206896
149 0.034482758620689655
15 0.14942528735632185
150 0.06896551724137931
151 0.034482758620689655
152 0.05747126436781609
153 0.10344827586206896
154 0.05747126436781609
155 0.04597701149425287
156 0.11494252873563218
157 0.022988505747126436
158 0.05747126436781609
159 0.11494252873563218
16 0.05747126436781609
160 0.034482758620689655
161 0.05747126436781609
162 0.05747126436781609
163 0.09195402298850575
164 0.034482758620689655
165 0.08045977011494253
166 0.034482758620689655
167 0.05747126436781609
168 0.06896551724137931
169 0.034482758620689655
17 0.2413793103448276
170 0.09195402298850575
171 0.13793103448275862
172 0.13793103448275862
173 0.09195402298850575
174 0.04597701149425287
175 0.011494252873563218
176 0.05747126436781609
177 0.11494252873563218
178 0.022988505747126436
179 0.05747126436781609
18 0.09195402298850575
180 0.06896551724137931
181 0.13793103448275862
182 0.09195402298850575
183 0.05747126436781609
184 0.08045977011494253
185 0.06896551724137931
186 0.06896551724137931
187 0.034482758620689655
188 0.09195402298850575
189 0.04597701149425287
19 0.09195402298850575
190 0.05747126436781609
191 0.08045977011494253
192 0.14942528735632185
193 0.05747126436781609
194 0.04597701149425287
195 0.05747126436781609
196 0.10344827586206896
197 0.05747126436781609
198 0.04597701149425287
199 0.06896551724137931
2 0.12643678160919541
20 0.5057471264367817
200 0.06896551724137931
201 0.05747126436781609
202 0.04597701149425287
203 0.05747126436781609
204 0.022988505747126436
205 0.04597701149425287
206 0.05747126436781609
207 0.022988505747126436
208 0.06896551724137931
209 0.09195402298850575
21 0.39080459770114945
210 0.06896551724137931
211 0.06896551724137931
212 0.06896551724137931
213 0.011494252873563218
214 0.04597701149425287
215 0.022988505747126436
216 0.011494252873563218
217 0.13793103448275862
218 0.04597701149425287
219 0.08045977011494253
22 0.08045977011494253
220 0.034482758620689655
221 0.05747126436781609
222 0.04597701149425287
223 0.034482758620689655
224 0.05747126436781609
225 0.06896551724137931
226 0.05747126436781609
227 0.05747126436781609
228 0.05747126436781609
229 0.09195402298850575
23 0.21839080459770116
230 0.06896551724137931
231 0.022988505747126436
232 0.0
233 0.05747126436781609
234 0.05747126436781609
235 0.05747126436781609
236 0.04597701149425287
237 0.034482758620689655
238 0.08045977011494253
239 0.05747126436781609
24 0.26436781609195403
240 0.09195402298850575
241 0.04597701149425287
242 0.04597701149425287
243 0.06896551724137931
244 0.022988505747126436
245 0.10344827586206896
246 0.08045977011494253
247 0.08045977011494253
248 0.034482758620689655
249 0.04597701149425287
25 0.12643678160919541
250 0.04597701149425287
251 0.05747126436781609
252 0.022988505747126436
253 0.034482758620689655
254 0.05747126436781609
255 0.06896551724137931
256 0.05747126436781609
257 0.05747126436781609
258 0.04597701149425287
259 0.05747126436781609
26 0.06896551724137931
260 0.04597701149425287
261 0.05747126436781609
262 0.06896551724137931
263 0.034482758620689655
264 0.09195402298850575
265 0.04597701149425287
266 0.04597701149425287
267 0.08045977011494253
268 0.04597701149425287
269 0.05747126436781609
27 0.22988505747126436
270 0.09195402298850575
271 0.05747126436781609
272 0.04597701149425287
273 0.022988505747126436
274 0.06896551724137931
275 0.06896551724137931
276 0.04597701149425287
277 0.06896551724137931
278 0.05747126436781609
279 0.06896551724137931
28 0.20689655172413793
280 0.05747126436781609
281 0.04597701149425287
282 0.06896551724137931
283 0.034482758620689655
284 0.05747126436781609
285 0.034482758620689655
286 0.034482758620689655
287 0.05747126436781609
288 0.034482758620689655
289 0.05747126436781609
29 0.39080459770114945
290 0.06896551724137931
291 0.05747126436781609
292 0.06896551724137931
293 0.05747126436781609
294 0.05747126436781609
295 0.05747126436781609
296 0.04597701149425287
297 0.022988505747126436
298 0.06896551724137931
299 0.05747126436781609
3 0.21839080459770116
30 0.12643678160919541
300 0.034482758620689655
301 0.034482758620689655
302 0.04597701149425287
303 0.034482758620689655
304 0.034482758620689655
305 0.06896551724137931
306 0.05747126436781609
307 0.04597701149425287
308 0.04597701149425287
309 0.034482758620689655
31 0.12643678160919541
310 0.034482758620689655
311 0.05747126436781609
312 0.09195402298850575
313 0.05747126436781609
314 0.04597701149425287
315 0.05747126436781609
316 0.04597701149425287
317 0.04597701149425287
318 0.05747126436781609
319 0.034482758620689655
32 0.11494252873563218
320 0.05747126436781609
321 0.05747126436781609
322 0.05747126436781609
323 0.08045977011494253
324 0.04597701149425287
325 0.06896551724137931
326 0.06896551724137931
327 0.04597701149425287
328 0.0
329 0.05747126436781609
33 0.21839080459770116
330 0.011494252873563218
331 0.04597701149425287
332 0.06896551724137931
333 0.05747126436781609
334 0.011494252873563218
335 0.034482758620689655
336 0.04597701149425287
337 0.04597701149425287
338 0.06896551724137931
339 0.05747126436781609
34 0.06896551724137931
340 0.05747126436781609
341 0.034482758620689655
342 0.022988505747126436
343 0.06896551724137931
344 0.05747126436781609
345 0.04597701149425287
346 0.011494252873563218
347 0.022988505747126436
348 0.04597701149425287
349 0.04597701149425287
35 0.06896551724137931
350 0.05747126436781609
351 0.06896551724137931
352 0.022988505747126436
353 0.04597701149425287
354 0.04597701149425287
355 0.04597701149425287
356 0.022988505747126436
357 0.034482758620689655
358 0.011494252873563218
359 0.05747126436781609
36 0.1724137931034483
360 0.05747126436781609
361 0.04597701149425287
362 0.022988505747126436
363 0.034482758620689655
364 0.06896551724137931
365 0.05747126436781609
366 0.034482758620689655
367 0.034482758620689655
368 0.034482758620689655
369 0.034482758620689655
37 0.11494252873563218
370 0.04597701149425287
371 0.05747126436781609
372 0.05747126436781609
373 0.04597701149425287
374 0.05747126436781609
375 0.034482758620689655
376 0.05747126436781609
377 0.022988505747126436
378 0.022988505747126436
379 0.04597701149425287
38 0.10344827586206896
380 0.05747126436781609
381 0.04597701149425287
382 0.034482758620689655
383 0.05747126436781609
384 0.04597701149425287
385 0.04597701149425287
386 0.04597701149425287
387 0.034482758620689655
388 0.034482758620689655
389 0.04597701149425287
39 0.04597701149425287
390 0.05747126436781609
391 0.05747126436781609
392 0.022988505747126436
393 0.05747126436781609
394 0.05747126436781609
395 0.04597701149425287
396 0.034482758620689655
397 0.034482758620689655
398 0.05747126436781609
399 0.022988505747126436
4 0.11494252873563218
40 0.05747126436781609
41 0.3333333333333333
42 0.10344827586206896
43 0.04597701149425287
44 0.12643678160919541
45 0.1839080459770115
46 0.08045977011494253
47 0.09195402298850575
48 0.04597701149425287
49 0.08045977011494253
5 0.11494252873563218
50 0.12643678160919541
51 0.1839080459770115
52 0.034482758620689655
53 0.034482758620689655
54 0.06896551724137931
55 0.05747126436781609
56 0.08045977011494253
57 0.11494252873563218
58 0.1724137931034483
59 0.16091954022988506
6 0.12643678160919541
60 0.11494252873563218
61 0.2413793103448276
62 0.2413793103448276
63 0.11494252873563218
64 0.14942528735632185
65 0.09195402298850575
66 0.14942528735632185
67 0.022988505747126436
68 0.04597701149425287
69 0.06896551724137931
7 1.0
70 0.12643678160919541
71 0.10344827586206896
72 0.06896551724137931
73 0.06896551724137931
74 0.06896551724137931
75 0.12643678160919541
76 0.10344827586206896
77 0.10344827586206896
78 0.022988505747126436
79 0.04597701149425287
8 0.19540229885057472
80 0.04597701149425287
81 0.0
82 0.10344827586206896
83 0.10344827586206896
84 0.1724137931034483
85 0.05747126436781609
86 0.10344827586206896
87 0.05747126436781609
88 0.04597701149425287
89 0.08045977011494253
9 0.3793103448275862
90 0.11494252873563218
91 0.06896551724137931
92 0.09195402298850575
93 0.11494252873563218
94 0.10344827586206896
95 0.05747126436781609
96 0.09195402298850575
97 0.10344827586206896
98 0.16091954022988506
99 0.21839080459770116