0 1
0 3
0 4
0 96
0 5
0 95
0 8
0 92
0 9
0 10
0 89
0 12
0 13
0 14
0 15
0 29
0 62
0 76
0 61
0 65
0 72
0 57
0 17
0 69
0 19
0 83
0 90
1 97
1 96
1 7
1 95
1 8
1 10
1 11
1 91
1 12
1 13
1 89
1 87
1 16
1 86
1 25
1 56
1 27
1 74
1 3
1 54
1 20
1 98
1 81
1 80
1 51
1 24
1 62
1 92
1 90
1 72
2 5
2 6
2 97
2 9
2 10
2 11
2 16
2 17
2 87
2 27
2 56
2 48
2 32
2 64
2 74
2 30
2 23
2 24
2 37
2 33
2 80
2 55
2 57
2 96
2 3
2 66
2 8
3 4
3 5
3 99
3 98
3 9
3 97
3 96
3 11
3 94
3 13
3 93
3 14
3 91
3 17
3 89
3 18
3 24
3 79
3 67
3 66
3 73
3 39
3 33
3 61
3 64
3 27
3 42
3 20
3 76
4 6
4 7
4 9
4 99
4 10
4 98
4 97
4 95
4 94
4 15
4 92
4 91
4 18
4 19
4 89
4 29
4 75
4 21
4 53
4 40
4 50
4 62
4 22
4 39
4 96
4 47
4 54
4 37
4 68
4 71
4 25
5 6
5 9
5 10
5 98
5 13
5 15
5 16
5 94
5 93
5 90
5 21
5 34
5 23
5 7
5 89
5 42
5 12
5 48
5 35
5 99
5 52
5 46
5 27
6 9
6 12
6 99
6 98
6 96
6 17
6 95
6 18
6 94
6 20
6 91
6 74
6 39
6 51
6 83
6 37
6 49
6 45
6 40
6 24
6 56
6 64
6 90
6 10
7 14
7 15
7 98
7 17
7 19
7 94
7 21
7 93
7 84
7 87
7 43
7 86
7 36
7 23
7 40
7 77
7 29
7 31
7 81
7 39
7 53
7 66
7 72
8 12
8 14
8 15
8 17
8 99
8 98
8 19
8 20
8 21
8 95
8 93
8 39
8 26
8 89
8 79
8 84
8 57
8 50
8 86
8 67
8 62
8 69
8 59
8 25
8 42
8 91
9 11
9 15
9 20
9 98
9 97
9 22
9 96
9 95
9 24
9 94
9 54
9 89
9 32
9 69
9 80
9 38
9 93
9 13
9 35
9 91
9 85
9 75
9 52
9 57
9 16
9 60
9 37
9 17
9 18
9 30
9 40
10 14
10 15
10 17
10 99
10 98
10 97
10 24
10 25
10 95
10 62
10 73
10 74
10 42
10 34
10 92
10 45
10 55
10 82
10 41
10 68
10 16
10 66
10 64
10 54
10 59
11 13
11 14
11 17
11 21
11 23
11 99
11 24
11 98
11 97
11 41
11 29
11 73
11 45
11 46
11 74
11 65
11 34
11 36
11 71
11 37
11 31
11 61
11 20
11 91
12 15
12 17
12 19
12 22
12 25
12 26
12 98
12 44
12 53
12 91
12 28
12 92
12 70
12 41
12 68
12 73
12 40
12 50
12 71
12 67
13 15
13 16
13 17
13 19
13 21
13 27
13 99
13 28
13 98
13 82
13 29
13 42
13 88
13 67
13 56
13 97
13 71
13 90
13 59
13 60
13 74
14 15
14 17
14 18
14 19
14 21
14 27
14 28
14 29
14 60
14 71
14 48
14 46
14 41
14 57
14 63
14 45
14 77
14 49
14 31
14 97
14 68
15 17
15 18
15 19
15 20
15 21
15 23
15 27
15 28
15 50
15 35
15 75
15 37
15 60
15 89
15 96
15 61
15 47
15 67
15 85
15 63
15 58
15 69
16 17
16 18
16 20
16 24
16 25
16 28
16 29
16 31
16 98
16 75
16 45
16 54
16 99
16 19
16 94
16 35
16 37
16 23
16 69
16 26
17 18
17 19
17 20
17 27
17 28
17 32
17 91
17 44
17 84
17 36
17 87
17 99
17 69
17 49
17 38
17 67
17 55
17 90
17 52
17 65
17 48
17 34
18 20
18 21
18 22
18 23
18 24
18 25
18 26
18 27
18 28
18 29
18 30
18 31
18 44
18 69
18 71
18 65
18 40
18 32
18 82
18 62
19 20
19 23
19 25
19 27
19 30
19 32
19 33
19 34
19 40
19 72
19 35
19 41
19 64
19 91
19 53
19 44
19 84
19 83
19 99
19 37
19 78
19 88
19 46
20 23
20 25
20 28
20 32
20 33
20 68
20 97
20 50
20 80
20 48
20 92
20 74
20 42
20 90
20 79
20 67
20 55
20 98
20 37
20 40
20 43
20 87
20 88
20 96
21 26
21 28
21 29
21 30
21 33
21 34
21 35
21 36
21 63
21 40
21 99
21 51
21 47
21 85
21 90
21 94
21 75
22 23
22 24
22 27
22 29
22 31
22 33
22 34
22 36
22 37
22 56
22 39
22 67
22 98
22 71
22 61
22 79
23 25
23 32
23 34
23 37
23 87
23 51
23 81
23 90
23 26
23 79
23 53
23 77
23 72
23 57
23 63
23 41
23 45
23 33
23 67
23 95
23 38
23 47
24 27
24 28
24 30
24 36
24 38
24 39
24 95
24 64
24 47
24 62
24 40
24 90
24 49
24 80
24 42
24 78
24 87
24 56
24 61
24 51
24 79
25 27
25 28
25 30
25 34
25 35
25 37
25 87
25 67
25 48
25 52
25 72
25 88
25 29
25 69
25 59
25 54
25 83
25 92
25 99
26 28
26 29
26 31
26 34
26 35
26 36
26 37
26 38
26 41
26 66
26 53
26 78
26 80
26 85
26 77
26 87
26 62
26 30
27 33
27 34
27 36
27 37
27 39
27 40
27 41
27 48
27 28
27 68
27 97
27 29
27 47
27 65
27 96
27 72
27 78
27 93
27 38
27 80
27 88
28 30
28 32
28 35
28 37
28 38
28 40
28 42
28 43
28 62
28 59
28 69
28 89
28 88
28 77
28 64
28 95
28 68
28 72
28 44
28 85
29 31
29 34
29 41
29 43
29 82
29 32
29 33
29 93
29 47
29 55
29 36
29 84
29 90
29 74
29 87
29 70
30 31
30 33
30 35
30 36
30 39
30 40
30 41
30 42
30 43
30 45
30 84
30 62
30 46
30 56
30 93
30 32
30 51
31 32
31 33
31 34
31 37
31 40
31 41
31 43
31 45
31 95
31 94
31 87
31 35
31 92
31 74
31 69
31 72
31 68
31 62
31 96
31 90
31 84
31 82
32 33
32 36
32 37
32 38
32 43
32 44
32 45
32 47
32 71
32 98
32 54
32 69
32 63
32 59
32 40
32 89
32 49
33 34
33 35
33 36
33 37
33 41
33 44
33 46
33 47
33 48
33 52
33 63
33 68
33 73
33 80
33 74
34 35
34 36
34 38
34 42
34 43
34 44
34 45
34 47
34 48
34 60
34 93
34 79
34 50
34 97
34 71
34 76
34 98
34 39
34 78
34 57
34 64
34 96
34 55
35 37
35 38
35 46
35 47
35 57
35 64
35 36
35 98
35 97
35 54
35 78
35 86
35 56
36 37
36 38
36 40
36 41
36 42
36 43
36 44
36 46
36 47
36 49
36 50
36 51
36 98
36 75
36 82
36 96
36 52
36 63
37 38
37 40
37 41
37 45
37 46
37 49
37 51
37 88
37 82
37 73
38 39
38 40
38 42
38 43
38 44
38 46
38 48
38 70
38 63
38 99
38 67
38 77
38 47
38 90
38 80
39 42
39 43
39 44
39 45
39 46
39 47
39 51
39 52
39 54
39 62
39 75
39 68
39 95
39 77
39 60
39 97
39 67
39 66
39 96
39 49
40 42
40 43
40 46
40 47
40 50
40 53
40 54
40 83
40 87
40 62
40 92
40 84
40 96
40 86
40 52
41 42
41 45
41 46
41 48
41 49
41 51
41 54
41 56
41 82
41 90
41 80
41 73
41 60
41 71
41 75
41 64
41 97
42 49
42 51
42 52
42 53
42 55
42 57
42 95
42 82
42 44
42 76
42 79
42 85
42 86
42 60
42 83
42 63
42 62
43 44
43 45
43 46
43 49
43 52
43 56
43 57
43 58
43 82
43 90
43 95
43 64
43 62
43 83
43 99
43 60
43 48
43 59
43 74
44 45
44 48
44 50
44 51
44 53
44 54
44 57
44 58
44 84
44 75
44 89
44 63
44 46
44 76
44 91
44 64
45 46
45 47
45 48
45 50
45 52
45 54
45 56
45 57
45 60
45 94
45 97
45 71
45 79
45 67
45 49
45 68
45 91
45 83
45 72
46 48
46 49
46 50
46 51
46 53
46 54
46 55
46 58
46 60
46 63
46 73
46 97
46 88
46 99
46 91
46 52
46 59
47 49
47 51
47 52
47 53
47 54
47 55
47 56
47 58
47 60
47 69
47 66
47 85
47 86
47 91
47 63
47 80
47 67
47 79
47 70
48 49
48 51
48 54
48 55
48 61
48 62
48 63
48 53
48 90
48 69
48 76
48 70
48 97
48 68
49 50
49 52
49 54
49 60
49 62
49 64
49 68
49 93
49 96
49 99
49 73
49 74
49 55
49 75
49 79
49 71
49 57
49 69
50 52
50 54
50 57
50 59
50 63
50 65
50 96
50 98
50 80
50 81
50 51
50 67
50 89
50 91
50 60
50 61
50 69
51 53
51 56
51 57
51 58
51 59
51 62
51 66
51 68
51 82
51 71
51 93
51 97
51 88
51 55
52 54
52 55
52 56
52 59
52 60
52 62
52 66
52 95
52 78
52 91
52 70
52 53
52 76
53 55
53 58
53 60
53 62
53 65
53 66
53 67
53 68
53 71
53 76
53 81
53 82
53 88
53 61
53 59
53 64
54 55
54 56
54 59
54 62
54 63
54 64
54 66
54 67
54 68
54 70
54 96
54 65
54 75
55 56
55 57
55 59
55 60
55 61
55 62
55 64
55 67
55 68
55 69
55 91
55 81
55 76
55 92
55 84
56 57
56 58
56 60
56 64
56 65
56 68
56 69
56 70
56 84
56 77
56 76
56 94
56 82
56 99
56 91
56 88
56 85
57 59
57 65
57 66
57 68
57 69
57 70
57 71
57 72
57 58
57 73
57 77
57 89
57 99
58 61
58 64
58 65
58 66
58 67
58 70
58 71
58 72
58 73
58 89
58 90
58 74
58 60
58 93
58 82
58 92
59 60
59 61
59 65
59 66
59 68
59 71
59 80
59 91
59 96
60 62
60 63
60 66
60 68
60 69
60 71
60 73
60 75
60 78
60 61
60 64
60 91
60 79
60 76
60 95
60 72
61 62
61 64
61 65
61 66
61 67
61 69
61 74
61 75
61 76
61 79
61 94
61 68
61 93
61 86
62 64
62 67
62 68
62 73
62 76
62 81
62 87
62 71
62 69
62 84
62 72
63 65
63 66
63 67
63 71
63 77
63 92
63 97
63 83
63 91
63 70
63 64
63 87
63 68
63 75
63 94
64 65
64 68
64 69
64 70
64 73
64 76
64 99
64 92
64 71
64 95
64 84
64 81
64 85
65 66
65 67
65 68
65 69
65 71
65 75
65 78
65 79
65 80
65 82
66 67
66 70
66 71
66 72
66 73
66 75
66 78
66 79
66 80
66 81
66 84
66 93
66 83
66 85
66 86
66 74
67 68
67 69
67 71
67 72
67 77
67 78
67 80
67 81
67 82
67 86
67 90
68 69
68 71
68 73
68 74
68 75
68 81
68 83
68 90
68 95
68 86
69 70
69 72
69 74
69 75
69 76
69 78
69 79
69 82
69 84
69 91
69 85
69 89
70 74
70 77
70 78
70 81
70 82
70 83
70 85
70 89
70 94
70 98
70 92
70 76
71 72
71 75
71 82
71 85
71 88
71 95
71 94
71 92
71 98
72 74
72 75
72 76
72 77
72 78
72 79
72 81
72 85
72 86
72 94
72 95
73 75
73 76
73 77
73 78
73 79
73 81
73 82
73 83
73 84
73 85
73 86
73 87
73 88
74 78
74 80
74 82
74 83
74 84
74 89
74 97
74 94
75 77
75 78
75 79
75 80
75 84
75 88
75 89
75 99
75 95
75 93
76 83
76 85
76 86
76 87
76 90
76 78
76 84
77 78
77 79
77 82
77 85
77 86
77 89
77 90
77 91
77 92
77 95
77 87
78 80
78 81
78 83
78 84
78 87
78 89
78 91
78 93
78 94
78 98
79 80
79 82
79 83
79 88
79 90
79 91
79 96
79 99
80 81
80 82
80 83
80 86
80 87
80 88
80 89
80 90
80 92
80 93
80 95
80 97
81 83
81 85
81 86
81 87
81 90
81 91
81 92
81 93
81 95
81 96
82 84
82 86
82 88
82 89
82 90
82 93
82 94
82 95
82 97
82 87
83 85
83 86
83 88
83 90
83 93
83 95
83 98
83 84
83 87
84 91
84 93
84 85
84 87
84 97
85 86
85 88
85 89
85 90
85 93
85 95
85 96
85 97
85 92
85 91
86 87
86 88
86 90
86 91
86 93
86 94
86 99
87 89
87 90
87 91
87 92
87 93
87 94
87 95
87 96
88 90
88 92
88 93
88 94
88 96
88 98
88 99
89 92
89 95
89 97
89 99
89 93
89 90
90 92
90 93
90 97
90 98
90 99
91 94
91 95
91 97
91 99
91 92
92 93
92 95
92 94
93 96
93 95
93 97
94 96
94 98
94 95
95 97
96 97
96 99