0 1
0 2
0 3
0 4
0 5
0 6
0 7
0 8
0 9
0 10
0 11
0 13
0 16
0 17
0 19
0 20
0 21
0 22
0 23
0 25
0 27
0 30
0 35
0 39
0 41
0 49
0 51
0 52
0 55
0 56
0 57
0 58
0 67
0 70
0 77
0 80
0 81
0 86
0 93
0 95
0 97
0 102
0 106
0 107
0 110
0 123
0 127
0 130
0 132
0 136
0 145
0 157
0 158
0 168
0 176
0 178
0 179
0 189
0 204
0 209
0 221
0 225
0 226
0 227
0 228
0 229
0 234
0 256
0 258
0 272
0 275
0 288
0 302
0 308
0 316
0 326
0 351
0 356
0 359
0 366
0 369
0 370
0 373
0 393
0 395
0 418
0 436
0 446
0 448
0 449
0 454
0 457
0 462
0 467
0 473
0 497
0 516
0 519
0 526
0 529
0 531
0 560
0 574
0 588
0 589
0 607
0 630
0 644
0 658
0 666
0 679
1 8
1 9
1 10
1 12
1 13
1 14
1 16
1 17
1 28
1 31
1 34
1 36
1 43
1 46
1 47
1 49
1 61
1 65
1 67
1 68
1 71
1 74
1 79
1 82
1 83
1 98
1 99
1 104
1 119
1 122
1 131
1 141
1 144
1 149
1 151
1 154
1 162
1 164
1 175
1 187
1 188
1 194
1 196
1 199
1 200
1 206
1 245
1 246
1 262
1 265
1 269
1 273
1 281
1 283
1 285
1 294
1 295
1 302
1 306
1 311
1 317
1 337
1 341
1 349
1 357
1 369
1 384
1 395
1 402
1 420
1 436
1 441
1 453
1 455
1 458
1 489
1 499
1 500
1 504
1 511
1 516
1 525
1 531
1 568
1 581
1 585
1 606
1 624
1 671
1 678
1 691
2 8
2 9
2 10
2 11
2 13
2 14
2 15
2 17
2 18
2 19
2 25
2 28
2 31
2 40
2 44
2 45
2 48
2 54
2 55
2 61
2 63
2 67
2 68
2 70
2 74
2 78
2 80
2 86
2 90
2 93
2 109
2 111
2 119
2 129
2 130
2 150
2 156
2 158
2 163
2 171
2 177
2 180
2 208
2 288
2 292
2 293
2 301
2 306
2 308
2 315
2 324
2 358
2 378
2 391
2 432
2 444
2 459
2 482
2 484
2 505
2 516
2 518
2 541
2 548
2 578
2 591
2 593
2 634
2 644
2 656
2 659
3 12
3 32
3 44
3 59
3 144
3 154
3 334
3 459
3 515
3 555
3 577
4 8
4 9
4 10
4 11
4 12
4 15
4 17
4 22
4 23
4 24
4 26
4 28
4 29
4 30
4 32
4 34
4 35
4 37
4 38
4 40
4 41
4 47
4 48
4 50
4 51
4 54
4 56
4 59
4 60
4 61
4 62
4 64
4 75
4 84
4 97
4 104
4 108
4 109
4 115
4 117
4 121
4 131
4 138
4 147
4 157
4 160
4 162
4 165
4 181
4 182
4 185
4 189
4 191
4 197
4 203
4 214
4 215
4 222
4 227
4 231
4 246
4 252
4 284
4 286
4 307
4 309
4 313
4 314
4 315
4 318
4 335
4 348
4 376
4 381
4 400
4 404
4 424
4 435
4 443
4 468
4 480
4 498
4 503
4 507
4 521
4 522
4 547
4 548
4 553
4 600
4 605
4 611
4 632
4 634
4 643
4 655
4 661
4 666
5 8
5 21
5 169
5 320
5 373
5 555
5 600
6 8
6 9
6 10
6 14
6 18
6 19
6 20
6 22
6 23
6 25
6 26
6 27
6 29
6 32
6 38
6 39
6 40
6 49
6 53
6 56
6 58
6 59
6 61
6 63
6 69
6 75
6 80
6 82
6 92
6 102
6 104
6 111
6 118
6 132
6 142
6 169
6 182
6 188
6 192
6 205
6 207
6 214
6 216
6 218
6 219
6 238
6 245
6 246
6 247
6 248
6 256
6 262
6 280
6 285
6 287
6 303
6 313
6 318
6 340
6 344
6 350
6 361
6 371
6 385
6 401
6 407
6 412
6 426
6 434
6 435
6 456
6 461
6 517
6 520
6 540
6 560
6 573
6 602
6 634
6 659
6 668
6 674
6 697
7 8
7 9
7 10
7 11
7 13
7 15
7 16
7 18
7 21
7 24
7 25
7 30
7 31
7 32
7 33
7 59
7 71
7 77
7 80
7 98
7 108
7 125
7 126
7 129
7 139
7 154
7 173
7 179
7 198
7 209
7 212
7 216
7 236
7 245
7 248
7 257
7 273
7 284
7 289
7 301
7 320
7 329
7 412
7 426
7 532
7 534
7 541
7 587
7 598
7 624
7 648
7 662
7 684
8 9
8 10
8 11
8 12
8 15
8 17
8 18
8 23
8 27
8 32
8 33
8 36
8 37
8 43
8 52
8 53
8 59
8 60
8 67
8 79
8 80
8 81
8 82
8 83
8 87
8 92
8 98
8 102
8 107
8 114
8 117
8 120
8 124
8 128
8 139
8 150
8 151
8 157
8 159
8 165
8 169
8 176
8 180
8 187
8 200
8 202
8 211
8 213
8 218
8 223
8 224
8 227
8 235
8 242
8 243
8 246
8 249
8 264
8 277
8 287
8 317
8 328
8 339
8 340
8 352
8 357
8 375
8 380
8 386
8 422
8 427
8 438
8 445
8 457
8 473
8 487
8 494
8 507
8 511
8 541
8 543
8 546
8 548
8 556
8 564
8 596
8 619
8 628
8 632
8 636
8 637
8 647
8 676
8 697
9 11
9 12
9 13
9 14
9 15
9 16
9 19
9 20
9 24
9 27
9 28
9 30
9 33
9 34
9 35
9 36
9 39
9 41
9 42
9 46
9 50
9 54
9 69
9 72
9 74
9 76
9 83
9 85
9 91
9 96
9 101
9 103
9 106
9 108
9 115
9 118
9 125
9 130
9 138
9 139
9 142
9 152
9 153
9 166
9 170
9 180
9 184
9 186
9 189
9 205
9 213
9 220
9 221
9 225
9 226
9 230
9 233
9 237
9 255
9 270
9 271
9 272
9 275
9 282
9 295
9 297
9 300
9 305
9 334
9 342
9 346
9 362
9 369
9 382
9 392
9 394
9 397
9 410
9 418
9 429
9 436
9 473
9 474
9 494
9 495
9 501
9 515
9 518
9 537
9 562
9 567
9 592
9 622
9 625
9 626
9 640
9 658
9 663
9 686
10 11
10 12
10 13
10 14
10 17
10 18
10 19
10 20
10 22
10 23
10 26
10 29
10 34
10 36
10 38
10 41
10 50
10 52
10 65
10 66
10 73
10 79
10 81
10 84
10 85
10 87
10 88
10 91
10 100
10 101
10 107
10 108
10 109
10 111
10 117
10 125
10 126
10 130
10 145
10 146
10 153
10 154
10 160
10 161
10 180
10 183
10 184
10 195
10 196
10 208
10 213
10 218
10 224
10 232
10 236
10 247
10 248
10 254
10 272
10 274
10 291
10 314
10 317
10 326
10 339
10 341
10 389
10 396
10 419
10 425
10 453
10 454
10 466
10 478
10 491
10 525
10 533
10 572
10 579
10 584
10 595
10 613
10 614
10 619
10 628
10 634
10 652
10 659
10 666
11 12
11 13
11 16
11 18
11 38
11 47
11 49
11 55
11 57
11 60
11 63
11 67
11 70
11 87
11 90
11 98
11 114
11 116
11 121
11 125
11 128
11 148
11 149
11 152
11 161
11 162
11 170
11 199
11 202
11 203
11 215
11 235
11 268
11 292
11 299
11 318
11 343
11 367
11 368
11 386
11 396
11 399
11 450
11 452
11 482
11 544
11 580
11 590
11 594
11 599
11 643
11 673
11 699
12 14
12 16
12 19
12 20
12 21
12 22
12 24
12 25
12 28
12 29
12 36
12 41
12 42
12 43
12 45
12 46
12 47
12 51
12 53
12 56
12 58
12 59
12 62
12 65
12 81
12 94
12 95
12 96
12 103
12 109
12 114
12 122
12 126
12 129
12 136
12 137
12 154
12 194
12 196
12 216
12 219
12 236
12 244
12 251
12 254
12 258
12 268
12 270
12 290
12 295
12 298
12 304
12 305
12 345
12 352
12 354
12 362
12 365
12 366
12 375
12 405
12 416
12 419
12 421
12 422
12 425
12 454
12 469
12 471
12 488
12 498
12 503
12 506
12 522
12 554
12 568
12 574
12 578
12 593
12 621
12 623
12 626
12 664
12 675
12 682
12 686
12 695
12 698
13 14
13 15
13 16
13 20
13 23
13 26
13 27
13 29
13 30
13 35
13 36
13 37
13 39
13 42
13 68
13 77
13 83
13 91
13 95
13 99
13 105
13 116
13 122
13 132
13 135
13 153
13 166
13 167
13 171
13 182
13 185
13 186
13 188
13 196
13 197
13 203
13 215
13 227
13 239
13 252
13 265
13 268
13 299
13 300
13 308
13 322
13 324
13 326
13 333
13 353
13 360
13 372
13 447
13 468
13 481
13 489
13 528
13 542
13 551
13 555
13 562
13 580
13 606
13 617
13 641
14 15
14 21
14 23
14 24
14 25
14 26
14 31
14 32
14 38
14 39
14 42
14 44
14 46
14 51
14 52
14 57
14 66
14 69
14 73
14 75
14 76
14 78
14 90
14 101
14 103
14 104
14 112
14 123
14 124
14 145
14 147
14 150
14 156
14 170
14 171
14 184
14 187
14 215
14 217
14 219
14 223
14 226
14 233
14 236
14 246
14 253
14 256
14 278
14 282
14 290
14 298
14 316
14 326
14 348
14 350
14 353
14 354
14 408
14 422
14 465
14 470
14 476
14 537
14 556
14 563
14 567
14 594
14 617
14 621
14 623
14 645
14 651
14 654
14 662
14 674
14 683
15 19
15 24
15 31
15 35
15 44
15 57
15 69
15 71
15 74
15 84
15 85
15 91
15 102
15 112
15 201
15 204
15 254
15 260
15 269
15 270
15 331
15 357
15 371
15 383
15 387
15 402
15 408
15 415
15 432
15 438
15 475
15 587
15 603
15 650
16 17
16 18
16 22
16 24
16 26
16 27
16 29
16 30
16 34
16 36
16 37
16 40
16 43
16 55
16 63
16 71
16 75
16 79
16 86
16 87
16 90
16 95
16 98
16 99
16 119
16 148
16 155
16 187
16 218
16 233
16 250
16 251
16 252
16 255
16 266
16 289
16 294
16 370
16 390
16 405
16 416
16 474
16 476
16 503
16 514
16 528
16 611
16 637
16 641
16 679
16 695
17 20
17 21
17 31
17 42
17 43
17 48
17 51
17 53
17 58
17 63
17 66
17 68
17 72
17 78
17 80
17 101
17 105
17 119
17 123
17 134
17 135
17 150
17 166
17 190
17 199
17 207
17 223
17 238
17 278
17 306
17 321
17 351
17 370
17 371
17 377
17 403
17 437
17 466
17 480
17 530
17 547
17 590
17 609
17 616
17 619
17 661
17 663
17 675
17 691
18 22
18 32
18 33
18 34
18 46
18 50
18 52
18 62
18 73
18 76
18 82
18 84
18 88
18 94
18 98
18 105
18 128
18 129
18 161
18 167
18 172
18 179
18 181
18 195
18 209
18 220
18 239
18 248
18 274
18 301
18 307
18 309
18 326
18 337
18 345
18 393
18 408
18 409
18 420
18 436
18 465
18 519
18 547
18 549
18 568
18 572
18 602
18 628
18 652
18 677
18 681
18 685
19 25
19 27
19 48
19 65
19 69
19 70
19 84
19 92
19 117
19 134
19 141
19 173
19 209
19 217
19 232
19 240
19 280
19 287
19 311
19 352
19 368
19 379
19 419
19 432
19 450
19 475
19 525
19 557
19 611
19 674
20 21
20 26
20 37
20 46
20 53
20 54
20 66
20 68
20 85
20 90
20 92
20 96
20 121
20 123
20 129
20 132
20 133
20 145
20 150
20 156
20 164
20 177
20 194
20 215
20 220
20 228
20 229
20 234
20 235
20 280
20 286
20 310
20 327
20 397
20 414
20 426
20 427
20 433
20 512
20 527
20 687
20 692
20 696
21 30
21 35
21 78
21 101
21 103
21 140
21 146
21 149
21 157
21 171
21 179
21 187
21 195
21 206
21 233
21 242
21 244
21 272
21 309
21 341
21 416
21 466
21 599
21 603
21 629
21 638
21 684
22 34
22 47
22 50
22 97
22 106
22 137
22 147
22 198
22 210
22 253
22 262
22 304
22 322
22 329
22 389
22 408
22 439
22 543
22 547
22 598
22 632
22 650
22 681
22 693
22 698
23 42
23 46
23 57
23 62
23 69
23 87
23 90
23 93
23 100
23 106
23 113
23 142
23 143
23 149
23 162
23 196
23 205
23 217
23 222
23 257
23 258
23 273
23 278
23 294
23 300
23 323
23 325
23 360
23 388
23 475
23 481
23 487
23 492
23 505
23 524
23 556
23 626
23 642
23 684
24 33
24 72
24 126
24 159
24 221
24 275
24 284
24 307
24 311
24 354
24 568
25 29
25 33
25 48
25 139
25 246
25 264
25 407
25 497
25 551
25 605
25 648
25 676
25 694
26 28
26 59
26 62
26 78
26 106
26 166
26 199
26 269
26 296
26 345
26 374
26 413
26 489
26 492
26 497
26 563
26 656
27 28
27 37
27 38
27 39
27 44
27 45
27 47
27 54
27 56
27 60
27 65
27 128
27 133
27 159
27 201
27 225
27 258
27 304
27 311
27 362
27 364
27 398
27 405
27 416
27 418
27 469
27 545
27 570
27 620
27 660
28 38
28 40
28 56
28 122
28 124
28 137
28 146
28 148
28 149
28 178
28 197
28 229
28 260
28 323
28 400
28 403
28 407
28 454
28 565
28 667
29 31
29 43
29 44
29 48
29 62
29 76
29 89
29 94
29 131
29 139
29 152
29 156
29 160
29 224
29 258
29 279
29 322
29 339
29 364
29 373
29 379
29 393
29 428
29 441
29 457
29 468
29 523
29 575
29 605
29 623
29 655
30 63
30 77
30 124
30 170
30 177
30 181
30 228
30 239
30 253
30 325
30 375
30 395
30 406
30 430
30 439
30 453
30 470
30 490
30 511
30 610
30 666
30 676
31 33
31 42
31 47
31 53
31 55
31 66
31 91
31 117
31 119
31 124
31 135
31 143
31 155
31 164
31 174
31 183
31 209
31 219
31 233
31 235
31 236
31 237
31 238
31 240
31 244
31 249
31 262
31 279
31 295
31 306
31 321
31 338
31 347
31 403
31 419
31 425
31 430
31 439
31 460
31 463
31 475
31 526
31 572
31 589
31 601
31 625
31 636
31 644
31 656
31 683
31 696
32 35
32 37
32 41
32 45
32 51
32 58
32 81
32 82
32 107
32 120
32 150
32 152
32 168
32 171
32 188
32 192
32 200
32 207
32 230
32 317
32 321
32 381
32 391
32 414
32 417
32 430
32 431
32 484
32 590
32 605
32 649
32 685
33 40
33 43
33 58
33 72
33 88
33 101
33 119
33 138
33 188
33 189
33 204
33 211
33 232
33 249
33 252
33 256
33 386
33 423
33 428
33 505
33 508
33 512
33 514
33 540
33 617
33 675
33 677
34 45
34 76
34 105
34 148
34 178
34 181
34 243
34 280
34 282
34 316
34 348
34 353
34 358
34 404
34 429
34 453
34 497
34 538
34 688
34 694
35 39
35 49
35 87
35 91
35 100
35 110
35 113
35 116
35 120
35 132
35 135
35 145
35 167
35 168
35 186
35 201
35 224
35 229
35 240
35 288
35 296
35 363
35 365
35 368
35 388
35 435
35 455
35 474
35 550
35 674
36 40
36 41
36 52
36 104
36 116
36 147
36 163
36 267
36 285
36 297
36 399
36 551
36 627
36 645
36 698
37 45
37 49
37 52
37 53
37 64
37 72
37 81
37 85
37 86
37 97
37 108
37 120
37 140
37 151
37 168
37 169
37 173
37 178
37 191
37 193
37 210
37 214
37 242
37 288
37 345
37 346
37 349
37 373
37 378
37 383
37 496
37 513
37 520
37 537
37 539
37 569
37 629
37 632
37 657
37 681
37 688
38 45
38 54
38 71
38 82
38 88
38 118
38 123
38 134
38 150
38 190
38 214
38 266
38 374
38 382
38 457
38 465
38 472
38 473
39 50
39 60
39 61
39 70
39 79
39 83
39 88
39 89
39 90
39 95
39 96
39 98
39 155
39 158
39 192
39 273
39 317
39 330
39 342
39 349
39 393
39 399
39 400
39 415
39 424
39 456
39 462
39 491
39 531
39 629
39 647
40 44
40 68
40 72
40 85
40 86
40 110
40 111
40 167
40 206
40 217
40 231
40 342
40 344
40 378
40 413
40 427
40 458
40 472
40 513
40 547
40 567
40 652
41 50
41 94
41 111
41 130
41 184
41 226
41 237
41 238
41 262
41 275
41 287
41 352
41 423
41 454
41 487
41 518
41 521
41 597
41 664
41 672
41 678
41 691
42 96
42 99
42 105
42 106
42 109
42 116
42 118
42 122
42 125
42 138
42 147
42 151
42 278
42 299
42 301
42 366
42 423
42 465
42 534
42 560
42 620
42 635
43 54
43 60
43 75
43 121
43 157
43 182
43 183
43 184
43 242
43 255
43 388
43 390
43 391
43 400
43 574
43 636
44 48
44 56
44 60
44 69
44 115
44 139
44 151
44 167
44 169
44 173
44 215
44 275
44 295
44 304
44 310
44 324
44 344
44 369
44 387
44 408
44 414
44 470
44 545
44 590
44 681
44 689
44 692
45 55
45 68
45 73
45 100
45 125
45 127
45 163
45 185
45 218
45 225
45 228
45 241
45 243
45 312
45 355
45 361
45 482
45 491
45 542
46 57
46 86
46 99
46 102
46 123
46 134
46 162
46 197
46 233
46 261
46 274
46 332
46 357
46 363
46 382
46 385
46 456
46 504
46 583
46 601
46 608
46 614
47 89
47 95
47 109
47 157
47 203
47 226
47 249
47 271
47 290
47 335
47 446
47 482
47 487
47 511
47 524
47 676
48 49
48 79
48 87
48 96
48 112
48 134
48 142
48 143
48 152
48 165
48 170
48 207
48 214
48 220
48 260
48 298
48 356
48 471
48 481
48 519
48 521
48 586
48 596
48 637
48 669
48 695
49 62
49 66
49 78
49 84
49 92
49 116
49 121
49 131
49 148
49 169
49 172
49 173
49 179
49 192
49 208
49 210
49 214
49 239
49 241
49 259
49 261
49 303
49 321
49 373
49 382
49 401
49 417
49 440
49 496
49 529
49 545
49 609
49 613
49 649
49 679
49 690
50 51
50 55
50 58
50 64
50 110
50 113
50 184
50 196
50 206
50 213
50 224
50 268
50 281
50 301
50 346
50 348
50 355
50 359
50 380
50 405
50 413
50 463
50 508
50 563
50 585
50 587
50 605
50 627
50 628
51 63
51 65
51 66
51 73
51 144
51 178
51 179
51 183
51 194
51 244
51 267
51 352
51 445
51 484
51 507
52 73
52 113
52 119
52 133
52 144
52 156
52 182
52 195
52 204
52 284
52 289
52 301
52 309
52 340
52 377
52 410
52 421
52 453
52 538
52 570
52 613
52 623
52 644
53 70
53 77
53 107
53 176
53 294
53 352
53 389
53 405
53 411
53 434
53 477
53 490
53 510
53 534
53 599
53 655
53 662
53 687
54 61
54 64
54 76
54 109
54 126
54 140
54 160
54 203
54 250
54 359
54 363
54 379
54 401
54 404
54 438
54 513
54 524
54 622
54 679
54 690
54 695
55 57
55 89
55 102
55 115
55 155
55 172
55 173
55 193
55 247
55 350
55 461
55 545
56 61
56 67
56 92
56 113
56 132
56 133
56 136
56 147
56 172
56 178
56 199
56 205
56 212
56 245
56 283
56 293
56 318
56 356
56 358
56 362
56 371
56 400
56 463
56 490
56 499
56 553
56 611
56 667
57 64
57 65
57 67
57 80
57 101
57 115
57 156
57 158
57 245
57 294
57 296
57 327
57 344
57 347
57 349
57 381
57 451
57 489
57 619
57 631
57 654
57 684
58 64
58 74
58 86
58 133
58 172
58 197
58 212
58 222
58 226
58 280
58 306
58 314
58 335
58 337
58 365
58 368
58 384
58 416
58 465
58 476
58 574
59 73
59 83
59 117
59 198
59 335
59 394
59 408
59 589
60 64
60 82
60 88
60 118
60 136
60 166
60 174
60 220
60 386
60 412
60 426
60 481
60 485
60 501
60 532
60 556
60 564
61 107
61 134
61 180
61 185
61 263
61 285
61 322
61 365
61 383
61 398
61 419
61 420
61 450
61 457
61 508
61 580
61 582
61 628
61 659
61 693
62 75
62 85
62 97
62 114
62 135
62 138
62 141
62 146
62 286
62 315
62 358
62 361
62 363
62 382
62 459
62 463
62 598
62 600
62 663
62 677
62 695
63 97
63 99
63 103
63 106
63 113
63 141
63 171
63 207
63 247
63 293
63 354
63 448
63 458
63 578
63 636
63 660
63 683
63 699
64 70
64 71
64 72
64 127
64 131
64 143
64 162
64 186
64 203
64 315
64 354
64 371
64 385
64 436
64 446
64 464
64 604
65 81
65 83
65 93
65 105
65 115
65 218
65 270
65 280
65 306
65 372
65 397
65 437
65 460
65 478
65 554
65 558
65 602
65 604
65 607
66 74
66 93
66 123
66 177
66 193
66 297
66 311
66 393
66 502
66 549
66 553
66 640
66 684
67 75
67 105
67 131
67 133
67 137
67 145
67 193
67 212
67 221
67 237
67 252
67 259
67 265
67 290
67 299
67 322
67 324
67 364
67 394
67 422
67 450
67 500
67 573
67 604
67 661
68 414
69 71
69 77
69 94
69 96
69 125
69 136
69 202
69 216
69 243
69 259
69 265
69 325
69 327
69 387
69 437
69 472
69 504
69 552
69 554
70 76
70 159
70 171
70 178
70 199
70 232
70 239
70 363
70 379
70 452
70 483
70 492
70 499
70 517
70 521
70 535
70 565
70 574
70 598
70 618
70 627
71 77
71 79
71 175
71 176
71 228
71 283
71 291
71 351
71 403
71 456
71 595
72 74
72 78
72 102
72 111
72 216
72 255
72 285
72 320
72 331
72 376
72 430
72 453
72 613
73 89
73 95
73 137
73 141
73 219
73 266
73 339
73 346
73 468
73 544
73 596
74 129
74 157
74 165
74 206
74 209
74 229
74 253
74 275
74 337
74 366
74 472
74 562
74 595
75 84
75 88
75 108
75 153
75 185
75 186
75 452
75 555
75 594
75 664
75 689
76 93
76 122
76 128
76 130
76 144
76 152
76 175
76 190
76 210
76 217
76 219
76 228
76 263
76 299
76 314
76 335
76 347
76 379
76 417
76 434
76 471
76 488
76 511
76 549
76 564
76 577
76 581
76 599
76 612
76 622
76 696
76 699
77 99
77 124
77 142
77 162
77 163
77 200
77 243
77 285
77 343
77 383
77 423
77 430
77 474
77 500
77 525
77 538
77 601
77 646
77 650
78 92
78 100
78 131
78 146
78 155
78 265
78 293
78 294
78 310
78 334
78 361
78 404
78 424
78 465
78 586
78 646
78 668
78 689
79 93
79 120
79 198
79 321
79 331
79 333
79 463
79 635
79 636
79 667
80 100
80 138
80 270
80 282
80 338
80 404
80 532
80 540
80 669
80 697
81 89
81 94
81 100
81 120
81 127
81 152
81 179
81 224
81 226
81 231
81 274
81 292
81 300
81 372
81 376
81 381
81 470
81 534
81 550
81 566
81 629
81 696
82 97
82 117
82 128
82 192
82 262
82 276
82 292
82 346
82 363
82 390
82 416
82 530
82 546
82 671
83 112
83 159
83 175
83 188
83 222
83 297
83 309
83 319
83 346
83 367
83 448
83 466
83 483
83 506
84 89
84 110
84 114
84 143
84 195
84 278
84 299
84 328
84 354
84 372
84 374
84 375
84 387
84 392
84 396
84 502
84 508
84 532
84 569
84 575
84 638
84 678
84 691
84 692
85 111
85 223
85 241
85 263
85 274
85 289
85 553
85 640
85 695
86 121
86 142
86 148
86 156
86 167
86 168
86 177
86 256
86 261
86 275
86 311
86 325
86 342
86 349
86 388
86 400
86 406
86 423
86 424
86 469
86 525
86 616
87 91
87 94
87 175
87 185
87 396
87 447
87 475
87 626
88 104
88 126
88 136
88 161
88 191
88 210
88 234
88 284
88 296
88 412
88 420
88 467
88 479
88 494
88 559
88 641
88 672
88 691
89 129
89 289
89 372
89 418
89 509
89 647
90 104
90 130
90 138
90 153
90 193
90 216
90 255
90 256
90 319
90 331
90 379
90 386
90 504
90 566
90 675
91 154
91 160
91 164
91 174
91 194
91 329
91 331
91 436
91 438
91 550
91 565
91 573
91 651
91 678
92 112
92 122
92 175
92 200
92 332
92 380
92 485
92 659
93 114
93 155
93 165
93 213
93 345
93 464
93 484
93 504
93 505
93 514
93 619
93 683
94 140
94 141
94 149
94 153
94 188
94 223
94 262
94 320
94 415
94 440
94 477
94 478
94 483
94 493
94 502
94 693
95 103
95 166
95 208
95 257
95 261
95 264
95 274
95 333
95 357
95 384
95 394
95 398
95 421
95 422
95 423
95 509
95 579
95 671
95 673
95 698
96 113
96 160
96 198
96 245
96 260
96 322
96 392
96 462
96 651
97 159
97 220
97 251
97 297
97 373
97 433
97 485
97 533
97 536
98 110
98 202
98 347
98 395
98 571
99 329
99 390
99 443
99 457
99 611
99 631
100 103
100 107
100 114
100 118
100 164
100 189
100 318
100 368
100 412
100 480
100 494
100 501
100 545
100 571
100 649
101 120
101 127
101 187
101 191
101 205
101 207
101 250
101 252
101 276
101 282
101 323
101 346
101 429
101 445
101 539
101 578
101 583
101 694
102 140
102 174
102 210
102 223
102 254
102 507
102 526
102 548
102 559
102 592
102 603
102 688
102 699
103 127
103 167
103 219
103 222
103 273
103 276
103 297
103 434
103 437
103 461
103 586
103 597
104 247
104 320
104 338
105 110
105 116
105 137
105 144
105 257
105 385
105 420
105 436
105 441
105 463
105 506
105 584
105 585
105 594
106 108
106 112
106 143
106 149
106 161
106 164
106 215
106 229
106 238
106 303
106 319
106 433
106 476
106 486
106 534
106 558
107 126
107 136
107 146
107 292
107 323
107 332
107 429
107 442
107 592
107 624
108 151
108 176
108 244
108 307
108 312
108 334
108 349
108 355
108 389
108 419
108 485
108 577
108 693
108 698
109 235
109 242
109 333
109 361
109 417
110 112
110 139
110 190
110 303
110 326
110 390
110 500
110 509
110 510
110 591
110 651
111 174
111 192
111 211
111 241
111 248
111 249
111 258
111 264
111 269
111 347
111 350
111 406
111 413
111 430
111 441
111 601
111 626
112 118
112 158
112 186
112 201
112 327
112 502
112 549
112 554
112 603
112 642
112 649
112 653
112 660
112 665
113 115
113 132
113 148
113 161
113 164
113 174
113 265
113 287
113 293
113 331
113 467
113 526
113 587
113 648
114 144
114 330
115 146
115 272
115 289
115 360
115 377
115 381
115 383
115 434
115 458
115 476
115 497
115 568
115 593
115 607
115 639
115 667
116 121
116 317
116 335
116 455
116 598
116 653
116 657
116 692
117 135
117 140
117 153
117 161
117 267
117 324
117 444
117 557
117 622
117 637
117 679
118 133
118 181
118 654
118 682
119 143
119 159
119 206
119 276
119 290
119 333
119 505
119 559
119 595
120 124
120 160
120 172
120 176
120 687
121 128
121 176
121 242
121 301
121 316
121 502
121 531
121 561
121 564
121 580
121 623
122 140
122 163
122 170
122 180
122 201
122 248
122 289
122 291
122 355
122 402
122 432
122 477
122 482
122 483
122 512
122 519
123 127
123 163
123 182
123 187
123 196
123 255
123 334
123 431
123 673
124 250
124 298
124 327
124 467
124 520
124 527
124 557
124 560
124 688
125 134
125 189
125 212
125 235
125 257
125 266
125 267
125 296
125 313
125 317
125 371
125 447
125 515
125 522
125 524
125 606
126 209
126 361
126 464
126 668
127 151
127 180
127 181
127 183
127 204
127 233
127 259
127 343
127 350
127 375
127 389
127 402
127 510
127 527
127 561
127 618
127 633
128 191
128 197
128 260
128 271
128 277
128 302
128 315
128 328
128 406
128 411
128 495
128 517
128 544
128 564
128 577
128 610
128 630
128 648
128 664
129 142
129 147
129 166
129 168
129 211
129 216
129 240
129 269
129 271
129 307
129 337
129 340
129 378
129 390
129 399
129 467
129 481
129 630
129 653
129 657
129 687
130 145
130 193
130 204
130 246
130 266
130 332
130 340
130 517
130 593
130 611
131 163
131 183
131 185
131 194
131 207
131 218
131 234
131 286
131 406
131 411
131 467
131 603
131 671
131 697
132 158
132 195
132 249
132 471
132 571
132 576
132 602
132 613
133 135
133 165
133 212
133 230
133 263
133 291
133 561
133 606
133 618
134 137
134 271
134 278
134 308
134 358
134 411
134 440
134 481
134 492
134 572
134 596
134 661
135 282
135 290
135 310
135 428
135 498
135 547
135 607
136 141
136 186
136 325
136 468
136 477
136 492
136 558
136 663
137 320
137 356
137 513
137 581
137 654
137 680
138 237
138 276
138 278
138 294
138 339
138 380
138 474
138 666
139 199
139 314
139 360
139 439
139 478
139 485
139 529
139 534
139 536
139 575
139 676
140 353
140 433
141 154
141 194
141 202
141 225
141 227
141 248
141 276
141 292
141 326
141 382
141 383
141 425
141 447
141 542
141 677
142 177
142 223
142 234
142 259
142 336
142 343
142 382
142 440
142 487
142 526
142 571
142 613
142 615
142 639
142 652
143 155
143 158
143 222
143 229
143 264
143 308
143 342
143 351
143 472
143 600
144 257
144 304
144 378
144 492
144 566
144 662
144 677
145 202
145 231
145 394
145 561
146 172
146 221
146 237
146 267
146 329
146 343
146 362
146 433
146 525
146 551
146 553
146 569
146 615
146 680
147 214
147 327
147 385
147 390
147 456
147 458
147 503
147 587
147 659
148 204
148 562
149 221
149 391
149 446
149 455
149 585
149 590
149 610
149 657
150 177
150 213
150 220
150 260
150 316
150 338
150 359
150 402
150 422
150 494
150 686
151 312
151 353
151 364
151 591
151 680
151 687
152 277
152 418
152 563
152 571
152 679
153 168
153 279
153 293
153 401
153 667
154 169
154 170
154 173
154 190
154 273
154 327
154 401
154 443
154 464
154 536
154 552
154 617
154 623
154 624
154 670
155 165
155 208
155 240
155 367
155 489
155 519
155 561
156 195
156 282
156 288
156 305
156 332
156 592
156 644
157 183
157 596
158 208
158 251
158 300
158 366
158 377
158 486
158 593
159 200
159 211
159 240
159 250
159 397
159 448
159 466
159 504
159 633
159 646
160 230
160 245
160 251
160 290
160 405
160 600
160 610
161 198
161 247
161 312
161 539
161 685
162 182
162 365
162 373
162 442
162 444
162 493
162 535
162 575
162 611
163 174
163 341
163 410
163 521
163 599
163 656
164 203
164 241
164 283
164 352
164 417
164 437
164 443
164 450
164 452
164 479
164 514
164 529
164 540
164 629
165 239
165 257
165 273
165 391
165 438
165 455
165 491
165 509
165 589
165 604
166 181
166 367
166 635
167 231
167 280
167 424
167 428
167 444
167 498
167 653
168 190
168 259
168 295
168 325
168 349
168 533
168 569
168 620
168 632
169 258
169 546
170 175
170 191
170 208
170 287
170 354
170 426
171 191
171 263
171 268
171 286
171 297
171 336
171 366
171 388
171 467
171 480
171 612
171 635
171 638
171 674
172 192
172 202
172 231
172 250
172 253
172 272
172 355
172 368
172 425
172 463
172 526
172 545
173 253
173 264
173 281
173 305
173 341
173 351
173 527
173 614
173 618
174 237
174 359
174 371
174 404
174 543
174 694
175 200
175 300
175 313
176 254
176 267
176 330
176 341
176 360
176 468
176 494
176 569
176 631
176 635
177 184
177 271
177 296
177 298
177 365
177 369
177 459
177 472
177 579
178 230
178 359
178 378
178 389
178 475
178 552
179 197
179 291
179 308
179 370
179 411
179 428
179 430
179 515
179 564
179 615
179 619
179 692
179 693
180 198
181 201
181 384
181 468
182 221
182 268
182 362
182 450
182 601
182 633
182 646
183 189
183 193
183 234
183 276
183 309
183 345
183 355
183 488
183 505
183 517
184 508
184 536
184 659
184 690
185 217
185 299
185 313
185 376
185 460
185 518
185 530
185 576
185 582
185 670
186 205
186 228
186 259
186 333
186 376
186 431
186 437
186 561
186 565
186 597
186 662
187 190
187 283
187 339
187 392
187 457
187 670
188 225
188 261
188 277
188 296
188 355
188 403
188 582
188 670
189 503
189 631
189 668
190 201
190 277
190 311
190 489
190 513
190 547
191 236
191 254
191 415
191 425
191 477
191 484
191 529
191 545
191 567
191 677
192 217
192 235
192 298
192 567
192 581
192 684
193 240
193 253
193 286
193 377
193 415
193 448
193 550
193 686
194 244
194 399
194 462
194 660
194 672
195 211
195 212
195 227
195 239
195 321
195 344
195 456
195 462
195 486
195 582
196 242
196 312
196 391
197 243
197 249
197 251
197 291
197 304
197 330
197 342
197 343
197 401
197 415
197 418
197 440
197 520
198 213
198 414
199 206
199 293
199 478
199 479
199 598
199 600
200 334
200 565
200 640
201 211
201 230
201 247
201 395
201 396
201 478
201 488
201 537
202 279
202 488
202 493
202 559
203 205
203 264
203 378
204 210
204 369
204 392
204 431
204 486
204 516
204 532
204 649
205 281
205 445
205 537
205 578
205 597
205 599
205 620
206 231
206 414
206 429
206 538
206 541
207 261
207 384
207 387
207 490
207 643
208 270
208 279
208 454
208 590
208 607
209 222
209 330
209 449
209 479
209 513
210 554
211 338
211 602
211 621
211 675
212 266
212 407
212 499
212 588
213 224
213 285
213 398
213 434
213 495
213 543
213 579
213 586
213 665
213 688
214 388
214 449
214 663
215 244
215 553
215 655
216 263
216 266
216 310
216 356
216 362
216 426
216 658
217 279
217 281
217 331
217 459
218 225
218 336
218 418
218 449
218 456
218 520
218 532
218 625
219 234
219 323
219 344
219 391
220 238
220 305
220 589
221 321
221 336
221 375
222 281
222 312
222 409
222 450
223 314
223 484
224 230
224 232
224 241
224 284
224 356
224 398
224 411
224 415
224 417
224 421
224 432
224 466
224 479
224 533
224 552
224 569
224 575
224 647
224 685
225 232
225 269
225 333
225 407
225 569
225 580
226 227
227 251
227 291
227 530
227 674
228 236
228 270
228 277
228 452
228 556
228 650
229 271
229 302
229 319
229 387
229 548
229 608
230 232
230 328
230 369
231 306
231 310
231 452
231 482
231 528
231 557
231 559
232 287
232 366
232 393
232 483
232 563
232 578
232 601
232 609
233 272
233 481
234 238
234 315
234 539
234 550
234 556
235 286
235 302
235 536
235 635
235 673
236 303
236 379
236 404
236 645
236 689
237 304
237 340
237 423
237 572
238 338
238 350
238 412
238 521
238 524
239 241
239 260
239 302
239 407
239 514
239 524
239 625
239 676
240 243
240 309
240 376
240 524
240 651
241 255
241 265
241 318
241 340
241 360
242 412
242 461
243 279
243 308
243 328
243 435
243 443
243 470
243 541
243 635
244 250
244 377
245 252
245 261
245 295
245 361
245 536
245 671
246 284
246 313
246 336
246 462
246 573
247 263
247 336
247 530
248 254
248 305
248 385
248 500
248 582
248 609
248 694
249 384
249 449
249 533
249 654
250 256
250 495
250 550
250 572
251 318
251 347
251 410
251 606
252 527
252 542
252 640
252 668
253 269
253 315
253 325
253 350
253 458
253 477
253 540
253 541
253 582
254 515
254 549
254 589
254 592
254 596
254 656
254 660
256 281
256 302
256 410
256 420
256 443
256 570
256 598
256 608
257 267
257 298
257 364
257 388
257 405
257 550
257 645
258 628
260 277
260 300
260 380
260 411
260 435
260 546
260 680
261 288
261 307
261 363
261 650
262 351
262 620
262 682
263 319
263 410
263 460
263 479
263 601
263 665
263 669
264 268
264 292
264 432
264 447
264 686
264 692
265 406
265 435
265 443
265 627
265 646
265 655
265 678
265 690
265 697
266 316
266 495
266 597
267 274
267 341
267 491
267 664
267 672
268 399
268 495
268 511
268 646
269 288
269 322
269 324
269 332
269 653
270 367
270 413
270 600
270 632
270 660
271 330
271 357
271 364
271 409
271 490
271 503
271 510
271 523
271 608
272 314
272 409
272 416
272 507
273 500
274 283
274 312
274 328
274 441
274 458
274 486
274 551
274 567
274 615
274 618
274 671
275 303
275 439
275 544
275 581
275 699
276 493
276 498
276 552
276 571
276 627
276 682
276 697
277 283
277 323
277 332
277 403
277 438
277 446
277 482
277 506
277 539
277 543
278 472
278 530
278 682
279 510
281 316
281 319
281 397
281 451
281 460
281 473
281 485
281 509
281 568
281 690
282 307
282 319
282 650
283 496
283 535
284 305
284 351
284 376
284 584
284 636
284 672
285 320
285 575
286 323
286 330
286 343
286 381
286 397
286 406
286 483
286 493
286 498
286 647
286 673
288 310
289 329
289 358
289 446
289 449
289 591
290 337
290 370
290 393
290 407
291 348
291 573
292 344
292 348
293 329
293 422
293 438
293 469
293 570
293 648
293 682
293 694
294 303
294 424
294 428
294 445
294 461
294 579
294 657
294 690
295 542
295 675
296 334
296 370
297 356
297 375
297 433
297 440
297 471
297 543
297 623
298 353
298 442
298 604
299 342
299 616
299 633
300 328
300 338
300 496
300 518
300 523
300 679
301 374
301 576
301 587
301 641
303 347
303 414
303 473
303 616
304 409
304 466
304 495
305 377
305 570
305 676
305 677
306 384
306 442
306 563
307 374
307 403
307 629
307 638
307 662
308 622
308 698
309 313
309 428
309 552
310 435
310 607
310 640
311 488
311 493
311 527
311 580
311 583
311 616
311 686
312 440
313 364
313 368
313 402
313 505
313 512
313 666
314 339
314 345
314 427
314 507
314 516
315 461
315 558
316 386
316 489
317 401
317 617
318 336
318 540
318 602
318 690
319 447
320 530
321 324
321 427
321 442
321 519
321 608
321 641
322 561
322 613
325 506
325 522
326 497
326 502
326 609
326 642
327 353
327 359
327 444
327 633
328 365
328 370
328 387
329 506
329 560
329 583
329 608
329 612
329 641
329 671
330 475
330 544
330 596
330 663
331 442
331 471
331 577
332 348
332 455
332 461
332 610
332 664
333 335
333 396
333 402
334 525
335 380
335 395
335 510
336 337
336 512
337 488
337 568
338 357
338 400
338 541
338 649
339 381
339 431
339 442
339 621
339 626
340 451
340 477
340 486
340 612
341 395
341 441
341 538
341 687
342 531
342 546
342 669
343 360
343 661
344 394
344 409
344 559
344 588
345 367
345 519
346 441
346 471
347 410
347 421
347 491
347 634
347 674
347 680
348 358
348 413
348 496
348 511
348 637
349 552
350 380
350 585
351 473
351 551
351 656
352 625
353 574
354 372
354 392
354 546
354 584
354 620
355 683
356 693
357 385
357 386
357 431
357 446
357 455
357 575
358 372
358 485
358 655
358 694
359 419
359 426
359 469
359 518
359 630
360 678
361 367
362 616
363 459
364 374
364 431
364 451
364 504
364 522
364 523
365 470
365 516
365 565
365 591
367 420
367 432
367 449
367 483
367 544
369 389
369 508
369 641
370 374
370 639
370 684
371 424
371 429
371 612
371 644
372 510
372 605
373 383
373 394
373 460
373 490
373 535
373 685
374 516
375 392
375 409
375 459
375 523
375 602
376 665
378 619
378 688
380 399
380 639
381 447
381 527
381 639
382 408
382 693
383 509
383 528
383 581
383 591
384 614
384 675
386 543
386 586
386 631
386 643
387 536
387 639
388 470
388 625
388 638
390 397
390 425
390 655
390 688
391 413
391 514
391 542
391 614
392 570
393 398
393 417
393 437
393 462
393 554
393 625
393 686
393 687
394 396
394 398
394 479
394 496
394 531
394 557
394 562
394 573
395 445
396 427
396 578
397 531
398 474
399 448
399 469
399 517
399 670
400 480
400 579
401 502
401 539
402 515
403 498
403 566
404 521
404 636
405 460
405 480
405 652
406 638
406 689
407 560
407 585
408 439
408 501
408 506
408 535
408 544
408 560
409 594
410 421
410 451
410 606
411 469
412 439
412 666
412 668
413 429
413 451
413 476
413 493
413 582
413 622
414 631
415 421
415 464
416 453
417 444
417 452
417 513
417 548
417 682
418 465
418 518
418 593
419 433
419 451
420 537
420 565
421 494
421 507
421 647
421 683
422 464
422 487
422 665
423 448
424 427
424 490
424 500
424 503
424 533
424 574
424 594
426 517
426 528
427 444
427 604
428 609
428 667
428 669
429 434
429 474
429 555
429 576
429 592
432 508
432 650
433 512
433 522
433 638
434 528
436 445
436 497
436 605
436 680
437 567
437 642
438 587
439 454
439 533
439 534
439 551
439 640
439 646
440 496
441 556
441 570
441 644
441 661
443 599
444 576
444 654
445 464
445 501
445 618
447 577
448 499
448 603
448 632
449 487
449 577
449 630
450 515
450 526
450 588
452 591
452 604
453 557
453 615
454 595
455 520
455 566
456 610
456 624
457 542
457 597
458 523
458 649
459 594
459 610
459 639
460 476
460 672
461 617
462 478
462 480
462 538
462 558
462 629
463 657
465 491
465 699
468 499
470 492
470 499
470 501
474 509
474 522
474 645
475 557
476 484
477 539
477 540
478 628
478 642
478 670
479 538
480 586
481 501
481 637
481 699
482 486
482 583
482 627
483 520
483 669
484 532
484 698
485 512
485 595
485 652
487 514
489 615
491 583
491 588
492 529
493 609
496 564
496 579
496 615
496 672
496 685
497 523
497 566
498 620
499 658
501 670
502 549
502 653
503 537
504 603
504 648
506 553
506 554
506 573
507 558
508 576
510 614
512 529
512 555
513 665
514 562
514 581
514 660
515 555
515 608
516 535
516 665
517 528
518 585
518 643
518 658
519 549
522 546
522 548
523 617
525 697
526 595
527 566
528 535
530 584
530 586
530 621
532 622
534 584
536 562
537 588
537 643
538 633
538 642
538 663
538 664
539 584
539 648
540 583
540 662
543 590
545 563
545 621
546 571
549 558
549 618
552 597
552 681
555 559
556 592
557 651
559 589
559 653
563 572
564 626
565 593
567 576
567 654
570 614
571 580
573 645
576 624
577 657
579 692
580 607
580 667
581 658
582 652
582 668
584 691
585 606
587 588
587 630
589 612
589 673
590 681
592 643
594 612
594 616
597 624
598 678
599 681
600 673
600 696
601 634
601 647
601 658
604 680
605 683
605 691
608 627
614 633
614 656
618 621
618 631
618 696
624 637
626 645
627 630
628 634
630 669
631 642
635 685
643 689
647 651
648 695
653 661
680 689
684 696