0 72
0 93
0 112
0 116
0 134
0 169
0 175
0 179
0 185
0 261
0 396
0 468
0 515
0 532
0 605
0 616
0 717
0 742
0 752
1 42
1 168
1 264
1 286
1 320
1 383
1 469
1 477
1 623
1 644
1 653
1 672
1 716
1 743
1 784
2 54
2 88
2 111
2 132
2 161
2 225
2 318
2 321
2 358
2 378
2 438
2 483
2 527
2 554
2 580
2 590
2 598
2 629
2 741
2 755
3 22
3 36
3 137
3 291
3 294
3 324
3 325
3 329
3 346
3 357
3 523
3 570
3 606
3 724
4 54
4 82
4 159
4 163
4 223
4 371
4 438
4 459
4 677
4 699
4 702
5 9
5 21
5 133
5 177
5 189
5 258
5 267
5 359
5 374
5 419
5 499
5 520
5 555
5 581
5 724
6 27
6 52
6 72
6 144
6 215
6 332
6 362
6 387
6 420
6 470
6 527
6 571
6 626
6 700
6 728
6 779
6 798
7 10
7 27
7 41
7 65
7 89
7 90
7 145
7 184
7 269
7 273
7 295
7 370
7 390
7 410
7 447
7 472
7 548
7 553
7 564
7 577
7 596
7 606
7 612
7 645
7 651
7 717
7 742
7 747
8 99
8 203
8 230
8 266
8 288
8 304
8 331
8 367
8 374
8 437
8 464
8 517
8 533
8 536
8 676
8 716
9 41
9 149
9 212
9 233
9 274
9 343
9 412
9 423
9 424
9 498
9 623
9 647
9 684
9 750
10 19
10 92
10 98
10 140
10 314
10 375
10 413
10 418
10 467
10 532
10 616
10 633
10 640
10 662
10 730
10 731
11 42
11 174
11 287
11 394
11 448
11 540
11 606
11 611
11 618
11 656
11 677
11 678
11 728
11 774
12 20
12 130
12 155
12 188
12 264
12 289
12 322
12 344
12 406
12 460
12 508
12 534
12 567
12 593
12 614
12 720
12 740
12 761
12 794
13 60
13 150
13 160
13 211
13 239
13 355
13 358
13 359
13 380
13 448
13 501
13 526
13 554
13 755
14 26
14 77
14 105
14 140
14 193
14 261
14 285
14 297
14 371
14 422
14 441
14 457
14 510
14 523
14 542
14 685
14 688
14 727
15 83
15 84
15 87
15 156
15 167
15 258
15 373
15 420
15 465
15 476
15 519
15 574
16 38
16 161
16 242
16 257
16 281
16 312
16 327
16 346
16 353
16 393
16 436
16 483
16 505
16 512
16 603
16 717
16 763
16 765
16 779
17 29
17 150
17 267
17 342
17 345
17 352
17 496
17 582
17 605
17 608
17 609
17 640
17 641
17 647
17 660
17 706
17 740
17 741
17 779
18 92
18 108
18 155
18 165
18 177
18 256
18 272
18 300
18 350
18 363
18 433
18 492
18 521
18 585
18 695
18 697
19 46
19 54
19 69
19 86
19 193
19 243
19 274
19 354
19 400
19 454
19 525
19 563
19 617
19 623
19 643
19 661
19 669
19 679
19 682
19 701
19 756
19 767
19 780
20 71
20 75
20 107
20 127
20 145
20 147
20 199
20 231
20 248
20 306
20 330
20 394
20 396
20 420
20 434
20 600
20 628
20 647
20 715
20 718
20 731
20 755
20 761
21 81
21 235
21 262
21 282
21 327
21 359
21 432
21 493
21 512
21 585
21 602
21 643
21 724
21 779
22 152
22 229
22 236
22 297
22 428
22 466
22 621
22 660
22 672
22 720
22 737
22 738
23 122
23 168
23 298
23 417
23 486
23 546
23 555
23 603
23 700
23 712
23 722
24 116
24 205
24 235
24 310
24 380
24 426
24 493
24 593
24 595
24 597
24 625
24 642
24 766
25 40
25 81
25 85
25 144
25 154
25 179
25 214
25 291
25 294
25 310
25 317
25 397
25 515
25 558
25 597
25 673
25 676
25 714
25 715
25 775
25 798
26 52
26 176
26 292
26 293
26 357
26 429
26 526
26 558
26 599
26 651
26 661
26 727
26 737
26 772
27 33
27 104
27 127
27 219
27 235
27 324
27 364
27 450
27 457
27 492
27 521
27 575
27 690
27 713
27 742
27 785
28 190
28 193
28 307
28 371
28 435
28 463
28 507
28 528
28 531
28 558
28 640
28 718
28 730
28 781
29 136
29 161
29 181
29 258
29 269
29 274
29 358
29 367
29 392
29 437
29 447
29 579
29 602
29 615
29 656
29 681
29 756
29 790
29 794
29 796
30 98
30 128
30 146
30 171
30 207
30 318
30 424
30 450
30 485
30 543
30 565
30 594
30 616
30 724
30 798
31 33
31 121
31 125
31 131
31 148
31 151
31 188
31 215
31 396
31 411
31 420
31 447
31 458
31 461
31 561
31 597
31 609
31 632
31 638
31 645
31 663
31 697
31 759
31 773
32 48
32 60
32 86
32 144
32 228
32 320
32 329
32 344
32 385
32 446
32 492
32 540
33 217
33 249
33 260
33 309
33 318
33 360
33 586
33 628
33 635
33 720
33 726
33 738
33 761
33 769
34 62
34 175
34 184
34 353
34 387
34 436
34 458
34 609
34 640
34 702
34 757
35 119
35 318
35 347
35 366
35 499
35 526
35 544
35 583
35 693
35 706
36 62
36 64
36 70
36 196
36 277
36 330
36 360
36 381
36 401
36 413
36 439
36 458
36 506
36 612
36 621
36 791
37 94
37 196
37 248
37 258
37 264
37 319
37 320
37 426
37 443
37 448
37 491
37 502
37 528
37 645
37 695
37 753
37 765
37 769
37 782
37 796
38 78
38 252
38 269
38 341
38 375
38 380
38 401
38 405
38 512
38 558
38 597
38 651
38 703
38 726
38 760
38 783
39 107
39 131
39 175
39 279
39 288
39 342
39 345
39 443
39 550
39 587
39 599
39 602
39 629
39 651
39 692
40 177
40 259
40 309
40 342
40 349
40 423
40 472
40 486
40 591
40 690
40 791
41 108
41 119
41 159
41 161
41 181
41 214
41 286
41 295
41 305
41 320
41 515
41 516
41 567
41 570
41 605
41 698
41 721
41 734
41 773
41 789
42 54
42 80
42 149
42 335
42 348
42 357
42 370
42 375
42 392
42 403
42 404
42 430
42 432
42 457
42 494
42 507
42 563
42 588
42 605
42 707
42 713
42 719
42 730
42 767
42 769
43 139
43 238
43 244
43 284
43 365
43 382
43 415
43 505
43 542
43 619
43 647
43 698
43 702
43 734
43 744
43 773
43 789
44 59
44 70
44 79
44 218
44 254
44 485
44 572
44 578
44 612
44 641
44 664
44 690
44 704
44 771
45 56
45 206
45 213
45 216
45 227
45 239
45 258
45 358
45 378
45 387
45 394
45 455
45 543
45 711
46 68
46 142
46 157
46 244
46 255
46 338
46 353
46 366
46 375
46 414
46 445
46 453
46 464
46 485
46 486
46 491
46 502
46 517
46 566
46 685
46 701
46 746
46 780
47 48
47 54
47 140
47 158
47 176
47 177
47 234
47 263
47 283
47 323
47 410
47 451
47 460
47 479
47 506
47 744
47 754
48 94
48 95
48 115
48 172
48 251
48 276
48 312
48 338
48 395
48 401
48 419
48 431
48 485
48 499
48 560
48 568
48 588
48 661
48 665
48 696
48 704
48 727
48 740
48 746
48 758
48 759
48 763
49 65
49 149
49 218
49 274
49 299
49 319
49 387
49 420
49 505
49 508
49 519
49 526
49 579
49 621
49 647
49 679
49 719
49 782
50 104
50 139
50 196
50 219
50 233
50 261
50 301
50 318
50 373
50 402
50 428
50 448
50 533
50 608
50 727
50 758
50 773
50 779
51 173
51 196
51 263
51 319
51 411
51 432
51 455
51 478
51 686
51 757
52 87
52 101
52 143
52 145
52 217
52 227
52 290
52 302
52 378
52 463
52 583
52 625
52 648
52 722
52 732
53 86
53 96
53 103
53 104
53 105
53 192
53 270
53 398
53 462
53 488
53 535
53 537
53 643
53 661
53 744
54 62
54 97
54 104
54 242
54 313
54 367
54 407
54 451
54 706
55 75
55 77
55 138
55 147
55 148
55 205
55 229
55 251
55 262
55 385
55 506
55 561
55 623
55 643
55 645
55 695
55 744
55 761
56 66
56 76
56 104
56 140
56 252
56 340
56 386
56 560
56 642
56 703
56 715
56 720
56 777
57 89
57 121
57 253
57 262
57 273
57 289
57 300
57 302
57 309
57 372
57 488
57 686
57 738
57 758
57 779
58 400
58 420
58 491
58 493
58 550
58 581
58 622
58 743
59 83
59 103
59 125
59 178
59 204
59 250
59 336
59 341
59 343
59 347
59 415
59 416
59 542
59 549
59 606
59 633
59 652
59 672
59 713
59 725
59 750
60 79
60 131
60 162
60 201
60 216
60 239
60 366
60 429
60 468
60 508
60 515
60 523
60 578
60 665
60 736
60 741
60 795
61 64
61 149
61 212
61 313
61 393
61 500
61 502
61 526
61 564
61 569
61 635
61 751
62 123
62 189
62 208
62 329
62 366
62 393
62 423
62 434
62 465
62 487
62 510
62 615
62 621
62 694
63 175
63 261
63 266
63 394
63 554
63 744
64 76
64 109
64 111
64 203
64 269
64 270
64 363
64 426
64 465
64 686
64 753
65 103
65 115
65 186
65 223
65 247
65 253
65 337
65 534
65 556
65 573
65 577
65 607
65 618
65 631
65 665
65 677
65 710
65 757
65 785
66 108
66 184
66 222
66 261
66 270
66 315
66 382
66 395
66 457
66 522
66 574
66 681
66 685
66 741
66 747
67 102
67 115
67 120
67 223
67 264
67 319
67 355
67 400
67 415
67 450
67 463
67 508
67 524
67 536
67 679
67 791
68 152
68 176
68 178
68 201
68 226
68 324
68 344
68 348
68 436
68 465
68 466
68 566
68 695
68 714
68 734
68 748
68 782
69 186
69 193
69 284
69 317
69 322
69 397
69 500
69 608
69 664
69 672
69 763
69 766
70 140
70 150
70 177
70 183
70 414
70 451
70 529
70 600
70 732
71 88
71 160
71 179
71 218
71 243
71 492
71 520
71 542
71 585
71 699
71 778
72 133
72 274
72 299
72 336
72 353
72 483
72 507
72 534
72 538
72 573
72 750
72 753
72 757
72 792
73 111
73 124
73 127
73 148
73 310
73 313
73 368
73 387
73 485
73 519
73 555
73 571
73 602
73 751
74 101
74 178
74 188
74 238
74 279
74 338
74 351
74 399
74 420
74 505
74 646
74 667
74 713
74 764
75 86
75 101
75 188
75 226
75 306
75 343
75 346
75 442
75 467
75 476
75 497
75 516
75 526
75 589
75 598
75 644
76 160
76 263
76 292
76 324
76 330
76 333
76 335
76 419
76 449
76 478
76 499
76 504
76 550
76 596
76 637
76 749
77 143
77 173
77 279
77 374
77 474
77 481
77 564
77 583
77 615
77 631
77 638
77 736
77 785
77 799
78 156
78 176
78 189
78 197
78 211
78 215
78 218
78 291
78 499
78 544
78 563
78 591
78 646
78 653
78 683
78 729
78 746
78 767
79 88
79 204
79 280
79 281
79 292
79 310
79 316
79 343
79 402
79 407
79 431
79 433
79 436
79 478
79 524
79 548
79 572
79 661
79 770
80 109
80 222
80 289
80 325
80 487
80 528
80 531
80 600
80 763
80 767
81 150
81 220
81 223
81 229
81 289
81 356
81 398
81 468
81 469
81 522
81 670
81 684
81 739
81 765
81 776
81 781
82 87
82 106
82 178
82 216
82 229
82 349
82 385
82 400
82 402
82 426
82 486
82 541
82 610
82 699
82 715
82 771
82 787
83 93
83 153
83 217
83 286
83 292
83 314
83 348
83 355
83 495
83 527
83 554
83 585
83 633
83 662
83 713
83 732
83 743
83 766
83 774
83 778
84 254
84 448
84 573
84 647
84 689
84 770
84 791
85 97
85 214
85 226
85 239
85 337
85 354
85 451
85 548
85 586
86 102
86 103
86 147
86 164
86 170
86 255
86 421
86 437
86 517
86 586
86 650
86 693
86 729
86 743
87 150
87 269
87 305
87 339
87 424
87 552
87 589
87 681
87 708
87 772
87 791
87 798
88 120
88 142
88 354
88 476
88 559
88 566
88 660
88 706
88 727
89 181
89 215
89 354
89 423
89 464
89 471
89 482
89 570
89 593
89 595
89 639
89 640
89 677
89 681
89 697
89 718
89 734
89 790
90 104
90 124
90 185
90 211
90 234
90 311
90 347
90 372
90 460
90 550
90 562
90 574
90 590
90 601
90 669
90 679
90 745
91 172
91 368
91 404
91 450
91 451
91 506
91 537
91 541
91 732
91 777
92 122
92 163
92 209
92 213
92 259
92 285
92 321
92 334
92 350
92 400
92 470
92 516
92 602
92 616
92 643
92 659
92 681
92 759
92 781
92 790
93 138
93 186
93 195
93 206
93 207
93 292
93 396
93 399
93 467
93 515
93 535
93 552
93 563
93 585
93 718
93 722
94 139
94 321
94 374
94 612
94 638
94 649
94 675
95 154
95 205
95 243
95 259
95 287
95 327
95 457
95 501
95 514
95 557
95 602
95 619
95 643
95 648
95 770
95 775
95 789
95 798
96 98
96 99
96 143
96 194
96 359
96 405
96 433
96 446
96 462
96 532
96 572
96 596
96 613
96 640
96 664
96 720
96 731
96 753
96 765
96 769
96 777
96 788
97 148
97 155
97 178
97 255
97 266
97 269
97 388
97 422
97 427
97 430
97 437
97 550
97 686
97 706
97 762
98 208
98 292
98 293
98 296
98 348
98 392
98 430
98 492
98 511
98 621
98 730
99 131
99 295
99 300
99 313
99 350
99 357
99 377
99 417
99 435
99 502
99 568
99 569
99 586
99 590
99 594
99 671
99 690
99 742
99 749
100 132
100 441
100 442
100 456
100 480
100 488
100 523
100 524
100 525
100 568
100 608
100 635
100 639
100 692
100 722
100 783
100 786
101 195
101 259
101 294
101 344
101 397
101 418
101 431
101 687
101 691
101 741
101 786
102 142
102 228
102 265
102 401
102 418
102 498
102 513
102 530
102 569
102 593
102 601
102 687
102 766
103 203
103 280
103 299
103 403
103 409
103 425
103 631
103 711
103 717
103 751
103 752
103 790
104 118
104 123
104 218
104 244
104 339
104 556
104 573
104 583
104 589
104 638
104 753
104 754
104 769
104 770
105 217
105 222
105 241
105 287
105 360
105 459
105 462
105 520
105 563
105 579
105 588
105 615
105 631
105 632
105 657
106 116
106 150
106 177
106 183
106 225
106 264
106 344
106 406
106 432
106 501
106 658
106 671
106 714
106 727
106 770
107 233
107 242
107 293
107 310
107 384
107 475
107 519
107 544
107 580
107 605
107 644
107 691
107 789
108 167
108 168
108 203
108 223
108 273
108 282
108 393
108 427
108 443
108 464
108 509
108 521
108 576
108 694
109 121
109 124
109 127
109 266
109 288
109 384
109 457
109 520
109 538
109 555
109 590
109 686
109 778
110 202
110 221
110 242
110 287
110 321
110 354
110 406
110 440
110 468
110 471
110 473
110 499
110 546
110 563
110 565
110 599
110 640
110 649
111 152
111 159
111 163
111 172
111 182
111 200
111 232
111 236
111 328
111 627
111 703
111 706
111 715
111 746
111 786
112 121
112 138
112 143
112 192
112 248
112 282
112 359
112 367
112 438
112 447
112 489
112 595
112 603
112 678
112 746
113 246
113 454
113 471
113 516
113 646
113 700
113 702
113 717
113 773
113 790
114 158
114 212
114 263
114 310
114 488
114 563
114 586
114 669
114 791
115 269
115 281
115 330
115 432
115 486
115 614
115 663
115 742
115 754
115 756
115 783
116 170
116 184
116 241
116 277
116 307
116 352
116 363
116 403
116 405
116 449
116 504
116 534
116 558
116 574
116 606
116 624
116 652
116 698
116 724
116 733
116 739
116 754
116 760
116 770
116 775
117 143
117 165
117 204
117 222
117 252
117 290
117 319
117 340
117 352
117 353
117 399
117 443
117 468
117 513
117 535
117 607
117 693
117 750
118 152
118 241
118 263
118 297
118 305
118 324
118 335
118 348
118 371
118 384
118 385
118 389
118 404
118 406
118 499
118 518
118 562
118 576
118 594
118 682
118 684
118 749
118 776
119 177
119 264
119 266
119 351
119 391
119 420
119 495
119 527
119 556
119 751
120 126
120 226
120 234
120 259
120 270
120 289
120 296
120 337
120 343
120 433
120 474
120 493
120 515
120 524
120 623
120 641
120 675
120 699
120 730
120 760
120 782
121 160
121 257
121 332
121 506
121 523
121 719
121 739
121 770
122 169
122 172
122 372
122 382
122 387
122 456
122 463
122 474
122 527
122 577
122 596
122 619
123 176
123 190
123 223
123 242
123 243
123 259
123 296
123 314
123 333
123 347
123 373
123 417
123 464
123 527
123 529
123 564
123 689
123 756
124 199
124 201
124 278
124 334
124 341
124 367
124 422
124 508
124 519
124 535
124 557
124 593
124 617
124 713
124 780
125 162
125 187
125 262
125 392
125 412
125 591
125 642
125 766
126 128
126 192
126 197
126 206
126 279
126 341
126 364
126 422
126 433
126 474
126 562
126 598
126 642
126 672
126 725
126 775
126 797
127 239
127 256
127 290
127 350
127 394
127 450
127 485
127 489
127 542
127 569
127 604
127 607
127 650
127 732
127 762
127 768
128 156
128 186
128 198
128 334
128 340
128 371
128 381
128 405
128 435
128 578
128 682
128 708
128 742
128 744
129 254
129 255
129 302
129 328
129 377
129 393
129 448
129 468
129 484
129 537
129 579
129 665
129 743
129 758
130 143
130 240
130 323
130 331
130 453
130 464
130 564
130 622
130 623
130 638
130 677
130 739
130 744
130 762
130 768
131 149
131 227
131 242
131 276
131 284
131 429
131 469
131 471
131 518
131 596
131 660
131 688
131 695
131 704
131 746
131 757
131 775
132 137
132 177
132 321
132 352
132 410
132 564
132 607
132 610
132 616
132 773
132 783
133 394
133 449
133 453
133 473
133 584
133 598
133 682
133 690
133 712
133 727
133 730
133 777
134 156
134 213
134 329
134 352
134 560
134 569
134 629
134 669
134 707
134 761
135 143
135 157
135 208
135 236
135 253
135 315
135 334
135 441
135 447
135 503
135 647
135 730
136 160
136 222
136 240
136 258
136 268
136 285
136 320
136 467
136 543
136 606
136 758
136 762
137 179
137 200
137 224
137 253
137 269
137 273
137 283
137 339
137 363
137 367
137 391
137 409
137 466
137 497
137 529
137 536
137 550
137 657
137 726
137 793
138 140
138 224
138 259
138 325
138 525
138 595
138 762
139 189
139 195
139 304
139 419
139 445
139 586
139 665
139 749
139 759
140 209
140 272
140 294
140 359
140 394
140 407
140 417
140 420
140 514
140 672
140 733
140 779
141 163
141 165
141 182
141 202
141 252
141 254
141 281
141 362
141 477
141 558
141 570
141 744
141 786
142 153
142 350
142 419
142 436
142 546
142 556
142 573
142 770
142 771
143 165
143 195
143 222
143 242
143 255
143 374
143 390
143 409
143 452
143 491
143 517
143 527
143 608
143 614
143 615
144 220
144 309
144 325
144 358
144 396
144 437
144 441
144 451
144 469
144 497
144 523
144 524
144 549
144 574
144 591
144 649
144 665
145 309
145 342
145 347
145 358
145 550
145 650
145 680
145 748
146 199
146 206
146 236
146 308
146 394
146 499
146 520
146 634
146 692
146 747
146 780
146 786
147 254
147 304
147 428
147 492
147 517
147 536
147 584
147 611
147 624
147 667
147 703
147 712
147 722
147 726
147 753
147 756
147 769
147 784
147 787
148 282
148 295
148 334
148 388
148 484
148 557
148 578
148 585
148 609
148 733
149 158
149 243
149 306
149 375
149 474
149 512
149 521
149 594
149 629
149 694
149 791
150 164
150 168
150 184
150 349
150 354
150 463
150 479
150 540
150 603
150 638
151 166
151 289
151 457
151 484
151 516
151 525
151 533
151 567
151 584
151 638
151 646
151 724
152 213
152 216
152 217
152 238
152 349
152 398
152 416
152 424
152 438
152 470
152 522
152 574
152 603
152 610
152 638
152 786
153 219
153 289
153 294
153 329
153 414
153 416
153 420
153 551
153 588
153 730
153 733
153 764
153 795
153 796
153 797
154 194
154 243
154 266
154 279
154 372
154 524
154 608
154 631
154 636
154 668
154 779
154 798
155 267
155 430
155 454
155 600
155 647
155 669
155 709
155 784
156 189
156 383
156 403
156 442
156 477
156 515
156 528
156 545
156 560
156 591
156 624
156 651
156 781
156 791
157 172
157 234
157 248
157 279
157 384
157 691
157 697
157 757
157 766
157 781
158 225
158 352
158 433
158 501
158 511
158 614
158 727
158 767
159 179
159 295
159 324
159 331
159 337
159 464
159 587
159 645
159 672
160 180
160 258
160 291
160 381
160 422
160 513
160 516
160 538
160 629
160 691
160 729
160 750
160 789
161 166
161 213
161 297
161 327
161 382
161 410
161 459
161 462
161 470
161 552
161 695
161 769
161 781
161 793
162 210
162 226
162 228
162 243
162 313
162 352
162 465
162 470
162 498
162 601
162 607
162 625
162 674
162 680
162 704
162 729
162 738
163 174
163 191
163 270
163 329
163 402
163 543
163 551
163 597
163 603
163 625
163 706
163 798
163 799
164 239
164 244
164 249
164 261
164 263
164 432
164 449
164 475
164 572
164 579
164 616
164 660
164 675
164 701
164 742
164 747
164 768
164 785
165 288
165 328
165 331
165 397
165 405
165 448
165 461
165 467
165 476
165 477
165 527
165 538
165 552
165 591
165 647
166 171
166 274
166 351
166 362
166 463
166 537
166 550
166 607
166 615
166 616
166 622
166 626
166 692
166 727
167 200
167 392
167 536
167 561
167 628
167 677
167 745
168 192
168 245
168 433
168 498
168 518
168 637
168 643
169 189
169 192
169 211
169 242
169 356
169 382
169 430
169 446
169 465
169 470
169 483
169 579
169 723
169 747
170 187
170 232
170 255
170 282
170 304
170 426
170 436
170 518
170 584
170 654
170 696
170 700
170 730
170 760
170 774
171 189
171 276
171 297
171 353
171 377
171 427
171 534
171 599
171 733
171 772
171 789
172 318
172 363
172 495
172 518
172 543
172 636
172 699
172 701
172 703
172 737
172 747
172 783
173 188
173 245
173 251
173 269
173 369
173 377
173 397
173 428
173 495
173 528
173 584
173 699
173 717
174 180
174 206
174 244
174 268
174 317
174 348
174 400
174 491
174 509
174 584
174 608
174 628
174 669
174 750
175 178
175 187
175 210
175 214
175 366
175 389
175 401
175 466
175 528
175 532
175 541
175 791
176 214
176 265
176 416
176 429
176 539
176 567
176 610
176 714
176 795
177 280
177 386
177 435
177 461
177 492
177 556
177 557
177 569
177 586
177 625
177 682
177 749
177 777
178 200
178 214
178 277
178 333
178 363
178 442
178 494
178 631
178 663
178 710
178 722
178 725
178 795
179 238
179 244
179 324
179 358
179 374
179 455
179 478
179 496
179 525
179 556
179 690
179 733
179 773
179 776
180 209
180 210
180 245
180 291
180 357
180 432
180 624
180 633
180 638
180 767
180 779
180 780
181 206
181 264
181 374
181 381
181 611
181 632
181 688
181 703
181 725
181 741
182 202
182 306
182 309
182 319
182 492
182 659
182 788
183 245
183 250
183 264
183 400
183 438
183 525
183 526
183 546
183 641
183 644
183 785
184 214
184 233
184 313
184 361
184 400
184 413
184 450
184 596
184 699
184 727
184 779
184 788
184 797
185 202
185 265
185 290
185 356
185 370
185 413
185 435
185 455
185 570
185 639
185 714
186 230
186 232
186 264
186 277
186 421
186 590
186 606
186 607
186 653
186 681
186 706
187 194
187 199
187 282
187 300
187 330
187 355
187 443
187 484
187 604
187 620
187 680
187 693
187 709
188 347
188 351
188 388
188 417
188 484
188 658
189 221
189 254
189 396
189 473
189 539
189 580
189 716
189 738
190 227
190 246
190 278
190 363
190 364
190 380
190 483
190 528
190 532
190 560
190 601
191 225
191 321
191 374
191 387
191 392
191 445
191 472
191 480
191 591
191 623
191 640
191 682
191 690
191 704
192 217
192 307
192 367
192 438
192 559
192 726
192 787
193 228
193 236
193 246
193 247
193 279
193 291
193 336
193 502
193 544
193 571
193 616
193 636
193 682
193 697
193 782
194 280
194 344
194 385
194 412
194 430
194 454
194 577
194 583
194 654
195 247
195 284
195 341
195 404
195 438
195 452
195 535
195 572
195 680
195 710
195 751
196 276
196 303
196 357
196 525
196 616
196 627
196 641
196 672
196 676
196 755
197 238
197 341
197 401
197 402
197 408
197 411
197 431
197 447
197 479
197 498
197 515
197 522
197 576
197 640
197 682
197 706
198 233
198 316
198 334
198 384
198 401
198 414
198 421
198 684
198 754
198 788
199 223
199 269
199 277
199 391
199 395
199 494
199 514
199 541
199 598
199 604
199 650
200 310
200 335
200 340
200 360
200 393
200 484
200 508
200 530
200 633
200 663
200 671
200 689
200 746
200 785
201 236
201 295
201 391
201 402
201 458
201 625
201 642
201 719
201 767
201 778
202 219
202 256
202 289
202 391
202 469
202 487
202 510
202 517
202 555
202 569
202 640
203 245
203 281
203 331
203 349
203 355
203 432
203 453
203 505
203 537
203 621
203 660
203 676
203 755
203 763
204 211
204 318
204 408
204 413
204 414
204 432
204 445
204 463
204 495
204 537
204 562
205 288
205 297
205 324
205 327
205 343
205 346
205 415
205 461
205 468
205 526
205 538
205 574
205 604
205 668
205 670
205 736
206 212
206 223
206 241
206 315
206 386
206 398
206 458
206 464
206 500
206 529
206 593
206 631
206 721
206 763
207 213
207 222
207 250
207 290
207 314
207 359
207 360
207 417
207 419
207 451
207 467
207 479
207 480
207 494
207 557
207 580
207 581
207 588
207 620
207 635
207 685
207 732
208 212
208 292
208 503
208 508
208 511
208 517
208 531
208 572
208 663
208 664
208 688
208 713
208 724
208 749
208 783
209 310
209 381
209 497
209 601
209 626
209 702
210 428
210 438
210 505
210 506
210 510
210 550
210 609
210 683
211 242
211 270
211 331
211 358
211 393
211 483
211 542
211 573
211 624
211 642
211 643
211 675
211 680
211 760
211 794
212 333
212 341
212 531
212 564
212 625
212 637
212 790
213 278
213 351
213 484
213 523
213 536
213 543
213 685
213 714
213 746
214 264
214 296
214 312
214 330
214 372
214 378
214 392
214 503
214 516
214 569
214 570
214 631
214 661
214 692
214 708
214 752
215 264
215 316
215 331
215 384
215 416
215 504
215 575
215 619
215 625
215 793
216 226
216 282
216 383
216 385
216 478
216 512
216 570
216 597
216 624
216 639
216 642
216 742
216 746
216 754
217 287
217 381
217 388
217 395
217 431
217 467
217 481
217 492
217 566
217 570
217 574
217 608
217 633
217 661
217 684
217 728
217 747
217 750
217 763
217 767
217 783
217 795
218 242
218 243
218 244
218 268
218 307
218 346
218 353
218 435
218 548
218 575
218 691
218 707
218 747
218 770
218 786
218 787
218 797
218 798
219 391
219 445
219 596
219 664
219 717
219 735
219 740
220 254
220 362
220 363
220 398
220 453
220 486
220 603
220 630
220 752
220 756
221 264
221 309
221 391
221 531
221 650
222 264
222 340
222 424
222 430
222 436
222 471
222 516
222 558
222 635
222 662
222 702
222 757
222 786
223 243
223 286
223 293
223 367
223 391
223 470
223 519
223 560
223 572
223 643
223 655
223 656
223 664
223 691
223 717
223 756
224 241
224 303
224 350
224 381
224 571
224 625
224 638
224 659
224 700
224 769
225 242
225 250
225 251
225 316
225 330
225 413
225 461
225 469
225 515
225 560
225 611
225 754
226 285
226 316
226 340
226 352
226 474
226 531
226 535
226 614
226 624
226 682
227 320
227 328
227 377
227 453
227 483
227 491
227 523
227 610
227 698
227 700
227 731
228 243
228 290
228 304
228 393
228 418
228 530
228 542
228 607
228 633
228 701
228 757
228 778
228 798
229 416
229 430
229 437
229 458
229 473
229 581
229 604
229 688
229 698
230 462
230 473
230 488
230 531
230 548
230 608
230 675
231 280
231 352
231 410
231 527
231 541
231 586
231 617
231 675
231 714
231 737
231 750
231 754
231 767
231 783
232 241
232 250
232 257
232 299
232 410
232 457
232 632
232 667
232 719
232 724
232 783
233 325
233 407
233 421
233 533
233 579
233 632
233 656
233 674
233 720
233 753
233 754
233 764
234 256
234 316
234 319
234 325
234 388
234 391
234 429
234 453
234 467
234 498
234 507
234 514
234 521
234 535
234 695
234 707
234 710
234 773
235 303
235 339
235 400
235 410
235 414
235 431
235 478
235 568
235 726
235 763
235 786
236 253
236 274
236 283
236 296
236 317
236 382
236 421
236 432
236 547
236 740
236 745
236 786
237 311
237 324
237 359
237 423
237 430
237 463
237 567
237 583
237 651
237 729
237 765
237 773
238 265
238 300
238 364
238 389
238 398
238 540
238 542
238 596
238 671
238 702
239 244
239 306
239 317
239 346
239 392
239 540
239 565
239 602
239 668
239 703
239 784
239 798
240 308
240 309
240 312
240 370
240 420
240 481
240 494
240 555
240 559
240 623
240 635
240 643
240 706
240 749
240 770
241 326
241 354
241 364
241 394
241 429
241 449
241 486
241 497
241 510
241 523
241 539
241 593
241 594
241 635
241 654
241 676
241 733
241 740
241 741
242 307
242 371
242 387
242 403
242 431
242 436
242 438
242 498
242 524
242 574
242 577
242 590
242 616
242 712
242 737
242 746
242 782
243 333
243 425
243 478
243 503
243 528
243 564
243 613
243 647
243 661
243 667
243 713
243 730
243 757
244 255
244 452
244 463
244 481
244 534
244 639
244 745
244 794
245 246
245 314
245 456
245 466
245 490
245 499
245 550
245 605
245 606
245 616
245 657
245 768
245 776
245 791
246 296
246 299
246 310
246 450
246 456
246 514
246 577
246 647
247 252
247 268
247 285
247 443
247 460
247 536
247 553
247 584
247 750
248 407
248 411
248 438
248 517
248 768
249 297
249 410
249 442
249 451
249 455
249 573
249 582
249 691
249 738
249 751
250 260
250 262
250 306
250 333
250 363
250 401
250 442
250 460
250 558
250 587
250 656
250 697
250 715
250 728
250 736
250 768
250 789
251 263
251 366
251 384
251 432
251 501
251 510
251 518
251 559
251 606
251 609
251 705
251 746
251 795
252 268
252 308
252 328
252 341
252 415
252 436
252 479
252 480
252 483
252 579
252 671
252 691
252 798
253 286
253 328
253 402
253 412
253 443
253 488
253 500
253 509
253 681
253 702
253 715
253 746
254 350
254 359
254 410
254 564
254 664
254 707
254 716
254 735
255 348
255 357
255 372
255 388
255 440
255 473
255 495
255 536
255 541
255 554
255 586
255 595
255 605
255 636
256 380
256 386
256 445
256 461
256 571
256 575
256 658
256 683
256 700
256 736
256 762
256 771
256 781
257 262
257 275
257 319
257 415
257 546
257 586
257 639
257 640
257 694
257 759
258 264
258 318
258 332
258 405
258 407
258 444
258 449
258 523
258 538
258 622
258 635
258 661
258 666
258 772
259 325
259 382
259 428
259 468
259 593
259 665
259 678
259 715
259 723
259 743
259 746
260 319
260 323
260 373
260 401
260 402
260 444
260 485
260 511
260 657
260 685
260 703
260 710
260 730
260 738
260 765
261 382
261 388
261 422
261 646
261 669
261 701
261 722
261 760
262 298
262 317
262 546
262 563
262 627
262 644
262 693
262 706
262 719
262 756
263 304
263 329
263 368
263 380
263 484
263 495
263 518
263 523
263 535
263 573
263 617
263 627
263 725
264 305
264 312
264 316
264 333
264 467
264 536
264 638
264 758
265 270
265 285
265 306
265 385
265 406
265 454
265 481
265 712
265 739
265 756
266 282
266 306
266 333
266 342
266 452
266 471
266 486
266 529
266 537
266 586
266 597
266 630
266 658
267 271
267 312
267 404
267 455
267 502
267 741
268 270
268 282
268 311
268 332
268 422
268 437
268 486
268 527
268 558
268 590
268 615
268 644
268 672
268 741
269 392
269 607
269 634
269 639
269 641
269 673
269 713
270 290
270 333
270 395
270 463
270 562
270 578
270 670
270 681
270 740
270 786
270 792
271 287
271 464
271 499
271 512
271 620
271 623
271 789
272 288
272 326
272 328
272 338
272 384
272 413
272 599
272 615
272 622
272 640
273 318
273 357
273 359
273 396
273 554
273 558
273 594
273 630
273 659
273 793
274 368
274 529
274 599
274 638
274 701
274 733
275 339
275 384
275 417
275 487
275 555
275 563
275 653
275 666
275 718
275 723
275 729
275 748
275 754
276 332
276 377
276 378
276 416
276 566
276 582
276 602
276 611
276 695
276 752
276 784
277 291
277 361
277 427
277 526
277 560
277 575
277 775
278 322
278 329
278 359
278 510
278 532
278 574
278 583
278 590
278 612
278 655
278 763
279 345
279 356
279 364
279 371
279 443
279 515
279 532
279 539
279 556
279 785
280 445
280 508
280 528
280 694
280 695
280 714
280 774
280 780
280 784
281 291
281 378
281 442
281 589
281 604
281 674
281 788
281 795
282 358
282 504
282 560
282 670
283 311
283 434
283 438
283 466
283 538
283 592
283 615
283 666
283 681
283 709
283 745
283 760
284 420
284 508
284 542
284 545
284 665
284 683
284 703
284 706
284 719
284 742
285 304
285 347
285 348
285 349
285 392
285 574
285 609
285 623
285 636
285 729
285 730
285 795
286 302
286 437
286 497
286 506
286 616
286 629
286 718
286 738
286 759
286 765
286 785
287 400
287 428
287 570
287 620
287 635
287 639
287 700
288 371
288 391
288 431
288 484
288 611
288 758
289 306
289 502
289 518
289 548
289 568
289 616
289 625
289 721
289 749
289 796
290 318
290 338
290 401
290 404
290 443
290 509
290 538
290 543
290 567
290 571
290 617
290 631
290 749
290 770
291 423
291 431
291 433
291 463
291 507
291 521
291 555
291 560
291 652
291 685
291 712
291 726
291 777
292 299
292 313
292 339
292 444
292 519
292 603
292 701
292 753
292 759
293 458
293 515
293 569
293 606
293 608
293 613
293 614
293 622
293 634
293 652
293 661
293 680
293 753
293 762
294 494
294 514
294 516
294 550
294 552
294 578
294 665
294 707
295 336
295 342
295 390
295 455
295 688
295 717
295 739
296 435
296 473
296 501
296 572
296 603
296 663
296 673
296 686
296 739
296 758
297 301
297 388
297 464
297 511
297 538
297 550
297 596
297 665
298 355
298 443
298 479
298 526
298 603
298 661
298 731
298 759
298 792
299 316
299 319
299 337
299 413
299 419
299 507
299 609
299 622
299 679
299 681
299 744
300 366
300 404
300 504
300 529
300 602
300 668
300 758
300 770
300 787
300 789
301 327
301 342
301 362
301 375
301 391
301 482
301 501
301 573
301 637
301 641
301 798
302 395
302 446
302 460
302 583
302 585
302 598
302 613
302 706
302 719
303 353
303 379
303 429
303 630
303 675
303 685
303 753
304 412
304 480
304 496
304 502
304 596
304 620
304 651
304 795
305 361
305 379
305 473
305 540
305 590
305 601
305 665
305 768
306 334
306 339
306 434
306 511
306 543
306 545
306 563
306 569
306 677
306 715
306 758
306 782
306 783
307 327
307 383
307 384
307 402
307 443
307 527
307 603
307 613
307 648
307 653
307 676
307 757
308 328
308 394
308 417
308 419
308 523
308 662
308 664
308 674
309 418
309 438
309 532
309 669
309 689
309 736
309 737
310 330
310 383
310 464
310 475
310 481
310 532
310 556
310 562
310 623
310 682
310 768
310 770
310 797
311 357
311 373
311 390
311 486
311 557
311 562
311 668
311 712
311 736
311 758
312 402
312 419
312 443
312 470
312 550
312 589
312 632
312 736
312 751
313 377
313 431
313 445
313 457
313 461
313 486
313 503
313 536
313 602
313 606
313 622
313 648
313 662
313 669
313 753
314 361
314 481
314 522
314 609
314 627
314 630
314 642
314 644
314 703
314 761
314 783
315 318
315 344
315 392
315 563
315 625
315 747
316 322
316 325
316 379
316 381
316 413
316 417
316 420
316 456
316 482
316 606
316 608
316 654
316 710
316 720
316 787
317 353
317 405
317 408
317 521
317 572
317 674
317 684
317 701
318 358
318 470
318 490
318 528
318 778
318 789
319 481
319 617
319 731
319 738
319 783
320 322
320 383
320 434
320 438
320 453
320 499
320 505
320 510
320 531
320 581
320 730
321 377
321 414
321 430
321 445
321 476
321 504
321 584
321 592
321 595
321 597
321 626
321 673
321 796
322 376
322 417
322 540
322 545
322 551
322 655
322 683
322 766
323 325
323 365
323 402
323 407
323 523
323 633
323 637
323 675
323 707
323 770
323 782
323 785
324 405
324 448
324 725
324 782
325 401
325 520
325 541
325 582
325 607
325 625
325 674
325 719
325 740
325 743
325 753
325 796
326 505
326 547
326 611
326 679
326 699
326 757
326 785
326 790
327 470
327 534
327 542
327 674
327 710
327 768
327 775
328 358
328 490
328 596
328 608
328 626
328 640
328 674
328 763
329 338
329 422
329 528
329 700
329 761
330 349
330 419
330 423
330 440
330 467
330 535
330 558
330 604
330 722
330 737
330 750
330 777
330 798
331 572
331 593
331 716
331 721
331 722
331 789
332 349
332 405
332 445
332 511
332 538
332 554
332 586
332 717
332 754
332 789
333 393
333 487
333 551
333 602
333 750
333 799
334 347
334 404
334 531
334 541
334 628
334 701
335 484
335 665
335 681
335 706
335 713
335 784
336 345
336 352
336 423
336 455
336 580
336 692
336 775
337 361
337 402
337 430
337 447
337 504
337 745
338 437
338 461
338 679
338 717
339 400
339 411
339 431
339 589
339 632
339 633
339 651
340 348
340 526
340 555
340 587
340 638
340 673
340 743
341 344
341 348
341 433
341 451
341 546
341 561
341 578
341 606
341 636
341 637
342 445
342 535
342 540
342 624
342 646
342 748
342 764
343 354
343 363
343 417
343 429
343 583
343 683
343 684
343 703
343 710
343 717
343 726
343 799
344 458
344 707
344 714
344 724
344 732
344 786
345 347
345 482
345 494
345 496
345 617
345 619
345 649
345 664
345 672
345 693
346 363
346 509
346 539
346 559
346 589
346 596
347 414
347 478
347 508
347 527
347 556
347 571
347 591
347 615
347 656
347 657
347 721
347 731
347 790
348 380
348 431
348 447
348 478
348 486
348 584
348 636
348 764
349 369
349 466
349 504
349 505
349 518
349 561
349 620
349 653
349 656
349 678
349 712
349 744
349 759
349 774
349 781
350 381
350 406
350 407
350 453
350 461
350 506
350 517
350 593
350 594
350 720
350 772
351 363
351 373
351 421
351 439
351 516
351 590
351 602
352 383
352 437
352 462
352 581
352 589
352 636
352 650
352 686
353 427
353 511
353 566
353 665
353 669
354 403
354 445
354 447
354 508
354 585
354 591
354 724
354 730
354 752
354 763
354 785
355 365
355 445
355 618
355 669
355 685
355 728
356 370
356 382
356 401
356 425
356 489
356 531
356 621
356 640
356 753
356 761
356 782
356 788
357 364
357 384
357 495
357 511
357 517
357 685
357 695
357 745
357 762
358 565
358 689
359 422
359 564
359 583
359 664
359 742
359 784
360 372
360 443
360 448
360 534
360 603
360 633
360 684
360 693
360 712
360 737
360 760
360 772
361 385
361 491
361 521
361 527
361 563
361 581
361 656
361 665
361 667
361 680
361 741
362 399
362 688
362 718
362 790
363 399
363 400
363 422
363 431
363 434
363 485
363 531
363 621
363 624
363 650
363 688
363 717
363 762
364 420
364 459
364 554
364 563
364 639
364 707
364 727
364 730
364 790
365 387
365 396
365 437
365 443
365 445
365 516
365 621
365 625
366 395
366 415
366 504
366 505
366 545
366 554
366 631
366 633
366 668
366 699
367 375
367 410
367 444
367 517
367 551
367 586
367 637
367 654
367 715
367 732
368 403
368 546
368 650
368 765
369 468
369 500
369 679
369 694
369 752
370 552
370 580
370 604
370 608
370 669
370 675
370 689
371 392
371 408
371 490
371 526
371 582
371 679
371 685
371 718
371 797
372 466
372 472
372 481
372 489
372 491
372 493
372 586
372 622
372 652
372 657
372 707
372 729
372 765
373 374
373 448
373 467
373 491
373 572
373 594
373 657
373 670
373 713
373 716
374 420
374 488
374 566
374 570
374 671
374 678
374 711
374 733
375 511
375 544
375 596
375 603
375 627
375 704
375 744
376 387
376 401
376 413
376 434
376 441
376 528
376 620
376 704
376 716
376 718
377 414
377 422
377 431
377 471
377 519
377 582
377 629
377 695
377 707
377 767
378 392
378 410
378 460
378 468
378 497
378 500
378 540
378 562
378 643
378 660
378 777
378 788
379 385
379 398
379 472
379 484
379 494
379 498
379 503
379 591
379 722
379 773
379 784
380 392
380 434
380 484
380 524
380 570
380 645
380 735
380 761
381 407
381 553
381 557
381 595
381 641
381 647
381 699
381 750
382 386
382 389
382 463
382 519
382 529
382 565
382 575
382 581
382 586
382 656
382 765
383 386
383 389
383 405
383 410
383 477
383 545
383 569
383 589
383 653
383 675
383 702
383 722
383 726
383 777
383 788
384 432
384 485
384 504
384 528
384 568
384 586
384 626
384 658
385 513
385 533
385 615
385 665
385 711
385 748
385 763
385 765
385 778
385 786
386 447
386 493
386 551
386 578
386 698
386 714
387 516
387 519
387 594
387 607
387 610
387 654
387 679
387 703
387 714
387 761
388 413
388 459
388 480
388 781
389 422
389 427
389 433
389 445
389 478
389 503
389 781
390 398
390 451
390 489
390 561
390 590
390 611
390 741
390 773
390 775
390 786
391 438
391 534
391 556
391 557
391 626
391 679
391 696
391 768
391 777
392 494
392 540
392 719
392 730
392 764
393 449
393 450
393 460
393 470
393 525
393 663
393 680
393 712
393 750
393 761
393 768
393 797
394 459
394 473
394 549
394 555
394 677
394 756
394 769
395 462
395 474
395 525
395 537
395 545
395 552
395 584
395 642
395 787
396 486
396 581
396 600
396 613
396 617
396 663
396 691
397 411
397 542
397 553
397 595
397 653
397 663
397 702
397 710
397 739
397 782
398 434
398 435
398 446
398 487
398 491
398 578
398 585
398 613
398 666
398 729
398 730
398 792
399 489
399 543
399 555
399 595
399 607
399 660
399 704
399 724
399 767
399 794
399 796
400 462
400 615
400 641
400 701
400 788
401 509
401 590
401 623
401 683
401 701
401 704
401 769
401 796
402 517
402 544
402 552
402 561
402 563
402 583
402 599
402 614
402 630
402 694
402 732
403 452
403 467
403 486
403 581
403 620
403 652
403 666
403 696
403 755
404 420
404 550
404 576
404 586
404 640
404 669
404 674
404 703
404 721
404 734
404 746
405 531
405 538
405 672
405 696
405 743
406 414
406 433
406 477
406 525
406 590
406 632
406 707
406 758
407 442
407 454
407 521
407 554
407 616
407 634
407 673
408 432
408 507
408 551
408 560
408 628
408 638
408 643
408 700
408 714
408 799
409 455
409 543
409 557
409 577
409 583
409 629
409 669
409 677
409 713
410 427
410 457
410 479
410 511
410 599
410 601
410 605
410 672
410 712
410 767
411 482
411 521
411 535
411 562
411 608
411 633
411 641
412 447
412 555
412 598
412 700
412 728
413 473
413 535
413 556
413 633
413 760
413 797
414 429
414 537
414 609
414 641
415 428
415 430
415 535
415 562
415 613
415 687
415 696
415 720
415 738
415 746
415 753
415 784
416 519
416 561
416 624
416 632
416 644
416 647
416 723
416 728
416 748
416 778
417 455
417 463
417 489
417 549
417 688
417 701
417 728
417 739
418 514
418 520
418 690
418 716
418 732
418 735
418 753
418 766
419 483
419 499
419 510
419 531
419 600
419 619
419 637
419 747
419 753
420 423
420 426
420 428
420 439
420 472
420 486
420 522
420 540
420 548
420 553
420 731
420 778
421 486
421 649
421 772
421 778
422 427
422 430
422 441
422 491
422 650
422 737
422 751
422 752
422 758
422 763
423 436
423 530
423 646
423 692
424 527
424 660
424 662
424 753
424 755
424 760
424 786
425 446
425 505
425 573
425 582
425 628
425 637
425 733
425 735
425 749
425 752
425 788
426 527
426 599
426 600
426 676
426 746
427 498
427 587
427 673
427 788
428 461
428 471
428 499
428 541
428 557
428 674
428 718
428 742
428 754
428 792
428 795
429 690
429 698
429 797
430 453
430 556
430 557
430 698
430 744
430 768
431 618
431 621
431 635
431 786
431 789
432 448
432 555
432 573
432 596
432 649
432 698
432 701
432 754
432 774
433 511
433 520
433 530
433 557
433 645
433 730
433 765
433 787
433 788
433 790
433 797
434 444
434 515
434 524
434 546
434 629
434 726
434 763
434 795
435 505
435 698
435 702
436 451
436 459
436 464
436 470
436 504
436 570
436 596
436 652
436 679
436 748
436 775
436 781
437 496
437 520
437 564
437 604
437 636
437 652
437 669
437 687
437 742
438 531
438 597
438 661
438 675
438 697
438 716
438 740
438 783
439 452
439 453
439 531
439 744
439 757
440 462
440 645
440 718
440 795
441 454
441 493
441 546
441 611
441 782
441 796
442 443
442 599
442 649
442 673
442 680
442 687
442 743
442 796
442 798
443 465
443 482
443 619
443 675
443 684
443 686
443 708
443 764
443 768
443 790
444 481
444 501
444 593
444 596
444 597
444 612
444 707
445 449
445 474
445 475
445 540
445 589
445 611
445 675
445 679
445 689
446 519
446 564
446 615
446 647
446 694
446 710
446 749
446 781
446 782
447 460
447 489
447 505
447 522
447 532
447 569
447 574
447 584
447 622
447 643
447 647
447 691
447 761
448 461
448 467
448 522
448 532
448 572
448 595
448 632
448 633
449 476
449 546
449 585
449 610
449 685
449 694
449 745
449 777
449 783
450 460
450 512
450 524
450 620
450 692
450 744
450 759
450 793
451 461
451 483
451 580
451 621
451 658
452 474
452 562
452 780
453 514
453 516
453 524
453 546
453 584
453 634
454 535
454 592
454 606
454 645
454 674
454 714
454 726
455 458
455 465
455 500
455 523
455 552
455 556
455 561
455 593
455 650
455 675
455 710
455 740
455 745
455 778
456 466
456 559
456 601
456 651
456 686
456 712
456 714
457 465
457 473
457 618
457 716
458 584
458 593
458 599
458 641
458 695
458 700
458 716
459 496
459 640
459 647
459 700
460 503
460 544
460 636
460 646
460 693
460 695
461 515
461 546
461 560
461 579
461 581
461 606
461 627
461 697
461 771
461 785
461 795
462 481
462 490
462 554
462 557
462 561
462 646
462 701
462 731
463 594
463 626
463 698
463 761
463 786
464 580
464 606
464 639
464 656
464 719
465 493
465 538
465 594
465 621
465 632
465 662
465 746
466 493
466 519
466 548
466 563
466 585
466 604
466 646
466 669
466 675
466 689
466 751
467 524
467 593
467 595
467 598
467 608
467 628
467 705
467 739
468 545
468 559
468 621
468 678
468 724
469 536
469 751
469 778
470 513
470 626
470 633
470 712
470 732
471 478
471 496
471 501
471 643
471 679
471 765
472 501
472 514
472 606
472 626
472 651
472 697
472 701
472 746
473 578
473 595
473 667
473 706
474 562
474 572
474 631
474 651
474 680
474 686
475 534
475 544
475 596
475 633
475 706
475 709
475 732
476 522
476 644
476 798
477 530
477 612
477 645
477 671
477 720
477 735
478 577
478 582
478 586
478 610
478 623
478 626
478 658
478 676
478 704
479 495
479 506
480 545
480 579
480 615
480 654
480 671
480 689
480 727
480 777
481 500
481 524
481 757
482 506
482 598
482 674
482 739
482 741
482 743
482 771
483 505
483 522
483 532
483 558
483 610
483 622
483 661
483 743
483 748
484 742
484 748
484 778
484 799
485 533
485 655
485 791
486 605
486 624
486 632
486 668
486 729
486 740
486 782
487 519
487 599
487 732
487 753
487 774
488 583
488 591
488 650
488 715
488 716
488 717
488 744
488 792
489 497
489 563
489 620
489 676
489 705
489 776
489 799
491 544
491 636
492 522
492 528
492 648
492 795
493 511
493 548
493 586
493 617
493 655
493 795
494 551
494 599
494 700
494 724
494 757
494 788
494 799
495 609
495 647
495 722
495 755
495 784
496 498
496 535
496 544
496 572
496 612
496 672
496 705
496 792
497 598
497 711
497 785
497 786
498 501
498 510
498 540
498 542
498 548
498 558
498 581
498 661
498 691
498 743
498 794
499 503
499 609
499 662
499 685
499 703
499 720
499 793
500 514
500 563
500 581
500 590
500 596
500 656
500 663
500 680
500 712
500 751
500 783
501 505
501 530
501 558
501 611
501 626
501 649
501 661
501 672
502 533
502 545
502 553
502 594
502 612
502 627
502 663
502 706
502 776
502 779
503 525
503 583
503 687
503 705
503 758
503 774
503 797
504 643
504 704
505 530
505 540
505 551
505 558
505 585
505 625
505 666
505 696
505 782
505 785
506 600
506 630
506 639
506 643
506 692
506 699
506 726
506 770
507 528
507 597
507 611
507 722
508 520
508 542
508 559
508 586
508 666
508 695
508 790
509 525
509 562
509 609
509 711
510 534
510 585
510 587
510 607
510 628
510 750
511 674
511 694
511 701
511 713
512 516
512 540
512 558
512 707
513 745
513 768
513 786
514 519
514 530
514 536
514 565
514 568
514 641
514 733
515 526
515 574
515 575
515 693
515 762
515 797
516 645
516 706
517 536
517 552
517 573
517 610
517 613
517 691
517 714
517 770
517 785
518 527
518 566
518 582
518 606
518 639
518 718
518 762
519 537
519 570
519 646
519 653
519 725
519 775
519 788
520 592
520 666
521 669
521 680
522 525
522 618
522 668
522 755
522 784
522 787
523 544
523 568
523 599
523 637
523 642
523 696
523 794
524 589
524 655
524 738
524 777
524 795
525 532
525 533
525 772
526 532
526 563
526 779
527 639
527 673
527 715
527 728
527 745
527 754
528 531
528 537
528 636
528 650
528 697
529 550
529 617
529 620
529 622
529 651
529 686
529 749
531 565
532 540
532 545
532 596
532 736
532 747
532 761
533 540
533 569
533 578
533 631
533 666
533 710
533 724
533 741
533 770
533 795
534 596
534 636
534 639
534 640
534 649
534 669
534 732
535 558
535 564
535 576
535 608
535 722
536 550
536 701
536 766
536 772
536 777
536 779
537 665
537 763
538 557
538 560
538 587
538 732
538 742
538 782
539 561
539 614
539 617
540 577
540 607
540 667
540 679
540 696
540 733
541 573
541 599
541 607
541 612
541 637
541 668
541 754
541 772
541 776
542 565
542 568
542 613
542 693
542 699
542 702
542 723
542 737
543 598
544 575
544 669
544 700
544 731
544 741
544 751
544 799
545 570
545 606
545 630
545 657
545 667
545 706
545 763
545 777
545 787
546 682
546 704
547 593
547 706
547 713
547 755
547 771
548 564
548 590
548 637
548 747
548 773
549 625
549 765
549 777
549 783
550 561
550 632
550 658
550 682
550 683
550 781
550 795
551 598
551 606
551 648
551 698
551 768
551 784
552 571
552 613
552 679
552 705
552 717
552 735
552 738
553 587
553 596
553 641
553 677
553 704
553 744
554 568
554 626
554 642
554 693
554 723
554 751
554 768
555 623
555 636
555 714
555 757
555 762
555 774
555 777
556 639
556 658
556 697
556 727
557 564
557 596
557 726
557 764
557 797
558 623
558 658
558 746
558 761
558 786
559 577
559 640
559 685
559 768
559 777
559 788
560 606
560 655
560 657
560 709
561 638
561 644
561 665
561 767
562 594
562 599
562 676
562 756
563 582
563 586
563 600
563 682
563 686
563 696
563 737
563 762
563 772
564 587
564 627
564 714
565 597
565 649
565 650
565 777
566 582
566 591
566 616
566 619
566 677
566 696
566 735
566 740
566 763
567 611
567 643
567 650
567 681
567 710
567 716
567 728
567 734
568 580
568 644
568 666
568 790
569 686
569 738
569 756
569 778
570 613
570 643
570 701
570 762
570 785
570 798
571 624
571 671
571 745
571 750
571 788
572 579
572 612
572 653
572 668
572 679
572 733
573 676
573 718
573 735
573 782
573 790
574 580
574 588
574 645
574 734
575 628
575 654
575 792
576 598
576 600
576 663
576 713
576 736
576 788
576 799
577 692
577 720
577 767
577 773
578 777
579 627
579 709
579 730
579 748
579 764
579 776
580 598
580 622
580 737
580 769
581 628
581 643
581 647
581 688
581 763
581 764
582 740
582 751
582 757
582 777
583 622
583 634
583 659
583 666
584 770
584 787
585 629
585 682
585 725
585 788
586 649
586 665
586 694
586 729
586 733
586 798
587 597
587 598
587 638
587 685
587 774
587 792
588 648
588 684
588 736
589 608
589 649
589 767
589 779
589 787
590 591
590 610
590 614
590 720
590 733
590 748
590 749
590 758
590 782
590 798
591 678
591 760
592 608
592 629
592 664
593 604
593 627
593 631
593 683
593 798
594 708
594 746
595 645
595 743
595 767
595 779
596 625
596 633
596 736
597 761
598 612
599 702
600 631
600 649
600 655
600 681
600 709
601 687
601 789
602 620
602 669
602 733
602 761
602 778
603 689
603 703
603 745
603 773
604 619
604 653
604 662
604 683
604 743
604 777
604 784
605 624
605 712
605 762
605 774
606 633
606 683
606 718
606 748
606 774
606 785
607 639
607 691
607 759
607 783
608 671
608 674
608 717
608 723
608 787
609 630
609 656
609 724
610 658
610 662
610 695
610 773
610 782
611 615
611 618
611 621
611 677
611 688
611 703
611 796
612 652
612 664
612 732
612 760
613 638
613 641
613 660
613 693
613 792
614 712
614 748
615 627
615 639
615 676
615 684
615 710
615 711
615 717
615 766
616 658
616 690
616 780
617 667
617 744
618 769
618 784
618 785
619 745
619 756
619 780
620 629
620 689
620 765
620 778
621 654
621 737
621 784
622 678
622 689
622 691
622 746
622 765
622 774
622 787
623 663
623 714
624 644
624 663
624 706
625 718
625 762
625 795
626 635
626 660
626 673
626 696
626 717
626 742
626 745
626 786
627 755
627 757
627 758
628 652
628 746
628 754
629 631
629 709
629 739
629 740
629 741
629 786
630 658
630 698
630 743
630 762
631 632
631 697
632 668
632 782
633 684
633 685
633 706
634 726
634 746
634 757
635 636
635 703
635 744
635 781
636 660
636 674
636 728
638 665
638 676
638 686
638 743
638 750
639 655
639 660
640 666
640 702
640 791
641 647
641 667
641 684
641 746
642 740
642 769
642 777
642 796
643 711
643 713
644 682
644 740
644 776
645 707
645 736
647 703
647 752
647 759
647 770
648 669
648 701
648 778
649 722
649 775
650 704
650 767
650 770
651 786
651 799
652 663
652 746
652 758
653 741
653 746
653 790
653 797
654 676
654 698
654 699
654 726
654 757
654 780
654 792
655 702
655 731
655 733
655 752
656 697
656 780
657 669
657 731
658 670
658 763
658 765
659 756
659 769
660 692
661 721
661 798
662 684
662 778
663 668
663 748
663 752
663 765
664 670
664 700
664 776
665 787
667 673
667 715
667 745
667 748
668 702
668 707
669 760
670 758
670 762
670 768
671 691
671 693
671 768
672 705
673 703
673 717
673 720
673 724
673 793
674 681
674 716
674 730
674 764
674 788
675 701
675 753
675 793
676 778
677 702
677 745
677 778
678 732
678 744
678 763
678 781
679 712
679 782
679 787
680 697
680 772
682 684
682 740
683 694
683 722
683 730
683 779
684 727
684 771
685 732
685 779
686 716
686 719
687 791
689 781
690 760
691 734
691 769
692 725
692 736
692 746
692 763
693 714
693 726
693 777
694 726
695 729
697 741
697 766
697 778
698 705
698 709
698 763
699 736
699 793
700 702
700 703
700 726
700 783
701 724
701 745
701 749
701 750
702 703
702 741
703 721
703 798
705 708
705 714
705 789
706 749
706 763
707 723
707 795
708 784
709 723
710 721
710 753
711 725
711 790
712 771
712 792
713 763
713 787
714 760
714 763
716 721
717 755
718 738
718 796
719 725
719 728
719 796
720 735
722 795
723 782
724 727
724 744
725 726
725 727
725 750
727 729
727 737
727 746
727 772
728 795
731 737
733 750
735 785
735 790
736 765
736 766
737 740
738 767
739 779
739 793
740 764
742 789
743 784
743 790
744 747
744 798
745 757
746 750
746 769
749 774
750 762
750 765
750 798
751 759
752 755
753 775
753 782
753 796
756 799
759 780
761 796
762 769
765 780
766 771
771 779
772 793
773 774
774 791
775 778
776 783
777 798
780 781
787 797
789 791
792 798