0 52
0 71
0 72
0 86
0 99
0 100
0 148
0 178
0 184
0 215
0 226
0 249
0 394
1 34
1 156
1 159
1 163
1 223
1 265
1 266
1 305
1 328
1 355
2 3
2 27
2 71
2 84
2 85
2 131
2 141
2 146
2 168
2 201
2 287
2 338
2 392
2 398
3 11
3 30
3 50
3 65
3 91
3 131
3 255
3 288
3 384
3 415
4 31
4 36
4 44
4 51
4 88
4 103
4 171
4 219
4 298
4 328
4 363
4 380
4 426
5 37
5 46
5 79
5 155
5 157
5 211
5 222
5 341
6 84
6 107
6 140
6 254
6 280
6 356
6 387
6 422
7 26
7 48
7 68
7 102
7 117
7 123
7 139
7 142
7 147
7 226
7 257
7 360
7 364
7 368
7 370
7 420
7 436
8 15
8 38
8 71
8 78
8 119
8 210
8 245
8 304
8 379
8 444
9 40
9 41
9 108
9 156
9 258
9 296
9 308
9 410
9 421
9 436
10 38
10 67
10 79
10 170
10 318
10 386
10 410
10 415
10 418
10 434
11 32
11 69
11 95
11 155
11 294
11 300
11 329
11 351
11 371
11 385
11 395
12 29
12 81
12 122
12 124
12 134
12 148
12 185
12 201
12 225
12 229
12 338
12 371
12 386
12 395
13 67
13 85
13 227
13 301
13 342
13 412
13 443
14 29
14 63
14 80
14 142
14 159
14 186
14 221
14 222
14 259
14 268
14 290
14 291
14 323
14 335
14 441
14 445
15 48
15 55
15 173
15 191
15 193
15 215
15 235
15 284
15 302
15 311
15 327
15 361
15 425
16 71
16 83
16 102
16 144
16 218
16 234
16 281
16 321
16 329
16 338
17 186
17 190
17 199
17 201
17 208
17 304
17 324
17 398
17 410
17 431
18 83
18 106
18 126
18 147
18 211
18 219
19 51
19 52
19 65
19 143
19 235
19 374
19 380
19 414
19 416
19 449
20 85
20 89
20 123
20 142
20 193
20 271
20 292
20 314
20 369
20 411
20 415
20 425
21 26
21 47
21 68
21 98
21 105
21 133
21 135
21 160
21 255
21 281
21 318
21 352
21 378
21 403
21 427
22 72
22 74
22 81
22 91
22 191
22 235
22 307
22 346
22 400
22 414
23 134
23 151
23 156
23 253
23 356
23 361
23 366
23 427
24 130
24 133
24 143
24 179
24 301
24 388
25 28
25 45
25 49
25 51
25 77
25 125
25 143
25 222
25 224
25 270
25 318
25 354
25 364
25 368
25 400
25 435
26 97
26 208
26 222
26 241
26 248
26 265
26 287
26 309
26 360
26 392
27 79
27 86
27 123
27 136
27 165
27 216
27 318
27 381
27 387
28 41
28 43
28 73
28 216
28 373
28 384
28 414
29 42
29 58
29 66
29 239
29 321
29 345
29 348
29 442
29 445
30 92
30 146
30 149
30 196
30 202
30 246
30 263
30 319
30 370
30 391
30 416
30 431
30 436
30 438
31 45
31 47
31 51
31 52
31 82
31 144
31 150
31 162
31 205
31 224
31 243
31 261
31 286
31 307
31 327
31 355
31 393
31 435
32 200
32 260
32 267
32 268
32 273
32 313
32 320
32 425
32 429
32 434
33 89
33 104
33 159
33 232
33 271
33 307
33 326
33 403
33 423
33 434
33 438
34 49
34 57
34 93
34 147
34 182
34 189
34 259
34 273
34 318
34 341
34 396
34 416
35 92
35 141
35 157
35 204
35 269
35 280
35 318
35 336
35 373
35 409
36 60
36 81
36 137
36 154
36 173
36 216
36 217
36 226
36 230
36 232
36 330
36 346
36 352
36 389
36 398
36 447
37 45
37 65
37 110
37 132
37 139
37 145
37 180
37 268
37 348
37 365
37 385
37 429
37 437
37 444
38 178
38 182
38 183
38 184
38 227
38 307
38 314
38 351
38 355
38 439
38 448
39 176
39 237
39 282
39 315
39 320
39 352
39 368
39 375
39 394
39 430
39 447
40 64
40 78
40 112
40 116
40 138
40 198
40 248
40 313
40 345
40 354
40 377
40 406
40 427
41 67
41 145
41 146
41 148
41 149
41 232
41 271
41 286
41 299
41 330
41 347
41 361
41 381
41 384
41 387
42 58
42 223
42 253
42 334
42 335
42 392
42 429
43 48
43 61
43 72
43 96
43 134
43 151
43 157
43 206
43 212
43 228
43 255
43 294
43 303
43 355
43 358
43 387
43 399
44 66
44 123
44 190
44 198
44 224
44 234
44 251
44 257
44 307
44 315
44 323
44 369
44 380
44 384
44 393
45 88
45 106
45 119
45 146
45 149
45 271
45 303
45 314
45 366
45 428
46 54
46 63
46 104
46 141
46 171
46 183
46 195
46 347
46 376
46 411
46 420
47 67
47 143
47 172
47 211
47 232
47 283
47 318
47 413
48 114
48 167
48 183
48 334
48 369
48 377
49 90
49 107
49 152
49 179
49 183
49 262
49 288
49 303
49 321
49 323
49 326
49 343
49 372
49 379
49 399
49 425
49 442
50 74
50 80
50 228
50 250
50 293
50 321
50 362
50 392
50 417
51 91
51 99
51 124
51 130
51 164
51 172
51 260
51 312
51 389
51 418
52 68
52 106
52 111
52 161
52 209
52 239
52 323
52 383
52 400
52 413
53 104
53 109
53 174
53 200
53 334
53 371
53 429
53 434
54 60
54 90
54 112
54 163
54 267
54 284
54 344
54 378
54 403
54 425
54 442
54 448
55 81
55 83
55 272
55 295
55 296
55 298
55 349
55 386
56 111
56 129
56 157
56 236
56 258
56 261
56 408
56 434
57 168
57 206
57 259
57 286
57 359
57 367
57 418
58 144
58 220
58 236
58 237
58 245
58 257
58 270
58 283
58 299
58 334
58 367
58 430
59 94
59 102
59 131
59 158
59 233
59 245
59 295
59 330
59 384
59 408
59 425
59 438
60 66
60 76
60 131
60 144
60 166
60 194
60 220
60 223
60 237
60 306
60 334
60 442
61 119
61 282
61 310
61 313
61 319
61 403
62 108
62 131
62 236
62 317
62 384
62 434
62 435
63 102
63 111
63 131
63 179
63 195
63 243
63 292
63 342
63 397
63 447
64 73
64 82
64 134
64 176
64 183
64 191
64 230
64 270
64 332
64 341
64 343
64 344
64 381
64 385
64 428
65 77
65 108
65 195
65 217
65 250
65 261
65 290
65 304
65 343
65 366
66 82
66 152
66 154
66 157
66 229
66 279
66 293
66 369
66 375
66 390
66 438
67 95
67 122
67 127
67 222
67 272
67 310
67 344
67 391
67 418
67 422
68 70
68 76
68 80
68 83
68 141
68 144
68 196
68 231
68 266
68 278
68 342
68 408
68 428
69 118
69 137
69 144
69 239
69 251
69 302
69 314
69 332
69 437
70 183
70 189
70 190
70 250
70 281
70 295
70 301
70 303
70 323
70 328
70 338
70 346
70 365
70 446
71 107
71 241
71 244
71 256
71 257
71 277
72 103
72 242
72 253
72 259
72 281
72 312
72 358
72 364
73 76
73 84
73 109
73 116
73 163
73 284
73 306
73 359
73 371
73 427
74 87
74 117
74 137
74 165
74 182
74 228
74 240
74 274
74 279
74 340
74 372
74 375
75 79
75 144
75 158
75 184
75 197
75 207
75 267
75 324
75 376
75 439
76 90
76 94
76 95
76 165
76 166
76 177
76 191
76 304
76 313
76 331
76 411
76 424
77 139
77 150
77 171
77 176
77 194
77 208
77 264
77 316
77 421
77 434
78 123
78 159
78 187
78 192
78 219
78 231
78 303
78 314
78 322
78 332
78 345
78 399
78 421
79 137
79 196
79 222
79 248
79 250
79 300
79 301
79 313
79 317
79 373
79 431
79 443
80 89
80 108
80 151
80 172
80 205
80 241
80 279
80 305
80 394
80 399
81 195
81 219
81 236
81 306
81 326
81 351
81 419
82 108
82 135
82 144
82 192
82 196
82 265
82 288
82 293
82 317
83 123
83 168
83 211
83 236
83 377
83 402
83 414
84 106
84 126
84 153
84 265
84 277
84 339
84 398
84 401
84 424
84 427
85 120
85 161
85 174
85 215
85 242
85 341
85 361
85 398
85 449
86 140
86 154
86 255
86 340
86 399
86 405
87 100
87 113
87 212
87 214
87 220
87 248
87 316
87 387
87 402
88 97
88 110
88 128
88 203
88 233
88 260
88 261
88 265
88 294
88 317
88 325
88 327
88 358
88 359
88 399
88 421
88 448
89 165
89 286
89 307
89 368
89 383
90 106
90 126
90 185
90 191
90 235
90 247
90 282
90 316
90 333
90 359
90 368
90 395
90 420
90 424
91 161
91 166
91 169
91 189
91 223
91 239
91 389
91 403
91 445
92 183
92 197
92 227
92 297
92 300
92 305
92 321
92 330
92 358
92 365
92 414
93 261
93 314
93 353
93 354
93 370
93 379
93 389
93 407
93 414
93 447
94 97
94 171
94 260
94 266
94 310
94 368
95 113
95 123
95 133
95 136
95 137
95 225
95 230
95 235
95 248
95 363
95 406
95 416
96 106
96 154
96 184
96 374
96 404
96 432
96 444
97 179
97 180
97 270
97 309
97 381
97 434
98 120
98 158
98 262
98 282
98 305
98 352
98 391
98 415
98 420
98 432
99 178
99 219
99 237
99 238
99 240
99 250
99 286
99 291
99 295
99 297
99 311
100 169
100 221
100 283
100 310
100 320
100 389
100 393
100 403
100 416
100 437
100 449
101 102
101 115
101 186
101 198
101 401
101 415
101 442
102 124
102 127
102 171
102 177
102 204
102 220
102 249
102 258
102 286
102 299
102 320
102 328
102 386
102 426
102 429
103 144
103 158
103 168
103 169
103 194
103 196
103 225
103 229
103 252
103 258
103 271
103 340
103 402
104 138
104 173
104 235
104 236
104 245
104 289
104 340
104 364
104 389
105 126
105 173
105 197
105 210
105 254
105 285
105 288
105 291
105 318
105 376
105 378
105 405
105 418
106 109
106 131
106 212
106 225
106 271
106 274
106 282
106 295
106 305
106 311
106 315
106 369
106 433
107 159
107 166
107 188
107 281
107 298
107 299
107 353
107 397
107 408
107 410
108 191
108 241
108 278
108 290
108 319
108 324
108 344
108 347
109 122
109 193
109 194
109 197
109 217
109 244
109 305
109 317
109 332
109 348
109 364
109 373
109 386
110 176
110 191
110 232
110 241
110 288
110 290
110 307
110 413
111 274
111 309
111 320
111 321
111 391
111 406
112 126
112 133
112 155
112 157
112 216
112 261
112 299
112 408
112 426
113 229
113 304
113 311
113 313
113 326
113 351
113 377
113 386
113 406
113 410
114 120
114 149
114 189
114 265
114 286
114 293
114 344
114 350
114 410
114 420
115 142
115 155
115 217
115 242
115 243
115 281
115 295
115 348
115 371
115 437
116 170
116 189
116 207
116 239
116 300
116 345
116 359
116 410
116 414
116 419
116 444
117 143
117 150
117 225
117 290
117 309
117 380
117 411
118 153
118 204
118 237
118 310
118 350
118 373
118 445
119 133
119 140
119 175
119 191
119 193
119 210
119 233
119 248
119 278
119 292
119 302
119 329
119 335
119 341
119 343
119 366
119 380
119 408
119 448
120 134
120 189
120 260
120 331
120 384
120 391
120 420
120 428
121 212
121 268
121 312
121 314
121 335
121 344
121 358
121 449
122 123
122 164
122 195
122 207
122 288
122 319
122 381
122 439
122 449
123 129
123 161
123 282
123 291
123 324
123 376
123 435
124 136
124 296
124 335
125 190
125 233
125 267
125 299
125 338
125 395
125 422
125 425
125 446
126 186
126 192
126 208
126 290
126 347
126 404
126 422
127 138
127 143
127 148
127 339
127 379
127 445
128 201
128 209
128 210
128 242
128 246
128 298
128 320
128 338
128 371
128 374
128 391
129 192
129 238
129 260
129 326
129 397
129 403
130 179
130 212
130 280
130 315
130 331
130 371
130 374
130 386
130 432
131 185
131 202
131 218
131 240
131 325
131 332
131 384
131 417
131 429
131 433
132 138
132 140
132 180
132 217
132 298
132 303
132 326
132 346
132 376
132 410
132 427
133 137
133 166
133 201
133 202
133 341
133 380
133 384
133 404
133 443
134 143
134 176
134 202
134 223
134 241
134 289
134 320
134 365
134 379
134 416
135 192
135 206
135 228
135 280
135 299
135 300
135 338
135 407
135 436
136 144
136 161
136 183
136 188
136 253
136 260
136 299
136 422
136 428
136 433
136 440
137 198
137 266
137 336
137 392
138 164
138 172
138 219
138 229
138 235
138 241
138 279
138 293
138 305
138 322
138 336
138 349
138 379
138 446
139 172
139 176
139 212
139 214
139 290
139 326
139 398
140 175
140 179
140 196
140 245
140 331
140 353
140 357
140 362
140 405
140 433
140 447
141 312
141 319
142 145
142 157
142 174
142 226
142 265
142 269
142 281
142 345
142 393
142 394
142 409
143 154
143 162
143 193
143 198
143 218
143 234
143 246
143 310
143 362
143 377
143 447
144 177
144 204
144 243
144 289
144 293
144 374
145 177
145 180
145 227
145 236
145 247
145 250
145 259
145 280
145 287
145 297
145 313
145 406
145 408
145 410
146 187
146 300
146 329
146 378
146 411
146 425
147 197
147 398
148 163
148 174
148 192
148 200
148 206
148 214
148 221
148 249
148 268
148 343
148 380
148 404
149 177
149 217
149 242
149 414
149 416
149 429
150 162
150 192
150 268
150 286
150 362
150 365
150 379
150 409
151 202
151 208
151 372
152 187
152 201
152 221
152 232
152 355
152 358
152 389
152 392
152 393
152 403
153 171
153 245
153 271
153 336
153 351
153 427
153 434
153 449
154 166
154 234
154 312
154 393
155 214
155 242
155 332
155 408
155 418
156 180
156 206
156 216
156 229
156 244
156 260
156 274
156 279
156 337
156 368
156 382
156 411
156 413
156 420
156 436
157 160
157 205
157 237
157 239
157 256
157 283
157 348
157 397
157 426
157 432
158 255
158 274
158 289
158 392
158 436
159 314
159 331
159 348
159 350
159 354
159 399
159 427
159 444
160 169
160 258
160 265
160 280
160 295
160 321
160 334
160 346
160 358
161 169
161 241
161 246
161 249
161 290
161 303
161 370
161 397
161 433
162 179
162 335
162 337
162 365
162 383
162 387
162 404
162 410
162 430
163 164
163 204
163 205
163 213
163 230
163 340
163 344
163 362
163 386
163 389
163 417
163 422
163 445
164 167
164 180
164 194
164 261
164 306
164 318
164 329
164 331
164 362
165 178
165 199
165 208
165 228
165 247
165 248
165 272
165 337
165 356
165 359
165 443
166 215
166 220
166 235
166 294
166 335
166 373
166 383
167 183
167 204
167 376
167 393
167 447
168 172
168 174
168 184
168 267
168 271
168 306
168 327
168 408
168 419
168 444
169 180
169 186
169 189
169 257
169 260
169 270
169 351
169 395
169 432
170 188
170 206
170 375
170 382
170 393
170 448
171 183
171 284
171 286
171 310
171 323
172 249
172 270
172 274
172 282
172 290
172 300
172 301
172 313
172 339
173 251
173 352
173 430
174 197
174 263
175 214
175 235
175 291
175 319
175 380
176 301
176 325
176 384
176 449
177 204
177 213
177 220
177 227
177 265
177 277
177 309
177 328
177 419
178 189
178 269
178 271
178 297
178 314
178 368
178 389
178 402
178 434
179 180
179 183
179 188
179 203
179 261
179 306
179 443
180 187
180 288
180 289
180 428
181 211
181 252
181 296
181 318
181 325
181 328
181 332
181 362
181 376
181 433
181 435
181 438
182 227
182 249
182 333
182 334
182 441
183 186
183 218
183 219
183 239
183 245
183 294
183 305
183 436
184 200
184 215
184 220
184 255
184 259
184 351
184 354
184 361
184 392
184 440
184 446
185 234
185 250
185 289
185 314
185 338
185 395
185 415
185 425
185 434
186 193
186 215
186 257
186 306
186 307
186 334
186 345
186 390
186 401
186 402
186 411
187 205
187 254
187 295
187 329
187 340
187 375
187 385
187 400
187 440
188 191
188 240
188 259
188 301
188 385
188 395
188 401
188 421
188 425
188 436
189 205
189 241
189 258
189 265
189 309
189 310
189 311
189 341
189 394
189 407
189 425
190 250
190 282
190 291
190 314
190 352
190 362
190 376
190 378
190 405
190 422
190 446
191 225
191 275
191 311
191 346
191 356
191 372
191 391
191 447
192 197
192 204
192 230
192 262
192 271
192 284
192 285
192 400
192 435
193 288
193 363
193 373
193 375
193 377
194 198
194 204
194 336
194 355
194 389
194 392
195 259
195 261
195 337
195 356
195 408
195 430
196 197
196 200
196 206
196 215
196 265
196 274
196 297
196 305
196 309
196 311
196 344
197 209
197 229
197 234
197 239
197 245
197 268
197 297
197 439
198 232
198 367
198 371
198 446
199 237
199 267
199 417
199 444
200 345
200 348
200 389
200 404
201 227
201 254
201 261
201 295
201 363
201 403
202 231
202 234
202 237
202 291
202 338
202 372
202 381
202 445
203 418
204 222
204 248
204 270
204 272
204 321
204 323
204 324
204 360
204 364
204 367
205 223
205 296
205 325
205 399
205 443
206 221
206 265
206 304
206 310
206 331
206 342
206 370
206 449
207 369
207 378
207 399
207 449
208 225
208 236
208 392
208 405
208 408
208 435
209 430
210 214
210 217
210 307
210 393
210 418
210 419
211 272
211 282
211 311
211 339
211 349
211 374
212 215
212 237
212 246
212 263
212 295
213 242
213 292
213 381
213 407
213 442
214 225
214 268
214 344
214 361
214 392
214 405
214 435
215 234
215 257
215 283
215 311
215 345
215 348
216 227
216 390
216 417
217 222
217 248
217 303
217 328
217 368
217 369
217 425
217 434
217 447
218 254
218 289
218 336
218 338
218 339
218 378
218 403
218 413
219 260
219 290
219 301
219 331
219 340
219 350
219 369
219 373
219 379
219 400
219 430
219 434
220 226
220 258
220 279
220 294
220 351
220 385
220 403
220 428
220 435
221 243
221 264
221 285
221 286
221 287
221 310
221 329
221 342
221 372
221 380
222 334
222 359
222 402
222 449
223 252
223 341
223 380
223 449
224 259
224 260
224 320
224 396
224 404
224 408
224 436
225 227
225 229
225 232
225 237
225 253
225 254
225 288
225 375
225 412
225 424
225 449
226 262
226 360
226 369
226 384
226 407
226 414
226 424
226 437
226 439
227 339
227 350
227 366
228 232
228 239
228 248
228 291
228 307
228 315
228 336
228 350
228 355
228 387
228 400
228 429
229 235
229 252
229 266
229 362
229 373
229 397
230 247
230 250
230 281
230 282
230 284
230 306
230 363
230 379
230 439
231 326
231 347
231 383
231 425
232 276
232 397
233 240
233 283
233 299
233 320
233 367
233 414
233 429
234 235
234 297
234 327
234 352
235 316
235 325
236 305
236 340
236 373
236 422
236 444
237 294
237 358
237 374
237 410
237 423
237 443
237 449
238 249
238 278
238 287
238 299
238 359
238 361
238 383
238 391
238 411
238 433
239 257
239 373
239 422
240 388
240 413
240 417
241 277
241 278
241 294
241 334
241 335
241 341
241 359
241 360
241 439
242 264
242 267
242 271
242 285
242 305
242 331
242 332
242 368
242 393
242 408
242 414
242 421
242 425
243 317
243 357
243 362
243 371
243 391
244 250
244 290
244 304
244 321
244 346
244 375
244 401
244 426
244 434
244 442
245 268
245 276
245 284
245 335
245 345
245 357
245 373
245 388
245 415
245 443
246 277
246 371
246 385
247 257
247 270
247 309
247 316
247 317
247 333
247 381
247 426
248 365
248 367
248 369
248 399
248 431
249 305
249 307
249 322
250 272
250 348
250 353
250 429
250 436
251 290
251 411
251 445
252 254
252 332
253 256
253 394
253 404
253 411
254 276
254 319
254 329
254 352
254 366
254 370
254 396
254 402
254 406
255 295
255 377
255 395
255 445
256 310
256 380
257 269
257 283
257 304
257 305
257 345
257 377
258 347
258 348
258 363
258 365
258 414
258 440
259 260
259 269
259 282
259 348
260 308
260 318
260 340
260 344
260 365
260 373
260 449
261 410
262 297
262 373
263 266
263 385
263 390
263 442
264 271
264 277
264 298
264 303
264 370
264 404
264 411
264 430
265 349
265 382
265 394
266 296
266 313
266 404
266 444
267 272
267 280
267 284
267 320
267 328
267 345
267 445
268 303
268 437
269 334
269 370
269 391
270 363
270 366
270 370
270 379
270 385
270 416
270 430
270 434
271 304
271 339
271 363
271 385
271 411
271 415
272 312
272 413
272 422
272 429
273 331
273 335
273 336
273 364
273 423
273 448
274 277
274 317
274 330
275 312
275 367
276 291
276 339
276 352
276 363
276 392
276 404
277 282
277 354
277 376
279 289
279 293
279 299
279 355
279 386
279 438
279 447
280 304
280 388
280 389
280 414
280 427
280 428
281 320
281 345
281 365
282 288
282 329
282 332
282 350
282 354
282 368
282 374
282 380
282 403
282 411
283 419
284 435
285 292
285 311
285 318
286 314
286 383
286 403
286 410
286 440
286 445
287 305
288 289
288 340
288 344
288 408
288 423
289 316
289 363
289 414
290 305
291 312
291 341
291 344
291 402
291 449
292 310
292 437
292 445
292 446
292 449
293 368
293 423
293 429
294 303
294 336
294 407
295 359
295 368
295 398
296 340
296 346
296 388
296 396
296 403
297 325
297 406
297 436
298 303
298 364
298 372
298 406
298 416
299 358
299 445
300 313
300 330
300 424
301 304
301 333
301 373
301 403
301 408
301 414
301 429
302 314
302 341
302 348
302 396
302 418
302 427
303 318
303 395
303 428
303 432
304 318
304 327
304 339
304 351
304 361
304 374
304 433
304 434
304 435
304 439
304 440
305 318
305 358
305 371
306 356
306 386
306 387
306 402
307 318
307 388
307 432
308 341
308 344
308 369
308 435
308 440
308 442
309 329
309 357
309 386
309 421
309 435
310 412
311 331
311 337
311 347
311 352
311 388
312 327
312 392
313 345
313 351
313 399
313 432
314 330
315 389
315 445
316 324
316 366
316 405
316 406
316 413
317 320
317 330
317 336
317 352
317 372
317 404
317 423
317 427
318 325
318 448
319 330
319 344
319 349
319 353
319 400
319 438
319 443
319 447
320 426
321 325
321 326
321 333
321 353
321 430
322 350
322 361
322 422
323 329
323 335
323 404
323 417
324 325
324 327
324 371
325 351
325 418
325 449
326 329
326 338
326 339
326 358
326 417
326 437
327 351
327 366
327 395
327 401
327 413
327 425
327 429
328 424
329 334
329 402
329 406
329 416
329 437
330 346
330 358
330 424
330 430
330 438
330 439
331 372
332 345
332 418
332 427
333 361
333 379
333 432
334 337
334 349
334 357
334 393
335 351
335 377
335 392
335 396
336 364
336 375
336 384
336 393
336 396
336 448
337 351
338 360
338 361
338 388
338 402
339 358
339 363
339 380
339 440
339 441
339 446
340 386
340 412
340 443
340 449
341 437
342 419
342 445
343 406
344 365
344 382
344 409
345 363
345 367
345 374
345 403
345 407
346 402
346 407
346 421
346 433
347 363
347 434
348 353
349 429
350 357
350 378
351 401
351 408
351 425
351 427
352 380
353 358
354 420
356 362
356 376
356 415
356 420
357 359
357 363
357 403
359 362
359 389
359 424
360 364
360 368
360 383
360 390
360 429
361 425
361 440
362 410
362 444
364 387
365 421
365 446
367 397
368 413
369 447
370 382
370 393
371 403
371 408
371 448
372 378
372 414
372 416
372 424
373 382
374 384
374 396
374 444
375 386
375 397
376 382
376 385
376 388
376 403
376 410
376 441
377 421
377 439
379 387
379 419
379 441
379 444
380 418
380 424
380 445
380 449
381 387
381 391
381 397
381 404
381 440
381 443
382 434
383 437
383 447
384 388
384 427
384 437
385 399
386 416
387 443
389 407
389 446
389 449
390 415
391 407
391 446
392 422
392 443
393 442
394 434
395 429
395 449
396 420
398 401
398 428
398 432
399 436
400 418
401 426
401 427
401 447
402 409
403 433
404 425
404 431
404 443
406 413
406 420
406 430
406 433
407 416
408 449
409 411
409 430
409 433
410 443
412 449
413 426
413 441
414 432
415 438
415 439
416 431
416 448
420 438
422 444
423 448
424 429
425 440
426 430
426 442
430 448
431 435
431 445
433 443