0 735
1 98
2 172
3 664
4 770
5 140
6 53
7 327
8 102
9 737
10 823
11 918
12 299
13 659
14 729
15 879
16 824
17 816
18 338
19 654
20 270
21 75
22 237
23 996
24 115
25 698
26 984
27 75
28 78
29 128
30 276
31 681
32 309
33 762
34 170
35 781
36 223
37 766
38 517
39 404
40 431
41 792
42 214
43 605
44 542
45 650
46 862
47 716
48 146
49 327
50 722
51 522
52 318
53 135
54 219
55 20
56 428
57 460
58 69
59 129
60 908
61 936
62 809
63 468
64 519
65 685
66 764
67 815
68 988
69 220
70 521
71 50
72 410
73 309
74 428
75 544
76 669
77 70
78 68
79 499
80 869
81 874
82 544
83 640
84 777
85 375
86 609
87 883
88 159
89 994
90 946
91 61
92 90
93 811
94 994
95 377
96 14
97 757
98 822
99 316
100 34
101 550
102 128
103 377
104 262
105 786
106 657
107 252
108 310
109 277
110 181
111 386
112 748
113 997
114 321
115 772
116 506
117 668
118 397
119 61
120 89
121 156
122 18
123 440
124 422
125 656
126 624
127 454
128 415
129 10
130 477
131 940
132 713
133 397
134 637
135 597
136 664
137 25
138 791
139 313
140 759
141 651
142 304
143 374
144 500
145 989
146 429
147 871
148 346
149 945
150 847
151 438
152 388
153 274
154 747
155 143
156 880
157 211
158 391
159 773
160 307
161 360
162 415
163 529
164 556
165 212
166 712
167 591
168 448
169 2
170 255
171 557
172 956
173 737
174 319
175 705
176 686
177 562
178 638
179 966
180 203
181 66
182 163
183 174
184 164
185 232
186 184
187 356
188 608
189 673
190 130
191 880
192 400
193 491
194 481
195 769
196 785
197 609
198 792
199 672
200 154
201 500
202 204
203 48
204 4
205 601
206 610
207 276
208 441
209 30
210 133
211 467
212 528
213 735
214 303
215 897
216 110
217 678
218 247
219 224
220 89
221 125
222 763
223 467
224 952
225 721
226 984
227 205
228 436
229 292
230 515
231 168
232 962
233 376
234 194
235 31
236 258
237 580
238 780
239 242
240 148
241 270
242 400
243 85
244 101
245 680
246 634
247 285
248 14
249 146
250 806
251 905
252 130
253 331
254 257
255 194
256 223
257 95
258 779
259 297
260 524
261 206
262 692
263 246
264 452
265 606
266 821
267 295
268 347
269 69
270 153
271 502
272 258
273 666
274 600
275 901
276 69
277 684
278 378
279 880
280 283
281 501
282 337
283 260
284 378
285 401
286 100
287 860
288 447
289 94
290 249
291 460
292 182
293 232
294 93
295 398
296 695
297 261
298 280
299 571
300 429
301 826
302 708
303 336
304 315
305 233
306 213
307 103
308 855
309 572
310 489
311 706
312 709
313 937
314 225
315 381
316 894
317 375
318 738
319 545
320 881
321 874
322 96
323 201
324 791
325 308
326 878
327 795
328 422
329 352
330 657
331 724
332 201
333 571
334 50
335 396
336 818
337 330
338 649
339 106
340 445
341 807
342 685
343 734
344 972
345 736
346 132
347 521
348 10
349 0
350 288
351 960
352 760
353 263
354 684
355 378
356 157
357 541
358 727
359 741
360 230
361 303
362 144
363 201
364 175
365 899
366 229
367 997
368 972
369 800
370 782
371 182
372 786
373 513
374 590
375 831
376 753
377 622
378 705
379 95
380 446
381 104
382 578
383 7
384 553
385 757
386 910
387 445
388 832
389 551
390 121
391 243
392 308
393 242
394 19
395 440
396 617
397 433
398 325
399 996
400 343
401 540
402 991
403 889
404 990
405 771
406 163
407 353
408 131
409 479
410 736
411 113
412 841
413 322
414 421
415 497
416 570
417 840
418 439
419 846
420 634
421 723
422 976
423 813
424 603
425 527
426 615
427 367
428 726
429 597
430 528
431 179
432 14
433 742
434 954
435 8
436 528
437 876
438 500
439 158
440 51
441 929
442 267
443 47
444 882
445 43
446 428
447 307
448 860
449 968
450 852
451 956
452 937
453 26
454 848
455 946
456 566
457 285
458 321
459 565
460 521
461 518
462 869
463 699
464 590
465 896
466 838
467 5
468 427
469 998
470 732
471 732
472 433
473 814
474 12
475 182
476 370
477 79
478 681
479 842
480 738
481 140
482 277
483 881
484 424
485 661
486 829
487 133
488 497
489 43
490 838
491 315
492 837
493 79
494 506
495 945
496 162
497 794
498 71
499 139
500 44
501 636
502 361
503 941
504 267
505 141
506 615
507 307
508 452
509 263
510 449
511 524
512 579
513 624
514 311
515 982
516 682
517 200
518 512
519 91
520 252
521 120
522 169
523 926
524 527
525 353
526 285
527 827
528 172
529 499
530 677
531 328
532 864
533 816
534 126
535 487
536 896
537 624
538 426
539 735
540 781
541 102
542 623
543 181
544 948
545 428
546 206
547 499
548 90
549 325
550 475
551 32
552 662
553 995
554 195
555 135
556 728
557 310
558 160
559 144
560 666
561 221
562 103
563 24
564 192
565 730
566 238
567 84
568 69
569 91
570 594
571 411
572 367
573 89
574 734
575 190
576 326
577 559
578 631
579 599
580 197
581 855
582 628
583 340
584 104
585 527
586 382
587 994
588 407
589 942
590 208
591 905
592 706
593 355
594 316
595 667
596 42
597 407
598 551
599 963