0 0
1 0
2 0
3 1
4 1
5 0
6 0
7 0
8 0
9 1
10 0
11 1
12 0
13 1
14 0
15 1
16 0
17 0
18 0
19 0
20 1
21 0
22 0
23 1
24 1
25 1
26 1
27 1
28 0
29 1
30 1
31 0
32 0
33 0
34 0
35 0
36 1
37 1
38 0
39 1
40 0
41 1
42 1
43 0
44 0
45 0
46 0
47 0
48 0
49 1
50 0
51 1
52 1
53 0
54 1
55 0
56 1
57 1
58 0
59 0
60 1
61 1
62 1
63 1
64 1
65 0
66 1
67 0
68 1
69 1
70 0
71 0
72 0
73 0
74 1
75 1
76 0
77 1
78 0
79 1
80 0
81 0
82 1
83 1
84 1
85 0
86 1
87 1
88 1
89 0
90 0
91 0
92 1
93 1
94 1
95 1
96 1
97 1
98 0
99 1
100 1
101 1
102 1
103 1
104 0
105 0
106 1
107 0
108 1
109 1
110 0
111 1
112 0
113 0
114 1
115 1
116 1
117 1
118 1
119 0
120 0
121 0
122 0
123 1
124 0
125 0
126 1
127 0
128 1
129 1
130 0
131 1
132 0
133 1
134 1
135 0
136 0
137 0
138 1
139 1
140 1
141 0
142 0
143 1
144 1
145 1
146 0
147 0
148 0
149 0
150 0
151 1
152 0
153 1
154 0
155 1
156 0
157 0
158 1
159 0
160 1
161 1
162 0
163 0
164 1
165 1
166 1
167 1
168 0
169 1
170 0
171 0
172 1
173 0
174 1
175 1
176 1
177 0
178 0
179 0
180 1
181 0
182 0
183 1
184 0
185 1
186 0
187 0
188 1
189 0
190 1
191 1
192 0
193 0
194 0
195 0
196 1
197 0
198 1
199 1
200 0
201 1
202 1
203 1
204 0
205 1
206 1
207 1
208 0
209 1
210 1
211 1
212 0
213 1
214 1
215 1
216 1
217 0
218 0
219 1
220 1
221 1
222 1
223 1
224 0
225 1
226 0
227 0
228 1
229 0
230 1
231 0
232 1
233 1
234 1
235 0
236 0
237 0
238 1
239 0
240 1
241 0
242 0
243 0
244 0
245 1
246 0
247 0
248 1
249 0
250 1
251 1
252 1
253 1
254 1
255 1
256 0
257 1
258 0
259 1
260 1
261 1
262 0
263 0
264 1
265 1
266 0
267 1
268 0
269 0
270 1
271 1
272 0
273 1
274 1
275 1
276 0
277 1
278 0
279 0
280 1
281 1
282 1
283 1
284 1
285 1
286 0
287 1
288 1
289 1
290 1
291 0
292 1
293 0
294 1
295 0
296 1
297 0
298 0
299 1
300 0
301 0
302 0
303 0
304 1
305 1
306 1
307 1
308 0
309 1
310 1
311 0
312 1
313 0
314 1
315 1
316 1
317 0
318 1
319 1
320 0
321 0
322 1
323 1
324 0
325 1
326 1
327 0
328 0
329 1
330 1
331 1
332 0
333 0
334 0
335 1
336 1
337 0
338 0
339 0
340 0
341 1
342 1
343 1
344 0
345 1
346 0
347 0
348 1
349 0
350 0
351 1
352 1
353 0
354 0
355 1
356 0
357 0
358 1
359 0
360 0
361 1
362 0
363 1
364 1
365 1
366 1
367 0
368 1
369 0
370 1
371 0
372 1
373 0
374 1
375 0
376 0
377 1
378 1
379 0
380 1
381 1
382 1
383 0
384 0
385 1
386 1
387 0
388 1
389 0
390 0
391 0
392 0
393 1
394 0
395 0
396 1
397 0
398 1
399 1
400 1
401 1
402 0
403 0
404 0
405 1
406 1
407 1
408 1
409 0
410 0
411 1
412 0
413 1
414 1
415 1
416 1
417 0
418 1
419 0
420 0
421 1
422 0
423 0
424 1
425 0
426 1
427 1
428 1
429 0
430 0
431 1
432 0
433 0
434 1
435 0
436 1
437 1
438 0
439 0
440 1
441 0
442 1
443 1
444 1
445 0
446 0
447 1
448 0
449 0
450 1
451 1
452 0
453 0
454 0
455 1
456 1
457 0
458 0
459 1
460 0
461 0
462 0
463 0
464 0
465 0
466 1
467 1
468 1
469 1
470 0
471 0
472 1
473 1
474 1
475 1
476 0
477 0
478 1
479 1
480 1
481 1
482 0
483 1
484 1
485 0
486 0
487 0
488 1
489 1
490 0
491 1
492 0
493 0
494 1
495 1
496 0
497 1
498 0
499 0
500 0
501 1
502 0
503 0
504 0
505 1
506 0
507 1
508 0
509 0
510 1
511 1
512 1
513 1
514 0
515 1
516 0
517 0
518 0
519 0
520 0
521 0
522 0
523 1
524 1
525 1
526 0
527 0
528 1
529 0
530 0
531 0
532 0
533 1
534 0
535 0
536 1
537 0
538 1
539 0
540 1
541 0
542 1
543 0
544 1
545 0
546 0
547 1
548 0
549 0
550 0
551 1
552 1
553 0
554 1
555 1
556 1
557 1
558 0
559 0
560 0
561 1
562 1
563 1
564 1
565 1
566 1
567 0
568 1
569 1
570 0
571 1
572 1
573 0
574 0
575 1
576 0
577 0
578 1
579 0
580 1
581 1
582 1
583 1
584 0
585 1
586 0
587 0
588 0
589 0
590 0
591 0
592 1
593 0
594 0
595 0
596 1
597 1
598 0
599 0
600 1
601 1
602 1
603 1
604 0
605 0
606 0
607 0
608 0
609 0
610 1
611 0
612 0
613 0
614 0
615 0
616 0
617 1
618 0
619 1
620 0
621 1
622 1
623 1
624 1
625 1
626 0
627 0
628 1
629 1
630 0
631 0
632 1
633 1
634 1
635 0
636 0
637 0
638 1
639 1
640 0
641 1
642 0
643 0
644 1
645 0
646 1
647 0
648 0
649 1
650 0
651 1
652 0
653 1
654 1
655 0
656 1
657 0
658 0
659 1
660 1
661 0
662 0
663 1
664 1
665 0
666 1
667 1
668 1
669 0
670 1
671 0
672 1
673 0
674 1
675 1
676 1
677 1
678 0
679 0
680 0
681 1
682 1
683 0
684 0
685 0
686 1
687 0
688 1
689 1
690 1
691 1
692 0
693 0
694 1
695 1
696 0
697 1
698 0
699 0
700 0
701 0
702 0
703 1
704 0
705 1
706 1
707 0
708 0
709 1
710 0
711 0
712 1
713 1
714 0
715 1
716 0
717 0
718 1
719 1
720 1
721 0
722 0
723 0
724 1
725 1
726 0
727 1
728 0
729 1
730 1
731 1
732 1
733 0
734 0
735 0
736 1
737 0
738 0
739 1
740 1
741 0
742 0
743 1
744 1
745 1
746 1
747 0
748 0
749 1
750 1
751 1
752 1
753 1
754 0
755 1
756 1
757 1
758 0
759 0
760 1
761 1
762 1
763 0
764 0
765 1
766 1
767 0
768 0
769 1
770 1
771 1
772 1
773 0
774 1
775 1
776 1
777 0
778 1
779 1
780 0
781 1
782 1
783 0
784 0
785 1
786 1
787 0
788 1
789 0
790 0
791 0
792 1
793 0
794 1
795 0
796 1
797 0
798 1
799 0
800 0
801 1
802 0
803 1
804 1
805 0
806 0
807 0
808 0
809 0
810 0
811 1
812 1
813 1
814 0
815 1
816 1
817 0
818 1
819 1
820 1
821 0
822 0
823 1
824 0
825 0
826 1
827 1
828 0
829 1
830 0
831 0
832 0
833 1
834 1
835 0
836 0
837 0
838 1
839 1
840 1
841 0
842 0
843 1
844 1
845 0
846 1
847 1
848 1
849 1
850 0
851 0
852 0
853 0
854 1
855 1
856 1
857 0
858 0
859 0
860 0
861 0
862 1
863 0
864 1
865 0
866 1
867 0
868 1
869 1
870 0
871 0
872 1
873 0
874 1
875 0
876 0
877 0
878 0
879 0
880 1
881 1
882 1
883 1
884 0
885 0
886 1
887 1
888 1
889 1
890 1
891 0
892 1
893 1
894 0
895 1
896 1
897 0
898 1
899 0
900 0
901 1
902 0
903 1
904 0
905 0
906 0
907 0
908 1
909 1
910 1
911 0
912 1
913 1
914 0
915 0
916 1
917 1
918 1
919 0
920 0
921 0
922 1
923 0
924 0
925 0
926 1
927 1
928 0
929 1
930 0
931 0
932 1
933 0
934 0
935 1
936 1
937 0
938 0
939 0
940 1
941 0
942 1
943 1
944 1
945 0
946 0
947 1
948 0
949 1
950 0
951 1
952 1
953 1
954 0
955 1
956 1
957 0
958 0
959 1
960 0
961 1
962 1
963 0
964 1
965 0
966 1
967 0
968 1
969 0
970 0
971 0
972 0
973 0
974 1
975 1
976 1
977 1
978 1
979 0
980 0
981 1
982 0
983 1
984 1
985 1
986 1
987 0
988 0
989 0
990 0
991 0
992 1
993 1
994 0
995 1
996 1
997 0
998 1
999 0
1000 1
1001 1
1002 1
1003 0
1004 0
1005 1
1006 0
1007 0
1008 0
1009 1
1010 1
1011 0
1012 1
1013 0
1014 0
1015 0
1016 0
1017 0
1018 1
1019 1
1020 1
1021 0
1022 1
1023 0
1024 1
1025 1
1026 1
1027 0
1028 1
1029 0
1030 0
1031 0
1032 0
1033 0
1034 0
1035 1
1036 0
1037 1
1038 0
1039 1
1040 1
1041 0
1042 0
1043 0
1044 1
1045 1
1046 1
1047 1
1048 0
1049 0
1050 0
1051 0
1052 1
1053 0
1054 1
1055 0
1056 0
1057 1
1058 0
1059 0
1060 0
1061 0
1062 0
1063 0
1064 1
1065 0
1066 0
1067 0
1068 1
1069 0
1070 0
1071 0
1072 0
1073 1
1074 0
1075 1
1076 1
1077 0
1078 1
1079 1
1080 1
1081 0
1082 1
1083 0
1084 1
1085 0
1086 1
1087 1
1088 1
1089 0
1090 1
1091 0
1092 1
1093 0
1094 0
1095 1
1096 0
1097 0
1098 1
1099 0
1100 1
1101 0
1102 0
1103 0
1104 0
1105 0
1106 1
1107 0
1108 1
1109 0
1110 1
1111 0
1112 0
1113 0
1114 1
1115 0
1116 0
1117 1
1118 1
1119 1
1120 0
1121 0
1122 1
1123 0
1124 0
1125 0
1126 0
1127 0
1128 0
1129 1
1130 0
1131 0
1132 0
1133 1
1134 1
1135 1
1136 0
1137 0
1138 0
1139 0
1140 1
1141 1
1142 0
1143 0
1144 1
1145 1
1146 0
1147 1
1148 0
1149 1
1150 0
1151 1
1152 0
1153 0
1154 1
1155 1
1156 0
1157 1
1158 0
1159 1
1160 0
1161 1
1162 0
1163 1
1164 1
1165 0
1166 1
1167 1
1168 1
1169 0
1170 1
1171 0
1172 0
1173 0
1174 0
1175 1
1176 1
1177 0
1178 0
1179 1
1180 0
1181 1
1182 0
1183 0
1184 1
1185 0
1186 1
1187 0
1188 1
1189 0
1190 0
1191 0
1192 1
1193 1
1194 0
1195 1
1196 1
1197 0
1198 0
1199 0
1200 1
1201 0
1202 0
1203 0
1204 0
1205 0
1206 0
1207 0
1208 1
1209 0
1210 1
1211 0
1212 0
1213 0
1214 0
1215 0
1216 1
1217 0
1218 1
1219 0
1220 1
1221 0
1222 0
1223 1
1224 1
1225 0
1226 0
1227 1
1228 1
1229 0
1230 0
1231 0
1232 1
1233 0
1234 1
1235 1
1236 1
1237 1
1238 1
1239 1
1240 1
1241 1
1242 1
1243 1
1244 0
1245 0
1246 1
1247 1
1248 0
1249 1
1250 0
1251 1
1252 1
1253 1
1254 1
1255 0
1256 1
1257 1
1258 1
1259 1
1260 0
1261 0
1262 1
1263 1
1264 1
1265 0
1266 1
1267 0
1268 1
1269 1
1270 0
1271 0
1272 1
1273 0
1274 1
1275 0
1276 1
1277 0
1278 0
1279 0
1280 0
1281 0
1282 1
1283 1
1284 1
1285 1
1286 1
1287 1
1288 1
1289 0
1290 0
1291 0
1292 1
1293 0
1294 0
1295 0
1296 0
1297 0
1298 1
1299 0
1300 0
1301 0
1302 1
1303 1
1304 0
1305 0
1306 1
1307 0
1308 0
1309 0
1310 0
1311 1
1312 0
1313 0
1314 1
1315 1
1316 1
1317 0
1318 1
1319 0
1320 0
1321 1
1322 0
1323 1
1324 1
1325 0
1326 0
1327 1
1328 1
1329 0
1330 0
1331 0
1332 1
1333 1
1334 0
1335 1
1336 0
1337 0
1338 0
1339 1
1340 1
1341 0
1342 0
1343 0
1344 1
1345 1
1346 0
1347 0
1348 0
1349 1
1350 1
1351 0
1352 0
1353 1
1354 1
1355 0
1356 1
1357 1
1358 1
1359 0
1360 0
1361 1
1362 1
1363 1
1364 0
1365 1
1366 0
1367 0
1368 0
1369 1
1370 1
1371 1
1372 0
1373 1
1374 1
1375 1
1376 0
1377 0
1378 0
1379 1
1380 1
1381 1
1382 0
1383 1
1384 0
1385 0
1386 1
1387 1
1388 1
1389 1
1390 0
1391 0
1392 1
1393 1
1394 0
1395 1
1396 1
1397 1
1398 0
1399 1
1400 0
1401 0
1402 1
1403 0
1404 0
1405 1
1406 0
1407 0
1408 1
1409 0
1410 0
1411 1
1412 0
1413 1
1414 0
1415 0
1416 0
1417 0
1418 1
1419 1
1420 0
1421 0
1422 0
1423 1
1424 1
1425 0
1426 0
1427 1
1428 1
1429 0
1430 0
1431 0
1432 0
1433 0
1434 0
1435 0
1436 0
1437 1
1438 1
1439 0
1440 0
1441 1
1442 0
1443 1
1444 0
1445 0
1446 1
1447 0
1448 1
1449 0
1450 0
1451 1
1452 1
1453 1
1454 0
1455 1
1456 1
1457 0
1458 1
1459 0
1460 1
1461 1
1462 1
1463 0
1464 0
1465 0
1466 0
1467 1
1468 0
1469 0
1470 1
1471 1
1472 0
1473 0
1474 0
1475 0
1476 0
1477 1
1478 1
1479 0
1480 1
1481 1
1482 1
1483 0
1484 1
1485 0
1486 0
1487 1
1488 1
1489 1
1490 1
1491 0
1492 1
1493 1
1494 0
1495 0
1496 1
1497 1
1498 0
1499 0
1500 1
1501 0
1502 0
1503 1
1504 0
1505 0
1506 1
1507 0
1508 1
1509 1
1510 0
1511 1
1512 1
1513 1
1514 1
1515 1
1516 0
1517 0
1518 1
1519 1
1520 1
1521 1
1522 0
1523 0
1524 0
1525 0
1526 1
1527 1
1528 1
1529 1
1530 1
1531 0
1532 0
1533 0
1534 0
1535 0
1536 1
1537 0
1538 1
1539 1
1540 1
1541 1
1542 0
1543 1
1544 0
1545 1
1546 1
1547 0
1548 0
1549 0
1550 0
1551 1
1552 1
1553 1
1554 0
1555 0
1556 0
1557 0
1558 0
1559 1
1560 0
1561 0
1562 0
1563 0
1564 1
1565 1
1566 0
1567 1
1568 0
1569 0
1570 1
1571 0
1572 0
1573 1
1574 1
1575 0
1576 0
1577 1
1578 0
1579 0
1580 1
1581 1
1582 0
1583 0
1584 0
1585 1
1586 0
1587 0
1588 0
1589 1
1590 1
1591 1
1592 0
1593 1
1594 1
1595 0
1596 0
1597 0
1598 1
1599 0
1600 1
1601 0
1602 0
1603 0
1604 1
1605 1
1606 1
1607 0
1608 1
1609 1
1610 0
1611 1
1612 0
1613 0
1614 0
1615 1
1616 1
1617 0
1618 1
1619 0
1620 1
1621 0
1622 1
1623 0
1624 0
1625 0
1626 1
1627 1
1628 0
1629 1
1630 0
1631 1
1632 0
1633 0
1634 1
1635 1
1636 1
1637 1
1638 0
1639 1
1640 1
1641 0
1642 1
1643 1
1644 0
1645 1
1646 1
1647 0
1648 0
1649 1
1650 0
1651 0
1652 0
1653 1
1654 1
1655 0
1656 0
1657 0
1658 0
1659 1
1660 0
1661 1
1662 1
1663 1
1664 1
1665 0
1666 1
1667 1
1668 0
1669 0
1670 0
1671 0
1672 1
1673 0
1674 0
1675 0
1676 0
1677 1
1678 0
1679 1
1680 0
1681 1
1682 1
1683 1
1684 0
1685 1
1686 1
1687 0
1688 1
1689 1
1690 0
1691 1
1692 1
1693 0
1694 0
1695 1
1696 1
1697 0
1698 0
1699 0
1700 0
1701 1
1702 1
1703 0
1704 1
1705 0
1706 1
1707 0
1708 1
1709 0
1710 1
1711 0
1712 0
1713 0
1714 0
1715 0
1716 0
1717 0
1718 0
1719 0
1720 1
1721 1
1722 0
1723 1
1724 1
1725 1
1726 0
1727 0
1728 1
1729 1
1730 1
1731 0
1732 1
1733 1
1734 1
1735 1
1736 1
1737 0
1738 0
1739 1
1740 1
1741 1
1742 0
1743 0
1744 0
1745 0
1746 1
1747 0
1748 0
1749 0
1750 0
1751 0
1752 1
1753 1
1754 0
1755 0
1756 1
1757 1
1758 1
1759 1
1760 1
1761 0
1762 0
1763 1
1764 0
1765 1
1766 1
1767 0
1768 0
1769 0
1770 0
1771 0
1772 1
1773 0
1774 0
1775 0
1776 1
1777 0
1778 1
1779 1
1780 1
1781 1
1782 1
1783 1
1784 1
1785 1
1786 1
1787 0
1788 1
1789 0
1790 1
1791 1
1792 1
1793 0
1794 1
1795 1
1796 0
1797 0
1798 0
1799 1
1800 1
1801 0
1802 0
1803 1
1804 0
1805 0
1806 1
1807 0
1808 0
1809 0
1810 0
1811 0
1812 0
1813 1
1814 0
1815 1
1816 1
1817 0
1818 0
1819 1
1820 0
1821 0
1822 1
1823 0
1824 1
1825 0
1826 1
1827 1
1828 0
1829 1
1830 1
1831 1
1832 1
1833 0
1834 0
1835 1
1836 0
1837 1
1838 1
1839 1
1840 1
1841 0
1842 0
1843 1
1844 1
1845 1
1846 1
1847 1
1848 1
1849 0
1850 1
1851 0
1852 1
1853 0
1854 1
1855 0
1856 0
1857 0
1858 0
1859 0
1860 0
1861 0
1862 1
1863 1
1864 1
1865 0
1866 0
1867 0
1868 1
1869 0
1870 0
1871 0
1872 0
1873 0
1874 1
1875 1
1876 1
1877 1
1878 0
1879 0
1880 1
1881 1
1882 0
1883 1
1884 0
1885 1
1886 0
1887 1
1888 1
1889 1
1890 1
1891 1
1892 1
1893 0
1894 1
1895 0
1896 0
1897 0
1898 1
1899 1
1900 0
1901 1
1902 0
1903 0
1904 0
1905 1
1906 0
1907 1
1908 1
1909 1
1910 1
1911 1
1912 1
1913 0
1914 0
1915 1
1916 0
1917 1
1918 0
1919 1
1920 1
1921 1
1922 0
1923 0
1924 0
1925 0
1926 0
1927 1
1928 0
1929 0
1930 0
1931 0
1932 1
1933 0
1934 1
1935 0
1936 0
1937 0
1938 0
1939 0
1940 0
1941 1
1942 0
1943 1
1944 0
1945 1
1946 0
1947 0
1948 1
1949 1
1950 0
1951 0
1952 1
1953 1
1954 1
1955 1
1956 0
1957 1
1958 1
1959 0
1960 1
1961 0
1962 0
1963 0
1964 1
1965 0
1966 0
1967 1
1968 1
1969 1
1970 1
1971 1
1972 0
1973 1
1974 0
1975 1
1976 1
1977 0
1978 1
1979 0
1980 1
1981 1
1982 0
1983 1
1984 1
1985 0
1986 1
1987 0
1988 1
1989 1
1990 1
1991 0
1992 1
1993 0
1994 0
1995 1
1996 1
1997 1
1998 1
1999 0
2000 1
2001 1
2002 0
2003 1
2004 0
2005 0
2006 1
2007 0
2008 0
2009 1
2010 1
2011 0
2012 0
2013 0
2014 1
2015 0
2016 1
2017 1
2018 0
2019 0
2020 0
2021 1
2022 0
2023 0
2024 1
2025 1
2026 0
2027 1
2028 0
2029 1
2030 0
2031 0
2032 0
2033 0
2034 0
2035 1
2036 0
2037 1
2038 1
2039 1
2040 0
2041 1
2042 1
2043 0
2044 0
2045 1
2046 0
2047 1
2048 0
2049 1
2050 1
2051 0
2052 0
2053 1
2054 0
2055 1
2056 1
2057 1
2058 1
2059 0
2060 0
2061 0
2062 0
2063 1
2064 0
2065 1
2066 1
2067 1
2068 0
2069 0
2070 0
2071 1
2072 0
2073 1
2074 0
2075 0
2076 1
2077 1
2078 0
2079 1
2080 1
2081 0
2082 0
2083 0
2084 0
2085 0
2086 0
2087 0
2088 0
2089 1
2090 0
2091 0
2092 1
2093 0
2094 1
2095 1
2096 0
2097 0
2098 0
2099 0
2100 1
2101 0
2102 0
2103 0
2104 1
2105 0
2106 1
2107 0
2108 1
2109 0
2110 0
2111 1
2112 1
2113 1
2114 1
2115 0
2116 1
2117 1
2118 1
2119 1
2120 1
2121 0
2122 0
2123 1
2124 0
2125 0
2126 1
2127 1
2128 1
2129 0
2130 0
2131 0
2132 0
2133 1
2134 0
2135 0
2136 0
2137 0
2138 0
2139 1
2140 1
2141 1
2142 1
2143 1
2144 1
2145 1
2146 1
2147 1
2148 0
2149 0
2150 0
2151 0
2152 0
2153 1
2154 0
2155 1
2156 0
2157 1
2158 1
2159 0
2160 1
2161 0
2162 0
2163 0
2164 0
2165 0
2166 1
2167 1
2168 1
2169 0
2170 0
2171 0
2172 1
2173 1
2174 0
2175 1
2176 1
2177 1
2178 1
2179 1
2180 1
2181 0
2182 0
2183 1
2184 0
2185 1
2186 0
2187 1
2188 1
2189 1
2190 1
2191 1
2192 0
2193 1
2194 0
2195 0
2196 0
2197 0
2198 0
2199 1
2200 1
2201 0
2202 1
2203 1
2204 1
2205 0
2206 0
2207 1
2208 0
2209 0
2210 0
2211 0
2212 1
2213 1
2214 1
2215 1
2216 0
2217 1
2218 1
2219 0
2220 0
2221 1
2222 1
2223 0
2224 1
2225 1
2226 1
2227 0
2228 1
2229 0
2230 1
2231 1
2232 1
2233 0
2234 1
2235 1
2236 1
2237 0
2238 0
2239 0
2240 1
2241 0
2242 0
2243 0
2244 0
2245 1
2246 0
2247 0
2248 1
2249 0
2250 1
2251 1
2252 0
2253 1
2254 1
2255 0
2256 0
2257 1
2258 1
2259 0
2260 0
2261 0
2262 1
2263 0
2264 1
2265 0
2266 1
2267 1
2268 1
2269 0
2270 1
2271 1
2272 1
2273 0
2274 1
2275 0
2276 0
2277 0
2278 1
2279 1
2280 0
2281 1
2282 0
2283 1
2284 1
2285 0
2286 1
2287 0
2288 0
2289 1
2290 0
2291 0
2292 1
2293 1
2294 0
2295 0
2296 0
2297 1
2298 1
2299 0
2300 0
2301 1
2302 0
2303 1
2304 0
2305 0
2306 1
2307 0
2308 1
2309 1
2310 0
2311 1
2312 0
2313 1
2314 0
2315 0
2316 1
2317 1
2318 0
2319 0
2320 1
2321 1
2322 0
2323 0
2324 1
2325 1
2326 0
2327 1
2328 0
2329 0
2330 0
2331 1
2332 1
2333 1
2334 0
2335 1
2336 1
2337 1
2338 1
2339 1
2340 0
2341 0
2342 1
2343 1
2344 1
2345 0
2346 1
2347 1
2348 1
2349 1
2350 0
2351 0
2352 1
2353 1
2354 0
2355 0
2356 0
2357 0
2358 0
2359 0
2360 0
2361 0
2362 1
2363 0
2364 1
2365 1
2366 0
2367 1
2368 0
2369 0
2370 1
2371 1
2372 0
2373 0
2374 1
2375 0
2376 0
2377 0
2378 0
2379 0
2380 1
2381 1
2382 0
2383 1
2384 1
2385 1
2386 1
2387 0
2388 1
2389 1
2390 1
2391 0
2392 1
2393 0
2394 0
2395 0
2396 1
2397 1
2398 1
2399 0
2400 0
2401 0
2402 0
2403 0
2404 0
2405 1
2406 1
2407 0
2408 1
2409 1
2410 1
2411 1
2412 1
2413 0
2414 0
2415 0
2416 1
2417 0
2418 0
2419 1
2420 1
2421 1
2422 1
2423 1
2424 0
2425 1
2426 0
2427 1
2428 1
2429 1
2430 1
2431 0
2432 0
2433 1
2434 0
2435 0
2436 0
2437 1
2438 0
2439 0
2440 0
2441 1
2442 1
2443 0
2444 1
2445 0
2446 1
2447 1
2448 1
2449 1
2450 0
2451 0
2452 1
2453 1
2454 0
2455 0
2456 1
2457 1
2458 1
2459 1
2460 0
2461 0
2462 0
2463 0
2464 1
2465 1
2466 0
2467 0
2468 1
2469 0
2470 0
2471 1
2472 1
2473 1
2474 0
2475 0
2476 0
2477 1
2478 0
2479 0
2480 0
2481 0
2482 1
2483 0
2484 0
2485 0
2486 0
2487 0
2488 0
2489 0
2490 0
2491 0
2492 0
2493 1
2494 0
2495 1
2496 1
2497 1
2498 0
2499 1
2500 1
2501 0
2502 0
2503 1
2504 0
2505 0
2506 0
2507 0
2508 0
2509 1
2510 0
2511 1
2512 0
2513 0
2514 0
2515 0
2516 1
2517 0
2518 0
2519 1
2520 1
2521 1
2522 1
2523 0
2524 0
2525 1
2526 0
2527 1
2528 1
2529 0
2530 0
2531 1
2532 1
2533 1
2534 1
2535 1
2536 0
2537 1
2538 0
2539 0
2540 1
2541 1
2542 1
2543 0
2544 1
2545 1
2546 1
2547 0
2548 0
2549 1
2550 0
2551 1
2552 1
2553 1
2554 1
2555 1
2556 1
2557 0
2558 1
2559 1
2560 1
2561 1
2562 1
2563 1
2564 0
2565 1
2566 1
2567 0
2568 0
2569 1
2570 1
2571 0
2572 1
2573 1
2574 0
2575 1
2576 1
2577 0
2578 0
2579 1
2580 0
2581 0
2582 1
2583 1
2584 0
2585 1
2586 1
2587 1
2588 0
2589 1
2590 1
2591 0
2592 0
2593 0
2594 1
2595 0
2596 1
2597 1
2598 1
2599 1
2600 1
2601 1
2602 0
2603 1
2604 0
2605 1
2606 0
2607 1
2608 1
2609 1
2610 0
2611 0
2612 0
2613 1
2614 1
2615 1
2616 0
2617 0
2618 0
2619 1
2620 1
2621 1
2622 0
2623 1
2624 1
2625 0
2626 1
2627 1
2628 0
2629 0
2630 0
2631 0
2632 0
2633 0
2634 1
2635 1
2636 1
2637 0
2638 0
2639 0
2640 0
2641 0
2642 1
2643 0
2644 1
2645 0
2646 1
2647 1
2648 1
2649 1
2650 1
2651 0
2652 1
2653 0
2654 0
2655 0
2656 0
2657 1
2658 0
2659 0
2660 1
2661 1
2662 1
2663 1
2664 1
2665 0
2666 1
2667 0
2668 0
2669 1
2670 0
2671 1
2672 0
2673 1
2674 0
2675 0
2676 1
2677 1
2678 0
2679 0
2680 1
2681 1
2682 0
2683 1
2684 0
2685 0
2686 1
2687 1
2688 1
2689 0
2690 1
2691 0
2692 1
2693 0
2694 1
2695 1
2696 1
2697 1
2698 0
2699 0
2700 0
2701 0
2702 1
2703 1
2704 0
2705 1
2706 1
2707 0
2708 0
2709 0
2710 1
2711 1
2712 1
2713 0
2714 1
2715 1
2716 0
2717 1
2718 0
2719 0
2720 1
2721 1
2722 0
2723 1
2724 0
2725 0
2726 1
2727 0
2728 1
2729 0
2730 1
2731 0
2732 0
2733 0
2734 1
2735 1
2736 1
2737 1
2738 0
2739 0
2740 1
2741 1
2742 1
2743 0
2744 1
2745 0
2746 1
2747 0
2748 0
2749 0
2750 0
2751 0
2752 1
2753 0
2754 0
2755 0
2756 1
2757 1
2758 0
2759 1
2760 0
2761 0
2762 1
2763 0
2764 0
2765 1
2766 0
2767 1
2768 1
2769 1
2770 0
2771 1
2772 0
2773 0
2774 0
2775 1
2776 0
2777 1
2778 1
2779 1
2780 0
2781 0
2782 1
2783 1
2784 0
2785 0
2786 1
2787 1
2788 0
2789 0
2790 0
2791 1
2792 1
2793 0
2794 1
2795 0
2796 0
2797 0
2798 1
2799 1
2800 1
2801 1
2802 0
2803 0
2804 0
2805 0
2806 1
2807 0
2808 1
2809 1
2810 0
2811 1
2812 0
2813 1
2814 0
2815 0
2816 0
2817 1
2818 0
2819 0
2820 1
2821 1
2822 1
2823 0
2824 0
2825 1
2826 0
2827 1
2828 1
2829 0
2830 0
2831 0
2832 1
2833 1
2834 1
2835 1
2836 1
2837 0
2838 0
2839 0
2840 1
2841 0
2842 0
2843 0
2844 1
2845 1
2846 0
2847 0
2848 1
2849 0
2850 1
2851 0
2852 1
2853 0
2854 0
2855 0
2856 1
2857 0
2858 0
2859 0
2860 0
2861 0
2862 0
2863 1
2864 1
2865 0
2866 1
2867 0
2868 1
2869 1
2870 1
2871 1
2872 1
2873 1
2874 0
2875 1
2876 0
2877 1
2878 1
2879 1
2880 1
2881 1
2882 0
2883 1
2884 0
2885 1
2886 1
2887 0
2888 0
2889 0
2890 0
2891 1
2892 0
2893 0
2894 1
2895 1
2896 1
2897 1
2898 1
2899 1
2900 0
2901 0
2902 1
2903 0
2904 1
2905 0
2906 0
2907 0
2908 0
2909 1
2910 1
2911 0
2912 0
2913 1
2914 0
2915 1
2916 0
2917 0
2918 0
2919 1
2920 0
2921 0
2922 0
2923 0
2924 0
2925 0
2926 1
2927 0
2928 0
2929 0
2930 1
2931 1
2932 0
2933 0
2934 0
2935 0
2936 0
2937 0
2938 1
2939 1
2940 0
2941 1
2942 1
2943 0
2944 1
2945 0
2946 1
2947 0
2948 1
2949 1
2950 0
2951 0
2952 1
2953 1
2954 1
2955 0
2956 0
2957 0
2958 1
2959 1
2960 0
2961 0
2962 1
2963 1
2964 0
2965 1
2966 0
2967 1
2968 1
2969 1
2970 1
2971 0
2972 1
2973 0
2974 1
2975 1
2976 1
2977 0
2978 0
2979 0
2980 0
2981 0
2982 1
2983 0
2984 1
2985 0
2986 1
2987 1
2988 1
2989 0
2990 0
2991 1
2992 0
2993 0
2994 0
2995 1
2996 1
2997 0
2998 0
2999 0
3000 0
3001 1
3002 0
3003 1
3004 0
3005 1
3006 1
3007 0
3008 1
3009 1
3010 1
3011 0
3012 0
3013 1
3014 0
3015 1
3016 0
3017 0
3018 1
3019 0
3020 0
3021 1
3022 1
3023 1
3024 1
3025 1
3026 0
3027 0
3028 1
3029 1
3030 1
3031 0
3032 0
3033 1
3034 0
3035 1
3036 0
3037 1
3038 1
3039 1
3040 0
3041 1
3042 1
3043 0
3044 0
3045 1
3046 0
3047 1
3048 0
3049 0
3050 0
3051 1
3052 0
3053 1
3054 1
3055 0
3056 0
3057 1
3058 0
3059 0
3060 0
3061 1
3062 0
3063 1
3064 1
3065 1
3066 0
3067 0
3068 1
3069 1
3070 0
3071 1
3072 1
3073 0
3074 0
3075 1
3076 1
3077 1
3078 0
3079 0
3080 1
3081 1
3082 0
3083 0
3084 0
3085 0
3086 1
3087 0
3088 0
3089 0
3090 1
3091 0
3092 0
3093 1
3094 0
3095 1
3096 0
3097 1
3098 0
3099 1
3100 0
3101 0
3102 0
3103 0
3104 1
3105 0
3106 1
3107 0
3108 1
3109 0
3110 1
3111 1
3112 1
3113 0
3114 1
3115 0
3116 0
3117 1
3118 1
3119 1
3120 1
3121 1
3122 0
3123 1
3124 0
3125 0
3126 0
3127 1
3128 0
3129 0
3130 0
3131 0
3132 0
3133 1
3134 1
3135 0
3136 0
3137 1
3138 0
3139 0
3140 1
3141 1
3142 1
3143 0
3144 1
3145 1
3146 1
3147 0
3148 1
3149 1
3150 1
3151 1
3152 0
3153 0
3154 1
3155 1
3156 0
3157 1
3158 0
3159 1
3160 0
3161 0
3162 1
3163 0
3164 0
3165 0
3166 0
3167 0
3168 0
3169 1
3170 0
3171 1
3172 0
3173 0
3174 1
3175 0
3176 1
3177 0
3178 1
3179 1
3180 1
3181 0
3182 0
3183 1
3184 1
3185 0
3186 1
3187 0
3188 0
3189 1
3190 0
3191 0
3192 1
3193 1
3194 1
3195 0
3196 1
3197 1
3198 0
3199 0
3200 0
3201 0
3202 0
3203 0
3204 1
3205 1
3206 0
3207 1
3208 0
3209 1
3210 1
3211 1
3212 0
3213 1
3214 1
3215 1
3216 1
3217 0
3218 0
3219 1
3220 1
3221 0
3222 1
3223 1
3224 0
3225 1
3226 1
3227 1
3228 0
3229 0
3230 1
3231 1
3232 1
3233 0
3234 0
3235 0
3236 1
3237 0
3238 0
3239 1
3240 0
3241 1
3242 0
3243 0
3244 1
3245 0
3246 1
3247 0
3248 1
3249 1
3250 0
3251 0
3252 0
3253 0
3254 1
3255 0
3256 1
3257 0
3258 0
3259 1
3260 1
3261 0
3262 1
3263 0
3264 1
3265 0
3266 1
3267 0
3268 0
3269 1
3270 1
3271 1
3272 0
3273 0
3274 1
3275 1
3276 0
3277 1
3278 1
3279 0
3280 1
3281 0
3282 1
3283 0
3284 0
3285 1
3286 0
3287 1
3288 1
3289 0
3290 0
3291 0
3292 0
3293 1
3294 0
3295 1
3296 0
3297 0
3298 0
3299 0
3300 0
3301 1
3302 1
3303 1
3304 0
3305 0
3306 1
3307 0
3308 1
3309 1
3310 1
3311 1
3312 1
3313 1
3314 1
3315 1
3316 1
3317 1
3318 0
3319 0
3320 0
3321 1
3322 1
3323 0
3324 0
3325 1
3326 0
3327 0
3328 0
3329 0
3330 1
3331 1
3332 1
3333 0
3334 1
3335 0
3336 0
3337 0
3338 0
3339 0
3340 1
3341 1
3342 1
3343 1
3344 1
3345 0
3346 0
3347 1
3348 1
3349 0
3350 0
3351 0
3352 1
3353 1
3354 1
3355 0
3356 0
3357 0
3358 0
3359 1
3360 0
3361 1
3362 0
3363 0
3364 0
3365 0
3366 0
3367 1
3368 0
3369 0
3370 1
3371 1
3372 1
3373 1
3374 0
3375 1
3376 0
3377 0
3378 0
3379 0
3380 0
3381 0
3382 1
3383 0
3384 0
3385 1
3386 0
3387 0
3388 0
3389 0
3390 0
3391 0
3392 1
3393 0
3394 0
3395 0
3396 0
3397 1
3398 0
3399 1
3400 1
3401 1
3402 1
3403 0
3404 0
3405 0
3406 1
3407 1
3408 1
3409 1
3410 0
3411 0
3412 0
3413 0
3414 0
3415 1
3416 0
3417 1
3418 0
3419 0
3420 1
3421 1
3422 1
3423 0
3424 0
3425 1
3426 1
3427 0
3428 0
3429 1
3430 0
3431 1
3432 1
3433 1
3434 0
3435 1
3436 0
3437 1
3438 0
3439 0
3440 0
3441 1
3442 0
3443 1
3444 1
3445 1
3446 1
3447 1
3448 1
3449 0
3450 1
3451 0
3452 1
3453 1
3454 1
3455 0
3456 1
3457 0
3458 1
3459 0
3460 0
3461 1
3462 0
3463 0
3464 1
3465 0
3466 0
3467 0
3468 1
3469 1
3470 0
3471 1
3472 0
3473 1
3474 0
3475 1
3476 1
3477 1
3478 0
3479 1
3480 1
3481 0
3482 1
3483 1
3484 1
3485 1
3486 0
3487 0
3488 0
3489 0
3490 0
3491 0
3492 0
3493 0
3494 0
3495 1
3496 0
3497 1
3498 0
3499 0
3500 0
3501 0
3502 0
3503 1
3504 0
3505 1
3506 1
3507 1
3508 1
3509 0
3510 0
3511 0
3512 1
3513 0
3514 1
3515 1
3516 0
3517 0
3518 1
3519 1
3520 1
3521 0
3522 0
3523 0
3524 0
3525 1
3526 0
3527 0
3528 0
3529 1
3530 1
3531 1
3532 1
3533 0
3534 0
3535 1
3536 0
3537 1
3538 0
3539 1
3540 0
3541 0
3542 1
3543 1
3544 0
3545 1
3546 0
3547 1
3548 1
3549 0
3550 0
3551 1
3552 0
3553 1
3554 0
3555 1
3556 1
3557 0
3558 0
3559 1
3560 0
3561 1
3562 0
3563 1
3564 0
3565 1
3566 1
3567 1
3568 0
3569 1
3570 0
3571 1
3572 1
3573 1
3574 1
3575 0
3576 0
3577 0
3578 1
3579 1
3580 1
3581 1
3582 0
3583 0
3584 1
3585 0
3586 0
3587 1
3588 1
3589 0
3590 0
3591 1
3592 0
3593 0
3594 0
3595 0
3596 1
3597 1
3598 1
3599 0
3600 1
3601 1
3602 0
3603 0
3604 1
3605 1
3606 0
3607 0
3608 1
3609 1
3610 0
3611 0
3612 0
3613 0
3614 0
3615 0
3616 1
3617 0
3618 1
3619 0
3620 0
3621 1
3622 1
3623 0
3624 0
3625 0
3626 1
3627 1
3628 1
3629 0
3630 1
3631 1
3632 1
3633 0
3634 1
3635 0
3636 1
3637 0
3638 0
3639 0
3640 0
3641 1
3642 0
3643 1
3644 0
3645 0
3646 0
3647 0
3648 0
3649 0
3650 0
3651 1
3652 1
3653 1
3654 1
3655 0
3656 0
3657 1
3658 0
3659 1
3660 0
3661 0
3662 1
3663 1
3664 0
3665 1
3666 0
3667 1
3668 1
3669 0
3670 1
3671 0
3672 0
3673 0
3674 0
3675 1
3676 1
3677 1
3678 1
3679 0
3680 1
3681 0
3682 0
3683 1
3684 0
3685 0
3686 1
3687 0
3688 1
3689 1
3690 0
3691 1
3692 0
3693 1
3694 1
3695 1
3696 0
3697 0
3698 0
3699 1
3700 0
3701 0
3702 0
3703 1
3704 1
3705 0
3706 0
3707 1
3708 1
3709 0
3710 0
3711 1
3712 0
3713 0
3714 0
3715 1
3716 0
3717 0
3718 1
3719 0
3720 0
3721 0
3722 1
3723 0
3724 0
3725 1
3726 0
3727 1
3728 1
3729 0
3730 1
3731 1
3732 1
3733 1
3734 0
3735 1
3736 0
3737 1
3738 0
3739 1
3740 0
3741 1
3742 1
3743 1
3744 1
3745 1
3746 1
3747 0
3748 0
3749 1
3750 0
3751 0
3752 0
3753 0
3754 1
3755 1
3756 1
3757 1
3758 0
3759 1
3760 0
3761 0
3762 0
3763 0
3764 0
3765 0
3766 0
3767 1
3768 0
3769 1
3770 1
3771 0
3772 0
3773 1
3774 1
3775 1
3776 0
3777 0
3778 1
3779 1
3780 1
3781 0
3782 1
3783 1
3784 1
3785 0
3786 1
3787 0
3788 0
3789 1
3790 0
3791 1
3792 0
3793 1
3794 1
3795 1
3796 1
3797 1
3798 0
3799 1
3800 1
3801 1
3802 0
3803 1
3804 0
3805 1
3806 0
3807 0
3808 1
3809 1
3810 1
3811 0
3812 1
3813 1
3814 0
3815 1
3816 0
3817 1
3818 1
3819 0
3820 0
3821 0
3822 1
3823 1
3824 1
3825 0
3826 1
3827 1
3828 0
3829 0
3830 1
3831 1
3832 0
3833 0
3834 1
3835 0
3836 1
3837 1
3838 1
3839 1
3840 0
3841 1
3842 1
3843 1
3844 1
3845 0
3846 1
3847 0
3848 0
3849 0
3850 1
3851 0
3852 1
3853 1
3854 0
3855 1
3856 0
3857 0
3858 1
3859 1
3860 1
3861 1
3862 0
3863 1
3864 0
3865 1
3866 1
3867 0
3868 0
3869 1
3870 0
3871 0
3872 0
3873 1
3874 0
3875 0
3876 1
3877 0
3878 0
3879 0
3880 1
3881 1
3882 1
3883 1
3884 0
3885 0
3886 1
3887 1
3888 1
3889 0
3890 1
3891 1
3892 1
3893 0
3894 1
3895 0
3896 0
3897 0
3898 0
3899 0
3900 0
3901 0
3902 1
3903 1
3904 0
3905 0
3906 0
3907 0
3908 1
3909 0
3910 1
3911 1
3912 0
3913 0
3914 1
3915 1
3916 0
3917 1
3918 0
3919 1
3920 0
3921 1
3922 1
3923 1
3924 1
3925 0
3926 1
3927 1
3928 0
3929 0
3930 1
3931 1
3932 1
3933 1
3934 1
3935 1
3936 1
3937 0
3938 1
3939 0
3940 0
3941 1
3942 1
3943 1
3944 1
3945 0
3946 1
3947 1
3948 1
3949 0
3950 0
3951 1
3952 0
3953 1
3954 1
3955 1
3956 0
3957 0
3958 0
3959 1
3960 0
3961 0
3962 1
3963 0
3964 0
3965 1
3966 1
3967 1
3968 0
3969 0
3970 0
3971 1
3972 0
3973 0
3974 0
3975 0
3976 1
3977 1
3978 1
3979 1
3980 1
3981 1
3982 0
3983 1
3984 0
3985 1
3986 1
3987 1
3988 1
3989 0
3990 1
3991 0
3992 1
3993 0
3994 1
3995 0
3996 0
3997 1
3998 1
3999 1
4000 1
4001 1
4002 0
4003 1
4004 1
4005 0
4006 1
4007 1
4008 1
4009 1
4010 1
4011 1
4012 1
4013 0
4014 1
4015 0
4016 0
4017 0
4018 0
4019 0
4020 1
4021 0
4022 1
4023 1
4024 0
4025 0
4026 1
4027 0
4028 1
4029 1
4030 0
4031 1
4032 1
4033 1
4034 0
4035 1
4036 0
4037 0
4038 0
4039 1
4040 0
4041 0
4042 0
4043 1
4044 1
4045 1
4046 0
4047 1
4048 0
4049 1
4050 1
4051 0
4052 1
4053 0
4054 1
4055 1
4056 0
4057 0
4058 0
4059 0
4060 0
4061 0
4062 1
4063 0
4064 0
4065 1
4066 1
4067 0
4068 0
4069 0
4070 0
4071 1
4072 0
4073 1
4074 1
4075 0
4076 0
4077 1
4078 1
4079 1
4080 1
4081 0
4082 1
4083 0
4084 0
4085 1
4086 1
4087 0
4088 1
4089 1
4090 0
4091 0
4092 0
4093 1
4094 0
4095 0
4096 1
4097 0
4098 0
4099 1
4100 0
4101 0
4102 1
4103 1
4104 1
4105 0
4106 0
4107 1
4108 0
4109 1
4110 1
4111 0
4112 0
4113 1
4114 1
4115 1
4116 0
4117 0
4118 1
4119 1
4120 0
4121 1
4122 0
4123 0
4124 1
4125 0
4126 1
4127 1
4128 0
4129 0
4130 1
4131 1
4132 0
4133 0
4134 1
4135 1
4136 1
4137 0
4138 0
4139 1
4140 0
4141 0
4142 0
4143 1
4144 1
4145 1
4146 0
4147 0
4148 0
4149 1
4150 0
4151 0
4152 1
4153 0
4154 0
4155 0
4156 0
4157 1
4158 0
4159 1
4160 1
4161 0
4162 1
4163 1
4164 0
4165 1
4166 0
4167 1
4168 1
4169 1
4170 0
4171 1
4172 0
4173 1
4174 0
4175 1
4176 1
4177 0
4178 1
4179 0
4180 1
4181 0
4182 1
4183 1
4184 1
4185 1
4186 0
4187 0
4188 1
4189 1
4190 1
4191 1
4192 1
4193 0
4194 0
4195 1
4196 1
4197 1
4198 0
4199 0
4200 0
4201 0
4202 1
4203 0
4204 0
4205 1
4206 1
4207 1
4208 1
4209 1
4210 0
4211 1
4212 1
4213 0
4214 0
4215 1
4216 0
4217 1
4218 1
4219 1
4220 0
4221 1
4222 0
4223 1
4224 1
4225 0
4226 0
4227 1
4228 0
4229 0
4230 0
4231 0
4232 1
4233 1
4234 1
4235 0
4236 1
4237 0
4238 1
4239 1
4240 0
4241 0
4242 0
4243 0
4244 0
4245 0
4246 0
4247 0
4248 1
4249 0
4250 1
4251 1
4252 0
4253 0
4254 1
4255 1
4256 1
4257 1
4258 1
4259 0
4260 1
4261 0
4262 0
4263 0
4264 0
4265 1
4266 1
4267 1
4268 1
4269 0
4270 1
4271 0
4272 1
4273 1
4274 0
4275 0
4276 0
4277 1
4278 1
4279 0
4280 0
4281 1
4282 0
4283 1
4284 0
4285 0
4286 0
4287 0
4288 0
4289 1
4290 1
4291 0
4292 1
4293 0
4294 0
4295 1
4296 0
4297 1
4298 1
4299 1
4300 1
4301 0
4302 1
4303 0
4304 0
4305 0
4306 0
4307 0
4308 0
4309 1
4310 0
4311 0
4312 1
4313 0
4314 1
4315 0
4316 0
4317 0
4318 1
4319 0
4320 0
4321 0
4322 0
4323 1
4324 1
4325 0
4326 1
4327 0
4328 1
4329 0
4330 0
4331 0
4332 1
4333 1
4334 1
4335 1
4336 0
4337 1
4338 1
4339 0
4340 1
4341 1
4342 1
4343 0
4344 1
4345 1
4346 1
4347 0
4348 1
4349 0
4350 1
4351 0
4352 1
4353 0
4354 1
4355 1
4356 1
4357 1
4358 0
4359 0
4360 1
4361 1
4362 1
4363 0
4364 1
4365 0
4366 1
4367 1
4368 1
4369 1
4370 0
4371 0
4372 1
4373 1
4374 1
4375 0
4376 1
4377 0
4378 1
4379 1
4380 1
4381 0
4382 1
4383 1
4384 0
4385 0
4386 0
4387 1
4388 0
4389 1
4390 0
4391 0
4392 0
4393 1
4394 1
4395 0
4396 1
4397 0
4398 1
4399 1
4400 0
4401 1
4402 0
4403 1
4404 1
4405 0
4406 1
4407 0
4408 1
4409 0
4410 1
4411 0
4412 0
4413 0
4414 0
4415 0
4416 0
4417 1
4418 0
4419 1
4420 1
4421 0
4422 1
4423 1
4424 1
4425 0
4426 1
4427 1
4428 1
4429 0
4430 1
4431 1
4432 1
4433 1
4434 1
4435 0
4436 0
4437 1
4438 0
4439 1
4440 1
4441 1
4442 1
4443 1
4444 0
4445 1
4446 0
4447 0
4448 0
4449 1
4450 0
4451 0
4452 1
4453 1
4454 0
4455 1
4456 1
4457 1
4458 0
4459 1
4460 0
4461 0
4462 1
4463 1
4464 1
4465 1
4466 1
4467 1
4468 1
4469 1
4470 0
4471 0
4472 0
4473 1
4474 1
4475 0
4476 0
4477 0
4478 0
4479 1
4480 0
4481 1
4482 0
4483 1
4484 0
4485 0
4486 1
4487 0
4488 1
4489 1
4490 1
4491 1
4492 1
4493 1
4494 0
4495 1
4496 1
4497 0
4498 0
4499 0
4500 1
4501 0
4502 1
4503 1
4504 1
4505 0
4506 1
4507 1
4508 1
4509 1
4510 0
4511 1
4512 0
4513 0
4514 1
4515 1
4516 0
4517 0
4518 1
4519 1
4520 1
4521 1
4522 1
4523 0
4524 1
4525 0
4526 1
4527 1
4528 0
4529 0
4530 1
4531 1
4532 0
4533 1
4534 0
4535 0
4536 1
4537 1
4538 0
4539 1
4540 0
4541 0
4542 0
4543 1
4544 1
4545 1
4546 1
4547 1
4548 0
4549 1
4550 0
4551 0
4552 0
4553 1
4554 0
4555 1
4556 0
4557 1
4558 1
4559 0
4560 0
4561 0
4562 0
4563 0
4564 0
4565 1
4566 0
4567 0
4568 1
4569 1
4570 0
4571 1
4572 0
4573 1
4574 1
4575 1
4576 0
4577 0
4578 0
4579 0
4580 1
4581 1
4582 0
4583 1
4584 0
4585 0
4586 1
4587 1
4588 1
4589 1
4590 1
4591 1
4592 1
4593 1
4594 0
4595 0
4596 1
4597 1
4598 0
4599 1
4600 1
4601 1
4602 1
4603 1
4604 0
4605 1
4606 0
4607 1
4608 1
4609 0
4610 0
4611 0
4612 0
4613 0
4614 1
4615 0
4616 0
4617 0
4618 1
4619 1
4620 0
4621 0
4622 0
4623 1
4624 1
4625 0
4626 0
4627 1
4628 0
4629 1
4630 1
4631 0
4632 1
4633 0
4634 0
4635 1
4636 0
4637 1
4638 1
4639 0
4640 1
4641 0
4642 1
4643 1
4644 1
4645 1
4646 0
4647 0
4648 1
4649 1
4650 0
4651 0
4652 1
4653 0
4654 0
4655 0
4656 1
4657 1
4658 0
4659 1
4660 1
4661 1
4662 1
4663 1
4664 1
4665 0
4666 1
4667 0
4668 1
4669 1
4670 0
4671 1
4672 1
4673 0
4674 1
4675 1
4676 0
4677 0
4678 0
4679 0
4680 0
4681 0
4682 0
4683 0
4684 1
4685 0
4686 1
4687 1
4688 1
4689 0
4690 0
4691 1
4692 1
4693 0
4694 1
4695 1
4696 1
4697 1
4698 1
4699 1
4700 0
4701 0
4702 0
4703 1
4704 0
4705 1
4706 1
4707 0
4708 1
4709 0
4710 1
4711 0
4712 0
4713 0
4714 0
4715 0
4716 1
4717 1
4718 0
4719 0
4720 1
4721 0
4722 0
4723 0
4724 1
4725 0
4726 0
4727 1
4728 0
4729 1
4730 1
4731 0
4732 0
4733 0
4734 0
4735 0
4736 0
4737 1
4738 1
4739 1
4740 1
4741 0
4742 1
4743 1
4744 1
4745 1
4746 0
4747 0
4748 1
4749 1
4750 1
4751 1
4752 1
4753 1
4754 1
4755 1
4756 1
4757 1
4758 0
4759 1
4760 0
4761 1
4762 1
4763 0
4764 1
4765 0
4766 0
4767 1
4768 0
4769 0
4770 1
4771 0
4772 0
4773 0
4774 1
4775 1
4776 0
4777 1
4778 1
4779 1
4780 0
4781 1
4782 1
4783 1
4784 1
4785 0
4786 1
4787 1
4788 1
4789 0
4790 1
4791 0
4792 0
4793 0
4794 0
4795 0
4796 1
4797 0
4798 1
4799 0
4800 1
4801 0
4802 1
4803 1
4804 1
4805 0
4806 0
4807 0
4808 1
4809 1
4810 1
4811 1
4812 1
4813 1
4814 0
4815 1
4816 0
4817 1
4818 0
4819 1
4820 0
4821 0
4822 0
4823 1
4824 0
4825 1
4826 1
4827 1
4828 1
4829 0
4830 0
4831 0
4832 0
4833 1
4834 0
4835 1
4836 1
4837 1
4838 1
4839 1
4840 0
4841 0
4842 0
4843 1
4844 0
4845 1
4846 0
4847 1
4848 0
4849 1
4850 1
4851 0
4852 0
4853 1
4854 0
4855 0
4856 0
4857 0
4858 1
4859 0
4860 0
4861 1
4862 0
4863 1
4864 1
4865 1
4866 0
4867 1
4868 0
4869 1
4870 1
4871 1
4872 1
4873 1
4874 0
4875 0
4876 1
4877 0
4878 0
4879 0
4880 1
4881 1
4882 0
4883 0
4884 1
4885 0
4886 0
4887 0
4888 0
4889 1
4890 1
4891 1
4892 1
4893 0
4894 0
4895 1
4896 0
4897 1
4898 0
4899 1
4900 1
4901 0
4902 0
4903 0
4904 1
4905 1
4906 0
4907 1
4908 1
4909 1
4910 1
4911 0
4912 0
4913 1
4914 0
4915 1
4916 0
4917 0
4918 1
4919 1
4920 1
4921 0
4922 0
4923 0
4924 1
4925 1
4926 0
4927 0
4928 1
4929 1
4930 0
4931 0
4932 0
4933 1
4934 0
4935 0
4936 0
4937 0
4938 0
4939 1
4940 0
4941 0
4942 1
4943 0
4944 1
4945 1
4946 0
4947 0
4948 0
4949 1
4950 1
4951 1
4952 0
4953 0
4954 1
4955 0
4956 0
4957 1
4958 1
4959 0
4960 0
4961 1
4962 0
4963 0
4964 0
4965 0
4966 0
4967 1
4968 0
4969 0
4970 0
4971 1
4972 1
4973 1
4974 1
4975 1
4976 1
4977 0
4978 1
4979 0
4980 1
4981 1
4982 1
4983 0
4984 1
4985 0
4986 0
4987 1
4988 0
4989 0
4990 0
4991 1
4992 1
4993 0
4994 1
4995 0
4996 0
4997 1
4998 1
4999 1