0 1
0 2
0 3
0 4
0 5
0 6
0 7
0 8
0 9
0 10
0 11
0 12
0 13
0 14
0 15
0 16
0 17
0 18
0 19
0 20
0 21
0 22
0 23
0 24
0 25
0 26
0 27
0 28
0 29
0 30
0 31
0 32
0 33
0 34
0 35
0 38
0 39
0 41
0 42
0 44
0 45
0 47
0 48
0 49
0 50
0 52
0 53
0 54
0 57
0 59
0 60
0 61
0 65
0 66
0 69
0 70
0 71
0 72
0 74
0 75
0 76
0 77
0 78
0 83
0 85
0 92
0 94
0 96
0 99
0 100
0 101
0 104
0 107
0 108
0 111
0 114
0 115
0 116
0 119
0 121
0 122
0 127
0 129
0 132
0 138
0 139
0 143
0 145
0 147
0 150
0 158
0 165
0 177
0 184
0 185
0 187
0 188
0 189
0 192
0 217
0 221
0 224
0 225
0 226
0 231
0 235
0 236
0 238
0 239
0 242
0 245
0 246
0 255
0 259
0 262
0 272
0 273
0 275
0 276
0 280
0 285
0 287
0 296
0 300
0 310
0 320
0 329
0 344
0 345
0 352
0 354
0 357
0 361
0 363
0 371
0 379
0 387
0 397
0 401
0 403
0 405
0 419
0 423
0 431
0 435
0 440
0 441
0 449
0 452
0 455
0 469
0 477
0 489
0 492
1 18
1 19
1 20
1 23
1 26
1 27
1 29
1 31
1 46
1 47
1 50
1 52
1 62
1 71
1 118
1 119
1 121
1 122
1 130
1 133
1 139
1 140
1 160
1 161
1 170
1 173
1 178
1 186
1 198
1 200
1 208
1 213
1 217
1 227
1 228
1 238
1 244
1 246
1 254
1 255
1 275
1 282
1 329
1 331
1 355
1 369
1 371
1 390
1 434
1 491
2 18
2 19
2 20
2 21
2 24
2 32
2 33
2 39
2 40
2 51
2 56
2 60
2 82
2 84
2 109
2 122
2 127
2 139
2 142
2 180
2 224
2 225
2 232
2 276
2 292
2 368
2 442
2 458
3 18
3 19
3 21
3 22
3 23
3 25
3 29
3 30
3 34
3 37
3 41
3 42
3 43
3 45
3 55
3 56
3 60
3 68
3 73
3 77
3 79
3 87
3 103
3 112
3 115
3 121
3 123
3 136
3 139
3 142
3 143
3 144
3 162
3 172
3 190
3 197
3 201
3 204
3 209
3 233
3 240
3 246
3 271
3 276
3 290
3 292
3 330
3 405
3 411
3 413
3 424
3 448
3 462
3 465
4 18
4 19
4 20
4 24
4 25
4 26
4 31
4 33
4 36
4 37
4 38
4 44
4 47
4 48
4 58
4 59
4 61
4 70
4 72
4 76
4 78
4 79
4 85
4 88
4 90
4 92
4 96
4 100
4 106
4 113
4 120
4 128
4 135
4 146
4 147
4 151
4 152
4 156
4 158
4 159
4 160
4 162
4 165
4 168
4 181
4 183
4 185
4 186
4 201
4 208
4 216
4 218
4 220
4 227
4 241
4 244
4 264
4 281
4 297
4 303
4 306
4 329
4 337
4 338
4 343
4 360
4 366
4 377
4 389
4 402
4 450
4 461
4 463
4 473
4 489
4 493
5 18
5 19
5 20
5 21
5 24
5 26
5 27
5 28
5 30
5 31
5 32
5 36
5 37
5 38
5 39
5 40
5 45
5 50
5 51
5 60
5 63
5 64
5 83
5 94
5 101
5 106
5 127
5 128
5 134
5 137
5 150
5 154
5 191
5 192
5 234
5 248
5 256
5 261
5 264
5 318
5 343
5 364
5 371
5 373
5 406
5 427
5 462
5 490
6 18
6 21
6 22
6 23
6 24
6 25
6 27
6 28
6 30
6 33
6 38
6 67
6 88
6 94
6 101
6 107
6 109
6 118
6 133
6 134
6 162
6 192
6 211
6 224
6 276
6 300
6 352
6 360
6 362
6 378
6 386
6 401
6 448
6 457
6 468
7 18
7 19
7 20
7 21
7 22
7 24
7 26
7 27
7 28
7 33
7 40
7 41
7 43
7 48
7 59
7 61
7 62
7 65
7 74
7 75
7 79
7 85
7 92
7 97
7 102
7 103
7 109
7 112
7 114
7 126
7 141
7 144
7 148
7 151
7 152
7 159
7 170
7 173
7 214
7 258
7 262
7 347
7 379
7 383
7 387
7 401
7 410
7 424
7 431
7 432
7 465
7 481
7 488
8 19
8 20
8 21
8 22
8 23
8 24
8 25
8 27
8 32
8 33
8 35
8 46
8 48
8 53
8 55
8 56
8 58
8 63
8 66
8 72
8 79
8 84
8 95
8 102
8 112
8 114
8 164
8 173
8 174
8 198
8 205
8 208
8 210
8 220
8 225
8 238
8 239
8 249
8 264
8 266
8 333
8 365
8 373
8 385
8 415
8 420
8 432
8 472
8 494
9 18
9 19
9 20
9 21
9 22
9 23
9 26
9 28
9 33
9 35
9 36
9 57
9 58
9 66
9 67
9 68
9 69
9 91
9 106
9 108
9 115
9 116
9 133
9 136
9 141
9 161
9 189
9 272
9 316
9 325
9 341
9 350
9 354
9 388
9 465
9 486
9 491
10 18
10 19
10 22
10 25
10 27
10 28
10 32
10 39
10 41
10 42
10 47
10 52
10 53
10 55
10 59
10 61
10 62
10 68
10 77
10 81
10 91
10 120
10 134
10 139
10 176
10 198
10 200
10 205
10 206
10 207
10 236
10 262
10 274
10 279
10 280
10 331
10 340
10 355
10 367
10 380
10 397
10 410
10 428
10 441
10 443
10 459
10 473
10 498
11 18
11 19
11 20
11 21
11 23
11 24
11 29
11 30
11 34
11 40
11 43
11 53
11 59
11 64
11 74
11 82
11 85
11 90
11 92
11 129
11 142
11 144
11 152
11 170
11 173
11 198
11 201
11 209
11 220
11 223
11 247
11 262
11 272
11 289
11 295
11 300
11 304
11 308
11 315
11 333
11 340
11 342
11 361
11 403
11 406
11 416
11 417
11 443
11 444
11 445
11 492
12 18
12 19
12 20
12 21
12 22
12 23
12 25
12 26
12 28
12 29
12 31
12 37
12 40
12 44
12 46
12 47
12 48
12 54
12 55
12 57
12 62
12 66
12 71
12 75
12 78
12 80
12 83
12 86
12 87
12 91
12 94
12 97
12 98
12 100
12 104
12 111
12 126
12 130
12 131
12 138
12 140
12 146
12 150
12 151
12 153
12 162
12 169
12 172
12 193
12 195
12 206
12 218
12 233
12 242
12 280
12 311
12 314
12 317
12 323
12 328
12 338
12 351
12 364
12 384
12 392
12 405
12 416
12 423
12 435
12 452
12 474
12 482
12 499
13 18
13 19
13 20
13 21
13 22
13 23
13 24
13 25
13 26
13 27
13 28
13 30
13 31
13 32
13 34
13 39
13 41
13 42
13 44
13 46
13 49
13 50
13 57
13 58
13 59
13 62
13 64
13 69
13 77
13 78
13 80
13 84
13 88
13 92
13 94
13 97
13 99
13 102
13 109
13 111
13 113
13 118
13 120
13 121
13 133
13 135
13 136
13 139
13 143
13 147
13 149
13 151
13 158
13 159
13 171
13 174
13 197
13 209
13 254
13 261
13 264
13 276
13 283
13 290
13 291
13 299
13 304
13 310
13 315
13 317
13 318
13 325
13 339
13 341
13 342
13 347
13 349
13 350
13 367
13 374
13 375
13 381
13 389
13 397
13 413
13 416
13 420
13 428
13 429
13 441
13 442
13 444
13 446
13 453
13 483
13 496
14 18
14 19
14 20
14 22
14 23
14 26
14 34
14 35
14 38
14 42
14 43
14 44
14 45
14 66
14 67
14 78
14 82
14 86
14 96
14 135
14 142
14 166
14 169
14 178
14 180
14 190
14 213
14 218
14 219
14 240
14 261
14 279
14 288
14 305
14 308
14 333
14 346
14 351
14 360
14 400
14 409
14 421
14 444
14 450
15 18
15 19
15 20
15 21
15 22
15 24
15 25
15 28
15 29
15 31
15 32
15 34
15 36
15 39
15 47
15 50
15 72
15 74
15 78
15 79
15 82
15 88
15 100
15 103
15 105
15 113
15 114
15 121
15 123
15 124
15 133
15 144
15 146
15 148
15 157
15 163
15 164
15 165
15 177
15 195
15 207
15 216
15 217
15 227
15 229
15 236
15 239
15 249
15 263
15 280
15 285
15 288
15 305
15 329
15 360
15 376
15 382
15 383
15 385
15 406
15 435
15 468
15 482
16 18
16 19
16 20
16 21
16 22
16 23
16 25
16 26
16 27
16 28
16 33
16 35
16 37
16 39
16 41
16 42
16 43
16 52
16 56
16 58
16 59
16 61
16 66
16 68
16 72
16 79
16 80
16 81
16 87
16 88
16 94
16 103
16 110
16 132
16 135
16 137
16 147
16 160
16 165
16 169
16 175
16 185
16 187
16 190
16 196
16 199
16 204
16 221
16 222
16 245
16 262
16 264
16 266
16 267
16 268
16 270
16 276
16 291
16 296
16 304
16 319
16 327
16 351
16 367
16 377
16 380
16 390
16 396
16 402
16 404
16 408
16 414
16 417
16 427
16 428
16 448
16 468
16 481
16 487
16 495
16 498
17 18
17 20
17 21
17 22
17 23
17 24
17 31
17 32
17 34
17 35
17 36
17 38
17 41
17 46
17 49
17 50
17 52
17 54
17 55
17 58
17 59
17 61
17 63
17 65
17 66
17 70
17 71
17 72
17 79
17 81
17 82
17 90
17 96
17 99
17 112
17 116
17 119
17 121
17 134
17 140
17 164
17 172
17 175
17 177
17 178
17 180
17 183
17 184
17 185
17 187
17 189
17 190
17 193
17 209
17 212
17 221
17 225
17 226
17 230
17 250
17 251
17 263
17 264
17 265
17 268
17 270
17 282
17 293
17 295
17 307
17 311
17 317
17 318
17 321
17 332
17 334
17 349
17 355
17 357
17 371
17 389
17 412
17 414
17 419
17 431
17 476
17 479
17 485
17 494
18 19
18 20
18 21
18 22
18 23
18 24
18 25
18 26
18 27
18 29
18 30
18 31
18 32
18 33
18 34
18 35
18 36
18 37
18 40
18 41
18 42
18 44
18 47
18 48
18 50
18 51
18 52
18 53
18 57
18 59
18 62
18 67
18 68
18 69
18 72
18 73
18 74
18 83
18 86
18 99
18 103
18 105
18 106
18 109
18 114
18 115
18 116
18 117
18 121
18 122
18 125
18 129
18 130
18 134
18 135
18 137
18 138
18 140
18 144
18 154
18 156
18 157
18 161
18 163
18 167
18 172
18 173
18 178
18 192
18 198
18 199
18 200
18 201
18 208
18 209
18 212
18 219
18 233
18 238
18 243
18 250
18 265
18 267
18 274
18 275
18 281
18 299
18 300
18 301
18 304
18 307
18 309
18 323
18 325
18 337
18 343
18 347
18 352
18 356
18 372
18 378
18 381
18 384
18 387
18 388
18 397
18 398
18 410
18 417
18 424
18 434
18 437
18 440
18 450
18 453
18 454
18 458
18 463
18 467
18 482
18 490
19 20
19 21
19 22
19 23
19 24
19 25
19 26
19 27
19 29
19 30
19 31
19 32
19 33
19 37
19 38
19 40
19 41
19 44
19 45
19 46
19 48
19 49
19 51
19 52
19 57
19 58
19 60
19 61
19 62
19 63
19 64
19 65
19 70
19 71
19 72
19 78
19 79
19 84
19 85
19 91
19 93
19 94
19 99
19 100
19 101
19 102
19 108
19 109
19 110
19 111
19 115
19 118
19 127
19 128
19 134
19 136
19 139
19 147
19 158
19 160
19 169
19 170
19 176
19 177
19 181
19 186
19 187
19 192
19 195
19 200
19 208
19 212
19 226
19 230
19 234
19 237
19 238
19 241
19 246
19 250
19 251
19 253
19 255
19 259
19 269
19 277
19 282
19 284
19 289
19 292
19 294
19 304
19 307
19 314
19 322
19 325
19 332
19 340
19 342
19 343
19 351
19 355
19 361
19 368
19 370
19 373
19 386
19 388
19 389
19 402
19 418
19 420
19 422
19 429
19 432
19 438
19 444
19 446
19 456
19 458
19 459
19 474
19 475
19 478
19 482
19 483
19 484
19 492
19 495
19 496
20 21
20 22
20 23
20 24
20 25
20 26
20 27
20 28
20 29
20 30
20 31
20 32
20 33
20 34
20 35
20 36
20 37
20 38
20 39
20 41
20 42
20 44
20 47
20 51
20 52
20 53
20 54
20 56
20 64
20 68
20 74
20 75
20 76
20 78
20 84
20 86
20 87
20 91
20 93
20 94
20 96
20 102
20 104
20 111
20 119
20 122
20 129
20 133
20 137
20 138
20 146
20 147
20 148
20 150
20 152
20 155
20 157
20 161
20 165
20 167
20 171
20 175
20 179
20 181
20 186
20 188
20 196
20 214
20 215
20 216
20 231
20 234
20 235
20 237
20 238
20 243
20 252
20 261
20 273
20 282
20 284
20 300
20 302
20 303
20 307
20 308
20 309
20 311
20 316
20 320
20 322
20 328
20 345
20 349
20 372
20 376
20 378
20 388
20 392
20 393
20 394
20 399
20 410
20 433
20 447
20 458
20 461
20 471
20 477
20 479
20 484
20 496
21 22
21 23
21 24
21 25
21 26
21 27
21 28
21 29
21 30
21 31
21 32
21 33
21 34
21 35
21 36
21 37
21 38
21 40
21 43
21 45
21 46
21 47
21 50
21 55
21 60
21 61
21 62
21 63
21 64
21 66
21 69
21 71
21 76
21 77
21 79
21 83
21 91
21 92
21 96
21 97
21 99
21 115
21 117
21 121
21 122
21 125
21 132
21 137
21 141
21 142
21 145
21 147
21 148
21 149
21 150
21 160
21 161
21 163
21 167
21 177
21 179
21 181
21 183
21 185
21 188
21 192
21 195
21 199
21 205
21 207
21 212
21 229
21 232
21 237
21 239
21 251
21 254
21 257
21 266
21 267
21 272
21 280
21 283
21 284
21 302
21 308
21 310
21 313
21 318
21 339
21 343
21 345
21 358
21 362
21 364
21 365
21 366
21 377
21 389
21 390
21 393
21 394
21 395
21 397
21 404
21 415
21 433
21 434
21 457
21 460
21 466
21 477
22 23
22 24
22 25
22 26
22 27
22 28
22 29
22 30
22 32
22 33
22 35
22 36
22 37
22 38
22 39
22 40
22 41
22 42
22 43
22 44
22 46
22 47
22 48
22 49
22 51
22 52
22 53
22 54
22 56
22 57
22 58
22 59
22 61
22 65
22 67
22 68
22 69
22 70
22 71
22 72
22 73
22 74
22 75
22 76
22 77
22 79
22 80
22 81
22 84
22 86
22 97
22 98
22 101
22 102
22 105
22 107
22 109
22 112
22 114
22 117
22 121
22 127
22 130
22 131
22 133
22 135
22 136
22 143
22 145
22 146
22 150
22 159
22 161
22 162
22 165
22 169
22 173
22 175
22 180
22 185
22 187
22 193
22 195
22 207
22 216
22 222
22 225
22 226
22 238
22 241
22 247
22 265
22 274
22 284
22 286
22 288
22 289
22 295
22 299
22 303
22 307
22 317
22 319
22 324
22 326
22 328
22 331
22 334
22 335
22 348
22 372
22 392
22 408
22 409
22 439
22 442
22 447
22 449
22 454
22 457
22 458
22 463
22 474
22 475
22 478
22 485
22 490
23 24
23 25
23 27
23 28
23 29
23 30
23 31
23 32
23 35
23 36
23 37
23 41
23 44
23 45
23 46
23 47
23 48
23 52
23 54
23 55
23 57
23 58
23 59
23 60
23 62
23 63
23 64
23 65
23 66
23 69
23 74
23 75
23 78
23 81
23 82
23 84
23 90
23 99
23 106
23 107
23 109
23 110
23 113
23 131
23 135
23 136
23 137
23 138
23 142
23 145
23 146
23 149
23 156
23 166
23 169
23 171
23 173
23 182
23 183
23 184
23 188
23 193
23 194
23 199
23 202
23 203
23 208
23 210
23 221
23 223
23 224
23 233
23 237
23 239
23 240
23 252
23 261
23 265
23 266
23 267
23 269
23 276
23 286
23 296
23 297
23 303
23 306
23 313
23 318
23 319
23 322
23 330
23 336
23 338
23 347
23 348
23 355
23 357
23 364
23 366
23 373
23 381
23 392
23 403
23 411
23 415
23 421
23 441
23 483
23 484
24 25
24 26
24 28
24 29
24 30
24 32
24 34
24 36
24 37
24 38
24 40
24 41
24 42
24 43
24 44
24 45
24 46
24 47
24 50
24 52
24 54
24 55
24 56
24 57
24 58
24 60
24 61
24 63
24 69
24 72
24 76
24 84
24 86
24 88
24 92
24 96
24 98
24 100
24 102
24 104
24 105
24 115
24 118
24 125
24 126
24 127
24 130
24 137
24 143
24 150
24 152
24 153
24 155
24 156
24 161
24 164
24 168
24 170
24 173
24 176
24 184
24 185
24 186
24 188
24 190
24 196
24 200
24 209
24 213
24 219
24 227
24 229
24 230
24 242
24 247
24 249
24 258
24 259
24 261
24 269
24 272
24 275
24 286
24 287
24 293
24 305
24 307
24 309
24 310
24 314
24 316
24 317
24 319
24 344
24 345
24 346
24 361
24 362
24 373
24 380
24 388
24 393
24 401
24 402
24 416
24 424
24 425
24 426
24 432
24 444
24 452
24 453
24 456
24 462
24 463
24 465
25 26
25 27
25 29
25 30
25 31
25 32
25 33
25 36
25 38
25 40
25 45
25 49
25 52
25 53
25 54
25 58
25 61
25 63
25 67
25 71
25 73
25 84
25 86
25 89
25 92
25 95
25 96
25 97
25 98
25 101
25 105
25 110
25 112
25 113
25 115
25 118
25 123
25 127
25 128
25 136
25 143
25 148
25 153
25 158
25 159
25 161
25 162
25 164
25 165
25 167
25 169
25 172
25 174
25 176
25 182
25 183
25 187
25 196
25 199
25 212
25 217
25 222
25 227
25 231
25 246
25 247
25 248
25 253
25 259
25 263
25 266
25 267
25 270
25 282
25 293
25 298
25 302
25 321
25 322
25 323
25 326
25 329
25 342
25 346
25 360
25 376
25 384
25 404
25 408
25 416
25 418
25 425
25 429
25 431
25 433
25 438
25 445
25 459
25 470
25 481
25 498
26 27
26 28
26 29
26 31
26 33
26 34
26 41
26 42
26 43
26 44
26 46
26 51
26 53
26 54
26 55
26 56
26 57
26 60
26 63
26 68
26 71
26 77
26 80
26 82
26 86
26 89
26 91
26 97
26 99
26 107
26 109
26 118
26 126
26 130
26 132
26 138
26 139
26 140
26 141
26 148
26 156
26 158
26 162
26 165
26 166
26 186
26 187
26 189
26 191
26 193
26 201
26 204
26 205
26 211
26 212
26 216
26 218
26 223
26 225
26 227
26 242
26 249
26 259
26 271
26 272
26 274
26 279
26 280
26 284
26 290
26 294
26 298
26 320
26 331
26 335
26 340
26 348
26 357
26 361
26 372
26 376
26 377
26 378
26 385
26 386
26 400
26 406
26 408
26 421
26 424
26 432
26 439
26 454
26 459
26 464
26 471
26 499
27 28
27 29
27 30
27 33
27 34
27 35
27 36
27 37
27 38
27 39
27 43
27 44
27 45
27 48
27 49
27 51
27 52
27 53
27 57
27 58
27 60
27 62
27 66
27 68
27 70
27 71
27 75
27 76
27 81
27 82
27 83
27 86
27 89
27 90
27 98
27 103
27 104
27 110
27 117
27 118
27 119
27 123
27 138
27 143
27 144
27 145
27 153
27 155
27 157
27 159
27 168
27 181
27 184
27 190
27 199
27 202
27 215
27 218
27 220
27 225
27 232
27 244
27 245
27 246
27 255
27 260
27 261
27 265
27 270
27 281
27 282
27 287
27 295
27 301
27 302
27 306
27 310
27 317
27 322
27 327
27 330
27 339
27 340
27 342
27 352
27 353
27 364
27 367
27 373
27 374
27 389
27 402
27 414
27 417
27 423
27 438
27 477
27 480
28 29
28 30
28 32
28 33
28 34
28 35
28 36
28 39
28 40
28 42
28 44
28 45
28 50
28 51
28 52
28 55
28 57
28 58
28 59
28 60
28 63
28 64
28 65
28 66
28 69
28 71
28 74
28 75
28 76
28 78
28 79
28 84
28 89
28 90
28 92
28 93
28 98
28 99
28 108
28 110
28 111
28 112
28 113
28 124
28 127
28 130
28 148
28 150
28 152
28 155
28 172
28 174
28 181
28 184
28 195
28 203
28 207
28 233
28 234
28 244
28 245
28 252
28 261
28 270
28 285
28 291
28 296
28 311
28 313
28 322
28 335
28 345
28 346
28 354
28 356
28 368
28 379
28 393
28 395
28 396
28 411
28 418
28 429
28 430
28 433
28 434
28 446
28 448
28 456
28 464
28 472
28 484
28 492
28 494
28 497
28 499
29 30
29 31
29 34
29 37
29 38
29 42
29 47
29 48
29 50
29 51
29 53
29 54
29 62
29 68
29 76
29 85
29 101
29 103
29 119
29 120
29 123
29 128
29 135
29 137
29 151
29 153
29 178
29 202
29 203
29 231
29 238
29 245
29 253
29 255
29 278
29 298
29 305
29 330
29 331
29 333
29 344
29 354
29 358
29 362
29 386
29 389
29 390
29 420
29 423
29 496
29 497
30 31
30 34
30 35
30 36
30 39
30 40
30 41
30 43
30 48
30 59
30 68
30 80
30 83
30 87
30 90
30 95
30 98
30 106
30 114
30 119
30 129
30 132
30 134
30 135
30 146
30 147
30 166
30 174
30 175
30 178
30 191
30 197
30 203
30 208
30 216
30 226
30 232
30 243
30 245
30 249
30 268
30 275
30 277
30 279
30 290
30 296
30 315
30 316
30 317
30 321
30 324
30 342
30 372
30 388
30 389
30 394
30 395
30 407
30 426
30 429
30 440
30 443
30 444
30 447
30 454
30 466
30 467
30 469
31 35
31 36
31 37
31 38
31 39
31 40
31 42
31 43
31 44
31 59
31 68
31 71
31 76
31 80
31 82
31 83
31 85
31 87
31 94
31 98
31 99
31 100
31 103
31 117
31 120
31 123
31 129
31 130
31 134
31 140
31 146
31 151
31 156
31 169
31 173
31 180
31 194
31 199
31 204
31 207
31 220
31 231
31 234
31 237
31 243
31 247
31 250
31 251
31 263
31 277
31 291
31 295
31 296
31 309
31 311
31 331
31 348
31 350
31 397
31 399
31 426
31 437
31 455
31 458
31 461
31 463
31 481
31 488
31 490
32 35
32 38
32 39
32 40
32 41
32 43
32 46
32 49
32 53
32 54
32 55
32 58
32 62
32 63
32 73
32 77
32 85
32 86
32 91
32 106
32 108
32 112
32 113
32 122
32 129
32 139
32 140
32 145
32 154
32 165
32 168
32 178
32 181
32 182
32 193
32 220
32 236
32 237
32 254
32 275
32 294
32 295
32 306
32 309
32 312
32 315
32 319
32 321
32 330
32 336
32 356
32 362
32 378
32 379
32 380
32 386
32 395
32 399
32 401
32 431
32 432
32 464
32 482
32 485
32 496
32 498
33 34
33 35
33 37
33 39
33 42
33 49
33 50
33 53
33 54
33 56
33 64
33 65
33 69
33 70
33 77
33 86
33 87
33 90
33 95
33 98
33 99
33 101
33 110
33 116
33 123
33 131
33 136
33 141
33 143
33 144
33 151
33 156
33 160
33 167
33 175
33 180
33 196
33 205
33 206
33 233
33 234
33 240
33 242
33 250
33 254
33 255
33 258
33 261
33 269
33 274
33 289
33 294
33 297
33 312
33 319
33 323
33 326
33 329
33 336
33 344
33 350
33 352
33 355
33 359
33 361
33 365
33 366
33 371
33 376
33 379
33 384
33 387
33 401
33 405
33 413
33 414
33 418
33 431
33 443
33 478
33 480
33 486
34 37
34 39
34 43
34 46
34 48
34 49
34 51
34 52
34 54
34 59
34 60
34 67
34 73
34 78
34 82
34 85
34 88
34 89
34 93
34 95
34 100
34 101
34 104
34 105
34 120
34 125
34 129
34 132
34 183
34 197
34 200
34 207
34 220
34 224
34 226
34 235
34 239
34 245
34 247
34 252
34 253
34 256
34 260
34 273
34 274
34 277
34 278
34 283
34 286
34 291
34 303
34 304
34 308
34 311
34 325
34 348
34 358
34 359
34 368
34 396
34 399
34 407
34 410
34 418
34 420
34 421
34 426
34 436
34 451
34 476
34 479
34 487
35 36
35 40
35 49
35 51
35 52
35 56
35 57
35 59
35 62
35 67
35 69
35 76
35 83
35 91
35 92
35 95
35 100
35 103
35 108
35 129
35 131
35 138
35 155
35 161
35 166
35 174
35 177
35 184
35 192
35 194
35 203
35 206
35 214
35 226
35 227
35 230
35 232
35 245
35 248
35 256
35 288
35 292
35 293
35 294
35 297
35 309
35 313
35 326
35 354
35 386
35 406
35 422
35 423
35 430
35 442
35 455
35 458
35 478
35 479
35 480
35 486
35 489
35 498
36 41
36 45
36 46
36 61
36 63
36 67
36 69
36 70
36 74
36 75
36 77
36 78
36 81
36 83
36 95
36 100
36 101
36 109
36 111
36 114
36 133
36 134
36 135
36 143
36 144
36 161
36 162
36 185
36 186
36 194
36 224
36 230
36 235
36 239
36 260
36 279
36 281
36 283
36 299
36 333
36 340
36 358
36 366
36 382
36 383
36 384
36 396
36 399
36 415
36 425
36 436
36 444
36 446
36 452
36 471
36 487
36 491
37 38
37 42
37 43
37 48
37 50
37 56
37 57
37 58
37 59
37 60
37 65
37 73
37 75
37 85
37 86
37 89
37 94
37 99
37 103
37 106
37 116
37 117
37 125
37 130
37 136
37 141
37 145
37 146
37 148
37 174
37 176
37 183
37 190
37 191
37 197
37 200
37 224
37 230
37 241
37 254
37 264
37 266
37 268
37 286
37 294
37 296
37 298
37 299
37 325
37 332
37 345
37 348
37 349
37 358
37 362
37 376
37 380
37 393
37 405
37 406
37 409
37 426
37 496
38 39
38 40
38 45
38 48
38 49
38 51
38 53
38 55
38 68
38 70
38 71
38 72
38 76
38 82
38 85
38 87
38 88
38 96
38 100
38 104
38 111
38 115
38 125
38 127
38 147
38 149
38 153
38 160
38 202
38 225
38 229
38 236
38 245
38 266
38 277
38 289
38 309
38 326
38 331
38 334
38 337
38 341
38 354
38 359
38 365
38 408
38 422
38 425
38 428
38 434
38 443
38 445
38 481
39 45
39 47
39 49
39 53
39 57
39 62
39 71
39 73
39 76
39 90
39 93
39 94
39 101
39 107
39 109
39 111
39 115
39 116
39 117
39 139
39 140
39 141
39 159
39 169
39 175
39 197
39 202
39 205
39 210
39 236
39 248
39 256
39 260
39 264
39 271
39 275
39 291
39 298
39 303
39 309
39 322
39 327
39 345
39 383
39 402
39 410
39 421
39 458
39 461
39 468
39 472
39 493
40 45
40 46
40 50
40 51
40 56
40 65
40 68
40 75
40 76
40 77
40 80
40 88
40 96
40 99
40 100
40 104
40 113
40 114
40 116
40 117
40 125
40 126
40 143
40 163
40 173
40 176
40 184
40 196
40 201
40 209
40 217
40 223
40 237
40 243
40 247
40 270
40 271
40 294
40 295
40 297
40 314
40 336
40 350
40 378
40 384
40 387
40 399
40 403
40 424
40 435
40 447
40 462
40 464
40 470
41 42
41 43
41 45
41 46
41 48
41 49
41 54
41 55
41 56
41 58
41 65
41 72
41 73
41 74
41 76
41 80
41 81
41 89
41 91
41 94
41 101
41 108
41 115
41 117
41 119
41 120
41 124
41 125
41 128
41 130
41 134
41 142
41 144
41 145
41 150
41 152
41 153
41 172
41 177
41 178
41 179
41 190
41 199
41 202
41 203
41 222
41 231
41 248
41 255
41 264
41 269
41 273
41 278
41 280
41 287
41 290
41 340
41 344
41 370
41 378
41 381
41 383
41 384
41 385
41 386
41 394
41 404
41 405
41 406
41 437
41 465
41 476
41 477
41 485
41 487
41 488
41 491
41 492
42 43
42 44
42 49
42 51
42 61
42 64
42 66
42 86
42 90
42 93
42 95
42 120
42 121
42 135
42 137
42 144
42 146
42 149
42 151
42 154
42 156
42 160
42 164
42 171
42 190
42 200
42 203
42 204
42 210
42 212
42 215
42 230
42 233
42 239
42 240
42 246
42 247
42 278
42 308
42 313
42 320
42 344
42 346
42 352
42 366
42 367
42 369
42 374
42 375
42 383
42 400
42 412
42 416
42 446
42 480
42 487
43 44
43 46
43 47
43 50
43 53
43 55
43 61
43 62
43 63
43 64
43 65
43 68
43 69
43 70
43 74
43 75
43 79
43 80
43 85
43 88
43 89
43 92
43 96
43 98
43 105
43 107
43 112
43 115
43 118
43 119
43 124
43 125
43 126
43 139
43 151
43 152
43 155
43 156
43 157
43 158
43 168
43 172
43 173
43 175
43 179
43 180
43 192
43 193
43 199
43 210
43 224
43 231
43 232
43 247
43 256
43 258
43 259
43 269
43 289
43 297
43 323
43 324
43 337
43 348
43 354
43 355
43 358
43 363
43 386
43 409
43 419
43 429
43 439
43 444
43 445
43 454
43 467
43 470
43 492
44 45
44 47
44 50
44 56
44 70
44 71
44 73
44 80
44 82
44 86
44 89
44 90
44 106
44 111
44 116
44 117
44 123
44 134
44 141
44 149
44 159
44 165
44 170
44 176
44 187
44 198
44 199
44 201
44 206
44 207
44 212
44 215
44 220
44 230
44 241
44 243
44 259
44 261
44 263
44 269
44 270
44 278
44 283
44 300
44 306
44 309
44 313
44 335
44 369
44 378
44 382
44 391
44 399
44 400
44 452
44 472
45 48
45 49
45 66
45 74
45 75
45 86
45 89
45 93
45 95
45 105
45 117
45 127
45 136
45 147
45 156
45 199
45 223
45 228
45 251
45 253
45 280
45 284
45 293
45 302
45 310
45 321
45 332
45 362
45 381
45 385
45 394
45 401
45 406
45 419
45 435
45 443
45 449
45 453
45 466
45 470
45 473
45 476
45 491
45 495
45 497
46 47
46 51
46 53
46 57
46 60
46 63
46 66
46 81
46 83
46 84
46 88
46 91
46 93
46 95
46 102
46 107
46 116
46 121
46 128
46 139
46 182
46 185
46 204
46 206
46 211
46 215
46 217
46 249
46 268
46 283
46 320
46 362
46 383
46 424
46 439
46 446
46 451
46 462
46 466
46 467
46 476
47 55
47 60
47 61
47 62
47 66
47 69
47 72
47 78
47 81
47 82
47 85
47 88
47 92
47 95
47 97
47 102
47 103
47 115
47 118
47 120
47 123
47 141
47 142
47 150
47 157
47 158
47 161
47 164
47 173
47 187
47 192
47 196
47 199
47 208
47 210
47 215
47 216
47 218
47 220
47 241
47 243
47 246
47 280
47 293
47 298
47 306
47 310
47 318
47 330
47 363
47 371
47 374
47 427
47 436
47 456
47 476
47 479
47 483
48 49
48 55
48 63
48 71
48 73
48 76
48 84
48 100
48 101
48 115
48 116
48 128
48 144
48 145
48 155
48 156
48 166
48 181
48 187
48 188
48 191
48 196
48 206
48 210
48 220
48 226
48 260
48 264
48 270
48 273
48 294
48 297
48 303
48 314
48 318
48 329
48 347
48 382
48 396
48 419
48 424
48 448
48 464
48 473
48 477
48 487
49 50
49 56
49 77
49 90
49 106
49 108
49 125
49 126
49 143
49 146
49 148
49 156
49 164
49 186
49 203
49 205
49 235
49 259
49 264
49 270
49 316
49 331
49 343
49 344
49 370
49 395
49 402
49 411
49 422
49 423
49 426
49 445
49 450
49 456
49 464
49 468
49 473
49 496
50 51
50 52
50 54
50 65
50 66
50 77
50 83
50 90
50 97
50 117
50 124
50 132
50 133
50 134
50 135
50 137
50 141
50 152
50 157
50 163
50 170
50 178
50 190
50 197
50 218
50 228
50 238
50 240
50 258
50 267
50 284
50 303
50 317
50 328
50 330
50 342
50 355
50 374
50 375
50 386
50 395
50 417
50 419
50 438
50 446
50 486
51 54
51 56
51 57
51 60
51 64
51 65
51 68
51 70
51 73
51 75
51 79
51 81
51 83
51 84
51 88
51 94
51 95
51 104
51 106
51 108
51 110
51 113
51 117
51 122
51 123
51 124
51 126
51 130
51 131
51 132
51 138
51 140
51 158
51 167
51 170
51 175
51 176
51 181
51 185
51 188
51 198
51 203
51 207
51 213
51 214
51 215
51 216
51 218
51 219
51 235
51 246
51 252
51 255
51 262
51 268
51 285
51 294
51 308
51 310
51 333
51 334
51 335
51 336
51 337
51 341
51 346
51 376
51 379
51 390
51 395
51 402
51 403
51 418
51 438
51 446
51 447
51 450
51 454
51 457
51 471
51 479
51 486
52 54
52 56
52 60
52 61
52 64
52 65
52 67
52 77
52 79
52 80
52 81
52 82
52 87
52 97
52 107
52 112
52 114
52 118
52 120
52 128
52 141
52 143
52 150
52 165
52 188
52 200
52 203
52 209
52 210
52 213
52 226
52 230
52 234
52 236
52 238
52 257
52 265
52 298
52 306
52 314
52 324
52 326
52 328
52 335
52 339
52 347
52 348
52 350
52 353
52 370
52 376
52 377
52 378
52 380
52 385
52 395
52 412
52 414
52 416
52 434
52 437
52 473
52 487
52 492
52 497
53 55
53 67
53 69
53 72
53 77
53 87
53 89
53 92
53 100
53 117
53 122
53 123
53 125
53 129
53 130
53 132
53 133
53 146
53 155
53 164
53 168
53 176
53 186
53 188
53 193
53 197
53 201
53 206
53 218
53 224
53 232
53 237
53 243
53 266
53 293
53 299
53 307
53 317
53 325
53 335
53 338
53 347
53 389
53 411
53 419
53 428
53 442
53 448
53 457
53 467
53 488
53 490
53 492
53 499
54 70
54 78
54 80
54 116
54 117
54 122
54 123
54 124
54 149
54 164
54 169
54 174
54 184
54 190
54 198
54 201
54 205
54 222
54 224
54 228
54 242
54 247
54 253
54 255
54 281
54 284
54 299
54 313
54 315
54 356
54 357
54 376
54 397
54 414
54 424
54 445
54 454
54 471
54 475
54 477
54 485
55 64
55 69
55 71
55 72
55 73
55 81
55 83
55 87
55 104
55 114
55 118
55 120
55 126
55 127
55 131
55 133
55 147
55 153
55 170
55 171
55 186
55 191
55 214
55 215
55 217
55 233
55 238
55 256
55 257
55 258
55 265
55 266
55 268
55 281
55 303
55 321
55 322
55 333
55 350
55 353
55 358
55 375
55 382
55 391
55 396
55 406
55 409
55 416
55 429
55 437
55 443
55 449
55 458
55 481
55 492
55 499
56 58
56 63
56 64
56 67
56 82
56 96
56 105
56 111
56 113
56 121
56 122
56 135
56 163
56 183
56 201
56 212
56 216
56 226
56 244
56 267
56 271
56 288
56 290
56 304
56 335
56 337
56 347
56 350
56 357
56 405
56 443
56 467
56 477
56 480
56 488
57 65
57 69
57 70
57 72
57 74
57 83
57 98
57 99
57 101
57 105
57 109
57 133
57 159
57 168
57 170
57 177
57 179
57 183
57 186
57 187
57 201
57 214
57 242
57 255
57 263
57 282
57 296
57 298
57 299
57 300
57 341
57 349
57 352
57 353
57 357
57 370
57 392
57 400
57 423
57 427
57 434
57 435
57 439
57 447
57 463
57 470
57 471
57 474
58 63
58 67
58 78
58 86
58 89
58 96
58 98
58 103
58 106
58 107
58 108
58 109
58 113
58 116
58 125
58 134
58 153
58 163
58 165
58 188
58 208
58 212
58 235
58 236
58 246
58 279
58 287
58 305
58 306
58 330
58 357
58 365
58 372
58 386
58 400
58 408
58 430
58 481
58 492
58 494
59 61
59 70
59 81
59 86
59 94
59 103
59 108
59 109
59 119
59 143
59 157
59 176
59 201
59 216
59 223
59 248
59 250
59 277
59 286
59 297
59 320
59 330
59 339
59 354
59 357
59 363
59 365
59 372
59 377
59 380
59 407
59 409
59 415
59 456
59 469
59 487
60 62
60 75
60 84
60 88
60 91
60 96
60 97
60 99
60 112
60 115
60 119
60 131
60 133
60 136
60 171
60 178
60 188
60 191
60 203
60 206
60 217
60 222
60 234
60 243
60 257
60 261
60 271
60 279
60 297
60 330
60 338
60 341
60 359
60 375
60 378
60 384
60 391
60 429
60 440
60 451
60 456
60 465
60 497
60 499
61 65
61 66
61 67
61 70
61 76
61 81
61 82
61 89
61 92
61 108
61 118
61 159
61 166
61 167
61 202
61 204
61 211
61 215
61 221
61 222
61 229
61 243
61 246
61 258
61 294
61 315
61 324
61 342
61 374
61 377
61 381
61 407
61 438
61 461
61 463
62 64
62 79
62 90
62 101
62 104
62 109
62 127
62 128
62 137
62 160
62 165
62 182
62 196
62 200
62 206
62 221
62 241
62 245
62 247
62 254
62 255
62 257
62 261
62 271
62 280
62 288
62 300
62 316
62 318
62 329
62 333
62 335
62 343
62 345
62 349
62 352
62 385
62 391
62 400
62 452
62 458
62 470
62 478
62 498
63 64
63 67
63 68
63 73
63 74
63 87
63 89
63 104
63 105
63 110
63 114
63 126
63 128
63 132
63 140
63 141
63 144
63 148
63 151
63 161
63 171
63 177
63 182
63 194
63 204
63 205
63 211
63 218
63 221
63 225
63 228
63 274
63 277
63 285
63 288
63 296
63 299
63 307
63 317
63 327
63 333
63 338
63 342
63 346
63 351
63 356
63 360
63 362
63 366
63 373
63 382
63 388
63 411
63 415
63 455
63 469
64 67
64 72
64 73
64 81
64 85
64 87
64 89
64 100
64 102
64 105
64 134
64 149
64 155
64 168
64 169
64 181
64 184
64 186
64 189
64 212
64 214
64 222
64 223
64 244
64 249
64 252
64 258
64 263
64 268
64 280
64 293
64 303
64 313
64 352
64 355
64 365
64 383
64 409
64 417
64 424
64 432
64 452
65 67
65 70
65 73
65 78
65 102
65 104
65 112
65 144
65 173
65 200
65 215
65 218
65 224
65 236
65 240
65 287
65 371
65 403
65 412
65 414
65 429
65 430
65 448
65 458
65 474
66 74
66 77
66 93
66 111
66 125
66 128
66 154
66 159
66 161
66 175
66 179
66 182
66 191
66 201
66 221
66 223
66 229
66 231
66 248
66 259
66 263
66 293
66 302
66 314
66 345
66 349
66 362
66 364
66 384
66 411
66 419
66 423
66 491
67 90
67 95
67 98
67 100
67 101
67 121
67 122
67 124
67 129
67 131
67 140
67 142
67 149
67 157
67 172
67 174
67 175
67 193
67 194
67 196
67 257
67 258
67 265
67 267
67 290
67 294
67 300
67 313
67 322
67 326
67 327
67 328
67 383
67 444
67 459
68 79
68 85
68 121
68 138
68 156
68 158
68 168
68 219
68 224
68 234
68 240
68 293
68 308
68 342
68 347
68 351
68 359
68 366
68 398
68 420
68 421
68 450
69 77
69 78
69 83
69 87
69 88
69 93
69 95
69 119
69 124
69 130
69 131
69 132
69 135
69 148
69 150
69 160
69 166
69 172
69 176
69 179
69 180
69 187
69 190
69 193
69 197
69 213
69 232
69 238
69 243
69 280
69 288
69 297
69 304
69 323
69 331
69 332
69 371
69 415
69 418
69 439
69 444
70 88
70 96
70 117
70 121
70 142
70 152
70 183
70 189
70 204
70 217
70 220
70 221
70 233
70 244
70 267
70 300
70 314
70 338
70 383
70 394
70 414
70 419
70 434
70 479
70 494
71 75
71 82
71 84
71 92
71 118
71 124
71 130
71 141
71 150
71 161
71 174
71 179
71 182
71 194
71 200
71 231
71 248
71 256
71 260
71 273
71 334
71 358
71 361
71 367
71 370
71 377
71 394
71 395
71 413
71 426
71 430
71 432
71 446
71 463
71 471
71 474
71 491
72 73
72 74
72 75
72 80
72 94
72 96
72 102
72 104
72 107
72 115
72 128
72 143
72 153
72 159
72 164
72 171
72 180
72 183
72 193
72 199
72 230
72 231
72 250
72 269
72 271
72 297
72 307
72 351
72 359
72 396
72 407
72 435
72 456
72 473
73 80
73 84
73 107
73 114
73 124
73 149
73 157
73 171
73 185
73 246
73 252
73 263
73 281
73 327
73 332
73 377
73 410
73 478
74 79
74 80
74 85
74 95
74 98
74 110
74 113
74 120
74 122
74 150
74 157
74 182
74 197
74 203
74 270
74 290
74 301
74 303
74 327
74 332
74 334
74 355
74 359
74 371
74 379
74 410
74 414
74 421
74 446
74 488
75 92
75 102
75 107
75 114
75 119
75 136
75 159
75 171
75 183
75 209
75 225
75 229
75 230
75 231
75 235
75 237
75 248
75 255
75 275
75 303
75 316
75 320
75 323
75 349
75 368
75 371
75 381
75 387
75 401
75 405
75 416
75 448
75 453
75 460
75 462
75 470
76 83
76 87
76 91
76 93
76 97
76 107
76 113
76 122
76 125
76 142
76 147
76 149
76 154
76 155
76 167
76 170
76 171
76 175
76 176
76 183
76 185
76 188
76 189
76 211
76 229
76 250
76 263
76 292
76 308
76 312
76 315
76 316
76 329
76 338
76 355
76 359
76 392
76 394
76 418
76 421
76 425
76 474
76 477
76 481
76 488
76 495
77 80
77 85
77 91
77 93
77 97
77 110
77 116
77 139
77 143
77 149
77 155
77 156
77 158
77 169
77 193
77 206
77 213
77 216
77 226
77 229
77 234
77 244
77 247
77 248
77 251
77 265
77 290
77 302
77 323
77 328
77 339
77 365
77 371
77 375
77 376
77 413
77 420
77 479
77 482
78 89
78 93
78 95
78 120
78 129
78 142
78 144
78 147
78 194
78 195
78 209
78 219
78 257
78 258
78 262
78 270
78 294
78 390
78 407
78 437
79 81
79 87
79 91
79 97
79 104
79 105
79 106
79 113
79 115
79 116
79 118
79 131
79 136
79 137
79 156
79 157
79 164
79 167
79 176
79 196
79 204
79 208
79 210
79 221
79 232
79 245
79 265
79 272
79 293
79 328
79 348
79 349
79 354
79 357
79 382
79 436
79 496
80 87
80 94
80 97
80 110
80 119
80 124
80 143
80 144
80 154
80 159
80 162
80 174
80 178
80 189
80 194
80 195
80 233
80 248
80 266
80 267
80 278
80 314
80 363
80 408
80 427
80 436
80 454
80 459
80 467
80 483
80 485
81 84
81 90
81 99
81 102
81 105
81 116
81 126
81 145
81 147
81 153
81 167
81 227
81 249
81 271
81 285
81 290
81 304
81 326
81 342
81 353
81 370
81 408
81 451
82 88
82 100
82 102
82 104
82 108
82 122
82 124
82 136
82 145
82 149
82 179
82 184
82 203
82 207
82 213
82 244
82 258
82 276
82 288
82 301
82 305
82 338
82 340
82 344
82 376
82 390
82 410
82 415
82 422
82 454
82 475
83 94
83 98
83 103
83 138
83 164
83 179
83 197
83 212
83 217
83 236
83 258
83 281
83 287
83 293
83 309
83 319
83 404
83 431
83 452
83 468
84 93
84 111
84 126
84 129
84 130
84 131
84 137
84 140
84 167
84 172
84 181
84 200
84 213
84 239
84 247
84 262
84 286
84 296
84 315
84 337
84 341
84 393
84 398
84 403
84 427
84 433
84 441
84 466
84 468
84 490
85 90
85 93
85 108
85 110
85 111
85 123
85 133
85 138
85 149
85 158
85 159
85 160
85 171
85 189
85 202
85 224
85 242
85 265
85 318
85 324
85 344
85 383
85 413
85 421
85 486
85 494
86 93
86 102
86 105
86 112
86 123
86 140
86 145
86 146
86 168
86 178
86 187
86 188
86 191
86 202
86 237
86 259
86 263
86 267
86 272
86 317
86 319
86 347
86 353
86 354
86 397
86 399
86 430
86 481
86 489
86 490
87 89
87 91
87 162
87 163
87 191
87 192
87 197
87 204
87 207
87 225
87 235
87 277
87 287
87 301
87 334
87 337
87 416
87 435
87 462
87 491
87 497
88 91
88 98
88 107
88 126
88 127
88 138
88 141
88 142
88 157
88 205
88 212
88 240
88 260
88 275
88 276
88 343
88 359
88 369
88 396
88 398
88 401
88 408
88 426
88 440
89 93
89 101
89 105
89 106
89 110
89 111
89 112
89 123
89 125
89 127
89 140
89 162
89 164
89 167
89 198
89 211
89 218
89 219
89 222
89 229
89 242
89 263
89 264
89 294
89 301
89 330
89 345
89 353
89 393
89 398
89 403
89 430
89 471
89 478
89 490
89 498
90 95
90 96
90 97
90 98
90 103
90 112
90 119
90 126
90 129
90 140
90 153
90 173
90 176
90 184
90 204
90 205
90 219
90 228
90 232
90 238
90 263
90 296
90 335
90 352
90 359
90 383
90 396
90 399
90 420
90 427
90 438
90 449
90 454
91 92
91 103
91 108
91 109
91 135
91 141
91 143
91 151
91 159
91 168
91 194
91 213
91 227
91 228
91 250
91 266
91 280
91 287
91 329
91 331
91 342
91 344
91 350
91 352
91 380
91 393
91 433
91 455
92 106
92 107
92 142
92 161
92 304
92 348
92 371
92 373
92 383
92 439
93 102
93 107
93 124
93 148
93 163
93 177
93 192
93 227
93 277
93 339
93 370
93 400
93 423
93 431
94 103
94 121
94 146
94 151
94 152
94 160
94 164
94 179
94 191
94 197
94 198
94 208
94 269
94 295
94 301
94 306
94 321
94 327
94 338
94 376
94 409
94 457
94 474
94 497
95 99
95 112
95 114
95 117
95 119
95 124
95 132
95 137
95 169
95 178
95 184
95 187
95 195
95 196
95 206
95 209
95 218
95 225
95 234
95 236
95 241
95 243
95 260
95 269
95 295
95 306
95 312
95 321
95 352
95 353
95 375
95 380
95 409
95 425
95 443
95 477
95 483
95 484
95 487
96 97
96 108
96 113
96 119
96 151
96 158
96 171
96 177
96 189
96 194
96 197
96 223
96 239
96 254
96 276
96 289
96 304
96 307
96 308
96 382
96 383
96 408
96 445
96 467
96 468
96 471
96 481
97 110
97 118
97 154
97 170
97 174
97 177
97 196
97 203
97 206
97 209
97 242
97 244
97 254
97 278
97 285
97 303
97 312
97 334
97 336
97 341
97 360
97 364
97 391
97 404
97 450
97 482
98 106
98 113
98 114
98 116
98 139
98 141
98 162
98 164
98 183
98 190
98 208
98 249
98 266
98 268
98 295
98 312
98 364
98 385
98 414
98 446
98 471
98 472
98 485
99 110
99 111
99 113
99 120
99 123
99 131
99 133
99 134
99 148
99 155
99 168
99 172
99 186
99 192
99 242
99 257
99 263
99 317
99 327
99 344
99 359
99 374
99 387
99 416
99 428
99 444
99 482
100 109
100 110
100 126
100 140
100 151
100 154
100 173
100 179
100 180
100 274
100 282
100 295
100 306
100 326
100 332
100 338
100 339
100 387
100 396
100 447
100 454
100 468
100 475
100 486
100 493
101 104
101 141
101 155
101 167
101 174
101 180
101 215
101 217
101 276
101 279
101 291
101 301
101 315
101 327
101 330
101 410
101 470
102 121
102 144
102 154
102 166
102 172
102 178
102 210
102 221
102 224
102 225
102 231
102 240
102 245
102 265
102 275
102 283
102 365
102 369
102 378
102 382
102 393
102 400
102 447
103 139
103 145
103 153
103 196
103 203
103 234
103 239
103 287
103 299
103 319
103 340
103 361
103 372
103 380
103 444
103 453
103 487
103 488
104 105
104 108
104 120
104 129
104 145
104 152
104 158
104 170
104 204
104 250
104 273
104 277
104 283
104 292
104 311
104 330
104 422
104 428
104 455
104 459
104 460
104 485
104 493
105 106
105 111
105 126
105 131
105 132
105 163
105 201
105 213
105 223
105 227
105 254
105 267
105 283
105 297
105 313
105 350
105 353
105 359
105 363
105 368
105 387
105 389
105 453
105 463
105 467
105 483
105 488
105 495
106 118
106 120
106 132
106 153
106 158
106 166
106 179
106 181
106 191
106 197
106 235
106 254
106 273
106 300
106 318
106 327
106 340
106 368
106 370
106 376
106 387
106 411
106 426
106 457
106 460
106 475
107 120
107 133
107 138
107 158
107 180
107 182
107 192
107 235
107 261
107 296
107 299
107 303
107 305
107 308
107 313
107 322
107 362
107 365
107 373
107 402
107 432
107 447
107 463
107 471
108 112
108 127
108 144
108 162
108 182
108 185
108 195
108 205
108 229
108 241
108 251
108 253
108 277
108 279
108 286
108 289
108 298
108 307
108 315
108 348
108 406
108 421
108 429
108 439
108 452
108 480
108 486
109 124
109 148
109 151
109 188
109 204
109 257
109 260
109 263
109 291
109 305
109 326
109 335
109 348
109 354
109 362
109 368
109 384
109 389
109 391
109 415
109 461
109 470
109 485
110 122
110 146
110 165
110 166
110 171
110 198
110 229
110 249
110 280
110 319
110 359
110 363
110 389
110 396
110 427
110 429
110 430
110 480
110 499
111 130
111 138
111 152
111 155
111 168
111 199
111 226
111 228
111 250
111 284
111 316
111 322
111 341
111 398
111 407
111 428
111 433
111 465
111 493
112 114
112 126
112 128
112 146
112 160
112 178
112 180
112 210
112 227
112 272
112 299
112 306
112 326
112 328
112 333
112 348
112 356
112 363
112 365
112 369
112 387
112 391
112 398
112 412
112 469
112 483
113 148
113 190
113 201
113 216
113 225
113 246
113 257
113 260
113 348
113 452
114 150
114 167
114 180
114 194
114 220
114 233
114 243
114 259
114 274
114 282
114 321
114 326
114 378
114 384
114 418
114 434
114 499
115 123
115 128
115 132
115 151
115 161
115 178
115 206
115 224
115 228
115 257
115 259
115 299
115 307
115 408
115 411
116 125
116 154
116 161
116 209
116 225
116 229
116 236
116 248
116 252
116 271
116 277
116 282
116 304
116 373
116 427
116 435
116 447
116 461
117 129
117 136
117 168
117 172
117 183
117 267
117 279
117 312
117 316
117 338
117 340
117 351
117 352
117 355
117 360
117 379
117 408
117 439
117 451
117 452
118 127
118 133
118 136
118 142
118 147
118 162
118 165
118 170
118 194
118 202
118 229
118 292
118 305
118 308
118 328
118 364
118 374
118 375
118 377
118 399
118 469
118 476
118 491
119 122
119 125
119 128
119 130
119 136
119 148
119 152
119 156
119 169
119 171
119 173
119 181
119 201
119 213
119 214
119 216
119 222
119 243
119 251
119 266
119 276
119 278
119 285
119 290
119 310
119 311
119 314
119 316
119 345
119 349
119 364
119 385
119 390
119 391
119 434
119 464
119 468
119 474
120 137
120 138
120 152
120 167
120 169
120 190
120 194
120 234
120 256
120 270
120 274
120 289
120 325
120 343
120 360
120 364
120 366
120 373
120 374
120 419
120 431
120 481
121 124
121 131
121 139
121 156
121 166
121 169
121 191
121 202
121 204
121 209
121 223
121 242
121 261
121 293
121 297
121 323
121 334
121 338
121 367
121 381
121 434
121 456
121 472
122 132
122 177
122 190
122 213
122 230
122 290
122 368
122 377
122 380
122 424
122 425
122 431
122 440
122 451
122 456
122 466
123 127
123 147
123 151
123 173
123 175
123 180
123 190
123 210
123 220
123 228
123 234
123 243
123 282
123 308
123 332
123 355
123 404
124 129
124 132
124 154
124 164
124 168
124 170
124 206
124 215
124 219
124 229
124 241
124 262
124 277
124 326
124 378
124 390
124 433
125 128
125 140
125 142
125 145
125 154
125 155
125 157
125 168
125 170
125 171
125 209
125 219
125 233
125 337
125 397
125 417
125 433
125 484
125 491
125 493
125 497
126 131
126 135
126 155
126 182
126 189
126 194
126 259
126 264
126 269
126 313
126 364
126 377
126 385
126 395
126 412
126 415
127 135
127 146
127 162
127 215
127 219
127 222
127 228
127 253
127 310
127 359
127 368
127 410
127 449
128 163
128 166
128 179
128 193
128 222
128 223
128 258
128 272
128 276
128 312
128 318
128 381
128 437
128 455
129 157
129 159
129 177
129 178
129 184
129 219
129 258
129 273
129 277
129 286
129 308
129 310
129 343
129 372
129 439
129 458
129 475
129 493
130 131
130 137
130 138
130 150
130 155
130 160
130 162
130 169
130 174
130 177
130 217
130 251
130 292
130 309
130 315
130 335
130 362
130 494
131 134
131 137
131 147
131 174
131 193
131 207
131 239
131 260
131 280
131 286
131 316
131 322
131 392
131 401
131 405
131 416
132 134
132 149
132 154
132 163
132 175
132 186
132 191
132 207
132 226
132 232
132 249
132 282
132 366
132 440
132 483
132 489
133 139
133 149
133 167
133 180
133 189
133 195
133 212
133 214
133 217
133 227
133 238
133 241
133 251
133 255
133 332
133 342
133 346
133 353
133 354
133 356
133 366
133 390
133 399
133 404
133 406
133 433
134 166
134 210
134 213
134 230
134 231
134 242
134 268
134 337
134 357
134 390
134 434
134 435
135 145
135 153
135 191
135 202
135 223
135 225
135 281
135 290
135 321
135 345
135 398
135 474
135 479
136 153
136 188
136 214
136 222
136 270
136 276
136 279
136 281
136 286
136 294
136 334
136 341
136 375
136 396
136 410
136 419
136 428
136 446
136 474
137 168
137 174
137 185
137 189
137 195
137 213
137 234
137 237
137 241
137 242
137 252
137 321
137 342
137 426
137 428
137 441
137 484
138 145
138 152
138 162
138 194
138 237
138 256
138 257
138 274
138 275
138 310
138 334
138 380
138 420
138 476
139 150
139 154
139 172
139 175
139 182
139 187
139 189
139 198
139 233
139 254
139 255
139 278
139 279
139 309
139 321
139 333
139 337
139 360
139 361
139 372
139 383
139 416
139 427
139 451
139 468
139 486
140 142
140 160
140 211
140 252
140 268
140 269
140 274
140 276
140 281
140 289
140 325
140 332
140 362
140 374
140 439
140 464
141 154
141 195
141 224
141 247
141 271
141 273
141 295
141 315
142 149
142 153
142 154
142 170
142 184
142 197
142 220
142 228
142 270
142 335
142 361
142 386
142 422
142 449
143 172
143 202
143 227
143 230
143 240
143 275
143 327
143 330
143 334
143 344
143 351
143 393
143 400
144 166
144 192
144 211
144 216
144 219
144 227
144 229
144 238
144 245
144 249
144 254
144 256
144 284
144 307
144 340
144 358
144 368
144 388
144 405
144 432
144 445
144 488
145 179
145 201
145 207
145 235
145 255
145 269
145 361
145 362
145 369
145 392
145 427
145 433
145 445
145 454
145 464
145 482
145 494
146 148
146 185
146 231
146 237
146 250
146 307
146 401
146 411
146 441
146 445
146 449
146 451
146 495
147 163
147 166
147 180
147 182
147 216
147 240
147 251
147 279
147 283
147 290
147 301
147 304
147 317
147 432
147 442
147 447
147 476
148 152
148 223
148 232
148 250
148 281
148 285
148 311
148 375
148 453
148 464
148 470
149 163
149 185
149 186
149 200
149 208
149 211
149 216
149 228
149 253
149 261
149 267
149 305
149 330
149 336
149 341
149 349
149 372
149 381
149 391
149 413
149 425
149 447
149 474
149 477
149 478
150 199
150 207
150 227
150 242
150 402
150 456
151 158
151 160
151 163
151 166
151 187
151 189
151 228
151 230
151 244
151 247
151 252
151 278
151 281
151 308
151 314
151 320
151 323
151 341
151 346
151 380
151 425
151 432
151 433
151 453
151 464
151 467
152 157
152 163
152 167
152 184
152 187
152 205
152 210
152 281
152 285
152 350
152 400
152 412
152 420
152 437
152 486
153 176
153 186
153 194
153 195
153 198
153 211
153 218
153 251
153 260
153 279
153 283
153 299
153 347
153 365
153 367
153 433
153 436
153 443
153 469
153 486
154 160
154 181
154 189
154 237
154 241
154 253
154 312
154 322
154 324
154 336
154 347
154 413
154 417
154 430
154 486
155 163
155 172
155 182
155 214
155 218
155 234
155 238
155 241
155 254
155 262
155 286
155 287
155 292
155 296
155 318
155 335
155 336
155 369
155 405
155 417
156 157
156 231
156 274
156 305
156 312
156 331
156 366
156 381
156 391
156 402
156 409
156 438
156 456
156 464
156 466
156 483
157 175
157 196
157 198
157 203
157 256
157 257
157 269
157 298
157 325
157 374
157 415
157 420
157 435
157 450
157 487
157 493
158 165
158 176
158 179
158 188
158 205
158 210
158 220
158 222
158 227
158 248
158 262
158 277
158 287
158 306
158 308
158 316
158 363
158 392
158 398
158 412
158 457
158 465
158 466
158 469
159 192
159 244
159 347
159 353
159 370
160 165
160 193
160 244
160 288
160 306
160 307
160 316
160 320
160 332
160 401
160 413
160 443
160 483
161 175
161 183
161 191
161 193
161 195
161 226
161 249
161 258
161 265
161 329
161 336
161 399
161 448
161 468
162 183
162 206
162 245
162 268
162 296
162 333
162 349
162 358
162 388
162 391
162 392
162 406
162 409
162 456
162 471
162 475
162 489
163 182
163 188
163 197
163 211
163 251
163 259
163 260
163 268
163 273
163 300
163 317
163 334
163 342
163 346
163 361
163 393
163 423
163 425
163 441
163 455
163 470
163 496
164 181
164 196
164 198
164 233
164 253
164 259
164 289
164 320
164 444
164 455
164 467
165 177
165 198
165 204
165 211
165 218
165 223
165 261
165 288
165 320
165 379
165 413
165 421
165 438
165 481
165 486
165 492
166 174
166 247
166 333
166 420
166 440
166 454
166 487
166 494
167 202
167 219
167 239
167 240
167 324
167 338
167 471
168 185
168 199
168 204
168 273
168 289
168 292
168 320
168 357
168 358
168 367
168 441
168 443
168 447
168 494
168 499
169 171
169 179
169 186
169 228
169 233
169 259
169 262
169 305
169 325
169 363
169 399
169 402
169 409
169 441
169 462
169 480
169 496
170 235
170 262
170 271
170 311
170 350
170 358
170 390
170 430
170 437
170 463
170 499
171 176
171 202
171 205
171 207
171 210
171 212
171 214
171 217
171 219
171 231
171 233
171 278
171 283
171 287
171 301
171 309
171 371
171 402
171 409
171 434
171 464
171 465
171 467
171 495
172 232
172 285
172 291
172 302
172 324
172 327
172 336
172 350
172 358
172 389
172 392
172 414
172 461
172 467
172 468
173 205
173 208
173 211
173 282
173 364
173 404
173 417
173 420
173 433
173 448
174 177
174 215
174 353
174 430
174 434
174 442
174 470
175 198
175 211
175 221
175 226
175 244
175 262
175 360
175 375
175 385
175 469
176 181
176 211
176 215
176 216
176 238
176 244
176 275
176 287
176 290
176 296
176 319
176 324
176 336
176 337
176 349
176 351
176 394
176 397
176 420
176 426
176 439
176 473
177 192
177 195
177 209
177 213
177 248
177 249
177 311
177 325
177 351
177 455
177 459
177 481
177 494
178 193
178 200
178 211
178 236
178 248
178 290
178 292
178 337
178 351
178 404
178 449
178 495
178 498
179 191
179 192
179 203
179 209
179 240
179 249
179 251
179 305
179 325
179 328
179 339
179 370
179 406
180 181
180 182
180 208
180 240
180 251
180 253
180 266
180 271
180 283
180 298
180 319
180 339
180 361
180 374
180 375
180 396
180 412
180 420
180 451
180 457
180 463
181 214
181 252
181 257
181 276
181 278
181 316
181 362
181 379
181 445
181 480
182 243
182 251
182 274
182 288
182 313
182 331
182 341
182 357
182 376
182 381
182 423
182 430
182 444
182 478
182 479
183 184
183 189
183 195
183 217
183 220
183 221
183 241
183 272
183 283
183 299
183 302
183 331
183 340
183 360
183 376
183 413
183 430
183 459
183 460
184 230
184 235
184 242
184 274
184 340
184 414
184 434
184 444
185 199
185 213
185 266
185 286
185 297
185 325
185 404
185 405
185 409
185 427
185 431
185 469
186 221
186 225
186 233
186 261
186 272
186 288
186 314
186 324
186 343
186 367
186 370
186 380
186 382
186 397
186 415
186 437
186 471
186 489
186 492
186 499
187 208
187 219
187 254
187 255
187 256
187 301
187 320
187 331
187 332
187 347
187 356
187 361
187 398
187 403
187 415
187 435
187 441
187 442
187 465
188 206
188 281
188 319
188 327
188 431
188 465
189 196
189 244
189 267
189 289
189 301
189 322
189 326
189 372
189 375
189 394
189 426
189 460
189 472
189 484
190 210
190 221
190 231
190 237
190 301
190 302
190 303
190 326
190 328
190 381
190 464
190 488
190 499
191 202
191 223
191 246
191 247
191 271
191 294
191 342
191 343
191 349
191 366
191 386
191 393
191 450
191 479
192 200
192 208
192 219
192 256
192 271
192 272
192 280
192 298
192 437
192 459
193 207
193 214
193 217
193 289
193 319
193 334
193 401
193 423
193 436
193 452
193 464
194 205
194 249
194 252
194 257
194 265
194 300
194 329
194 355
194 368
194 394
194 419
194 478
194 493
195 236
195 428
195 448
196 202
196 212
196 237
196 250
196 255
196 273
196 286
196 293
196 294
196 295
196 310
196 366
196 370
196 372
196 386
196 411
196 449
196 457
197 200
197 214
197 217
197 239
197 262
197 269
197 278
197 284
197 295
197 304
197 306
197 318
197 346
197 357
197 358
197 373
197 440
197 454
197 468
197 498
198 214
198 215
198 258
198 275
198 284
198 297
198 302
198 312
198 314
198 357
198 367
198 416
198 470
198 472
199 218
199 228
199 257
199 258
199 339
199 364
200 315
200 369
200 373
200 391
200 405
200 422
200 439
200 459
201 214
201 222
201 246
201 248
201 252
201 259
201 300
201 347
201 355
201 378
201 415
201 446
201 476
201 484
202 251
202 285
202 292
202 298
202 302
202 309
202 321
202 331
202 379
202 490
202 499
203 236
203 273
203 321
203 333
203 412
203 469
204 215
204 221
204 239
204 246
204 304
204 315
204 398
204 399
204 476
204 492
205 223
205 243
205 249
205 256
205 279
205 283
205 307
205 335
205 346
205 404
205 405
205 465
206 224
206 228
206 236
206 278
206 281
206 283
206 292
206 367
206 373
206 386
206 395
206 412
206 418
206 436
206 478
206 490
207 239
207 245
207 250
207 254
207 278
207 281
207 284
207 285
207 291
207 310
207 317
207 366
207 369
207 413
207 464
208 222
208 232
208 265
208 269
208 312
208 346
208 385
208 431
208 437
208 472
209 232
209 253
209 287
209 367
209 387
210 315
210 353
210 377
210 443
210 458
210 472
210 489
211 212
211 260
211 272
211 275
211 279
211 363
211 444
211 473
211 477
211 495
212 221
212 241
212 245
212 267
212 268
212 337
212 389
212 412
212 431
213 260
213 272
213 366
213 421
213 442
213 459
213 495
214 220
214 222
214 252
214 298
214 305
214 318
214 399
214 427
214 452
214 458
215 226
215 270
215 373
215 403
215 407
215 456
215 461
216 235
216 264
217 230
217 248
217 257
217 263
217 271
217 272
217 297
217 332
217 389
217 403
217 407
217 417
217 421
217 443
218 250
218 256
218 278
218 320
218 357
218 359
218 381
218 450
219 226
219 289
219 296
219 438
220 236
220 241
220 242
220 277
220 278
220 285
220 313
220 318
220 334
220 356
220 360
220 363
220 374
220 468
221 302
221 312
221 336
221 395
222 260
222 273
222 284
222 286
222 327
222 331
222 400
222 415
222 423
222 429
223 263
223 300
223 361
223 465
224 264
224 311
224 335
224 347
224 390
224 392
224 423
224 427
224 436
224 444
224 446
224 488
224 489
225 240
225 262
225 327
225 329
225 343
225 369
225 390
225 397
225 408
225 424
225 451
226 329
226 345
226 375
226 378
226 409
226 487
227 232
227 235
227 245
227 274
227 293
227 358
227 404
227 455
227 480
227 488
227 492
228 229
228 254
228 293
228 317
228 324
228 339
228 341
228 372
228 410
228 450
229 252
229 333
230 268
230 273
230 323
230 325
230 358
230 455
230 498
231 232
231 235
231 237
231 239
231 244
231 291
231 311
231 329
231 354
231 393
232 260
232 391
232 400
232 427
232 428
232 480
233 234
233 288
233 291
233 318
233 358
233 363
233 370
233 474
233 477
233 482
234 246
234 275
234 284
234 323
234 367
234 426
235 240
235 295
235 368
235 369
235 395
235 419
235 432
235 476
236 274
236 310
236 320
237 265
237 292
237 300
237 356
237 407
237 480
237 494
238 253
238 288
238 347
238 363
238 455
238 490
239 253
239 283
239 289
239 313
239 319
239 322
239 346
239 355
239 369
239 371
239 483
240 269
240 375
240 389
240 460
241 270
241 295
241 339
241 393
241 406
241 426
241 479
241 487
241 492
242 252
242 253
242 264
242 282
242 312
242 373
242 376
242 379
242 399
242 431
242 458
242 473
243 276
243 364
243 385
243 411
243 438
243 440
243 473
243 489
244 323
244 344
244 449
244 466
244 469
244 475
245 256
245 270
245 288
245 298
245 323
245 328
245 350
245 374
245 379
246 253
246 292
246 363
246 370
246 406
246 442
246 451
246 475
246 489
247 266
247 351
247 375
247 379
247 381
247 390
247 419
247 460
248 256
248 292
248 461
249 250
249 291
249 324
249 373
249 478
250 287
250 288
250 362
250 386
250 387
250 401
250 457
250 475
251 264
251 285
251 397
251 431
251 453
251 454
252 285
252 298
252 327
252 359
252 379
252 391
252 404
252 460
252 482
253 272
253 293
253 298
253 311
253 388
253 477
253 490
254 262
254 271
254 282
254 301
254 319
254 419
254 422
254 451
254 494
255 268
255 321
255 462
255 486
256 265
256 266
256 267
256 291
256 309
256 312
256 316
256 368
256 384
256 473
256 480
256 482
257 436
257 461
257 498
258 338
258 339
258 376
258 386
258 408
258 455
258 457
258 474
259 284
259 289
259 314
259 348
259 349
259 387
259 412
259 469
260 277
260 282
260 304
260 309
260 441
260 446
260 487
261 286
261 287
261 302
261 308
261 340
261 341
261 354
261 391
261 414
261 443
262 292
262 315
262 344
262 414
262 472
263 268
263 282
263 400
263 402
264 302
264 322
264 344
264 404
264 432
264 456
265 291
265 344
265 356
265 392
265 435
265 488
266 285
266 337
266 389
266 403
266 427
266 448
266 467
266 477
266 483
267 275
267 305
267 311
267 363
267 407
267 463
268 303
268 410
268 423
269 302
269 311
269 323
269 325
269 421
269 472
269 497
270 284
270 297
270 299
270 305
270 316
270 328
270 330
270 361
270 388
270 462
271 280
271 294
271 302
271 339
271 345
272 273
272 354
272 393
272 408
272 496
273 286
273 381
273 382
273 385
273 401
273 439
273 449
274 279
274 318
274 328
274 429
274 453
275 352
275 425
275 451
276 326
276 368
276 478
277 307
277 354
277 364
277 390
277 404
277 438
277 485
277 486
278 364
278 372
278 395
278 430
278 436
278 449
279 291
279 296
279 300
279 312
279 322
279 324
279 351
279 375
279 445
279 460
279 492
280 291
280 295
280 313
280 320
280 470
280 491
281 321
282 303
282 334
282 372
282 394
282 396
282 399
282 407
282 415
282 483
283 320
283 336
283 460
283 481
283 484
284 474
285 301
285 305
285 310
285 321
285 326
285 426
285 432
285 488
285 498
286 290
286 310
286 340
286 344
286 388
286 394
286 469
286 474
286 493
287 323
287 339
287 340
287 343
287 349
287 392
287 422
287 423
287 424
287 465
288 299
288 312
288 409
289 336
289 392
289 436
289 462
289 470
289 488
290 342
290 356
290 410
290 411
290 451
290 472
290 491
291 328
291 336
291 482
291 484
291 485
292 301
292 306
292 311
292 338
292 377
292 382
292 398
292 411
292 450
293 301
293 314
293 333
293 350
293 353
295 345
295 406
295 424
295 487
295 495
296 304
296 306
296 341
296 374
296 398
296 408
296 438
296 440
296 441
296 480
296 482
296 497
297 332
297 341
297 384
297 421
297 440
297 448
297 471
298 309
298 324
298 332
298 333
299 319
299 329
299 377
299 385
299 418
299 425
299 426
299 432
299 441
299 446
299 459
300 314
300 328
300 336
300 353
300 446
301 377
301 457
301 479
301 484
302 353
302 374
302 395
302 448
303 313
303 324
303 363
303 366
303 371
303 385
303 405
303 445
303 466
303 496
304 315
304 367
304 369
304 383
304 447
304 491
304 498
305 357
305 383
305 439
306 339
306 394
306 452
306 472
306 484
307 356
307 418
307 425
307 432
307 435
307 458
308 379
308 460
309 324
309 348
309 369
309 408
309 416
309 435
310 314
310 396
310 403
310 407
310 447
311 331
311 475
312 349
312 398
313 317
313 343
313 378
313 382
313 395
313 417
313 460
313 466
314 370
314 493
315 343
315 401
315 466
315 493
316 348
316 360
316 365
316 369
316 470
316 483
317 330
317 332
317 337
317 355
317 368
317 387
317 413
317 417
317 422
317 467
318 441
319 325
319 345
319 356
319 377
319 381
319 388
319 468
320 365
320 372
320 390
320 414
320 435
320 481
320 497
321 388
321 398
321 412
321 422
321 472
322 323
322 356
322 394
322 445
323 356
323 442
324 329
324 365
325 460
326 403
326 430
326 457
326 463
327 346
327 350
327 360
327 380
327 409
327 496
328 360
328 402
328 494
329 335
329 337
329 403
330 338
330 343
330 418
330 440
330 453
331 345
331 351
331 420
331 433
331 459
332 354
332 370
332 393
332 425
332 471
333 334
333 374
333 379
333 462
333 466
333 491
334 359
334 442
334 450
334 485
335 388
335 398
335 401
335 476
336 367
336 441
336 442
336 450
337 352
337 360
337 386
337 407
337 423
337 453
338 384
338 419
338 433
338 480
339 346
339 356
339 365
339 407
339 412
340 405
340 418
340 464
341 352
341 353
341 369
341 380
341 465
341 497
342 351
342 412
342 430
343 403
343 498
344 391
344 433
344 443
344 484
345 346
345 351
345 352
345 371
345 460
346 407
346 420
346 425
346 428
346 457
346 471
346 491
346 493
347 391
348 421
348 485
349 350
349 445
350 397
350 452
350 473
350 475
351 396
351 461
351 476
352 368
352 394
352 403
352 406
352 417
352 453
352 455
353 453
353 469
354 416
354 439
354 442
354 447
354 455
354 473
355 371
355 413
355 448
356 387
356 393
356 428
356 429
356 462
357 367
357 461
357 462
358 422
358 429
358 461
358 462
359 384
359 400
359 413
359 497
360 361
360 402
360 414
360 478
361 394
361 461
361 465
362 382
362 418
362 436
362 473
362 485
363 400
363 434
364 365
364 425
364 438
364 467
364 473
364 493
365 397
365 398
365 472
365 482
366 495
366 496
367 382
367 424
367 489
368 378
368 382
368 440
368 497
368 498
370 380
370 424
370 490
371 428
371 431
371 466
372 384
372 414
372 417
372 422
372 429
372 445
372 495
373 440
373 451
374 485
375 392
375 397
375 428
375 456
375 496
376 429
377 388
377 396
377 402
378 422
378 437
379 384
379 385
379 387
379 392
379 419
379 452
379 457
379 489
380 411
380 453
380 478
381 382
381 388
381 395
381 454
381 498
381 499
382 436
383 397
383 411
384 428
384 448
384 457
385 437
385 449
386 442
386 449
387 445
387 466
387 484
388 450
388 477
388 489
389 462
389 483
389 489
390 437
390 483
391 411
391 412
391 437
391 479
392 407
392 418
392 447
393 410
393 459
393 481
394 440
394 463
394 479
394 484
395 460
395 461
395 465
396 422
396 441
396 481
396 487
399 400
399 436
399 495
400 417
400 439
400 459
401 404
401 405
401 450
401 460
401 496
402 479
403 422
404 413
404 427
404 458
406 434
406 435
406 438
406 449
406 468
406 494
407 425
407 448
407 485
408 438
409 410
409 413
409 477
410 415
410 421
410 438
410 480
410 491
411 436
412 417
412 418
412 485
413 424
413 455
413 473
415 416
416 461
417 436
418 426
418 453
419 442
419 486
420 479
420 499
422 456
422 466
423 454
423 463
423 489
424 430
424 437
424 476
424 490
425 451
426 440
426 499
427 496
427 497
428 474
429 478
430 452
430 459
432 470
432 493
433 476
436 442
437 449
437 486
437 497
438 495
439 443
439 476
439 478
439 493
440 451
443 469
444 469
445 488
445 495
446 494
447 450
449 482
450 467
450 475
451 462
451 466
451 475
453 491
454 497
454 499
455 484
456 492
457 475
459 463
459 495
461 490
463 480
466 475
467 472
469 490
469 498
472 482
476 493
478 494
486 490
488 489