0 8
0 73
0 78
0 109
0 110
0 119
1 14
1 64
1 68
1 85
1 141
2 59
2 63
2 82
2 83
2 94
2 99
2 103
2 107
2 119
2 137
2 144
3 31
3 55
3 66
3 71
3 72
3 76
3 97
3 109
3 126
4 11
4 65
4 81
4 85
4 89
4 134
4 145
5 20
5 65
5 81
5 88
5 92
5 110
5 111
6 34
6 39
6 50
6 67
6 83
6 146
7 31
7 40
7 48
7 89
7 134
8 14
8 35
8 74
8 80
8 147
9 11
9 25
9 31
9 37
9 93
9 136
10 17
10 25
10 33
10 44
10 82
10 102
10 124
11 32
11 41
11 61
11 71
11 77
11 85
11 109
11 116
11 129
11 133
11 135
11 142
12 23
12 31
12 47
12 49
12 60
12 72
12 78
12 96
12 113
12 129
12 139
13 24
13 67
13 92
13 93
13 97
13 113
14 33
14 55
14 58
14 61
14 92
14 101
14 128
15 30
15 43
15 46
15 57
15 67
15 101
15 114
15 118
15 125
15 147
15 148
16 28
16 58
16 88
16 115
16 137
17 26
17 33
17 110
17 143
18 87
18 105
19 24
19 46
19 47
19 74
19 75
19 129
20 39
20 50
20 66
20 72
20 119
20 144
20 147
21 38
21 46
21 72
21 87
21 116
21 125
22 41
22 61
22 67
22 78
22 89
22 115
22 126
22 136
23 42
23 65
23 105
23 123
23 125
23 131
23 147
24 34
24 37
24 42
24 50
24 52
24 59
24 65
24 75
24 97
24 98
24 108
24 122
25 36
25 69
25 77
25 89
25 123
26 27
26 38
26 43
26 45
26 71
26 80
26 85
26 99
26 100
26 117
26 149
27 96
27 135
28 36
28 56
28 73
28 140
28 146
29 77
29 95
29 112
29 124
30 89
30 91
30 93
30 110
30 128
31 37
31 46
31 65
31 121
31 122
31 124
31 142
32 51
32 79
32 83
32 84
32 109
32 123
32 129
33 44
33 45
33 46
33 56
34 51
34 69
34 112
34 116
34 145
34 149
35 59
35 67
35 74
35 82
35 83
35 91
35 98
35 134
36 48
36 71
36 108
36 120
36 131
37 44
37 141
37 146
38 66
38 71
38 130
38 132
38 144
39 44
39 50
39 88
39 120
39 140
42 43
42 64
42 72
42 97
42 104
43 59
43 67
43 69
43 70
43 73
43 87
43 104
43 110
43 125
44 56
44 65
44 89
44 90
44 111
44 140
45 63
45 72
45 78
45 80
45 120
45 126
45 129
45 147
46 85
46 86
46 114
46 116
46 138
46 145
47 55
47 70
47 84
47 116
47 135
47 140
48 82
48 110
48 115
48 134
49 76
49 91
49 98
49 112
49 115
49 120
50 61
50 84
50 115
50 133
50 139
51 92
51 101
51 102
51 121
51 138
52 103
52 111
52 127
52 143
53 88
53 90
53 104
53 105
54 64
54 106
54 128
55 60
55 86
55 108
55 112
56 61
56 63
56 81
56 95
56 103
56 105
56 117
56 122
56 130
57 62
57 65
57 70
57 99
58 74
58 149
59 65
59 100
59 102
59 118
59 120
59 129
60 61
60 126
60 135
60 137
61 98
61 104
61 111
61 125
61 144
62 65
62 76
62 95
63 133
64 70
64 73
64 85
64 91
64 113
64 114
64 134
65 77
65 102
65 123
65 128
65 131
65 142
66 101
66 123
67 68
67 74
67 76
67 102
67 108
67 128
67 133
67 148
68 83
68 109
68 119
68 126
69 97
69 138
70 83
70 88
70 92
70 118
70 134
71 93
71 95
71 127
71 130
72 75
72 79
72 104
72 108
72 127
73 76
73 79
73 116
73 145
74 76
74 85
74 105
74 126
75 77
75 80
75 140
76 77
76 114
76 119
76 121
76 142
77 94
77 116
77 119
78 85
78 89
78 130
80 112
81 89
81 94
81 115
81 123
82 103
82 113
82 131
82 145
83 142
83 149
84 86
84 92
85 100
85 134
85 149
86 92
86 114
86 137
87 104
87 123
87 126
87 136
87 137
87 149
88 114
88 116
89 92
89 107
89 119
90 126
90 133
91 96
91 129
92 133
92 136
92 138
93 126
94 100
94 127
95 102
95 107
96 101
96 142
96 149
97 112
97 115
97 126
97 141
97 144
98 107
98 109
98 121
99 128
99 141
99 145
99 147
100 117
100 131
102 104
102 107
102 123
103 138
105 121
105 126
105 140
106 115
106 118
106 127
106 142
107 128
107 142
108 116
109 120
110 114
110 124
111 126
111 129
112 138
112 143
114 122
114 124
114 127
114 139
115 126
116 120
116 130
116 147
118 136
119 120
119 140
119 148
120 130
124 125
124 132
125 128
126 146
129 135
130 137
131 133
131 147
135 148
138 141
141 142
144 149