0 1
1 1
10 1
100 0
101 0
102 0
103 0
104 1
105 0
106 0
107 1
108 0
109 1
11 1
110 0
111 0
112 1
113 0
114 0
115 1
116 1
117 1
118 1
119 0
12 1
120 1
121 0
122 0
123 0
124 0
125 1
126 0
127 0
128 0
129 1
13 1
130 0
131 1
132 1
133 0
134 1
135 0
136 1
137 0
138 0
139 0
14 1
140 1
141 0
142 0
143 1
144 1
145 1
146 0
147 0
148 1
149 0
15 1
150 1
151 0
152 1
153 1
154 0
155 0
156 0
157 1
158 0
159 1
16 1
160 1
161 1
162 0
163 1
164 1
165 1
166 0
167 0
168 0
169 0
17 1
170 1
171 1
172 0
173 0
174 0
175 1
176 1
177 0
178 1
179 0
18 1
180 1
181 0
182 0
183 0
184 1
185 0
186 1
187 1
188 0
189 1
19 1
190 0
191 0
192 0
193 1
194 1
195 0
196 0
197 1
198 0
199 1
2 1
20 1
200 1
201 0
202 0
203 1
204 1
205 1
206 1
207 0
208 1
209 1
21 1
210 1
211 0
212 0
213 0
214 0
215 0
216 0
217 0
218 1
219 1
22 1
220 0
221 0
222 0
223 0
224 0
225 0
226 1
227 0
228 0
229 1
23 1
230 0
231 0
232 0
233 1
234 0
235 0
236 0
237 0
238 0
239 0
24 1
240 0
241 1
242 0
243 1
244 0
245 0
246 1
247 1
248 1
249 1
25 1
250 1
251 1
252 1
253 0
254 0
255 0
256 0
257 0
258 0
259 0
26 0
260 0
261 0
262 1
263 0
264 0
265 1
266 0
267 1
268 1
269 0
27 1
270 1
271 1
272 1
273 1
274 0
275 0
276 1
277 1
278 1
279 0
28 0
280 0
281 1
282 1
283 1
284 1
285 1
286 1
287 0
288 0
289 0
29 0
290 1
291 1
292 1
293 1
294 1
295 1
296 0
297 1
298 1
299 1
3 1
30 0
300 0
301 0
302 1
303 0
304 1
305 1
306 0
307 0
308 1
309 0
31 1
310 0
311 0
312 1
313 1
314 1
315 0
316 1
317 1
318 0
319 1
32 1
320 0
321 1
322 0
323 0
324 0
325 1
326 0
327 0
328 0
329 1
33 1
330 1
331 0
332 1
333 0
334 0
335 1
336 0
337 0
338 1
339 1
34 0
340 0
341 1
342 0
343 0
344 1
345 1
346 1
347 0
348 1
349 0
35 0
350 0
351 1
352 1
353 0
354 1
355 1
356 1
357 0
358 1
359 0
36 0
360 0
361 0
362 0
363 1
364 0
365 1
366 1
367 0
368 0
369 0
37 1
370 0
371 1
372 0
373 1
374 0
375 1
376 0
377 0
378 0
379 1
38 0
380 1
381 1
382 1
383 1
384 1
385 0
386 1
387 1
388 1
389 1
39 0
390 1
391 1
392 1
393 1
394 1
395 1
396 1
397 1
398 1
399 1
4 1
40 1
41 1
42 1
43 1
44 1
45 0
46 0
47 0
48 0
49 0
5 1
50 0
51 1
52 0
53 1
54 1
55 0
56 0
57 1
58 1
59 0
6 1
60 1
61 0
62 0
63 1
64 1
65 1
66 1
67 0
68 0
69 0
7 1
70 0
71 0
72 0
73 0
74 1
75 0
76 1
77 1
78 0
79 0
8 1
80 0
81 0
82 0
83 0
84 1
85 0
86 0
87 0
88 0
89 0
9 1
90 1
91 0
92 0
93 0
94 0
95 0
96 1
97 0
98 0
99 1