0 1
0 2
0 3
0 4
0 5
0 6
0 7
0 8
0 9
0 10
0 11
0 12
0 13
0 14
0 15
0 16
0 17
0 18
0 19
0 20
0 21
0 22
0 23
0 24
0 25
0 26
0 27
0 28
0 29
0 30
0 32
0 33
0 34
0 35
0 37
0 40
0 42
0 43
0 47
0 48
0 49
0 50
0 51
0 55
0 56
0 57
0 58
0 61
0 64
0 66
0 69
0 70
0 72
0 73
0 74
0 75
0 83
0 87
0 94
0 99
0 103
0 105
0 112
0 113
0 116
0 117
0 119
0 120
0 121
0 124
0 126
0 128
0 133
0 137
0 138
0 139
0 141
0 149
0 154
0 160
0 161
0 162
0 166
0 171
0 179
0 182
0 188
0 191
0 192
0 198
0 199
0 206
0 208
0 209
0 220
0 221
0 223
0 231
0 232
0 238
0 244
0 263
0 266
0 268
0 275
0 278
0 280
0 285
0 288
0 293
0 297
0 298
0 303
0 304
0 315
0 348
0 363
0 366
0 367
0 381
0 390
0 394
0 403
0 408
0 423
0 426
0 430
0 431
0 434
0 436
0 447
0 453
0 461
0 463
0 472
0 493
0 497
0 513
0 535
0 544
0 552
0 554
0 565
0 571
0 588
0 597
0 598
0 608
0 615
0 620
0 626
0 638
0 641
0 644
0 645
0 648
0 666
0 697
0 714
0 719
0 723
0 724
0 730
0 735
0 736
1 18
1 19
1 20
1 21
1 22
1 23
1 24
1 26
1 29
1 33
1 45
1 46
1 49
1 55
1 57
1 60
1 69
1 78
1 85
1 91
1 101
1 114
1 134
1 135
1 142
1 151
1 152
1 161
1 164
1 165
1 166
1 174
1 175
1 191
1 196
1 207
1 211
1 215
1 226
1 236
1 244
1 248
1 253
1 256
1 263
1 281
1 295
1 296
1 297
1 302
1 317
1 324
1 339
1 346
1 355
1 363
1 371
1 388
1 407
1 409
1 433
1 436
1 447
1 461
1 475
1 483
1 494
1 508
1 569
1 573
1 601
1 660
1 663
1 714
1 718
2 18
2 19
2 20
2 21
2 22
2 23
2 25
2 26
2 27
2 28
2 29
2 30
2 31
2 38
2 39
2 40
2 43
2 44
2 47
2 52
2 53
2 61
2 62
2 65
2 73
2 101
2 102
2 106
2 107
2 108
2 129
2 139
2 147
2 155
2 156
2 159
2 160
2 169
2 181
2 209
2 216
2 225
2 247
2 252
2 267
2 278
2 282
2 288
2 293
2 307
2 324
2 340
2 343
2 354
2 360
2 371
2 377
2 379
2 383
2 398
2 400
2 401
2 414
2 427
2 431
2 460
2 469
2 489
2 493
2 501
2 507
2 510
2 525
2 526
2 577
2 585
2 587
2 596
2 597
2 602
2 606
2 615
2 622
2 636
2 638
2 654
2 662
2 664
2 716
2 731
3 18
3 19
3 20
3 21
3 22
3 25
3 27
3 32
3 34
3 50
3 57
3 59
3 63
3 64
3 72
3 73
3 74
3 81
3 96
3 107
3 115
3 126
3 137
3 146
3 171
3 180
3 196
3 202
3 218
3 250
3 257
3 270
3 280
3 333
3 360
3 370
3 416
3 421
3 433
3 454
3 456
3 463
3 464
3 501
3 544
3 548
3 583
3 605
3 615
3 644
3 651
3 659
3 668
3 691
3 732
4 18
4 22
4 24
4 28
4 32
4 34
4 54
4 66
4 67
4 79
4 93
4 95
4 96
4 134
4 149
4 155
4 156
4 162
4 168
4 170
4 195
4 216
4 218
4 224
4 238
4 240
4 241
4 264
4 308
4 314
4 320
4 355
4 360
4 364
4 370
4 384
4 385
4 391
4 431
4 481
4 551
4 570
4 588
4 625
4 632
4 635
4 695
4 698
4 711
5 18
5 19
5 20
5 21
5 22
5 23
5 24
5 26
5 27
5 29
5 30
5 33
5 35
5 40
5 41
5 44
5 46
5 51
5 58
5 59
5 63
5 64
5 69
5 73
5 86
5 94
5 96
5 107
5 121
5 125
5 127
5 128
5 130
5 138
5 141
5 143
5 148
5 163
5 170
5 182
5 183
5 184
5 214
5 217
5 224
5 237
5 254
5 259
5 294
5 303
5 312
5 316
5 327
5 367
5 379
5 409
5 413
5 444
5 450
5 454
5 456
5 471
5 484
5 487
5 497
5 517
5 528
5 553
5 571
5 626
5 641
5 648
5 649
5 659
5 685
5 701
5 740
5 746
5 747
6 18
6 19
6 20
6 21
6 22
6 23
6 24
6 25
6 26
6 27
6 28
6 30
6 31
6 35
6 36
6 37
6 40
6 47
6 53
6 61
6 63
6 64
6 66
6 69
6 70
6 74
6 75
6 79
6 81
6 84
6 86
6 87
6 94
6 97
6 101
6 103
6 106
6 107
6 109
6 121
6 124
6 126
6 127
6 149
6 150
6 154
6 155
6 168
6 186
6 192
6 196
6 203
6 208
6 213
6 227
6 239
6 248
6 251
6 267
6 285
6 292
6 304
6 308
6 309
6 323
6 325
6 332
6 334
6 352
6 368
6 370
6 372
6 402
6 405
6 417
6 426
6 428
6 440
6 445
6 449
6 452
6 458
6 505
6 507
6 511
6 515
6 518
6 524
6 535
6 553
6 555
6 593
6 603
6 661
6 677
6 685
6 689
6 701
6 704
6 709
6 711
6 725
6 731
6 733
7 18
7 19
7 20
7 21
7 22
7 23
7 28
7 29
7 32
7 33
7 34
7 35
7 40
7 43
7 47
7 49
7 56
7 57
7 60
7 67
7 76
7 89
7 96
7 100
7 112
7 116
7 117
7 125
7 128
7 129
7 132
7 137
7 139
7 144
7 161
7 163
7 165
7 169
7 171
7 173
7 182
7 187
7 199
7 209
7 234
7 253
7 255
7 256
7 264
7 285
7 286
7 307
7 310
7 315
7 324
7 334
7 345
7 350
7 372
7 389
7 410
7 411
7 412
7 446
7 462
7 482
7 491
7 498
7 507
7 511
7 514
7 520
7 524
7 528
7 533
7 546
7 550
7 551
7 565
7 572
7 627
7 631
7 639
7 653
7 674
7 684
7 688
7 699
7 700
7 709
7 740
8 18
8 19
8 20
8 21
8 22
8 23
8 24
8 25
8 26
8 27
8 29
8 30
8 31
8 34
8 36
8 37
8 38
8 40
8 44
8 46
8 48
8 49
8 54
8 57
8 61
8 65
8 70
8 72
8 75
8 78
8 88
8 91
8 108
8 116
8 117
8 122
8 128
8 141
8 146
8 147
8 148
8 151
8 156
8 157
8 160
8 161
8 168
8 179
8 184
8 192
8 197
8 218
8 219
8 266
8 268
8 290
8 309
8 319
8 347
8 361
8 366
8 368
8 383
8 386
8 410
8 416
8 441
8 443
8 449
8 496
8 502
8 505
8 515
8 519
8 521
8 540
8 552
8 563
8 572
8 580
8 591
8 593
8 602
8 635
8 665
8 666
8 679
8 680
8 695
8 725
8 748
9 18
9 19
9 23
9 27
9 30
9 42
9 84
9 102
9 104
9 186
9 187
9 211
9 276
9 284
9 299
9 374
9 510
9 697
9 719
10 18
10 19
10 20
10 21
10 22
10 23
10 24
10 25
10 27
10 28
10 33
10 35
10 36
10 37
10 41
10 44
10 47
10 49
10 50
10 52
10 53
10 54
10 57
10 58
10 63
10 65
10 68
10 74
10 75
10 86
10 90
10 92
10 93
10 96
10 103
10 109
10 113
10 114
10 122
10 127
10 133
10 136
10 145
10 146
10 151
10 154
10 158
10 160
10 164
10 165
10 170
10 184
10 188
10 200
10 204
10 211
10 227
10 235
10 238
10 242
10 247
10 251
10 261
10 264
10 271
10 273
10 285
10 287
10 290
10 296
10 307
10 322
10 329
10 338
10 346
10 368
10 390
10 398
10 401
10 415
10 420
10 423
10 424
10 425
10 447
10 449
10 451
10 453
10 465
10 467
10 469
10 483
10 487
10 492
10 518
10 529
10 532
10 537
10 569
10 577
10 584
10 586
10 601
10 603
10 607
10 619
10 623
10 649
10 675
10 680
10 692
10 694
10 708
10 718
10 737
11 18
11 19
11 20
11 21
11 22
11 23
11 24
11 25
11 26
11 29
11 30
11 33
11 34
11 35
11 36
11 38
11 49
11 51
11 64
11 67
11 70
11 71
11 73
11 81
11 82
11 85
11 90
11 97
11 99
11 106
11 108
11 119
11 127
11 129
11 131
11 132
11 133
11 142
11 154
11 166
11 170
11 173
11 183
11 188
11 189
11 192
11 195
11 202
11 208
11 209
11 245
11 256
11 267
11 270
11 288
11 295
11 304
11 332
11 338
11 339
11 342
11 348
11 352
11 365
11 366
11 369
11 373
11 376
11 381
11 396
11 415
11 427
11 452
11 456
11 496
11 505
11 530
11 549
11 553
11 558
11 579
11 582
11 598
11 614
11 627
11 632
11 649
11 656
11 670
11 671
11 674
11 685
11 691
11 694
11 697
11 707
11 719
11 729
11 745
12 18
12 19
12 20
12 21
12 22
12 23
12 24
12 25
12 28
12 29
12 30
12 31
12 32
12 33
12 38
12 39
12 41
12 43
12 44
12 46
12 50
12 52
12 60
12 61
12 76
12 82
12 94
12 100
12 104
12 106
12 122
12 136
12 145
12 152
12 167
12 171
12 186
12 194
12 195
12 197
12 213
12 219
12 229
12 263
12 272
12 281
12 283
12 297
12 336
12 338
12 339
12 347
12 356
12 361
12 398
12 418
12 422
12 444
12 446
12 451
12 456
12 462
12 477
12 484
12 491
12 492
12 497
12 502
12 510
12 515
12 553
12 554
12 577
12 608
12 650
12 715
12 728
12 747
13 18
13 19
13 20
13 21
13 24
13 28
13 31
13 32
13 37
13 39
13 41
13 43
13 46
13 47
13 53
13 57
13 59
13 80
13 81
13 85
13 86
13 88
13 97
13 100
13 105
13 117
13 120
13 136
13 144
13 146
13 147
13 153
13 158
13 162
13 168
13 169
13 180
13 182
13 185
13 189
13 206
13 211
13 217
13 219
13 220
13 247
13 274
13 283
13 287
13 295
13 305
13 306
13 322
13 331
13 332
13 333
13 361
13 381
13 389
13 393
13 397
13 399
13 400
13 419
13 436
13 443
13 479
13 481
13 518
13 537
13 548
13 552
13 566
13 576
13 581
13 583
13 599
13 603
13 608
13 625
13 631
13 642
13 650
13 652
13 678
13 679
13 687
13 698
13 699
13 724
13 734
14 18
14 19
14 20
14 23
14 24
14 26
14 30
14 37
14 42
14 50
14 56
14 60
14 61
14 62
14 94
14 95
14 113
14 114
14 119
14 159
14 177
14 179
14 191
14 200
14 224
14 245
14 250
14 267
14 272
14 283
14 303
14 310
14 330
14 342
14 364
14 424
14 474
14 489
14 513
14 531
14 542
14 573
14 590
14 658
14 727
14 728
14 742
15 18
15 19
15 21
15 25
15 26
15 28
15 30
15 35
15 36
15 37
15 39
15 44
15 45
15 46
15 53
15 59
15 62
15 64
15 65
15 67
15 74
15 75
15 78
15 80
15 93
15 96
15 106
15 108
15 113
15 114
15 120
15 139
15 151
15 153
15 157
15 158
15 159
15 166
15 169
15 179
15 181
15 192
15 204
15 211
15 226
15 238
15 248
15 257
15 293
15 305
15 306
15 310
15 343
15 350
15 358
15 405
15 419
15 432
15 452
15 454
15 459
15 477
15 492
15 495
15 512
15 515
15 530
15 572
15 574
15 586
15 598
15 618
15 645
15 656
15 665
15 687
15 708
15 711
15 726
16 20
16 22
16 25
16 26
16 31
16 32
16 34
16 41
16 42
16 44
16 46
16 53
16 56
16 61
16 72
16 73
16 75
16 76
16 79
16 88
16 95
16 105
16 109
16 116
16 131
16 138
16 156
16 158
16 191
16 205
16 219
16 230
16 253
16 260
16 273
16 274
16 278
16 289
16 307
16 368
16 374
16 379
16 411
16 414
16 437
16 457
16 462
16 481
16 486
16 496
16 527
16 547
16 571
16 587
16 613
16 623
16 659
16 676
16 691
16 706
16 749
17 18
17 19
17 20
17 21
17 25
17 26
17 28
17 31
17 32
17 33
17 35
17 38
17 41
17 51
17 53
17 55
17 58
17 63
17 67
17 70
17 71
17 74
17 77
17 105
17 109
17 120
17 121
17 125
17 128
17 131
17 134
17 171
17 174
17 183
17 185
17 199
17 202
17 214
17 216
17 218
17 224
17 240
17 244
17 276
17 288
17 292
17 302
17 304
17 306
17 309
17 326
17 330
17 349
17 352
17 354
17 358
17 360
17 361
17 374
17 403
17 422
17 430
17 441
17 446
17 460
17 464
17 472
17 475
17 510
17 520
17 531
17 533
17 545
17 554
17 571
17 607
17 622
17 637
17 639
17 643
17 653
17 681
17 705
17 712
17 719
17 720
17 722
17 733
17 748
18 19
18 20
18 21
18 22
18 23
18 24
18 25
18 26
18 27
18 28
18 29
18 30
18 31
18 32
18 33
18 34
18 35
18 36
18 38
18 40
18 42
18 46
18 47
18 50
18 53
18 55
18 58
18 59
18 66
18 68
18 71
18 73
18 76
18 78
18 81
18 82
18 83
18 85
18 90
18 91
18 92
18 93
18 99
18 101
18 102
18 105
18 111
18 112
18 113
18 117
18 118
18 120
18 121
18 123
18 128
18 130
18 135
18 136
18 137
18 139
18 145
18 150
18 151
18 153
18 163
18 165
18 166
18 168
18 172
18 175
18 178
18 179
18 183
18 188
18 189
18 195
18 198
18 201
18 208
18 209
18 210
18 212
18 213
18 219
18 232
18 234
18 243
18 245
18 246
18 247
18 251
18 256
18 258
18 270
18 275
18 277
18 278
18 280
18 286
18 292
18 293
18 294
18 301
18 305
18 307
18 316
18 322
18 323
18 325
18 330
18 331
18 333
18 334
18 341
18 351
18 362
18 374
18 375
18 381
18 382
18 385
18 386
18 400
18 403
18 405
18 407
18 416
18 421
18 429
18 430
18 434
18 435
18 441
18 442
18 445
18 456
18 458
18 459
18 463
18 468
18 480
18 483
18 496
18 503
18 505
18 507
18 508
18 540
18 548
18 550
18 552
18 553
18 559
18 564
18 567
18 572
18 574
18 582
18 588
18 597
18 603
18 604
18 608
18 618
18 628
18 635
18 637
18 642
18 645
18 668
18 677
18 682
18 686
18 707
18 712
18 716
18 721
18 728
18 731
18 732
18 734
18 735
18 743
19 20
19 21
19 22
19 23
19 24
19 25
19 26
19 27
19 28
19 29
19 31
19 32
19 33
19 35
19 36
19 38
19 39
19 41
19 42
19 44
19 46
19 48
19 49
19 52
19 56
19 57
19 59
19 60
19 62
19 63
19 65
19 67
19 71
19 72
19 74
19 75
19 78
19 79
19 82
19 86
19 87
19 88
19 89
19 90
19 93
19 97
19 100
19 104
19 105
19 107
19 110
19 112
19 117
19 118
19 119
19 120
19 121
19 125
19 132
19 134
19 135
19 137
19 139
19 141
19 145
19 146
19 147
19 148
19 149
19 150
19 153
19 160
19 164
19 166
19 170
19 176
19 177
19 178
19 179
19 181
19 183
19 184
19 185
19 190
19 195
19 199
19 209
19 210
19 214
19 218
19 219
19 223
19 227
19 228
19 230
19 233
19 237
19 245
19 254
19 255
19 258
19 264
19 265
19 274
19 278
19 279
19 286
19 293
19 294
19 296
19 297
19 300
19 303
19 310
19 315
19 318
19 323
19 327
19 329
19 333
19 339
19 340
19 341
19 357
19 363
19 364
19 365
19 368
19 373
19 378
19 389
19 391
19 404
19 405
19 407
19 411
19 414
19 430
19 432
19 435
19 442
19 450
19 459
19 463
19 480
19 484
19 488
19 502
19 507
19 513
19 518
19 519
19 524
19 527
19 532
19 542
19 549
19 553
19 555
19 572
19 581
19 586
19 594
19 615
19 632
19 635
19 644
19 653
19 664
19 669
19 678
19 709
19 711
19 730
20 21
20 22
20 23
20 24
20 25
20 26
20 27
20 28
20 30
20 31
20 32
20 33
20 36
20 37
20 39
20 42
20 43
20 45
20 46
20 47
20 48
20 49
20 51
20 52
20 54
20 55
20 57
20 58
20 59
20 64
20 65
20 67
20 68
20 70
20 71
20 75
20 80
20 81
20 83
20 91
20 94
20 95
20 96
20 97
20 101
20 104
20 115
20 121
20 122
20 123
20 125
20 127
20 129
20 133
20 134
20 141
20 143
20 145
20 146
20 147
20 148
20 170
20 182
20 184
20 186
20 195
20 199
20 201
20 202
20 205
20 214
20 230
20 232
20 233
20 239
20 245
20 249
20 252
20 259
20 266
20 270
20 280
20 281
20 286
20 289
20 297
20 303
20 319
20 320
20 339
20 346
20 347
20 351
20 361
20 362
20 366
20 367
20 373
20 374
20 378
20 385
20 388
20 389
20 394
20 401
20 415
20 418
20 419
20 422
20 425
20 437
20 438
20 443
20 445
20 464
20 473
20 475
20 476
20 477
20 491
20 500
20 507
20 516
20 522
20 524
20 534
20 535
20 536
20 555
20 556
20 570
20 578
20 593
20 596
20 597
20 608
20 639
20 640
20 642
20 647
20 654
20 662
20 669
20 673
20 686
20 742
21 22
21 23
21 24
21 26
21 27
21 28
21 29
21 30
21 32
21 34
21 35
21 36
21 37
21 38
21 40
21 41
21 42
21 43
21 45
21 46
21 49
21 50
21 51
21 52
21 55
21 62
21 68
21 77
21 82
21 104
21 105
21 108
21 111
21 113
21 119
21 121
21 126
21 135
21 138
21 142
21 151
21 178
21 180
21 186
21 204
21 208
21 226
21 229
21 240
21 252
21 254
21 269
21 273
21 281
21 300
21 302
21 316
21 321
21 323
21 326
21 338
21 363
21 382
21 385
21 387
21 391
21 404
21 407
21 464
21 473
21 506
21 534
21 536
21 548
21 551
21 554
21 566
21 570
21 581
21 585
21 593
21 602
21 615
21 624
21 629
21 646
21 648
21 672
21 723
22 23
22 24
22 25
22 27
22 28
22 29
22 30
22 31
22 32
22 33
22 34
22 35
22 36
22 37
22 38
22 39
22 41
22 43
22 44
22 45
22 46
22 47
22 48
22 50
22 51
22 52
22 53
22 54
22 58
22 61
22 67
22 68
22 69
22 72
22 75
22 94
22 96
22 102
22 104
22 106
22 110
22 111
22 129
22 131
22 132
22 135
22 140
22 144
22 148
22 150
22 152
22 155
22 160
22 161
22 165
22 166
22 167
22 178
22 181
22 183
22 184
22 186
22 191
22 197
22 203
22 224
22 239
22 241
22 246
22 247
22 250
22 251
22 252
22 253
22 254
22 260
22 261
22 271
22 277
22 283
22 298
22 300
22 302
22 314
22 320
22 323
22 330
22 343
22 382
22 383
22 387
22 389
22 391
22 396
22 413
22 415
22 420
22 427
22 443
22 455
22 464
22 487
22 508
22 519
22 520
22 536
22 541
22 544
22 551
22 552
22 557
22 559
22 567
22 574
22 576
22 577
22 581
22 594
22 598
22 606
22 616
22 634
22 639
22 640
22 643
22 658
22 670
22 713
22 732
23 24
23 25
23 26
23 27
23 31
23 32
23 33
23 36
23 40
23 41
23 42
23 43
23 44
23 45
23 46
23 48
23 52
23 54
23 55
23 62
23 64
23 66
23 70
23 71
23 74
23 75
23 76
23 77
23 80
23 83
23 88
23 90
23 105
23 106
23 107
23 108
23 113
23 116
23 122
23 124
23 125
23 128
23 130
23 142
23 143
23 149
23 150
23 156
23 157
23 161
23 171
23 174
23 180
23 187
23 194
23 211
23 222
23 235
23 239
23 240
23 243
23 245
23 247
23 255
23 262
23 265
23 275
23 284
23 315
23 316
23 328
23 331
23 338
23 349
23 358
23 360
23 366
23 369
23 374
23 389
23 396
23 399
23 408
23 414
23 420
23 426
23 427
23 434
23 435
23 442
23 446
23 448
23 452
23 462
23 493
23 514
23 519
23 524
23 527
23 534
23 535
23 590
23 592
23 598
23 611
23 622
23 661
23 675
23 688
23 709
23 721
23 736
24 25
24 26
24 27
24 28
24 29
24 30
24 31
24 34
24 35
24 36
24 38
24 39
24 40
24 41
24 45
24 46
24 47
24 48
24 49
24 50
24 51
24 52
24 55
24 57
24 60
24 68
24 73
24 74
24 76
24 79
24 80
24 81
24 82
24 86
24 87
24 90
24 92
24 93
24 94
24 96
24 99
24 101
24 104
24 105
24 108
24 110
24 117
24 120
24 123
24 125
24 126
24 134
24 138
24 142
24 146
24 148
24 149
24 154
24 156
24 157
24 160
24 196
24 199
24 204
24 210
24 211
24 218
24 222
24 225
24 226
24 231
24 246
24 247
24 257
24 263
24 266
24 269
24 270
24 272
24 278
24 279
24 283
24 288
24 294
24 298
24 301
24 303
24 308
24 310
24 311
24 317
24 319
24 326
24 327
24 330
24 336
24 339
24 344
24 346
24 352
24 357
24 361
24 375
24 377
24 388
24 394
24 395
24 401
24 404
24 407
24 416
24 442
24 444
24 445
24 450
24 453
24 455
24 460
24 468
24 469
24 494
24 514
24 520
24 521
24 522
24 524
24 525
24 526
24 528
24 530
24 532
24 533
24 535
24 539
24 540
24 549
24 559
24 579
24 582
24 589
24 591
24 598
24 599
24 600
24 604
24 612
24 617
24 633
24 634
24 637
24 647
24 648
24 649
24 656
24 657
24 662
24 671
24 687
24 688
24 691
24 696
24 704
24 717
24 731
24 734
24 746
24 748
25 27
25 29
25 30
25 31
25 32
25 33
25 34
25 37
25 38
25 39
25 40
25 41
25 42
25 45
25 46
25 48
25 49
25 51
25 53
25 58
25 60
25 61
25 66
25 79
25 81
25 85
25 89
25 93
25 99
25 102
25 106
25 109
25 113
25 114
25 119
25 125
25 134
25 135
25 136
25 144
25 145
25 153
25 156
25 166
25 174
25 175
25 180
25 181
25 188
25 201
25 209
25 214
25 223
25 255
25 256
25 263
25 265
25 267
25 274
25 277
25 282
25 289
25 294
25 298
25 306
25 308
25 318
25 335
25 337
25 343
25 344
25 346
25 347
25 349
25 358
25 362
25 363
25 366
25 367
25 382
25 383
25 393
25 395
25 401
25 403
25 404
25 406
25 409
25 424
25 433
25 441
25 450
25 455
25 460
25 476
25 478
25 505
25 516
25 541
25 543
25 556
25 567
25 626
25 653
25 686
25 690
25 697
25 699
25 716
26 27
26 29
26 31
26 34
26 36
26 38
26 45
26 48
26 53
26 54
26 55
26 58
26 59
26 60
26 61
26 68
26 70
26 71
26 74
26 91
26 93
26 94
26 120
26 134
26 140
26 151
26 155
26 166
26 168
26 187
26 188
26 190
26 191
26 194
26 198
26 199
26 226
26 231
26 250
26 253
26 254
26 265
26 266
26 274
26 285
26 286
26 293
26 307
26 311
26 315
26 321
26 325
26 328
26 332
26 345
26 375
26 376
26 377
26 378
26 397
26 408
26 409
26 412
26 429
26 439
26 445
26 449
26 453
26 459
26 485
26 494
26 511
26 516
26 524
26 539
26 543
26 557
26 576
26 580
26 596
26 600
26 606
26 623
26 665
26 673
26 680
26 710
26 712
26 727
26 738
27 28
27 29
27 30
27 31
27 33
27 34
27 36
27 37
27 38
27 39
27 40
27 43
27 45
27 52
27 54
27 59
27 62
27 63
27 66
27 70
27 73
27 77
27 80
27 83
27 86
27 91
27 94
27 95
27 96
27 103
27 104
27 109
27 119
27 122
27 123
27 124
27 130
27 131
27 132
27 133
27 140
27 143
27 148
27 150
27 154
27 165
27 172
27 184
27 188
27 190
27 191
27 196
27 198
27 200
27 213
27 216
27 223
27 227
27 237
27 248
27 262
27 278
27 284
27 285
27 292
27 293
27 304
27 312
27 325
27 331
27 337
27 342
27 344
27 348
27 355
27 359
27 367
27 374
27 382
27 390
27 397
27 410
27 424
27 433
27 435
27 443
27 450
27 453
27 458
27 468
27 491
27 508
27 509
27 517
27 550
27 556
27 572
27 575
27 577
27 612
27 615
27 622
27 629
27 663
27 699
27 710
27 715
27 734
27 743
28 29
28 35
28 39
28 40
28 42
28 43
28 45
28 48
28 49
28 51
28 52
28 56
28 57
28 58
28 69
28 72
28 87
28 90
28 96
28 103
28 104
28 107
28 112
28 128
28 132
28 137
28 139
28 141
28 143
28 157
28 160
28 177
28 178
28 179
28 180
28 197
28 200
28 210
28 220
28 230
28 233
28 234
28 237
28 239
28 244
28 245
28 260
28 261
28 269
28 271
28 289
28 316
28 323
28 326
28 340
28 362
28 368
28 373
28 376
28 378
28 380
28 386
28 397
28 400
28 407
28 415
28 484
28 486
28 501
28 506
28 511
28 530
28 536
28 570
28 578
28 579
28 616
28 636
28 638
28 663
28 687
28 696
28 698
28 720
28 732
29 32
29 40
29 43
29 44
29 50
29 51
29 56
29 58
29 59
29 63
29 67
29 68
29 73
29 75
29 76
29 78
29 83
29 84
29 85
29 92
29 95
29 96
29 97
29 98
29 99
29 106
29 109
29 111
29 113
29 117
29 118
29 122
29 123
29 125
29 126
29 136
29 140
29 171
29 175
29 176
29 180
29 181
29 189
29 194
29 209
29 210
29 214
29 218
29 220
29 223
29 226
29 241
29 242
29 243
29 244
29 245
29 258
29 259
29 262
29 272
29 277
29 280
29 282
29 293
29 296
29 299
29 307
29 312
29 316
29 325
29 334
29 335
29 342
29 346
29 349
29 353
29 357
29 359
29 370
29 385
29 404
29 410
29 411
29 426
29 442
29 446
29 491
29 496
29 498
29 502
29 506
29 527
29 531
29 537
29 546
29 561
29 571
29 578
29 579
29 600
29 612
29 620
29 624
29 654
29 659
29 665
29 679
29 680
29 681
29 690
29 706
29 718
29 730
29 733
29 739
29 742
30 31
30 32
30 33
30 34
30 35
30 36
30 37
30 39
30 41
30 45
30 47
30 48
30 50
30 53
30 54
30 57
30 59
30 60
30 61
30 62
30 66
30 68
30 71
30 76
30 77
30 80
30 90
30 92
30 110
30 113
30 114
30 115
30 119
30 122
30 124
30 130
30 138
30 141
30 145
30 149
30 156
30 158
30 166
30 172
30 173
30 177
30 179
30 180
30 181
30 194
30 199
30 201
30 203
30 207
30 219
30 224
30 238
30 247
30 249
30 254
30 265
30 277
30 278
30 289
30 313
30 319
30 323
30 328
30 333
30 336
30 337
30 338
30 339
30 350
30 364
30 378
30 389
30 394
30 396
30 403
30 421
30 427
30 443
30 444
30 445
30 474
30 503
30 504
30 516
30 519
30 525
30 531
30 540
30 561
30 562
30 582
30 592
30 600
30 635
30 649
30 651
30 668
30 702
30 711
30 713
30 719
30 743
31 36
31 37
31 39
31 40
31 41
31 42
31 43
31 47
31 48
31 50
31 52
31 59
31 60
31 61
31 62
31 63
31 64
31 65
31 69
31 70
31 71
31 72
31 75
31 78
31 83
31 84
31 86
31 87
31 89
31 92
31 95
31 97
31 99
31 104
31 113
31 118
31 126
31 129
31 132
31 137
31 145
31 149
31 153
31 157
31 164
31 165
31 169
31 170
31 171
31 180
31 182
31 183
31 195
31 200
31 201
31 204
31 206
31 210
31 217
31 218
31 221
31 232
31 241
31 246
31 252
31 256
31 257
31 262
31 266
31 273
31 274
31 281
31 284
31 288
31 296
31 301
31 303
31 305
31 307
31 314
31 320
31 321
31 327
31 328
31 334
31 335
31 346
31 349
31 350
31 360
31 380
31 382
31 395
31 406
31 411
31 413
31 418
31 421
31 440
31 446
31 448
31 449
31 453
31 463
31 482
31 485
31 491
31 496
31 504
31 507
31 514
31 516
31 527
31 529
31 554
31 559
31 563
31 587
31 604
31 608
31 616
31 617
31 621
31 652
31 657
31 662
31 663
31 665
31 668
31 672
31 682
31 692
31 698
31 700
31 710
31 726
31 743
32 33
32 34
32 36
32 39
32 41
32 42
32 51
32 57
32 66
32 67
32 73
32 74
32 80
32 83
32 86
32 90
32 100
32 101
32 105
32 108
32 112
32 120
32 122
32 127
32 130
32 138
32 139
32 148
32 151
32 153
32 156
32 159
32 164
32 179
32 181
32 186
32 195
32 200
32 220
32 229
32 230
32 240
32 249
32 264
32 269
32 277
32 284
32 302
32 326
32 333
32 334
32 335
32 347
32 385
32 394
32 401
32 402
32 414
32 419
32 432
32 444
32 451
32 456
32 478
32 499
32 506
32 508
32 515
32 527
32 528
32 531
32 562
32 575
32 585
32 598
32 606
32 641
32 642
32 644
32 652
32 661
32 664
32 669
32 678
32 682
32 684
32 728
32 735
32 745
33 34
33 35
33 37
33 38
33 39
33 41
33 42
33 44
33 47
33 48
33 51
33 52
33 55
33 58
33 60
33 64
33 69
33 70
33 77
33 81
33 85
33 87
33 92
33 99
33 116
33 117
33 118
33 134
33 136
33 149
33 162
33 163
33 166
33 172
33 174
33 179
33 183
33 187
33 197
33 203
33 204
33 205
33 214
33 222
33 223
33 229
33 230
33 236
33 242
33 248
33 267
33 272
33 276
33 277
33 279
33 287
33 289
33 295
33 304
33 311
33 328
33 332
33 336
33 341
33 343
33 346
33 350
33 351
33 359
33 365
33 375
33 377
33 383
33 395
33 399
33 402
33 405
33 410
33 429
33 437
33 450
33 456
33 458
33 461
33 463
33 467
33 478
33 487
33 501
33 504
33 511
33 519
33 525
33 547
33 558
33 574
33 578
33 579
33 592
33 598
33 601
33 611
33 627
33 633
33 640
33 645
33 663
33 667
33 688
33 702
33 711
33 727
33 728
33 744
34 35
34 37
34 38
34 40
34 45
34 49
34 50
34 57
34 59
34 60
34 64
34 69
34 70
34 76
34 82
34 88
34 89
34 109
34 118
34 126
34 139
34 142
34 147
34 173
34 200
34 201
34 202
34 205
34 220
34 234
34 236
34 240
34 242
34 254
34 276
34 290
34 296
34 310
34 313
34 340
34 356
34 363
34 387
34 438
34 441
34 474
34 497
34 515
34 516
34 517
34 518
34 529
34 532
34 539
34 576
34 577
34 578
34 588
34 592
34 597
34 599
34 625
34 639
34 655
34 662
34 670
34 707
35 37
35 40
35 43
35 44
35 45
35 47
35 49
35 52
35 56
35 63
35 65
35 71
35 79
35 84
35 85
35 86
35 103
35 104
35 111
35 112
35 115
35 117
35 122
35 131
35 140
35 143
35 144
35 150
35 159
35 164
35 181
35 189
35 194
35 202
35 203
35 209
35 214
35 215
35 230
35 237
35 256
35 265
35 277
35 281
35 287
35 288
35 297
35 300
35 305
35 311
35 317
35 318
35 324
35 331
35 337
35 344
35 348
35 359
35 362
35 369
35 371
35 387
35 412
35 418
35 436
35 437
35 442
35 450
35 458
35 461
35 464
35 478
35 481
35 507
35 509
35 517
35 528
35 542
35 553
35 566
35 582
35 601
35 620
35 630
35 658
35 662
35 680
35 715
35 717
35 747
36 38
36 44
36 46
36 51
36 54
36 56
36 59
36 62
36 63
36 67
36 70
36 85
36 89
36 90
36 94
36 100
36 107
36 112
36 116
36 127
36 128
36 130
36 131
36 135
36 142
36 143
36 145
36 167
36 172
36 176
36 207
36 210
36 217
36 222
36 231
36 232
36 236
36 241
36 244
36 247
36 249
36 257
36 259
36 313
36 320
36 326
36 334
36 366
36 371
36 376
36 401
36 446
36 458
36 476
36 485
36 493
36 496
36 498
36 523
36 566
36 571
36 587
36 590
36 616
36 618
36 621
36 634
36 643
36 651
36 659
36 664
36 665
36 666
36 684
36 695
36 699
36 717
36 729
37 38
37 39
37 41
37 45
37 50
37 51
37 54
37 55
37 56
37 58
37 60
37 62
37 63
37 64
37 67
37 71
37 76
37 78
37 79
37 80
37 83
37 85
37 91
37 95
37 98
37 101
37 102
37 120
37 124
37 140
37 148
37 152
37 155
37 158
37 159
37 160
37 161
37 164
37 167
37 168
37 178
37 189
37 191
37 201
37 204
37 207
37 230
37 237
37 256
37 273
37 281
37 283
37 287
37 291
37 298
37 301
37 306
37 319
37 324
37 329
37 342
37 346
37 356
37 383
37 388
37 391
37 399
37 405
37 415
37 421
37 429
37 449
37 466
37 473
37 474
37 482
37 488
37 494
37 523
37 551
37 584
37 595
37 600
37 630
37 649
37 677
37 680
37 689
37 693
37 710
37 720
37 744
37 745
38 39
38 42
38 43
38 45
38 48
38 53
38 54
38 55
38 56
38 68
38 75
38 81
38 90
38 91
38 92
38 94
38 98
38 101
38 111
38 112
38 120
38 125
38 134
38 145
38 147
38 148
38 153
38 160
38 164
38 168
38 171
38 173
38 179
38 194
38 199
38 204
38 232
38 241
38 246
38 247
38 249
38 258
38 262
38 271
38 297
38 304
38 312
38 315
38 317
38 321
38 324
38 334
38 338
38 349
38 402
38 425
38 427
38 470
38 472
38 476
38 479
38 486
38 540
38 549
38 556
38 582
38 585
38 592
38 599
38 602
38 603
38 639
38 674
38 688
38 694
38 713
38 721
38 723
38 733
39 43
39 44
39 53
39 61
39 65
39 76
39 84
39 88
39 89
39 94
39 99
39 118
39 148
39 152
39 158
39 159
39 162
39 172
39 177
39 199
39 228
39 233
39 245
39 255
39 270
39 276
39 282
39 307
39 308
39 313
39 329
39 334
39 336
39 342
39 350
39 373
39 376
39 379
39 396
39 411
39 424
39 461
39 500
39 521
39 533
39 541
39 562
39 564
39 566
39 568
39 574
39 588
39 591
39 594
39 601
39 610
39 617
39 619
39 650
39 653
39 654
39 675
39 687
39 703
39 720
40 42
40 54
40 56
40 62
40 65
40 66
40 68
40 73
40 79
40 81
40 88
40 90
40 95
40 96
40 109
40 115
40 125
40 128
40 140
40 150
40 152
40 163
40 210
40 223
40 226
40 229
40 279
40 294
40 302
40 305
40 321
40 324
40 353
40 392
40 405
40 410
40 449
40 455
40 529
40 539
40 567
40 582
40 595
40 598
40 600
40 628
40 655
40 663
40 679
40 693
41 42
41 43
41 47
41 48
41 51
41 52
41 53
41 58
41 65
41 70
41 80
41 84
41 85
41 93
41 98
41 100
41 102
41 103
41 104
41 107
41 112
41 114
41 118
41 119
41 123
41 131
41 135
41 141
41 171
41 174
41 192
41 208
41 222
41 227
41 233
41 274
41 287
41 292
41 299
41 305
41 354
41 356
41 359
41 366
41 372
41 392
41 413
41 415
41 421
41 426
41 456
41 484
41 495
41 502
41 516
41 517
41 543
41 610
41 616
41 634
41 659
41 661
41 670
41 671
41 722
41 734
41 736
42 44
42 46
42 47
42 51
42 52
42 54
42 55
42 57
42 61
42 63
42 65
42 68
42 72
42 79
42 82
42 83
42 84
42 86
42 88
42 95
42 99
42 101
42 102
42 107
42 110
42 114
42 118
42 129
42 131
42 138
42 149
42 157
42 159
42 162
42 167
42 168
42 190
42 192
42 198
42 206
42 208
42 213
42 215
42 232
42 238
42 246
42 247
42 248
42 252
42 258
42 259
42 260
42 273
42 275
42 292
42 298
42 303
42 329
42 334
42 335
42 336
42 362
42 366
42 377
42 378
42 381
42 382
42 387
42 388
42 397
42 412
42 422
42 424
42 439
42 441
42 457
42 460
42 482
42 491
42 505
42 511
42 512
42 522
42 523
42 535
42 537
42 544
42 546
42 564
42 575
42 581
42 588
42 604
42 608
42 610
42 652
42 661
42 673
42 675
42 679
42 686
42 693
42 694
42 697
42 706
42 718
42 719
42 726
42 738
42 740
42 747
42 748
43 44
43 45
43 48
43 49
43 50
43 53
43 60
43 63
43 66
43 68
43 76
43 88
43 90
43 95
43 97
43 100
43 108
43 110
43 114
43 132
43 140
43 145
43 158
43 161
43 170
43 176
43 188
43 191
43 215
43 227
43 235
43 238
43 239
43 257
43 262
43 268
43 270
43 272
43 282
43 290
43 292
43 320
43 338
43 351
43 354
43 359
43 363
43 373
43 393
43 400
43 409
43 410
43 411
43 412
43 419
43 439
43 452
43 455
43 468
43 472
43 477
43 509
43 517
43 525
43 550
43 553
43 568
43 583
43 619
43 655
43 658
43 661
43 693
43 705
43 722
43 744
44 47
44 48
44 49
44 50
44 59
44 69
44 87
44 93
44 111
44 114
44 115
44 121
44 128
44 132
44 133
44 134
44 138
44 140
44 143
44 152
44 165
44 227
44 235
44 236
44 241
44 252
44 254
44 258
44 272
44 320
44 345
44 354
44 358
44 364
44 370
44 388
44 437
44 445
44 454
44 459
44 478
44 504
44 509
44 542
44 549
44 551
44 580
44 601
44 603
44 633
44 640
44 661
44 667
44 670
44 690
44 692
44 697
44 727
45 67
45 71
45 73
45 74
45 82
45 84
45 91
45 108
45 109
45 115
45 121
45 126
45 144
45 145
45 154
45 157
45 194
45 276
45 294
45 302
45 308
45 350
45 366
45 369
45 377
45 394
45 446
45 454
45 459
45 468
45 519
45 543
45 551
45 578
45 579
45 622
45 685
45 708
45 736
45 749
46 49
46 52
46 53
46 54
46 58
46 63
46 68
46 69
46 71
46 72
46 73
46 74
46 77
46 84
46 86
46 90
46 97
46 110
46 115
46 116
46 119
46 124
46 127
46 139
46 146
46 148
46 152
46 153
46 155
46 161
46 163
46 167
46 168
46 178
46 179
46 186
46 188
46 192
46 194
46 202
46 206
46 213
46 234
46 245
46 261
46 265
46 279
46 285
46 289
46 290
46 292
46 298
46 299
46 301
46 310
46 311
46 312
46 315
46 326
46 328
46 331
46 355
46 362
46 371
46 377
46 380
46 390
46 392
46 404
46 418
46 445
46 447
46 474
46 484
46 509
46 513
46 526
46 539
46 551
46 584
46 591
46 616
46 624
46 631
46 653
46 667
46 697
46 706
46 712
46 727
47 50
47 54
47 56
47 60
47 65
47 73
47 76
47 77
47 78
47 82
47 88
47 101
47 105
47 111
47 121
47 136
47 148
47 157
47 158
47 173
47 174
47 175
47 182
47 183
47 185
47 189
47 197
47 211
47 223
47 227
47 268
47 274
47 337
47 339
47 343
47 405
47 470
47 478
47 506
47 510
47 517
47 527
47 535
47 591
47 613
47 635
47 655
47 671
47 677
47 692
47 701
47 739
47 745
48 55
48 60
48 62
48 65
48 66
48 67
48 69
48 71
48 75
48 78
48 79
48 81
48 82
48 95
48 99
48 107
48 115
48 116
48 138
48 140
48 141
48 156
48 170
48 182
48 190
48 195
48 208
48 212
48 214
48 215
48 222
48 248
48 250
48 259
48 274
48 298
48 299
48 340
48 354
48 356
48 373
48 375
48 385
48 416
48 455
48 456
48 469
48 487
48 490
48 511
48 533
48 536
48 559
48 593
48 606
48 624
48 633
48 657
48 661
48 698
48 710
48 718
48 720
49 54
49 55
49 56
49 57
49 82
49 111
49 124
49 131
49 142
49 148
49 150
49 159
49 162
49 176
49 185
49 213
49 248
49 258
49 265
49 266
49 270
49 283
49 296
49 327
49 362
49 377
49 395
49 399
49 430
49 437
49 486
49 487
49 500
49 505
49 506
49 513
49 526
49 533
49 541
49 596
49 607
49 614
49 641
49 643
49 662
49 669
49 678
49 693
49 694
49 705
50 56
50 57
50 63
50 66
50 77
50 85
50 87
50 92
50 103
50 108
50 114
50 117
50 125
50 126
50 143
50 162
50 168
50 173
50 177
50 187
50 189
50 190
50 214
50 242
50 251
50 254
50 260
50 271
50 309
50 345
50 364
50 377
50 393
50 402
50 403
50 428
50 438
50 520
50 592
50 605
50 609
50 695
50 697
50 737
50 740
51 55
51 64
51 66
51 77
51 80
51 89
51 90
51 118
51 124
51 128
51 135
51 147
51 154
51 175
51 202
51 203
51 222
51 238
51 243
51 249
51 251
51 275
51 282
51 288
51 301
51 318
51 321
51 340
51 378
51 391
51 472
51 478
51 481
51 484
51 485
51 518
51 538
51 543
51 545
51 547
51 587
51 588
51 592
51 618
51 654
51 689
51 698
51 707
52 55
52 56
52 61
52 69
52 71
52 72
52 89
52 91
52 92
52 98
52 104
52 113
52 116
52 119
52 120
52 193
52 198
52 199
52 216
52 225
52 239
52 242
52 251
52 279
52 281
52 298
52 306
52 312
52 316
52 326
52 337
52 342
52 350
52 369
52 387
52 404
52 408
52 410
52 420
52 433
52 436
52 439
52 440
52 465
52 474
52 540
52 549
52 559
52 563
52 577
52 579
52 595
52 609
52 612
52 635
52 652
52 669
52 675
52 721
52 736
52 738
52 746
53 58
53 59
53 64
53 73
53 77
53 84
53 91
53 98
53 110
53 111
53 126
53 136
53 159
53 167
53 176
53 177
53 183
53 184
53 190
53 195
53 198
53 201
53 209
53 221
53 233
53 245
53 299
53 300
53 304
53 307
53 318
53 364
53 381
53 383
53 406
53 416
53 422
53 433
53 438
53 482
53 488
53 495
53 518
53 520
53 546
53 548
53 601
53 605
53 680
53 684
53 693
53 728
54 62
54 63
54 66
54 68
54 69
54 70
54 72
54 81
54 91
54 105
54 115
54 118
54 137
54 143
54 147
54 152
54 164
54 166
54 171
54 173
54 175
54 176
54 184
54 191
54 196
54 203
54 205
54 209
54 211
54 228
54 232
54 253
54 274
54 280
54 284
54 294
54 298
54 312
54 320
54 330
54 381
54 443
54 452
54 472
54 482
54 483
54 506
54 512
54 519
54 532
54 535
54 539
54 540
54 549
54 627
54 641
54 646
54 705
54 716
54 733
55 56
55 58
55 60
55 62
55 64
55 67
55 72
55 76
55 80
55 83
55 85
55 87
55 96
55 98
55 99
55 112
55 115
55 130
55 133
55 137
55 143
55 146
55 147
55 153
55 154
55 157
55 158
55 168
55 187
55 197
55 215
55 234
55 265
55 268
55 279
55 280
55 284
55 313
55 336
55 379
55 381
55 414
55 422
55 433
55 436
55 443
55 464
55 478
55 489
55 499
55 503
55 514
55 561
55 577
55 624
55 638
55 651
55 661
55 670
55 691
55 706
55 710
55 714
55 718
55 733
55 738
55 741
56 59
56 67
56 68
56 70
56 73
56 75
56 77
56 78
56 81
56 86
56 98
56 102
56 106
56 114
56 117
56 119
56 123
56 124
56 127
56 132
56 134
56 142
56 155
56 162
56 170
56 173
56 183
56 190
56 196
56 207
56 211
56 216
56 242
56 243
56 258
56 259
56 263
56 274
56 281
56 286
56 290
56 291
56 293
56 302
56 314
56 347
56 365
56 366
56 385
56 386
56 389
56 402
56 416
56 421
56 460
56 471
56 479
56 495
56 508
56 509
56 521
56 570
56 578
56 599
56 613
56 626
56 628
56 638
56 664
56 676
56 725
56 743
56 745
57 64
57 69
57 72
57 77
57 78
57 93
57 99
57 101
57 102
57 103
57 110
57 126
57 137
57 141
57 161
57 182
57 188
57 233
57 242
57 266
57 305
57 311
57 329
57 349
57 350
57 351
57 352
57 358
57 387
57 420
57 439
57 442
57 445
57 451
57 455
57 462
57 465
57 494
57 521
57 535
57 539
57 604
57 662
57 672
57 715
57 724
58 61
58 62
58 65
58 68
58 75
58 80
58 89
58 91
58 92
58 100
58 102
58 104
58 108
58 109
58 110
58 116
58 119
58 131
58 137
58 139
58 140
58 152
58 157
58 175
58 176
58 182
58 184
58 193
58 197
58 209
58 215
58 216
58 220
58 240
58 241
58 249
58 250
58 253
58 254
58 274
58 275
58 276
58 285
58 288
58 301
58 325
58 328
58 331
58 337
58 344
58 373
58 378
58 389
58 417
58 483
58 501
58 504
58 508
58 528
58 540
58 544
58 554
58 573
58 581
58 609
58 618
58 625
58 634
58 639
58 646
58 653
58 663
58 676
58 703
58 706
59 64
59 69
59 103
59 113
59 122
59 133
59 144
59 153
59 184
59 212
59 225
59 226
59 228
59 313
59 319
59 331
59 335
59 343
59 354
59 364
59 366
59 401
59 473
59 481
59 498
59 507
59 513
59 549
59 585
59 592
59 613
59 620
59 624
59 630
59 740
60 61
60 62
60 65
60 78
60 79
60 80
60 81
60 89
60 98
60 106
60 108
60 113
60 144
60 154
60 162
60 170
60 172
60 193
60 237
60 255
60 280
60 293
60 300
60 324
60 336
60 357
60 397
60 411
60 431
60 475
60 497
60 499
60 525
60 605
60 630
60 643
60 660
60 695
60 724
60 727
60 728
60 742
61 74
61 77
61 79
61 86
61 88
61 94
61 95
61 97
61 105
61 122
61 147
61 153
61 159
61 178
61 193
61 244
61 261
61 268
61 293
61 328
61 330
61 360
61 362
61 375
61 448
61 463
61 477
61 488
61 497
61 498
61 565
61 597
61 605
61 631
61 641
61 650
61 664
61 719
61 732
62 66
62 91
62 110
62 116
62 120
62 122
62 129
62 136
62 154
62 155
62 156
62 161
62 166
62 186
62 192
62 223
62 236
62 247
62 293
62 294
62 297
62 322
62 334
62 358
62 365
62 372
62 401
62 406
62 409
62 418
62 421
62 424
62 484
62 554
62 571
62 610
62 612
62 618
62 622
62 665
62 675
62 706
62 719
62 745
63 65
63 67
63 72
63 74
63 79
63 82
63 87
63 93
63 95
63 106
63 107
63 111
63 118
63 119
63 124
63 129
63 142
63 169
63 182
63 185
63 191
63 204
63 226
63 245
63 251
63 278
63 285
63 287
63 291
63 296
63 319
63 327
63 332
63 339
63 364
63 392
63 400
63 414
63 430
63 448
63 467
63 470
63 483
63 490
63 496
63 506
63 511
63 521
63 532
63 552
63 560
63 564
63 574
63 611
63 625
63 643
63 653
63 655
63 661
63 662
63 673
63 715
63 719
63 738
64 71
64 72
64 74
64 79
64 88
64 92
64 93
64 124
64 142
64 150
64 229
64 243
64 259
64 260
64 277
64 289
64 298
64 313
64 327
64 340
64 343
64 372
64 374
64 394
64 407
64 439
64 466
64 485
64 522
64 542
64 580
64 582
64 584
64 594
64 674
64 683
64 705
64 716
64 733
65 66
65 69
65 72
65 76
65 78
65 83
65 84
65 85
65 87
65 88
65 92
65 96
65 102
65 108
65 118
65 129
65 130
65 131
65 136
65 142
65 169
65 178
65 182
65 187
65 189
65 198
65 203
65 218
65 228
65 246
65 248
65 255
65 265
65 266
65 267
65 270
65 271
65 281
65 287
65 291
65 317
65 322
65 323
65 342
65 352
65 361
65 421
65 444
65 445
65 486
65 490
65 502
65 516
65 529
65 532
65 546
65 587
65 621
65 635
65 670
65 745
65 749
66 70
66 74
66 78
66 81
66 84
66 85
66 87
66 93
66 94
66 95
66 101
66 102
66 103
66 106
66 108
66 112
66 123
66 125
66 126
66 128
66 129
66 133
66 136
66 144
66 150
66 151
66 154
66 169
66 173
66 185
66 190
66 192
66 193
66 206
66 215
66 218
66 224
66 228
66 233
66 234
66 246
66 252
66 295
66 309
66 314
66 319
66 324
66 333
66 343
66 345
66 346
66 357
66 358
66 381
66 383
66 395
66 404
66 412
66 418
66 425
66 428
66 444
66 449
66 457
66 471
66 479
66 490
66 512
66 548
66 561
66 568
66 571
66 590
66 629
66 644
66 648
66 659
66 667
66 675
66 681
66 695
66 713
66 730
66 739
67 87
67 90
67 92
67 98
67 103
67 110
67 151
67 169
67 184
67 186
67 187
67 196
67 203
67 277
67 305
67 313
67 314
67 320
67 334
67 422
67 426
67 434
67 435
67 475
67 477
67 492
67 498
67 568
67 610
67 619
67 643
67 698
67 703
67 732
68 79
68 81
68 98
68 109
68 114
68 116
68 129
68 149
68 154
68 163
68 167
68 172
68 223
68 255
68 275
68 302
68 352
68 365
68 389
68 429
68 430
68 438
68 447
68 448
68 452
68 466
68 493
68 497
68 508
68 513
68 580
68 583
68 584
68 610
68 633
68 669
68 685
68 701
68 720
69 71
69 82
69 92
69 97
69 121
69 128
69 136
69 137
69 146
69 157
69 158
69 162
69 166
69 167
69 174
69 176
69 202
69 206
69 210
69 221
69 227
69 228
69 249
69 267
69 269
69 275
69 299
69 325
69 328
69 348
69 351
69 352
69 360
69 376
69 402
69 426
69 431
69 450
69 454
69 457
69 492
69 537
69 564
69 568
69 579
69 602
69 620
69 704
69 709
70 77
70 84
70 91
70 93
70 98
70 99
70 100
70 115
70 118
70 151
70 155
70 157
70 158
70 163
70 170
70 171
70 174
70 175
70 183
70 193
70 209
70 210
70 218
70 222
70 224
70 232
70 246
70 249
70 255
70 275
70 284
70 287
70 288
70 289
70 308
70 355
70 394
70 395
70 402
70 416
70 443
70 456
70 476
70 486
70 490
70 504
70 515
70 521
70 595
70 599
70 648
70 725
70 728
70 747
71 76
71 78
71 95
71 101
71 111
71 112
71 113
71 114
71 115
71 118
71 132
71 173
71 181
71 214
71 220
71 230
71 236
71 268
71 270
71 278
71 293
71 310
71 311
71 325
71 329
71 341
71 353
71 371
71 378
71 392
71 406
71 445
71 448
71 464
71 466
71 490
71 503
71 544
71 551
71 567
71 569
71 584
71 620
71 660
71 663
71 678
71 723
71 744
71 745
72 77
72 82
72 83
72 85
72 89
72 105
72 109
72 112
72 121
72 125
72 127
72 131
72 136
72 148
72 151
72 163
72 172
72 181
72 201
72 207
72 217
72 225
72 236
72 240
72 252
72 255
72 258
72 262
72 269
72 279
72 290
72 300
72 301
72 313
72 314
72 322
72 331
72 337
72 360
72 363
72 383
72 393
72 410
72 413
72 423
72 426
72 449
72 458
72 499
72 500
72 531
72 536
72 545
72 552
72 564
72 571
72 576
72 621
72 638
72 649
72 670
72 681
72 710
72 740
73 75
73 77
73 78
73 80
73 84
73 87
73 89
73 98
73 111
73 112
73 116
73 121
73 122
73 154
73 156
73 165
73 166
73 169
73 207
73 211
73 229
73 257
73 264
73 267
73 270
73 278
73 282
73 318
73 321
73 365
73 380
73 398
73 436
73 453
73 459
73 479
73 480
73 540
73 543
73 546
73 559
73 560
73 572
73 644
73 695
73 698
74 79
74 83
74 84
74 92
74 102
74 105
74 111
74 115
74 161
74 179
74 192
74 202
74 205
74 216
74 226
74 234
74 253
74 257
74 278
74 297
74 336
74 338
74 340
74 362
74 364
74 371
74 395
74 409
74 425
74 443
74 444
74 453
74 507
74 539
74 568
74 582
74 600
74 626
74 649
74 658
74 663
74 705
74 711
74 715
74 722
74 746
75 76
75 100
75 108
75 116
75 117
75 121
75 127
75 130
75 147
75 159
75 193
75 197
75 207
75 219
75 237
75 278
75 297
75 330
75 333
75 345
75 347
75 394
75 416
75 432
75 443
75 560
75 561
75 563
75 574
75 580
75 644
75 676
75 718
75 721
75 737
76 83
76 84
76 97
76 100
76 146
76 149
76 174
76 193
76 208
76 298
76 344
76 348
76 355
76 371
76 399
76 429
76 467
76 494
76 497
76 514
76 529
76 591
76 597
76 629
77 83
77 86
77 88
77 90
77 93
77 105
77 109
77 120
77 133
77 153
77 161
77 171
77 178
77 205
77 217
77 239
77 244
77 250
77 266
77 308
77 313
77 357
77 395
77 408
77 540
77 544
77 570
77 584
77 612
77 662
77 685
77 703
77 718
77 737
78 80
78 82
78 85
78 87
78 99
78 100
78 104
78 106
78 107
78 123
78 124
78 130
78 131
78 135
78 139
78 150
78 152
78 186
78 187
78 188
78 190
78 200
78 201
78 205
78 206
78 224
78 227
78 266
78 269
78 281
78 290
78 291
78 295
78 300
78 303
78 312
78 316
78 325
78 331
78 335
78 355
78 399
78 402
78 404
78 435
78 468
78 479
78 492
78 503
78 509
78 512
78 516
78 518
78 547
78 558
78 560
78 572
78 621
78 628
78 633
78 637
78 647
78 661
78 662
78 683
78 749
79 80
79 86
79 88
79 97
79 107
79 116
79 118
79 134
79 145
79 146
79 151
79 155
79 170
79 173
79 181
79 185
79 192
79 196
79 215
79 220
79 242
79 256
79 261
79 263
79 269
79 292
79 305
79 361
79 421
79 432
79 439
79 488
79 498
79 510
79 512
79 519
79 534
79 595
79 600
79 629
79 639
79 641
79 656
79 681
79 688
79 710
79 724
79 726
79 732
80 89
80 101
80 110
80 122
80 134
80 138
80 140
80 149
80 150
80 152
80 160
80 163
80 167
80 175
80 193
80 221
80 222
80 255
80 257
80 263
80 275
80 322
80 328
80 362
80 366
80 370
80 380
80 390
80 414
80 417
80 438
80 478
80 480
80 484
80 496
80 526
80 536
80 538
80 543
80 545
80 559
80 562
80 563
80 569
80 575
80 607
80 624
80 627
80 690
80 711
80 712
81 82
81 83
81 86
81 87
81 89
81 93
81 98
81 100
81 104
81 105
81 108
81 109
81 115
81 125
81 126
81 133
81 144
81 146
81 153
81 155
81 170
81 176
81 187
81 202
81 204
81 207
81 209
81 219
81 247
81 253
81 263
81 285
81 291
81 297
81 305
81 310
81 317
81 319
81 358
81 359
81 390
81 403
81 406
81 428
81 431
81 441
81 456
81 458
81 473
81 485
81 489
81 496
81 517
81 543
81 548
81 561
81 566
81 576
81 602
81 605
81 610
81 623
81 625
81 632
81 642
81 645
81 673
81 676
81 677
81 710
81 718
81 740
82 91
82 96
82 98
82 119
82 126
82 128
82 133
82 173
82 185
82 191
82 197
82 206
82 235
82 250
82 306
82 318
82 320
82 324
82 327
82 354
82 355
82 363
82 368
82 383
82 387
82 393
82 397
82 445
82 464
82 487
82 495
82 557
82 569
82 573
82 576
82 656
82 668
82 736
83 89
83 91
83 94
83 97
83 117
83 121
83 123
83 212
83 217
83 235
83 240
83 317
83 353
83 378
83 427
83 476
83 512
83 533
83 540
83 561
83 621
83 664
83 698
84 95
84 96
84 97
84 102
84 109
84 119
84 124
84 127
84 143
84 144
84 157
84 162
84 163
84 176
84 177
84 178
84 179
84 180
84 185
84 190
84 192
84 197
84 200
84 219
84 223
84 233
84 237
84 285
84 292
84 294
84 302
84 305
84 323
84 338
84 370
84 403
84 419
84 446
84 448
84 451
84 458
84 469
84 511
84 515
84 517
84 518
84 541
84 559
84 560
84 571
84 606
84 622
84 629
84 641
84 651
84 652
84 689
84 690
84 731
85 88
85 100
85 107
85 110
85 128
85 147
85 158
85 169
85 171
85 172
85 183
85 189
85 197
85 207
85 242
85 250
85 256
85 263
85 268
85 298
85 303
85 314
85 345
85 367
85 369
85 384
85 388
85 409
85 415
85 427
85 446
85 447
85 464
85 470
85 472
85 483
85 530
85 543
85 546
85 610
85 639
85 654
85 660
85 689
85 708
86 92
86 106
86 107
86 130
86 143
86 144
86 146
86 151
86 161
86 178
86 203
86 207
86 226
86 236
86 258
86 267
86 276
86 293
86 298
86 329
86 347
86 384
86 394
86 412
86 425
86 430
86 435
86 449
86 452
86 469
86 473
86 487
86 509
86 601
86 633
86 671
86 674
86 688
86 748
87 89
87 99
87 110
87 129
87 152
87 155
87 172
87 179
87 182
87 197
87 208
87 235
87 236
87 239
87 246
87 273
87 274
87 286
87 290
87 303
87 316
87 318
87 323
87 331
87 417
87 421
87 424
87 426
87 444
87 446
87 459
87 546
87 578
87 588
87 591
87 603
87 609
87 614
87 628
87 631
87 642
87 661
87 690
87 708
88 103
88 109
88 119
88 124
88 129
88 130
88 135
88 137
88 138
88 156
88 159
88 165
88 167
88 177
88 187
88 205
88 243
88 260
88 279
88 281
88 302
88 318
88 320
88 321
88 332
88 372
88 374
88 389
88 395
88 425
88 468
88 555
88 579
88 593
88 633
88 646
88 679
89 103
89 111
89 123
89 128
89 138
89 143
89 197
89 217
89 218
89 231
89 292
89 311
89 328
89 341
89 345
89 378
89 379
89 384
89 399
89 512
89 560
89 564
89 601
89 618
89 636
89 648
89 651
89 656
89 700
89 709
90 101
90 130
90 132
90 147
90 161
90 183
90 185
90 190
90 200
90 221
90 222
90 231
90 243
90 270
90 277
90 314
90 338
90 342
90 348
90 387
90 407
90 413
90 431
90 469
90 470
90 492
90 503
90 514
90 527
90 538
90 556
90 586
90 594
90 641
90 682
90 745
91 100
91 134
91 137
91 159
91 189
91 194
91 214
91 215
91 223
91 226
91 228
91 235
91 241
91 269
91 271
91 275
91 281
91 286
91 287
91 317
91 329
91 330
91 341
91 349
91 357
91 500
91 561
91 566
91 567
91 580
91 631
91 633
91 644
91 702
91 726
92 97
92 98
92 103
92 123
92 127
92 152
92 162
92 164
92 212
92 217
92 224
92 232
92 249
92 259
92 264
92 272
92 336
92 342
92 353
92 400
92 434
92 478
92 490
92 493
92 520
92 609
92 640
92 654
92 684
92 691
92 710
93 94
93 116
93 126
93 148
93 149
93 167
93 193
93 206
93 213
93 220
93 225
93 242
93 244
93 280
93 288
93 298
93 304
93 311
93 325
93 349
93 353
93 363
93 394
93 397
93 420
93 433
93 546
93 548
93 555
93 556
93 621
93 626
93 684
93 690
93 696
93 738
93 744
94 110
94 118
94 131
94 160
94 177
94 185
94 200
94 211
94 236
94 273
94 276
94 288
94 291
94 298
94 305
94 307
94 309
94 310
94 330
94 337
94 345
94 385
94 392
94 395
94 396
94 397
94 400
94 434
94 500
94 503
94 512
94 524
94 538
94 545
94 552
94 588
94 628
94 631
94 637
94 695
94 734
94 745
95 140
95 169
95 173
95 177
95 193
95 200
95 231
95 241
95 280
95 356
95 371
95 384
95 386
95 407
95 464
95 476
95 480
95 495
95 508
95 531
95 534
95 568
95 583
95 596
95 605
95 667
95 724
96 97
96 101
96 102
96 104
96 115
96 123
96 138
96 146
96 147
96 159
96 175
96 182
96 185
96 194
96 198
96 208
96 213
96 224
96 232
96 234
96 235
96 239
96 249
96 254
96 259
96 266
96 271
96 292
96 304
96 306
96 318
96 330
96 337
96 346
96 358
96 375
96 401
96 408
96 411
96 415
96 424
96 439
96 452
96 462
96 486
96 494
96 533
96 559
96 574
96 640
96 652
96 667
96 683
96 697
96 709
96 723
96 742
97 98
97 100
97 103
97 107
97 112
97 113
97 117
97 127
97 140
97 144
97 153
97 176
97 179
97 204
97 205
97 239
97 258
97 274
97 282
97 308
97 334
97 340
97 359
97 367
97 379
97 380
97 391
97 399
97 418
97 429
97 433
97 453
97 457
97 462
97 467
97 476
97 486
97 488
97 547
97 551
97 573
97 610
97 619
97 656
97 659
97 666
97 686
97 727
97 728
98 99
98 103
98 129
98 135
98 136
98 152
98 176
98 209
98 223
98 248
98 256
98 276
98 290
98 303
98 320
98 323
98 324
98 325
98 360
98 366
98 400
98 409
98 456
98 473
98 474
98 494
98 533
98 575
98 599
98 608
98 624
98 635
98 640
98 643
98 714
98 722
98 729
98 746
99 102
99 106
99 132
99 135
99 137
99 157
99 163
99 165
99 212
99 221
99 228
99 237
99 238
99 254
99 309
99 332
99 343
99 368
99 455
99 466
99 613
99 660
99 724
100 114
100 117
100 125
100 133
100 139
100 140
100 142
100 144
100 145
100 152
100 156
100 157
100 167
100 171
100 172
100 177
100 187
100 190
100 191
100 204
100 228
100 243
100 250
100 255
100 285
100 301
100 305
100 314
100 315
100 341
100 383
100 391
100 396
100 415
100 423
100 481
100 503
100 506
100 510
100 511
100 595
100 625
100 671
100 694
100 711
100 728
100 742
100 745
101 110
101 112
101 114
101 124
101 131
101 141
101 154
101 156
101 158
101 160
101 164
101 169
101 175
101 233
101 272
101 282
101 284
101 301
101 326
101 331
101 353
101 370
101 386
101 390
101 405
101 417
101 438
101 441
101 442
101 451
101 524
101 525
101 569
101 594
101 601
101 602
101 603
101 696
101 729
102 111
102 129
102 133
102 149
102 190
102 193
102 221
102 224
102 263
102 378
102 396
102 400
102 422
102 454
102 497
102 558
102 621
102 653
102 679
102 682
103 111
103 147
103 165
103 191
103 195
103 207
103 225
103 230
103 245
103 264
103 296
103 330
103 333
103 351
103 395
103 407
103 415
103 418
103 437
103 445
103 477
103 530
103 533
103 535
103 536
103 574
103 613
103 616
103 624
103 647
103 669
103 679
103 712
104 120
104 122
104 123
104 137
104 141
104 156
104 176
104 213
104 216
104 223
104 229
104 240
104 258
104 260
104 276
104 293
104 328
104 355
104 369
104 372
104 388
104 444
104 517
104 524
104 534
104 563
104 626
104 628
104 653
104 679
104 702
104 710
104 743
105 106
105 133
105 146
105 151
105 175
105 177
105 194
105 203
105 230
105 233
105 258
105 320
105 337
105 351
105 372
105 396
105 430
105 439
105 477
105 503
105 560
105 562
105 591
105 628
105 660
105 705
105 720
105 736
106 123
106 130
106 145
106 154
106 156
106 180
106 198
106 202
106 207
106 215
106 222
106 260
106 313
106 333
106 416
106 459
106 466
106 473
106 493
106 498
106 638
107 113
107 123
107 124
107 125
107 130
107 133
107 136
107 144
107 153
107 159
107 186
107 208
107 212
107 234
107 238
107 240
107 246
107 251
107 324
107 332
107 413
107 443
107 462
107 474
107 495
107 549
107 642
107 655
107 682
107 698
107 724
107 748
108 117
108 120
108 132
108 150
108 157
108 163
108 166
108 173
108 174
108 192
108 212
108 247
108 248
108 258
108 265
108 287
108 297
108 316
108 322
108 330
108 332
108 354
108 356
108 360
108 382
108 406
108 411
108 413
108 435
108 453
108 475
108 481
108 539
108 544
108 573
108 586
108 596
108 603
108 615
108 620
108 627
108 629
108 634
108 705
108 731
108 737
109 121
109 131
109 139
109 155
109 162
109 175
109 194
109 199
109 212
109 215
109 225
109 281
109 286
109 311
109 367
109 420
109 430
109 500
109 501
109 502
109 510
109 551
109 570
109 620
109 654
109 656
109 672
109 680
110 114
110 127
110 142
110 188
110 193
110 195
110 214
110 235
110 236
110 259
110 273
110 291
110 294
110 344
110 365
110 369
110 440
110 474
110 484
110 506
110 507
110 513
110 531
110 534
110 583
110 590
110 592
110 606
110 619
110 728
110 732
111 155
111 165
111 174
111 180
111 198
111 207
111 250
111 267
111 288
111 301
111 311
111 317
111 357
111 374
111 429
111 454
111 461
111 500
111 545
111 563
111 593
111 604
111 616
111 622
111 626
111 627
111 630
111 631
111 677
111 694
111 701
112 137
112 141
112 160
112 162
112 167
112 168
112 184
112 186
112 189
112 198
112 205
112 206
112 219
112 244
112 249
112 253
112 266
112 267
112 278
112 281
112 331
112 338
112 367
112 384
112 390
112 404
112 432
112 452
112 461
112 462
112 526
112 548
112 573
112 605
112 625
112 634
112 694
112 731
113 115
113 136
113 138
113 141
113 142
113 175
113 180
113 186
113 219
113 227
113 228
113 261
113 267
113 268
113 272
113 282
113 283
113 299
113 310
113 321
113 333
113 345
113 370
113 380
113 382
113 389
113 416
113 426
113 437
113 517
113 542
113 544
113 547
113 562
113 569
113 617
113 628
113 631
113 642
113 651
113 690
114 135
114 141
114 160
114 178
114 184
114 201
114 217
114 233
114 240
114 253
114 260
114 261
114 271
114 284
114 352
114 359
114 368
114 387
114 406
114 407
114 413
114 422
114 431
114 465
114 467
114 478
114 494
114 632
114 646
114 692
114 694
114 724
115 130
115 135
115 154
115 161
115 164
115 183
115 209
115 213
115 226
115 251
115 260
115 272
115 284
115 289
115 292
115 340
115 349
115 351
115 361
115 398
115 399
115 408
115 425
115 435
115 438
115 442
115 444
115 488
115 504
115 508
115 560
115 572
115 578
115 613
115 636
115 644
115 657
115 680
116 140
116 173
116 181
116 193
116 195
116 199
116 202
116 228
116 231
116 232
116 239
116 268
116 269
116 283
116 300
116 317
116 368
116 393
116 398
116 406
116 414
116 431
116 436
116 442
116 447
116 460
116 498
116 501
116 510
116 515
116 520
116 547
116 573
116 614
116 665
116 688
116 721
117 120
117 147
117 158
117 160
117 167
117 178
117 182
117 184
117 195
117 201
117 205
117 225
117 241
117 260
117 265
117 271
117 283
117 291
117 295
117 302
117 306
117 315
117 320
117 323
117 327
117 333
117 356
117 434
117 441
117 446
117 525
117 529
117 535
117 541
117 542
117 549
117 601
117 611
117 613
117 654
117 665
117 684
117 732
117 735
118 126
118 150
118 151
118 187
118 204
118 206
118 229
118 231
118 240
118 241
118 268
118 287
118 310
118 313
118 318
118 377
118 379
118 392
118 499
118 539
118 583
118 596
118 599
118 631
118 683
118 748
119 122
119 123
119 134
119 140
119 143
119 144
119 164
119 167
119 239
119 248
119 267
119 282
119 315
119 317
119 336
119 341
119 355
119 362
119 395
119 439
119 443
119 457
119 487
119 494
119 504
119 515
119 543
119 547
119 561
119 622
119 666
119 679
119 697
119 700
119 704
119 731
119 749
120 135
120 138
120 152
120 171
120 196
120 200
120 203
120 205
120 214
120 229
120 258
120 264
120 381
120 400
120 405
120 413
120 448
120 456
120 463
120 482
120 516
120 519
120 549
120 569
120 602
120 636
120 717
120 747
121 129
121 132
121 161
121 168
121 176
121 201
121 205
121 216
121 221
121 224
121 229
121 237
121 238
121 251
121 329
121 356
121 376
121 385
121 464
121 493
121 498
121 503
121 505
121 521
121 523
121 530
121 636
121 646
121 668
121 691
121 701
122 142
122 182
122 226
122 230
122 237
122 252
122 255
122 289
122 307
122 313
122 326
122 375
122 409
122 429
122 444
122 494
122 509
122 514
122 553
122 586
122 600
122 620
122 639
122 643
122 692
122 735
123 127
123 132
123 143
123 158
123 159
123 188
123 214
123 221
123 227
123 233
123 239
123 243
123 245
123 329
123 344
123 360
123 365
123 428
123 430
123 445
123 452
123 461
123 485
123 509
123 524
123 548
123 630
123 638
123 702
123 715
124 133
124 202
124 213
124 280
124 344
124 425
124 480
124 483
124 487
124 599
124 615
124 706
125 141
125 165
125 184
125 199
125 212
125 225
125 259
125 261
125 290
125 301
125 310
125 347
125 365
125 372
125 381
125 388
125 390
125 391
125 409
125 412
125 456
125 491
125 619
125 637
125 652
125 662
125 669
125 699
125 715
125 718
126 127
126 139
126 177
126 235
126 328
126 360
126 370
126 379
126 392
126 454
126 499
126 519
126 563
126 588
126 592
126 605
126 658
126 667
126 705
127 187
127 213
127 238
127 250
127 255
127 341
127 380
127 382
127 387
127 391
127 410
127 411
127 423
127 471
127 496
127 530
127 554
127 561
127 582
127 587
127 655
127 670
127 711
128 201
128 233
128 237
128 244
128 259
128 321
128 438
128 447
128 479
128 493
128 543
128 558
128 600
128 617
128 656
128 693
129 132
129 149
129 162
129 166
129 169
129 188
129 222
129 246
129 252
129 280
129 285
129 295
129 309
129 325
129 351
129 405
129 410
129 426
129 450
129 454
129 504
129 542
129 559
129 618
129 633
129 652
129 666
129 667
129 681
129 709
130 135
130 139
130 145
130 163
130 213
130 237
130 252
130 254
130 256
130 262
130 301
130 314
130 325
130 341
130 353
130 359
130 404
130 420
130 447
130 464
130 473
130 474
130 499
130 516
130 527
130 592
130 703
130 725
131 143
131 144
131 148
131 150
131 173
131 188
131 203
131 213
131 228
131 241
131 245
131 266
131 286
131 294
131 301
131 302
131 332
131 361
131 365
131 371
131 373
131 375
131 377
131 414
131 440
131 468
131 536
131 608
131 645
131 691
131 730
132 150
132 163
132 179
132 224
132 292
132 344
132 367
132 398
132 402
132 406
132 418
132 427
132 428
132 429
132 459
132 530
132 548
132 591
132 654
132 702
133 134
133 141
133 196
133 203
133 208
133 217
133 220
133 228
133 271
133 286
133 303
133 306
133 364
133 386
133 407
133 415
133 428
133 449
133 529
133 565
133 609
133 625
133 669
133 716
133 727
134 174
134 213
134 232
134 262
134 288
134 309
134 374
134 393
134 403
134 409
134 490
134 531
134 543
134 635
134 651
134 666
134 673
135 146
135 167
135 180
135 202
135 215
135 219
135 235
135 239
135 242
135 255
135 261
135 312
135 332
135 352
135 353
135 380
135 382
135 408
135 433
135 487
135 566
135 578
135 593
135 645
135 648
135 652
135 664
135 665
135 681
135 683
135 692
136 142
136 155
136 210
136 231
136 273
136 291
136 300
136 301
136 310
136 372
136 380
136 410
136 461
136 467
136 617
136 675
136 736
136 738
137 138
137 158
137 165
137 170
137 234
137 314
137 324
137 325
137 457
138 139
138 149
138 174
138 190
138 231
138 262
138 279
138 466
138 497
138 523
138 565
138 628
138 681
139 168
139 187
139 198
139 212
139 217
139 223
139 240
139 242
139 268
139 312
139 361
139 375
139 386
139 391
139 417
139 455
139 467
139 574
139 595
139 602
139 630
140 164
140 205
140 230
140 252
140 256
140 259
140 260
140 348
140 361
140 412
140 469
140 470
140 473
140 475
140 506
140 542
140 567
140 594
140 604
140 639
141 202
141 206
141 214
141 251
141 276
141 277
141 321
141 322
141 327
141 332
141 356
141 364
141 434
141 478
141 506
141 530
141 547
141 708
142 151
142 163
142 164
142 181
142 185
142 195
142 282
142 321
142 363
142 370
142 389
142 401
142 444
142 550
142 582
142 609
142 637
143 145
143 196
143 199
143 216
143 241
143 248
143 256
143 263
143 286
143 294
143 311
143 363
143 375
143 385
143 386
143 394
143 447
143 490
143 495
143 514
143 541
143 562
143 594
143 705
143 727
143 746
144 153
144 162
144 178
144 180
144 181
144 196
144 215
144 220
144 230
144 239
144 290
144 308
144 315
144 346
144 347
144 359
144 374
144 376
144 387
144 418
144 423
144 428
144 449
144 470
144 492
144 529
144 565
144 581
144 601
144 622
144 674
144 679
144 696
144 705
144 734
144 741
144 743
145 176
145 181
145 190
145 193
145 200
145 227
145 246
145 250
145 319
145 337
145 339
145 357
145 432
145 526
145 534
145 560
145 580
145 592
145 598
145 667
145 697
145 719
145 723
146 165
146 172
146 174
146 191
146 193
146 196
146 231
146 261
146 295
146 309
146 353
146 357
146 377
146 402
146 452
146 471
146 477
146 540
146 584
146 589
146 688
146 721
146 741
147 164
147 169
147 189
147 199
147 207
147 219
147 228
147 238
147 272
147 285
147 308
147 329
147 343
147 361
147 372
147 400
147 405
147 410
147 413
147 425
147 434
147 484
147 489
147 494
147 521
147 581
147 614
147 630
147 650
147 708
147 711
147 737
148 169
148 177
148 223
148 257
148 277
148 295
148 304
148 328
148 356
148 366
148 371
148 379
148 382
148 555
148 579
148 685
148 700
149 226
149 236
149 243
149 257
149 331
149 336
149 338
149 347
149 369
149 417
149 418
149 432
149 435
149 474
149 479
149 518
149 603
149 629
149 674
149 699
149 708
149 710
149 715
149 744
150 184
150 185
150 196
150 203
150 204
150 205
150 212
150 216
150 218
150 234
150 244
150 254
150 259
150 260
150 284
150 286
150 289
150 300
150 314
150 407
150 417
150 422
150 441
150 466
150 474
150 485
150 505
150 514
150 634
150 701
150 723
151 197
151 220
151 246
151 264
151 306
151 384
151 414
151 419
151 420
151 421
151 440
151 443
151 448
151 462
151 494
151 516
151 587
151 611
151 623
151 664
151 673
151 689
151 704
152 160
152 165
152 180
152 189
152 211
152 247
152 268
152 278
152 299
152 324
152 354
152 369
152 423
152 530
152 532
152 545
152 552
152 575
152 583
152 585
152 638
152 645
152 676
153 155
153 178
153 180
153 201
153 202
153 203
153 229
153 239
153 246
153 283
153 316
153 346
153 347
153 349
153 378
153 414
153 439
153 514
153 539
153 557
153 593
153 603
153 623
153 652
153 674
153 694
153 748
153 749
154 172
154 198
154 212
154 269
154 319
154 339
154 357
154 376
154 386
154 492
154 507
154 516
154 538
154 580
154 591
154 672
154 740
155 206
155 248
155 280
155 287
155 295
155 307
155 429
155 434
155 470
155 522
155 536
155 580
155 585
155 594
155 617
155 649
156 187
156 189
156 221
156 226
156 250
156 279
156 295
156 299
156 300
156 304
156 319
156 327
156 353
156 355
156 431
156 444
156 448
156 468
156 495
156 522
156 572
156 575
156 577
156 595
156 625
156 670
156 717
156 748
157 170
157 175
157 177
157 212
157 215
157 238
157 303
157 312
157 350
157 376
157 382
157 401
157 447
157 478
157 485
157 490
157 512
157 534
157 551
157 589
157 689
157 690
158 174
158 191
158 210
158 211
158 220
158 231
158 244
158 273
158 287
158 386
158 393
158 409
158 437
158 447
158 468
158 482
158 535
158 547
158 670
158 686
159 168
159 172
159 211
159 221
159 233
159 235
159 262
159 282
159 284
159 311
159 329
159 337
159 338
159 339
159 343
159 356
159 361
159 431
159 463
159 500
159 512
159 533
159 548
159 564
159 623
159 630
159 633
159 671
159 700
159 744
160 163
160 164
160 242
160 269
160 273
160 283
160 297
160 323
160 343
160 401
160 418
160 422
160 423
160 489
160 575
160 618
160 622
160 642
160 646
160 647
160 661
160 681
160 708
161 172
161 181
161 185
161 216
161 315
161 348
161 352
161 366
161 373
161 423
161 437
161 441
161 460
161 481
161 589
161 622
161 731
162 171
162 215
162 243
162 255
162 314
162 376
162 409
162 440
162 483
162 504
162 522
162 551
162 590
162 592
162 608
162 637
162 691
162 742
163 170
163 177
163 192
163 217
163 221
163 229
163 276
163 309
163 329
163 347
163 358
163 393
163 424
163 426
163 486
163 499
163 513
163 608
163 630
163 727
164 168
164 169
164 183
164 186
164 204
164 241
164 258
164 269
164 282
164 365
164 369
164 372
164 379
164 394
164 424
164 503
164 553
164 596
164 684
164 689
164 690
164 705
164 736
164 742
165 174
165 227
165 231
165 256
165 295
165 302
165 306
165 398
165 403
165 421
165 438
165 495
165 516
165 596
165 624
165 663
165 683
166 196
166 205
166 236
166 253
166 293
166 309
166 317
166 343
166 379
166 392
166 469
166 519
166 525
166 549
166 562
166 614
166 627
166 687
166 697
167 172
167 216
167 228
167 242
167 255
167 277
167 282
167 301
167 329
167 345
167 353
167 373
167 408
167 500
167 505
167 564
167 669
167 714
167 733
168 175
168 216
168 218
168 227
168 252
168 253
168 266
168 309
168 335
168 374
168 382
168 415
168 442
168 501
168 526
168 527
168 528
168 529
168 534
168 577
168 581
168 592
168 700
168 743
169 183
169 189
169 192
169 194
169 195
169 198
169 235
169 236
169 251
169 312
169 321
169 342
169 368
169 393
169 429
169 454
169 466
169 494
169 518
169 537
169 557
169 588
169 637
169 639
170 193
170 196
170 221
170 224
170 234
170 248
170 263
170 290
170 320
170 402
170 434
170 457
170 467
170 523
170 533
170 590
170 611
170 620
170 645
170 713
170 719
170 739
171 206
171 226
171 229
171 270
171 326
171 330
171 340
171 347
171 380
171 436
171 455
171 492
171 530
171 548
171 560
171 613
171 630
171 632
171 646
171 647
171 662
171 673
171 690
171 713
172 210
172 217
172 235
172 250
172 257
172 264
172 296
172 336
172 388
172 401
172 457
172 492
172 514
172 544
172 569
172 582
172 594
172 669
172 692
172 698
172 719
173 178
173 192
173 250
173 277
173 285
173 301
173 335
173 396
173 399
173 501
173 503
173 508
173 537
173 556
173 571
173 600
173 611
173 629
173 657
174 197
174 260
174 262
174 268
174 269
174 302
174 326
174 375
174 419
174 450
174 526
174 563
174 593
175 176
175 209
175 257
175 273
175 282
175 339
175 381
175 419
175 438
175 451
175 487
175 568
175 607
175 614
176 191
176 197
176 243
176 249
176 332
176 333
176 348
176 466
176 489
176 543
176 608
176 627
176 652
176 733
177 182
177 222
177 225
177 227
177 232
177 269
177 299
177 322
177 381
177 391
177 406
177 417
177 468
177 476
177 515
177 532
177 585
177 586
177 691
177 699
177 729
177 739
177 743
178 186
178 189
178 216
178 217
178 219
178 240
178 241
178 253
178 273
178 476
178 510
178 537
178 567
178 590
178 604
178 605
178 618
178 664
178 677
178 695
178 745
179 185
179 186
179 188
179 218
179 252
179 264
179 313
179 361
179 362
179 368
179 396
179 428
179 435
179 436
179 465
179 673
179 703
180 195
180 213
180 215
180 225
180 231
180 237
180 344
180 347
180 361
180 367
180 433
180 472
180 489
180 555
180 560
180 570
180 573
180 649
180 650
180 669
180 686
181 194
181 198
181 208
181 238
181 243
181 280
181 297
181 298
181 306
181 342
181 349
181 354
181 366
181 383
181 392
181 426
181 507
181 553
181 554
181 563
181 567
181 596
181 621
182 190
182 199
182 212
182 229
182 232
182 251
182 253
182 257
182 264
182 287
182 305
182 306
182 338
182 349
182 365
182 397
182 398
182 414
182 475
182 489
182 517
182 524
182 532
182 557
182 592
182 603
182 612
182 659
182 698
182 703
182 729
183 194
183 206
183 224
183 234
183 249
183 341
183 379
183 434
183 458
183 558
183 648
184 204
184 299
184 332
184 362
184 387
184 420
184 522
184 544
184 580
184 583
184 587
184 630
184 657
184 664
184 702
184 714
184 725
185 194
185 204
185 210
185 214
185 247
185 260
185 268
185 273
185 341
185 384
185 419
185 439
185 492
185 580
185 632
185 659
185 737
186 188
186 200
186 216
186 232
186 253
186 275
186 288
186 296
186 299
186 304
186 322
186 391
186 411
186 412
186 451
186 454
186 498
186 524
186 566
186 598
186 629
186 668
186 676
186 706
186 712
186 735
187 208
187 217
187 225
187 228
187 242
187 270
187 272
187 289
187 296
187 328
187 332
187 417
187 483
187 490
187 522
187 605
187 620
187 690
188 198
188 200
188 210
188 259
188 279
188 322
188 342
188 351
188 454
188 550
188 569
188 622
188 696
188 744
188 747
189 206
189 207
189 245
189 324
189 340
189 351
189 398
189 609
189 664
189 735
190 201
190 272
190 276
190 392
190 407
190 482
190 537
190 559
190 619
190 660
190 673
190 681
191 257
191 268
191 274
191 275
191 277
191 284
191 328
191 354
191 389
191 395
191 399
191 439
191 446
191 495
191 552
191 553
191 563
191 581
191 665
191 695
192 225
192 259
192 279
192 294
192 306
192 318
192 386
192 440
192 494
192 515
192 599
192 643
192 646
192 667
192 687
193 203
193 230
193 249
193 263
193 307
193 311
193 320
193 371
193 372
193 378
193 387
193 400
193 430
193 441
193 480
193 482
193 498
193 502
193 511
193 521
193 558
193 609
193 611
193 681
193 684
193 709
193 718
193 734
194 229
194 285
194 315
194 336
194 416
194 423
194 432
194 535
194 559
194 619
195 208
195 210
195 212
195 217
195 242
195 261
195 280
195 288
195 295
195 319
195 321
195 348
195 398
195 432
195 500
195 655
195 707
195 735
196 211
196 396
196 404
196 413
196 438
196 504
196 523
196 550
196 605
196 631
197 200
197 212
197 219
197 436
197 445
197 685
197 699
197 741
198 222
198 260
198 262
198 265
198 310
198 419
198 433
198 468
198 469
198 473
198 521
198 532
198 537
198 553
198 563
198 647
198 682
198 749
199 208
199 218
199 222
199 225
199 232
199 420
199 432
199 452
199 471
199 578
199 606
199 672
200 201
200 308
200 480
200 489
200 506
200 555
200 568
200 584
200 611
200 680
201 210
201 234
201 240
201 241
201 248
201 254
201 258
201 289
201 295
201 354
201 388
201 408
201 429
201 534
201 542
201 545
201 556
201 686
201 701
201 710
201 739
202 237
202 316
202 334
202 339
202 424
202 438
202 488
202 495
202 500
202 632
202 706
202 725
202 730
203 207
203 233
203 262
203 264
203 295
203 311
203 313
203 314
203 335
203 359
203 433
203 479
203 620
203 631
203 651
203 678
203 692
204 229
204 251
204 252
204 265
204 269
204 271
204 276
204 277
204 310
204 319
204 354
204 375
204 433
204 435
204 446
204 480
204 512
204 571
204 590
204 645
204 658
204 693
204 722
205 220
205 230
205 263
205 286
205 291
205 312
205 326
205 350
205 391
205 430
205 535
205 547
205 566
205 626
205 641
205 691
206 221
206 227
206 283
206 299
206 342
206 400
206 404
206 461
206 502
206 523
206 555
206 576
206 601
207 219
207 238
207 291
207 326
207 371
207 505
207 525
207 620
207 653
207 656
207 658
207 696
207 741
208 220
208 225
208 233
208 238
208 323
208 334
208 344
208 353
208 369
208 377
208 395
208 413
208 428
208 464
208 520
208 564
208 565
208 606
208 655
208 677
208 692
208 713
208 746
209 211
209 222
209 243
209 267
209 329
209 375
209 385
209 467
209 470
209 524
209 540
209 636
209 638
209 689
209 704
210 223
210 253
210 261
210 283
210 288
210 327
210 392
210 399
210 412
210 422
210 440
210 463
210 474
210 532
210 556
210 586
210 604
210 636
210 640
210 673
210 704
210 720
211 218
211 221
211 234
211 235
211 263
211 308
211 330
211 335
211 340
211 386
211 443
211 500
211 509
211 513
211 548
211 587
211 606
211 665
211 669
211 711
211 744
211 747
212 370
212 436
212 438
212 491
212 660
212 671
213 244
213 280
213 289
213 334
213 342
213 345
213 377
213 413
213 437
213 446
213 459
213 462
213 481
213 526
213 546
213 627
213 741
214 220
214 225
214 246
214 318
214 384
214 398
214 463
214 469
214 552
214 715
214 718
214 727
214 745
215 272
215 312
215 327
215 403
215 407
215 486
215 501
215 520
215 521
215 527
215 597
215 714
215 729
215 741
216 231
216 236
216 291
216 300
216 312
216 320
216 369
216 394
216 435
216 464
216 570
216 721
217 234
217 236
217 275
217 284
217 291
217 292
217 309
217 345
217 346
217 359
217 370
217 373
217 390
217 462
217 465
217 471
217 475
217 506
217 510
217 537
217 572
217 631
217 657
217 695
217 741
218 303
218 333
218 360
218 372
218 457
218 528
218 629
218 659
218 722
219 222
219 230
219 235
219 279
219 357
219 369
219 371
219 390
219 403
219 414
219 436
219 440
219 450
219 548
219 662
219 669
219 673
220 221
220 224
220 243
220 257
220 269
220 273
220 315
220 326
220 352
220 376
220 393
220 405
220 458
220 491
220 529
220 620
220 641
220 691
221 261
221 312
221 368
221 381
221 390
221 441
221 528
221 561
221 567
221 626
221 676
222 244
222 257
222 327
222 330
222 385
222 420
222 475
222 486
222 488
222 503
222 505
222 510
222 567
222 634
222 663
222 671
222 700
222 716
223 299
223 423
223 432
223 488
223 591
223 623
223 712
224 261
224 383
224 390
224 391
224 433
224 465
224 497
224 513
224 555
224 683
224 718
224 748
225 265
225 297
225 305
225 335
225 385
225 404
225 434
225 455
225 493
225 692
225 747
226 249
226 264
226 302
226 321
226 326
226 396
226 419
226 446
226 466
226 541
226 555
226 557
226 576
226 600
226 648
226 682
227 245
227 250
227 290
227 367
227 424
227 495
227 554
227 570
227 584
227 636
227 640
227 691
228 244
228 262
228 275
228 343
228 357
228 364
228 370
228 406
228 417
228 467
228 541
228 582
228 617
228 632
228 666
228 678
228 729
229 231
229 240
229 333
229 335
229 379
229 393
229 495
229 569
229 581
229 661
229 665
229 675
229 678
229 680
229 683
229 695
229 737
230 293
230 303
230 305
230 323
230 331
230 371
230 402
230 465
230 467
230 557
230 565
230 616
230 674
230 724
230 740
231 271
231 280
231 344
231 358
231 430
231 436
231 475
231 492
231 499
231 546
231 567
231 673
231 716
231 736
232 243
232 270
232 278
232 286
232 291
232 322
232 323
232 325
232 336
232 363
232 368
232 373
232 437
232 460
232 512
232 558
232 599
232 605
232 628
232 639
232 642
233 261
233 271
233 283
233 290
233 314
233 317
233 429
233 438
233 524
233 525
233 541
233 550
233 618
233 619
233 625
233 657
233 704
234 272
234 332
234 567
234 570
234 595
234 651
234 684
234 686
235 237
235 348
235 355
235 378
235 452
235 557
235 589
235 671
235 739
236 265
236 326
236 337
236 344
236 353
236 354
236 367
236 385
236 420
236 508
236 565
236 597
236 614
237 289
237 291
237 416
237 447
237 466
237 479
237 527
237 545
237 651
238 249
238 265
238 282
238 295
238 308
238 344
238 405
238 550
238 555
238 557
238 562
238 572
238 590
238 612
238 631
238 632
239 246
239 248
239 251
239 318
239 350
239 360
239 409
239 451
239 455
239 538
239 621
239 663
239 727
240 244
240 351
240 358
240 427
240 439
240 556
240 626
240 687
240 721
240 726
240 734
240 747
241 254
241 276
241 287
241 349
241 352
241 381
241 391
241 403
241 413
241 441
241 457
241 534
241 558
241 568
241 607
241 625
241 644
241 687
241 707
241 732
242 292
242 306
242 311
242 316
242 318
242 417
242 488
242 528
242 563
242 569
242 575
242 676
242 725
242 733
243 252
243 263
243 274
243 331
243 365
243 432
243 436
243 453
243 486
243 574
243 648
243 675
243 696
243 708
244 279
244 348
244 350
244 375
244 389
244 447
244 449
244 454
244 460
244 484
244 497
244 520
244 567
244 573
244 587
244 616
244 647
244 658
244 670
244 695
244 728
245 261
245 304
245 315
245 341
245 394
245 408
245 468
245 489
245 498
245 501
245 570
245 586
245 605
245 620
245 676
245 679
245 746
246 247
246 275
246 313
246 338
246 343
246 372
246 376
246 398
246 484
246 530
246 547
246 589
246 596
246 637
246 644
246 653
246 677
246 681
246 714
246 736
247 256
247 266
247 304
247 351
247 362
247 375
247 392
247 458
247 496
247 560
247 581
247 635
247 646
247 672
247 682
247 691
247 702
247 724
247 734
247 737
247 745
248 267
248 296
248 317
248 413
248 430
248 635
248 647
248 703
248 708
249 251
249 271
249 276
249 286
249 309
249 337
249 346
249 348
249 353
249 358
249 384
249 410
249 417
249 422
249 426
249 428
249 437
249 466
249 473
249 484
249 504
249 624
249 657
249 706
249 721
249 730
250 254
250 303
250 308
250 319
250 340
250 347
250 349
250 357
250 376
250 440
250 452
250 453
250 481
250 525
250 534
250 549
250 569
250 585
250 609
250 610
250 683
250 746
251 256
251 300
251 388
251 397
251 401
251 425
251 474
251 574
251 580
251 672
251 681
251 693
251 735
252 264
252 268
252 318
252 357
252 362
252 421
252 433
252 434
252 437
252 448
252 458
252 470
252 471
252 480
252 617
252 632
252 671
252 685
252 718
252 738
253 271
253 283
253 297
253 322
253 340
253 380
253 386
253 489
253 525
253 565
253 595
253 704
253 732
254 262
254 300
254 374
254 380
254 452
254 469
254 478
254 480
254 541
254 554
254 581
254 675
254 687
255 264
255 283
255 399
255 458
255 529
255 579
255 615
255 670
255 689
255 703
256 275
256 309
256 317
256 348
256 373
256 514
256 550
256 599
256 602
256 638
256 703
257 318
257 319
257 382
257 401
257 427
257 629
257 646
257 678
258 270
258 321
258 387
258 397
258 400
258 491
258 503
258 646
258 673
258 686
259 262
259 284
259 286
259 287
259 385
259 422
259 424
259 432
259 440
259 482
259 483
259 515
259 532
259 592
259 603
259 611
259 657
259 708
259 721
259 742
259 747
260 267
260 309
260 365
260 396
260 429
260 431
260 454
260 557
260 583
260 597
260 710
260 720
261 278
261 307
261 342
261 380
261 399
261 431
261 555
261 594
261 607
261 616
261 622
262 315
262 316
262 317
262 334
262 339
262 344
262 367
262 392
262 403
262 418
262 419
262 435
262 447
262 448
262 509
262 539
262 580
262 586
262 594
263 351
263 470
263 487
263 537
263 582
263 624
263 633
263 708
263 730
263 736
264 266
264 270
264 296
264 423
264 522
264 550
264 585
264 648
264 657
265 329
265 376
265 447
265 493
265 511
265 559
265 561
265 585
266 271
266 272
266 353
266 358
266 393
266 404
266 465
266 548
266 558
266 619
266 701
267 281
267 290
267 299
267 426
267 462
267 484
267 535
267 578
267 629
267 702
268 273
268 274
268 294
268 319
268 324
268 335
268 340
268 355
268 359
268 368
268 415
268 442
268 449
268 518
268 531
268 561
268 629
268 643
268 652
268 676
268 684
268 715
269 340
269 351
269 436
269 448
269 475
269 536
269 541
269 562
269 568
269 579
269 595
269 609
269 679
269 741
270 316
270 346
270 405
270 462
270 486
270 747
271 358
271 428
271 483
271 538
271 583
271 656
271 695
271 735
272 296
272 300
272 313
272 408
272 496
272 500
272 504
272 543
272 596
272 640
272 706
273 306
273 317
273 380
273 412
273 416
273 480
273 491
273 581
273 588
273 635
273 656
273 727
274 335
274 345
274 418
274 421
274 604
274 632
274 712
275 311
275 314
275 393
275 410
275 493
275 590
275 633
275 682
275 690
275 697
275 702
276 279
276 308
276 322
276 388
276 422
276 465
276 541
276 571
276 583
276 645
277 393
277 556
277 581
278 279
278 281
278 325
278 351
278 359
278 364
278 404
278 420
278 431
278 465
278 481
278 499
278 510
278 517
278 560
278 570
278 575
278 597
278 613
279 284
279 316
279 327
279 330
279 354
279 374
279 386
279 390
279 410
279 426
279 472
279 496
279 542
279 544
279 602
279 610
279 635
279 636
279 720
279 741
280 297
280 369
280 403
280 411
280 421
280 502
280 513
280 593
280 641
280 651
280 674
280 698
280 722
280 726
281 361
281 399
281 491
281 663
281 709
282 285
282 344
282 350
282 355
282 388
282 390
282 415
282 460
282 479
282 497
282 609
282 701
282 749
283 294
283 310
283 356
283 596
283 607
283 677
283 713
283 714
283 736
284 296
284 321
284 406
284 477
284 513
284 521
284 529
284 537
284 557
284 589
284 634
284 682
284 744
285 290
285 292
285 304
285 345
285 355
285 561
285 575
285 601
285 624
285 630
285 642
285 644
285 645
285 658
285 701
285 726
285 729
286 291
286 341
286 376
286 397
286 411
286 413
286 416
286 426
286 481
286 483
286 660
286 688
286 699
287 685
288 289
288 414
288 415
288 476
288 521
288 599
288 607
288 640
288 655
289 335
289 339
289 367
289 463
289 557
289 570
289 637
289 640
289 656
289 692
289 735
290 296
290 403
290 405
290 427
290 497
290 523
290 546
290 591
290 606
290 630
290 668
290 682
290 693
290 716
290 739
291 331
291 423
291 437
291 485
291 510
292 307
292 358
292 373
292 441
292 449
292 468
292 564
292 568
292 619
292 640
293 294
293 312
293 338
293 354
293 566
293 590
293 653
293 677
293 725
294 307
294 348
294 350
294 382
294 450
294 478
294 621
294 623
294 637
294 707
295 356
295 363
295 368
295 393
295 398
295 419
295 425
295 442
295 547
295 555
295 610
295 667
295 676
295 746
296 300
296 302
296 336
296 337
296 352
296 370
296 446
296 463
296 472
296 737
297 304
297 346
297 471
297 490
297 598
297 616
297 622
297 664
297 731
297 734
297 737
297 738
297 742
298 299
298 328
298 407
298 417
298 462
298 487
298 495
298 522
298 562
298 613
298 614
298 640
298 673
298 739
299 308
299 333
299 371
299 374
299 474
299 487
299 534
299 558
299 601
299 606
299 609
299 696
299 702
299 714
300 323
300 342
300 362
300 397
300 398
300 435
300 440
300 485
300 501
300 543
300 650
300 727
301 315
301 350
301 388
301 439
301 471
301 514
301 553
301 631
301 668
301 686
301 708
301 715
302 327
302 352
302 355
302 384
302 444
302 468
302 513
302 550
302 607
302 677
302 678
302 713
303 316
303 396
303 418
303 481
303 494
303 639
303 643
303 648
303 683
303 723
303 725
303 737
304 325
304 423
304 461
304 498
304 519
304 522
304 529
304 711
304 726
304 746
305 384
305 400
305 483
305 492
305 699
306 327
306 341
306 357
306 387
306 423
306 435
306 526
306 655
307 352
307 365
307 379
307 390
307 450
307 461
307 486
307 536
307 542
307 647
307 658
307 695
307 699
307 732
307 735
308 348
308 391
308 465
308 480
308 584
309 412
309 429
309 457
309 493
309 564
309 634
309 638
309 688
309 707
309 744
310 382
310 501
310 525
310 556
310 719
310 743
311 335
311 448
311 477
311 479
311 481
311 489
311 491
311 577
311 623
311 716
312 383
312 470
312 495
312 545
312 561
312 612
312 647
312 680
313 322
313 352
313 356
313 360
313 373
313 383
313 397
313 424
313 428
313 432
313 440
313 451
313 467
313 498
313 510
313 551
313 561
313 595
313 660
313 698
313 722
313 744
314 333
314 349
314 414
314 442
314 476
314 492
314 495
314 533
314 579
314 645
314 659
314 663
314 671
314 735
314 748
315 322
315 367
315 381
315 442
315 508
315 556
315 558
315 565
315 575
315 577
315 589
315 627
316 399
316 437
316 501
316 511
316 523
316 590
316 593
316 606
316 618
317 386
317 485
317 689
317 715
318 360
318 434
318 473
318 614
318 621
319 379
319 397
319 530
319 560
319 680
319 705
319 742
320 324
320 369
320 441
320 507
320 527
320 570
321 341
321 345
321 364
321 373
321 424
321 473
321 476
321 506
321 526
321 721
322 489
322 497
322 564
322 578
323 411
323 430
323 500
323 534
323 545
323 587
323 692
323 708
324 336
324 347
324 372
324 488
324 548
324 566
324 571
324 587
324 606
324 637
324 683
324 712
324 742
325 343
325 371
325 427
325 448
325 451
325 474
325 586
325 646
326 442
326 450
326 518
326 522
326 594
326 595
326 668
326 699
327 364
327 370
327 383
327 502
327 545
327 558
327 693
327 706
327 713
328 435
328 493
328 523
328 532
328 563
328 588
328 614
328 636
328 657
328 709
329 341
329 345
329 377
329 385
329 396
329 406
329 538
329 559
329 585
329 634
329 672
329 682
329 708
329 709
329 736
330 339
330 408
330 412
330 419
330 440
330 469
330 516
330 520
330 522
330 653
330 720
330 730
331 367
331 406
331 555
331 604
332 337
332 396
332 412
332 422
332 461
332 469
332 516
332 517
332 528
332 542
332 565
332 583
332 596
332 651
332 676
332 693
332 696
332 711
332 718
332 743
333 375
333 378
333 387
333 422
333 437
333 441
333 486
333 546
333 553
333 577
333 709
334 487
334 502
334 531
334 609
334 617
334 687
334 716
334 725
334 734
335 380
335 409
335 417
335 447
335 624
335 658
335 670
335 709
335 741
336 392
336 465
336 472
336 485
336 625
336 672
336 731
337 349
337 355
337 363
337 377
337 386
337 408
337 431
337 455
337 477
337 492
337 576
337 602
337 605
337 632
337 704
337 716
338 449
338 453
338 460
338 499
338 531
338 634
338 660
339 410
339 523
339 542
339 578
339 680
340 425
340 443
340 459
340 685
340 711
341 466
341 499
341 502
341 538
341 552
341 567
341 619
342 384
342 392
342 402
342 454
342 455
342 456
342 459
342 460
342 517
342 544
342 618
342 628
342 657
342 662
342 747
343 353
343 451
343 531
343 657
343 690
343 728
343 734
344 363
344 365
344 398
344 471
344 562
344 678
344 689
344 719
344 731
344 735
344 740
344 741
345 356
345 430
345 451
345 490
345 618
345 741
346 445
346 556
346 626
346 646
346 699
347 369
347 404
347 468
347 553
347 554
347 615
347 694
347 717
347 729
347 737
348 350
348 451
348 541
348 551
348 601
348 605
348 610
348 660
348 690
348 710
348 714
348 730
349 356
349 438
349 519
349 607
349 648
349 685
349 728
349 748
350 357
350 383
350 434
350 472
350 493
350 502
350 508
350 590
350 643
350 659
350 738
351 368
351 428
351 431
351 476
351 481
351 488
351 508
351 546
351 682
352 460
352 499
352 534
352 608
352 633
352 722
352 749
353 372
353 570
353 575
353 613
353 647
353 696
353 723
354 363
354 379
354 420
354 449
354 476
354 515
354 555
354 591
354 639
354 649
354 667
354 719
354 739
355 359
355 508
355 537
355 665
356 377
356 395
356 473
356 474
356 587
356 588
357 384
357 392
357 459
357 471
357 475
357 509
357 559
357 568
357 584
357 656
358 359
358 461
358 479
358 482
358 485
358 552
358 694
359 480
359 546
359 562
359 610
359 612
360 374
360 384
360 477
360 532
360 538
360 703
360 713
360 744
361 364
361 381
361 384
361 412
361 432
361 489
361 523
361 579
361 651
361 658
361 684
361 712
361 740
362 398
362 416
362 425
362 464
362 490
362 524
362 602
362 635
363 390
363 420
363 428
363 439
363 528
363 617
363 687
363 726
364 370
364 418
364 463
364 512
364 621
364 637
365 402
365 452
365 584
365 616
365 626
365 664
365 707
366 394
366 403
366 423
366 480
366 533
366 668
366 703
366 741
367 394
367 407
367 459
367 462
367 467
367 526
367 576
367 589
367 649
367 676
367 682
367 688
367 695
367 697
367 704
367 739
368 376
368 388
368 406
368 438
368 453
368 457
368 468
368 505
368 558
368 596
368 655
368 675
368 701
368 731
368 735
368 740
369 388
369 389
369 450
369 523
370 384
370 425
370 499
370 502
370 522
370 593
370 710
371 443
371 451
371 589
371 602
371 662
371 672
372 378
372 461
372 537
372 614
372 680
373 500
373 598
373 616
373 653
373 739
374 504
374 527
374 670
374 722
375 482
375 514
375 519
375 584
375 624
376 433
376 498
376 505
376 549
376 567
376 572
376 645
376 664
376 667
377 427
377 505
377 545
377 563
377 574
377 595
377 598
377 607
377 717
378 402
378 408
378 490
378 525
378 650
378 705
378 730
379 380
379 432
379 453
379 465
379 485
379 681
379 712
379 714
379 734
380 415
380 419
380 477
380 501
380 572
380 683
380 733
381 480
381 503
381 556
381 618
381 637
381 744
382 444
382 462
382 521
382 532
382 536
382 538
382 634
382 643
382 705
382 736
382 746
383 427
383 448
383 476
383 477
383 494
383 498
383 552
383 573
383 600
383 721
384 414
384 454
384 471
384 502
384 520
384 528
384 588
384 623
384 628
384 659
384 691
385 397
385 423
385 457
385 461
385 482
385 501
385 503
385 529
385 668
385 676
385 703
386 459
386 530
386 587
386 589
386 621
386 655
386 689
386 706
386 717
387 411
387 471
387 655
387 722
388 389
388 400
388 424
388 460
388 472
388 476
388 491
388 533
388 552
388 566
388 575
388 609
388 610
388 689
388 712
389 401
389 408
389 411
389 569
389 574
390 440
390 483
390 515
390 571
390 612
390 672
390 676
390 688
391 395
391 478
391 500
391 542
391 678
392 416
392 427
392 472
392 594
392 713
393 408
393 428
393 487
393 507
393 580
393 657
393 674
393 723
394 450
394 579
394 586
394 600
394 665
394 666
394 701
394 717
395 402
395 431
395 457
395 499
395 565
395 590
395 643
395 695
396 419
396 421
396 457
396 619
396 640
396 644
396 738
397 417
397 471
397 528
397 531
397 554
397 591
397 658
397 672
397 743
397 746
398 515
398 702
399 417
399 475
399 565
399 685
399 693
400 510
400 518
400 526
400 586
400 742
401 450
401 453
401 457
401 475
401 668
401 717
401 729
402 405
402 473
402 579
402 583
402 615
402 682
402 713
403 406
403 472
403 527
403 529
403 612
403 614
404 428
404 470
404 491
404 527
404 566
404 573
404 599
404 606
404 669
405 412
405 420
405 439
405 445
405 536
405 557
405 573
405 607
405 648
405 733
406 461
406 463
406 669
406 697
406 709
406 719
407 409
407 425
407 513
407 538
407 671
408 483
408 534
408 539
409 456
409 458
409 484
410 472
410 515
410 628
410 636
410 661
411 469
411 482
411 509
411 543
411 570
411 600
411 618
412 511
412 597
412 627
412 665
412 729
413 436
413 459
413 477
413 482
413 486
413 569
413 597
413 642
413 660
413 707
413 737
414 425
414 493
414 509
414 545
414 666
414 722
414 741
415 455
415 576
415 636
415 663
415 672
415 727
415 739
416 451
416 544
416 603
416 665
416 678
417 455
417 574
417 613
417 678
418 460
418 464
418 465
418 472
418 513
418 533
418 627
418 629
418 642
418 643
418 650
418 652
419 478
419 489
419 519
419 587
419 593
419 681
419 692
420 429
420 524
420 623
420 725
421 440
421 575
421 711
422 442
422 507
422 677
423 427
423 540
423 544
423 584
424 475
424 485
424 502
424 509
424 514
424 568
424 590
424 637
424 678
424 682
425 463
425 517
425 566
426 511
426 558
426 611
426 674
426 739
427 448
427 458
427 479
427 499
427 575
427 585
427 611
427 616
427 619
428 484
428 501
428 507
428 555
428 567
428 600
428 645
429 434
429 479
429 572
429 617
429 623
429 646
429 694
430 455
430 531
430 626
430 642
430 644
430 659
430 746
431 475
431 547
431 633
432 511
432 662
432 696
432 714
433 466
433 585
433 591
433 593
433 596
433 721
434 470
434 531
434 540
434 589
434 632
434 654
434 717
435 577
435 721
436 470
436 503
436 583
436 666
437 458
437 496
437 526
437 573
437 585
437 638
438 444
438 471
438 482
438 486
438 489
438 493
438 562
438 566
438 594
438 599
438 608
438 624
438 700
438 704
438 747
439 453
439 479
439 506
439 519
439 708
440 467
440 469
440 523
440 542
441 512
441 595
441 599
441 602
441 699
441 702
442 568
442 581
442 622
442 740
443 505
443 550
443 610
444 479
444 538
444 584
444 632
444 714
444 749
445 466
445 480
445 554
445 597
445 610
445 696
445 728
445 735
445 738
446 451
446 466
446 542
446 589
446 693
446 696
446 700
446 702
447 456
447 490
447 547
447 683
447 686
448 538
448 611
449 467
449 611
449 748
450 504
450 641
450 698
451 550
451 556
451 557
451 618
451 675
451 743
452 520
452 547
453 465
453 471
453 485
453 496
453 497
453 540
453 633
454 488
454 556
454 628
454 646
454 717
454 726
454 747
455 465
455 654
455 689
456 527
456 536
456 549
456 607
456 613
456 616
456 649
456 664
456 710
457 477
457 488
457 538
457 576
457 577
457 605
457 607
457 656
457 700
457 748
458 460
458 463
458 470
458 574
458 623
458 675
458 714
458 717
458 726
459 511
459 554
459 564
459 588
459 627
459 630
459 733
460 467
460 505
460 544
460 566
460 656
460 715
460 742
461 552
461 560
461 694
461 706
461 728
461 738
462 470
462 481
462 523
462 535
462 614
462 697
462 706
462 746
463 525
463 541
463 603
463 651
463 668
464 497
465 541
465 619
465 649
465 705
465 725
465 731
466 529
466 558
466 613
467 469
467 473
467 488
467 491
467 504
467 514
467 545
467 558
467 568
467 626
467 666
467 679
467 717
468 499
468 523
469 738
470 546
470 564
470 704
470 714
470 723
470 733
471 520
471 538
471 589
471 611
472 483
472 488
472 528
472 538
472 545
472 578
472 579
472 715
473 718
474 496
474 604
474 615
474 745
475 549
475 603
475 642
475 660
475 740
476 504
476 540
476 565
477 520
477 526
477 539
477 586
477 623
477 648
477 649
477 696
477 712
477 734
477 749
478 490
478 512
478 655
479 513
479 551
479 564
479 613
479 638
479 747
480 521
480 671
481 510
481 667
482 522
482 638
482 653
482 707
483 544
483 615
483 650
483 687
484 518
484 525
484 528
484 536
484 616
484 622
484 626
484 650
485 589
485 742
486 576
486 666
487 492
487 526
487 580
487 651
487 674
488 601
488 723
489 569
489 638
490 543
490 674
491 575
491 703
492 539
492 559
492 578
492 595
492 733
493 686
494 518
494 589
494 606
494 629
494 671
494 702
494 722
495 583
495 636
496 517
496 678
497 512
497 565
497 603
497 702
498 506
498 508
499 518
499 724
500 530
500 674
500 722
500 726
501 531
501 562
501 608
501 696
501 699
501 730
502 536
502 537
502 634
502 647
502 683
503 550
503 586
503 628
503 632
503 685
503 743
504 537
504 547
504 586
504 667
505 521
505 647
505 697
506 516
506 550
506 551
506 560
506 608
506 730
507 577
507 582
507 700
507 726
507 739
507 749
508 509
508 715
508 723
509 578
509 597
509 617
509 685
510 599
510 663
510 716
511 528
511 563
511 617
511 625
511 654
511 674
512 621
513 539
513 549
513 573
513 613
513 628
513 698
514 553
514 604
514 692
514 743
515 520
515 596
515 609
515 611
515 720
516 587
516 612
516 732
517 530
517 533
517 557
517 660
517 720
518 652
518 716
518 733
518 744
519 594
519 597
519 607
519 747
520 612
520 615
520 666
520 745
521 522
521 535
521 571
521 624
521 673
521 739
522 598
523 675
523 719
523 739
524 552
524 654
524 666
524 704
525 615
526 539
526 545
526 671
526 692
528 568
528 576
528 607
528 659
528 745
529 572
529 588
529 700
530 532
530 569
530 638
530 738
531 582
531 598
531 626
531 686
531 720
532 557
532 608
532 641
532 687
533 664
533 667
533 686
534 546
534 645
534 701
534 707
535 541
535 574
535 576
535 646
536 576
536 583
536 681
538 560
538 561
538 591
538 691
539 562
539 564
539 571
539 612
539 683
539 724
540 563
540 600
540 625
540 650
541 589
541 591
542 639
542 694
543 582
543 647
543 742
544 635
544 677
545 573
545 684
546 609
546 726
546 743
547 550
547 614
547 706
547 725
548 654
549 593
550 554
550 701
550 722
551 627
551 657
552 604
552 676
553 554
553 573
553 634
553 694
554 651
554 684
554 698
554 749
555 577
556 562
556 625
556 644
556 669
556 686
556 711
556 720
557 655
557 661
557 707
557 717
557 727
558 602
558 619
558 623
558 650
558 704
560 643
560 703
561 572
561 595
561 602
561 627
561 634
561 732
562 668
562 696
562 737
563 565
563 614
563 636
563 716
563 736
564 615
564 649
564 683
565 593
565 670
566 694
567 660
567 722
568 590
568 642
568 704
569 604
569 630
569 693
570 621
570 684
570 688
570 700
570 724
570 735
570 748
571 656
571 673
572 597
572 659
572 679
573 586
574 617
576 584
576 585
576 674
576 709
577 580
577 585
577 592
577 652
577 654
577 740
578 612
579 581
579 606
579 635
579 650
579 657
579 661
579 677
580 604
580 623
581 611
581 707
582 647
582 658
582 715
583 649
583 650
583 654
583 714
584 594
584 645
584 647
584 677
585 617
585 721
586 731
588 604
588 629
589 598
591 620
591 636
591 717
593 640
593 693
594 686
595 650
595 723
598 685
598 732
599 640
600 637
600 687
601 614
601 666
601 689
602 660
602 687
602 692
603 680
604 641
604 671
605 632
605 655
605 734
607 621
607 658
607 740
608 738
609 627
610 612
610 617
610 625
610 658
610 729
612 663
612 690
612 729
613 615
613 620
613 630
613 631
613 650
613 716
614 636
614 702
615 642
615 724
616 633
616 713
618 641
621 631
621 639
621 644
621 672
621 687
621 691
623 644
623 680
623 737
624 668
624 707
624 725
625 672
626 689
627 701
628 641
631 672
636 700
636 712
637 666
637 679
637 685
637 728
639 670
639 726
640 705
642 648
642 681
642 717
642 749
644 700
644 716
645 652
645 653
645 736
646 684
646 726
647 690
648 720
649 729
650 731
651 703
651 730
653 684
654 668
654 677
654 688
654 701
656 741
657 667
657 679
658 725
659 678
659 729
660 718
662 720
662 732
662 744
665 713
665 748
666 712
666 744
667 709
667 724
668 721
668 724
669 683
671 731
672 675
673 675
673 688
677 700
677 707
679 693
680 746
681 713
682 727
683 740
684 737
686 713
687 688
688 703
691 707
691 723
691 749
692 704
693 712
695 699
696 733
701 730
702 723
704 725
704 734
706 730
707 732
707 749
710 723
719 742
724 729
724 730
729 746
730 741
736 738
736 743
741 749
742 748