0 0
1 1
2 0
3 1
4 0
5 0
6 1
7 1
8 1
9 1
10 0
11 0
12 0
13 0
14 1
15 1
16 0
17 0
18 1
19 0
20 0
21 0
22 0
23 0
24 0
25 0
26 0
27 0
28 0
29 1
30 0
31 0
32 1
33 0
34 1
35 1
36 0
37 0
38 0
39 1
40 0
41 1
42 0
43 0
44 1
45 1
46 1
47 1
48 0
49 0
50 1
51 1
52 0
53 0
54 0
55 0
56 0
57 1
58 0
59 0
60 0
61 1
62 1
63 1
64 0
65 1
66 1
67 1
68 1
69 1
70 1
71 1
72 1
73 1
74 1
75 0
76 1
77 1
78 1
79 1
80 0
81 1
82 0
83 1
84 0
85 1
86 0
87 1
88 1
89 0
90 1
91 0
92 0
93 1
94 1
95 0
96 0
97 0
98 0
99 0
100 1
101 0
102 0
103 1
104 1
105 0
106 1
107 0
108 0
109 0
110 0
111 0
112 0
113 1
114 1
115 0
116 0
117 1
118 1
119 0
120 0
121 1
122 1
123 1
124 1
125 0
126 0
127 1
128 1
129 1
130 1
131 0
132 1
133 1
134 0
135 1
136 1
137 1
138 1
139 0
140 0
141 0
142 1
143 0
144 1
145 1
146 0
147 0
148 0
149 1
150 0
151 0
152 1
153 1
154 1
155 0
156 0
157 1
158 0
159 0
160 0
161 0
162 0
163 0
164 0
165 1
166 0
167 1
168 0
169 1
170 0
171 1
172 0
173 1
174 1
175 0
176 1
177 1
178 1
179 0
180 1
181 1
182 1
183 0
184 0
185 0
186 1
187 1
188 0
189 1
190 0
191 0
192 0
193 1
194 0
195 0
196 1
197 1
198 0
199 0
200 1
201 0
202 1
203 1
204 0
205 1
206 1
207 1
208 0
209 1
210 1
211 1
212 1
213 0
214 1
215 1
216 1
217 0
218 0
219 0
220 1
221 1
222 1
223 0
224 0
225 1
226 0
227 0
228 0
229 1
230 0
231 1
232 1
233 1
234 0
235 1
236 1
237 0
238 1
239 1
240 1
241 0
242 0
243 0
244 0
245 0
246 0
247 0
248 0
249 1
250 1
251 1
252 0
253 0
254 1
255 1
256 1
257 0
258 0
259 1
260 1
261 1
262 1
263 1
264 0
265 0
266 1
267 1
268 0
269 0
270 0
271 1
272 0
273 1
274 0
275 0
276 1
277 1
278 1
279 1
280 1
281 1
282 0
283 0
284 0
285 1
286 0
287 1
288 0
289 1
290 1
291 0
292 0
293 1
294 0
295 1
296 0
297 1
298 0
299 1
300 0
301 1
302 1
303 0
304 1
305 1
306 1
307 1
308 1
309 0
310 0
311 0
312 1
313 0
314 1
315 1
316 1
317 0
318 1
319 0
320 0
321 1
322 1
323 1
324 0
325 1
326 1
327 1
328 1
329 0
330 1
331 1
332 0
333 1
334 1
335 1
336 1
337 1
338 0
339 0
340 0
341 1
342 1
343 0
344 0
345 1
346 1
347 0
348 0
349 1
350 0
351 0
352 0
353 1
354 0
355 1
356 1
357 0
358 1
359 1
360 0
361 1
362 0
363 0
364 0
365 1
366 0
367 1
368 1
369 1
370 1
371 0
372 1
373 1
374 1
375 1
376 0
377 0
378 1
379 0
380 1
381 1
382 1
383 0
384 1
385 1
386 0
387 1
388 1
389 0
390 0
391 0
392 0
393 0
394 1
395 1
396 0
397 1
398 1
399 0
400 1
401 0
402 0
403 0
404 1
405 0
406 1
407 1
408 1
409 0
410 1
411 0
412 0
413 1
414 0
415 1
416 1
417 0
418 0
419 1
420 1
421 0
422 1
423 0
424 1
425 1
426 0
427 1
428 0
429 0
430 1
431 0
432 0
433 0
434 0
435 1
436 0
437 1
438 1
439 1
440 0
441 0
442 0
443 1
444 1
445 1
446 0
447 0
448 1
449 1
450 1
451 0
452 1
453 0
454 1
455 0
456 0
457 1
458 1
459 0
460 1
461 0
462 0
463 0
464 0
465 0
466 1
467 1
468 1
469 1
470 0
471 0
472 0
473 1
474 0
475 0
476 0
477 0
478 0
479 1
480 1
481 1
482 1
483 1
484 0
485 1
486 0
487 1
488 0
489 0
490 1
491 1
492 0
493 1
494 0
495 0
496 1
497 1
498 0
499 1
500 1
501 1
502 0
503 0
504 0
505 1
506 0
507 0
508 1
509 0
510 1
511 1
512 0
513 1
514 1
515 0
516 0
517 1
518 0
519 1
520 1
521 0
522 0
523 1
524 0
525 1
526 0
527 1
528 1
529 0
530 1
531 0
532 0
533 0
534 0
535 1
536 1
537 0
538 1
539 1
540 1
541 0
542 0
543 1
544 0
545 0
546 1
547 1
548 0
549 0
550 1
551 0
552 1
553 0
554 1
555 0
556 0
557 0
558 0
559 0
560 0
561 1
562 1
563 0
564 1
565 1
566 1
567 0
568 1
569 1
570 1
571 1
572 0
573 0
574 0
575 0
576 1
577 0
578 1
579 0
580 0
581 0
582 0
583 0
584 0
585 1
586 1
587 1
588 0
589 1
590 0
591 0
592 1
593 1
594 0
595 0
596 0
597 1
598 0
599 0
600 1
601 0
602 1
603 1
604 1
605 1
606 1
607 0
608 0
609 0
610 0
611 0
612 0
613 1
614 0
615 1
616 1
617 0
618 1
619 1
620 0
621 1
622 0
623 0
624 0
625 1
626 0
627 1
628 1
629 1
630 0
631 0
632 0
633 1
634 0
635 1
636 1
637 1
638 1
639 0
640 0
641 0
642 0
643 1
644 1
645 0
646 0
647 1
648 1
649 1
650 0
651 0
652 0
653 0
654 0
655 1
656 1
657 1
658 1
659 1
660 0
661 0
662 0
663 0
664 1
665 1
666 0
667 1
668 1
669 0
670 0
671 1
672 0
673 0
674 1
675 0
676 0
677 0
678 1
679 0
680 0
681 0
682 1
683 0
684 0
685 0
686 0
687 0
688 1
689 0
690 1
691 1
692 1
693 1
694 1
695 0
696 0
697 1
698 1
699 1
700 0
701 1
702 0
703 1
704 0
705 0
706 0
707 0
708 0
709 0
710 1
711 1
712 1
713 1
714 1
715 1
716 1
717 0
718 0
719 0
720 1
721 1
722 0
723 0
724 0
725 1
726 0
727 0
728 1
729 0
730 0
731 0
732 1
733 0
734 1
735 1
736 0
737 1
738 0
739 0
740 0
741 0
742 0
743 1
744 1
745 0
746 0
747 1
748 0
749 1
750 1
751 1
752 0
753 1
754 1
755 1
756 1
757 1
758 1
759 1
760 0
761 0
762 1
763 0
764 1
765 1
766 1
767 0
768 0
769 1
770 1
771 0
772 0
773 1
774 0
775 0
776 0
777 0
778 1
779 1
780 0
781 1
782 0
783 1
784 1
785 0
786 0
787 0
788 0
789 1
790 0
791 0
792 0
793 1
794 1
795 1
796 1
797 0
798 0
799 0
800 1
801 0
802 0
803 1
804 0
805 1
806 1
807 0
808 0
809 1
810 1
811 1
812 1
813 1
814 0
815 0
816 1
817 1
818 0
819 0
820 1
821 1
822 0
823 1
824 1
825 0
826 0
827 0
828 1
829 0
830 0
831 0
832 0
833 0
834 0
835 0
836 1
837 0
838 0
839 0
840 1
841 1
842 1
843 1
844 1
845 0
846 1
847 0
848 1
849 0
850 1
851 1
852 0
853 0
854 1
855 1
856 0
857 1
858 0
859 0
860 1
861 1
862 1
863 1
864 1
865 1
866 0
867 1
868 1
869 1
870 0
871 1
872 1
873 0
874 1
875 1
876 0
877 1
878 0
879 0
880 0
881 1
882 0
883 1
884 0
885 0
886 1
887 0
888 1
889 0
890 1
891 1
892 1
893 0
894 0
895 0
896 1
897 1
898 0
899 1
900 0
901 1
902 0
903 1
904 0
905 0
906 1
907 1
908 0
909 0
910 1
911 1
912 1
913 1
914 1
915 1
916 1
917 0
918 0
919 1
920 1
921 0
922 0
923 1
924 1
925 1
926 0
927 1
928 0
929 1
930 1
931 1
932 0
933 0
934 0
935 0
936 1
937 1
938 0
939 1
940 0
941 1
942 1
943 0
944 0
945 1
946 1
947 0
948 1
949 1
950 1
951 0
952 1
953 0
954 1
955 1
956 1
957 1
958 0
959 0
960 1
961 1
962 1
963 0
964 1
965 1
966 1
967 1
968 1
969 0
970 0
971 1
972 0
973 0
974 0
975 1
976 0
977 0
978 1
979 0
980 1
981 1
982 0
983 0
984 0
985 0
986 1
987 0
988 1
989 0
990 1
991 1
992 0
993 0
994 0
995 1
996 1
997 0
998 1
999 0
1000 0
1001 0
1002 1
1003 0
1004 0
1005 0
1006 0
1007 1
1008 1
1009 0
1010 1
1011 1
1012 0
1013 0
1014 0
1015 1
1016 1
1017 1
1018 1
1019 1
1020 0
1021 0
1022 1
1023 1
1024 0
1025 1
1026 0
1027 0
1028 1
1029 0
1030 1
1031 0
1032 1
1033 0
1034 1
1035 1
1036 0
1037 1
1038 1
1039 0
1040 1
1041 1
1042 0
1043 0
1044 1
1045 0
1046 0
1047 1
1048 1
1049 0
1050 0
1051 0
1052 0
1053 1
1054 0
1055 0
1056 1
1057 0
1058 0
1059 1
1060 0
1061 1
1062 0
1063 1
1064 1
1065 0
1066 0
1067 1
1068 0
1069 1
1070 0
1071 0
1072 1
1073 0
1074 0
1075 0
1076 1
1077 0
1078 0
1079 1
1080 0
1081 0
1082 1
1083 0
1084 0
1085 1
1086 1
1087 1
1088 1
1089 1
1090 0
1091 0
1092 1
1093 1
1094 1
1095 1
1096 0
1097 0
1098 0
1099 0
1100 0
1101 1
1102 1
1103 1
1104 0
1105 0
1106 1
1107 0
1108 0
1109 1
1110 0
1111 1
1112 0
1113 1
1114 0
1115 1
1116 1
1117 1
1118 1
1119 1
1120 0
1121 1
1122 1
1123 0
1124 0
1125 0
1126 1
1127 0
1128 0
1129 1
1130 1
1131 1
1132 0
1133 0
1134 1
1135 0
1136 1
1137 0
1138 0
1139 1
1140 1
1141 1
1142 0
1143 0
1144 0
1145 0
1146 1
1147 0
1148 1
1149 0
1150 1
1151 1
1152 1
1153 0
1154 1
1155 1
1156 0
1157 0
1158 0
1159 0
1160 1
1161 0
1162 1
1163 0
1164 1
1165 0
1166 1
1167 1
1168 0
1169 0
1170 1
1171 0
1172 0
1173 1
1174 0
1175 0
1176 1
1177 0
1178 0
1179 0
1180 0
1181 0
1182 1
1183 0
1184 0
1185 0
1186 0
1187 1
1188 1
1189 0
1190 1
1191 1
1192 1
1193 0
1194 0
1195 0
1196 1
1197 1
1198 1
1199 1
1200 1
1201 0
1202 1
1203 0
1204 0
1205 0
1206 1
1207 1
1208 0
1209 0
1210 0
1211 0
1212 0
1213 1
1214 1
1215 0
1216 1
1217 1
1218 1
1219 0
1220 1
1221 0
1222 0
1223 1
1224 0
1225 0
1226 1
1227 1
1228 0
1229 1
1230 0
1231 1
1232 0
1233 0
1234 1
1235 0
1236 1
1237 1
1238 0
1239 1
1240 1
1241 1
1242 1
1243 0
1244 0
1245 1
1246 0
1247 0
1248 1
1249 0
1250 0
1251 0
1252 0
1253 1
1254 1
1255 0
1256 0
1257 1
1258 0
1259 0
1260 1
1261 0
1262 0
1263 0
1264 0
1265 0
1266 0
1267 0
1268 0
1269 1
1270 0
1271 1
1272 0
1273 0
1274 1
1275 0
1276 1
1277 0
1278 1
1279 1
1280 1
1281 1
1282 1
1283 0
1284 1
1285 1
1286 0
1287 1
1288 0
1289 0
1290 0
1291 1
1292 1
1293 1
1294 1
1295 0
1296 1
1297 0
1298 0
1299 0
1300 1
1301 1
1302 1
1303 0
1304 0
1305 1
1306 1
1307 0
1308 1
1309 1
1310 0
1311 0
1312 1
1313 0
1314 0
1315 1
1316 1
1317 1
1318 0
1319 0
1320 0
1321 1
1322 0
1323 0
1324 1
1325 0
1326 0
1327 1
1328 1
1329 1
1330 0
1331 0
1332 1
1333 0
1334 1
1335 0
1336 1
1337 0
1338 0
1339 1
1340 0
1341 0
1342 0
1343 0
1344 0
1345 1
1346 1
1347 1
1348 0
1349 1
1350 0
1351 0
1352 1
1353 0
1354 1
1355 1
1356 0
1357 1
1358 0
1359 0
1360 1
1361 0
1362 1
1363 0
1364 1
1365 1
1366 0
1367 1
1368 1
1369 1
1370 0
1371 0
1372 1
1373 0
1374 0
1375 1
1376 1
1377 0
1378 1
1379 1
1380 0
1381 0
1382 0
1383 0
1384 0
1385 0
1386 0
1387 0
1388 1
1389 0
1390 0
1391 0
1392 1
1393 0
1394 1
1395 1
1396 0
1397 0
1398 0
1399 1
1400 1
1401 0
1402 1
1403 1
1404 1
1405 1
1406 1
1407 1
1408 0
1409 1
1410 1
1411 0
1412 0
1413 0
1414 0
1415 1
1416 0
1417 0
1418 0
1419 0
1420 1
1421 1
1422 1
1423 1
1424 1
1425 1
1426 1
1427 0
1428 0
1429 1
1430 1
1431 1
1432 0
1433 1
1434 0
1435 0
1436 1
1437 0
1438 0
1439 0
1440 0
1441 0
1442 0
1443 0
1444 1
1445 0
1446 0
1447 1
1448 0
1449 1
1450 0
1451 1
1452 0
1453 0
1454 0
1455 0
1456 1
1457 0
1458 0
1459 0
1460 1
1461 0
1462 1
1463 1
1464 0
1465 0
1466 1
1467 0
1468 0
1469 1
1470 1
1471 0
1472 0
1473 0
1474 0
1475 0
1476 0
1477 1
1478 1
1479 0
1480 0
1481 1
1482 0
1483 1
1484 1
1485 0
1486 0
1487 1
1488 1
1489 0
1490 1
1491 1
1492 0
1493 1
1494 1
1495 0
1496 0
1497 1
1498 1
1499 0
1500 1
1501 1
1502 0
1503 1
1504 1
1505 1
1506 1
1507 0
1508 1
1509 0
1510 0
1511 1
1512 0
1513 0
1514 1
1515 1
1516 1
1517 0
1518 0
1519 1
1520 1
1521 0
1522 0
1523 1
1524 0
1525 0
1526 1
1527 1
1528 1
1529 1
1530 0
1531 1
1532 0
1533 1
1534 1
1535 0
1536 1
1537 0
1538 1
1539 0
1540 1
1541 1
1542 1
1543 0
1544 1
1545 1
1546 0
1547 1
1548 1
1549 0
1550 0
1551 1
1552 1
1553 0
1554 1
1555 1
1556 1
1557 1
1558 0
1559 0
1560 0
1561 1
1562 1
1563 1
1564 1
1565 1
1566 0
1567 0
1568 0
1569 0
1570 1
1571 0
1572 0
1573 0
1574 1
1575 1
1576 0
1577 1
1578 1
1579 0
1580 1
1581 1
1582 1
1583 0
1584 0
1585 0
1586 0
1587 0
1588 0
1589 1
1590 0
1591 1
1592 0
1593 1
1594 0
1595 1
1596 1
1597 1
1598 1
1599 1
1600 1
1601 0
1602 0
1603 0
1604 1
1605 0
1606 1
1607 1
1608 1
1609 1
1610 1
1611 0
1612 1
1613 1
1614 0
1615 1
1616 0
1617 1
1618 0
1619 0
1620 1
1621 1
1622 1
1623 1
1624 1
1625 1
1626 1
1627 0
1628 1
1629 1
1630 1
1631 1
1632 1
1633 1
1634 1
1635 0
1636 0
1637 0
1638 0
1639 1
1640 0
1641 0
1642 1
1643 0
1644 1
1645 0
1646 1
1647 1
1648 1
1649 0
1650 1
1651 1
1652 0
1653 0
1654 0
1655 0
1656 0
1657 0
1658 0
1659 0
1660 0
1661 1
1662 0
1663 0
1664 0
1665 0
1666 0
1667 0
1668 1
1669 0
1670 1
1671 0
1672 0
1673 1
1674 1
1675 0
1676 0
1677 0
1678 1
1679 1
1680 0
1681 0
1682 0
1683 0
1684 0
1685 1
1686 0
1687 0
1688 1
1689 1
1690 0
1691 1
1692 1
1693 1
1694 0
1695 1
1696 1
1697 1
1698 0
1699 0
1700 0
1701 0
1702 0
1703 1
1704 1
1705 1
1706 0
1707 0
1708 1
1709 0
1710 0
1711 0
1712 1
1713 0
1714 1
1715 1
1716 1
1717 0
1718 1
1719 1
1720 0
1721 0
1722 0
1723 0
1724 1
1725 0
1726 0
1727 1
1728 1
1729 0
1730 0
1731 1
1732 0
1733 1
1734 0
1735 1
1736 0
1737 1
1738 0
1739 0
1740 0
1741 1
1742 0
1743 1
1744 0
1745 1
1746 0
1747 1
1748 1
1749 0