0 250.0 1501.0 12.008 0.04635317073707166 0.0321285140562249 0.002827215616298179 0.3733133433283358 0.03490412207262483 0.002837994916760452
1 250.0 1501.0 12.008 0.04635317073707166 0.0321285140562249 0.0022873188764681454 0.3733133433283358 0.03503873554497261 0.0028296837397798445
10 250.0 1501.0 12.008 0.04635317073707166 0.0642570281124498 0.009499158688179923 0.42857142857142855 0.09216000889382923 0.00514402201613025
100 250.0 1501.0 12.008 0.04635317073707166 0.028112449799196783 0.001766989322755499 0.3727544910179641 0.0348116934805627 0.002491319628054206
101 250.0 1501.0 12.008 0.04635317073707166 0.040160642570281124 0.0034824915437238957 0.3939873417721519 0.053321782924097935 0.003370421587236037
102 250.0 1501.0 12.008 0.04635317073707166 0.0321285140562249 0.0028631269676819586 0.38845553822152884 0.042017513899258334 0.002794885478174334
103 250.0 1501.0 12.008 0.04635317073707166 0.056224899598393566 0.007215943855323335 0.4249146757679181 0.08092094105532587 0.004529977588607335
104 250.0 1501.0 12.008 0.04635317073707166 0.03614457831325301 0.0033439865083226155 0.39461172741679873 0.04792309632268888 0.003072507609290461
105 250.0 1501.0 12.008 0.04635317073707166 0.0321285140562249 0.0027792623715588967 0.3789954337899543 0.039554838951143756 0.0028161931758066187
106 250.0 1501.0 12.008 0.04635317073707166 0.04417670682730923 0.00453098968487105 0.4061990212071778 0.06105928623783566 0.0036633188079200785
107 250.0 1501.0 12.008 0.04635317073707166 0.0642570281124498 0.009917182510941487 0.42203389830508475 0.07730513289751541 0.005194142297291385
108 250.0 1501.0 12.008 0.04635317073707166 0.03614457831325301 0.0033127764837267417 0.38425925925925924 0.042646760991811354 0.003129459678427638
109 250.0 1501.0 12.008 0.04635317073707166 0.03614457831325301 0.0035450516121110316 0.386046511627907 0.04084154637213688 0.0031218912361611695
11 250.0 1501.0 12.008 0.04635317073707166 0.06024096385542168 0.008406451420410166 0.41708542713567837 0.07381014511898291 0.004886589414555071
110 250.0 1501.0 12.008 0.04635317073707166 0.05220883534136546 0.006391043380676588 0.4068627450980392 0.06522799453498773 0.004278561926296258
111 250.0 1501.0 12.008 0.04635317073707166 0.056224899598393566 0.008380167828962242 0.4088669950738916 0.06364829248199572 0.004656305826366293
112 250.0 1501.0 12.008 0.04635317073707166 0.0682730923694779 0.011804435233915384 0.43455497382198954 0.0930105903944379 0.005476956417504089
113 250.0 1501.0 12.008 0.04635317073707166 0.05220883534136546 0.007960252830495255 0.40487804878048783 0.06366216166699097 0.004346220155862389
114 250.0 1501.0 12.008 0.04635317073707166 0.028112449799196783 0.0018315028145656595 0.3755656108597285 0.0334194655974672 0.0025126725495132674
115 250.0 1501.0 12.008 0.04635317073707166 0.03614457831325301 0.0032107215895551605 0.38425925925925924 0.042586156996852496 0.0031203613564366804
116 250.0 1501.0 12.008 0.04635317073707166 0.05220883534136546 0.006164908043494965 0.4095394736842105 0.06791971880103087 0.004268616409333197
117 250.0 1501.0 12.008 0.04635317073707166 0.03614457831325301 0.0034207116836403122 0.38190184049079756 0.041855054080793215 0.003129362602211556
118 250.0 1501.0 12.008 0.04635317073707166 0.06024096385542168 0.008729273083062322 0.41225165562913907 0.07136077120130163 0.004922918536803278
119 250.0 1501.0 12.008 0.04635317073707166 0.03614457831325301 0.003247492023824802 0.3890625 0.04412118885894483 0.0030974472965181604
12 250.0 1501.0 12.008 0.04635317073707166 0.04417670682730923 0.0045816006861605345 0.3984 0.05882745280123029 0.0036811316309810185
120 250.0 1501.0 12.008 0.04635317073707166 0.04417670682730923 0.0048149601277577645 0.3977635782747604 0.05444366800968148 0.003701788427452894
121 250.0 1501.0 12.008 0.04635317073707166 0.04417670682730923 0.00482668279751987 0.3984 0.052063547754217655 0.003699822931929121
122 250.0 1501.0 12.008 0.04635317073707166 0.03614457831325301 0.0029589985553108863 0.38724727838258166 0.04574543281204463 0.003082633341128491
123 250.0 1501.0 12.008 0.04635317073707166 0.07228915662650602 0.012276125170083137 0.4249146757679181 0.08923034123280746 0.005813566745853697
124 250.0 1501.0 12.008 0.04635317073707166 0.028112449799196783 0.0017691045335876381 0.3767019667170953 0.03740760815536927 0.0024923088429494433
125 250.0 1501.0 12.008 0.04635317073707166 0.0321285140562249 0.0022387379320483454 0.3890625 0.04490712181311031 0.0027692222410994035
126 250.0 1501.0 12.008 0.04635317073707166 0.04417670682730923 0.005040534146087032 0.39712918660287083 0.05399100389995694 0.0036980061106441646
127 250.0 1501.0 12.008 0.04635317073707166 0.04417670682730923 0.005069379241142254 0.4029126213592233 0.05461192465221947 0.0036869160345261794
128 250.0 1501.0 12.008 0.04635317073707166 0.0321285140562249 0.001916769295218486 0.3830769230769231 0.04377323101790471 0.0027660427657571736
129 250.0 1501.0 12.008 0.04635317073707166 0.056224899598393566 0.007506198866370067 0.41569282136894825 0.06960467504468905 0.004595323146064025
13 250.0 1501.0 12.008 0.04635317073707166 0.040160642570281124 0.0036504726467014134 0.38845553822152884 0.05081659293686283 0.0034046357136929975
130 250.0 1501.0 12.008 0.04635317073707166 0.05220883534136546 0.005350847448745199 0.415 0.07552617955381177 0.004227977083736004
131 250.0 1501.0 12.008 0.04635317073707166 0.0321285140562249 0.0028548335910009827 0.3727544910179641 0.03254669300324687 0.0028610956295115316
132 250.0 1501.0 12.008 0.04635317073707166 0.05220883534136546 0.006455041044907682 0.41430948419301167 0.06634473117152043 0.004270638091522437
133 250.0 1501.0 12.008 0.04635317073707166 0.04417670682730923 0.00439484685079162 0.3958664546899841 0.058265440369462775 0.003679210347225
134 250.0 1501.0 12.008 0.04635317073707166 0.048192771084337345 0.005373216931935549 0.40096618357487923 0.058476844283240306 0.003989957780919398
135 250.0 1501.0 12.008 0.04635317073707166 0.05220883534136546 0.006561703620044238 0.4042207792207792 0.062250973038980896 0.004315808981087195
136 250.0 1501.0 12.008 0.04635317073707166 0.056224899598393566 0.007846106889852643 0.41708542713567837 0.07111206352265732 0.0045850550734014926
137 250.0 1501.0 12.008 0.04635317073707166 0.0321285140562249 0.0032766365174299564 0.3705357142857143 0.029248132739278405 0.002908739388775185
138 250.0 1501.0 12.008 0.04635317073707166 0.048192771084337345 0.006203953905450139 0.40226171243941844 0.0576310361413769 0.004021393768641011
139 250.0 1501.0 12.008 0.04635317073707166 0.048192771084337345 0.006268620537486617 0.39903846153846156 0.05513544386199247 0.004053572502257306
14 250.0 1501.0 12.008 0.04635317073707166 0.056224899598393566 0.007259658420726811 0.41989881956155145 0.07603583178287342 0.0045493579863922625
140 250.0 1501.0 12.008 0.04635317073707166 0.048192771084337345 0.0059741513324424 0.40553745928338764 0.06092038955864496 0.003993247630766455
141 250.0 1501.0 12.008 0.04635317073707166 0.040160642570281124 0.00345863568858109 0.39274447949526814 0.05262081433891049 0.003379133692512255
142 250.0 1501.0 12.008 0.04635317073707166 0.048192771084337345 0.006063297884348249 0.4061990212071778 0.05917893011941919 0.0039884165082996895
143 250.0 1501.0 12.008 0.04635317073707166 0.056224899598393566 0.006962788031314325 0.415 0.0760250783504953 0.004565144776357643
144 250.0 1501.0 12.008 0.04635317073707166 0.0321285140562249 0.002258560168174002 0.38131699846860645 0.041480457315243344 0.0027841868493944963
145 250.0 1501.0 12.008 0.04635317073707166 0.04417670682730923 0.004540935492862786 0.40096618357487923 0.05850460940676277 0.003682161864027277
146 250.0 1501.0 12.008 0.04635317073707166 0.06024096385542168 0.008231701973570498 0.4213197969543147 0.08036516701264074 0.004851626027200641
147 250.0 1501.0 12.008 0.04635317073707166 0.05220883534136546 0.00766468867612098 0.4061990212071778 0.058599026514214544 0.0043435097633604215
148 250.0 1501.0 12.008 0.04635317073707166 0.05220883534136546 0.006496681584557806 0.4068627450980392 0.06518659396731846 0.004289626041027012
149 250.0 1501.0 12.008 0.04635317073707166 0.06024096385542168 0.009095259351302523 0.41989881956155145 0.0744034630211934 0.004899565470744347
15 250.0 1501.0 12.008 0.04635317073707166 0.056224899598393566 0.008471065475133292 0.40487804878048783 0.0632971655257222 0.004668804086050194
150 250.0 1501.0 12.008 0.04635317073707166 0.05220883534136546 0.00760123936577337 0.40226171243941844 0.055693564497984176 0.004356223797300718
151 250.0 1501.0 12.008 0.04635317073707166 0.06024096385542168 0.009595200572806365 0.4184873949579832 0.07369296674089969 0.004914097707359119
152 250.0 1501.0 12.008 0.04635317073707166 0.0682730923694779 0.011774788929521926 0.4263698630136986 0.0827133398677828 0.005503936040729052
153 250.0 1501.0 12.008 0.04635317073707166 0.056224899598393566 0.008262343788974408 0.40487804878048783 0.0604246623954689 0.004660999641758176
154 250.0 1501.0 12.008 0.04635317073707166 0.04417670682730923 0.004441970927192272 0.39461172741679873 0.05568330550404564 0.0037207162581350847
155 250.0 1501.0 12.008 0.04635317073707166 0.024096385542168672 0.001119960430796754 0.36617647058823527 0.0296908869038382 0.00220063513791071
156 250.0 1501.0 12.008 0.04635317073707166 0.07228915662650602 0.01203476570140823 0.4249146757679181 0.09330797248096685 0.005793909752587016
157 250.0 1501.0 12.008 0.04635317073707166 0.040160642570281124 0.003404367289887859 0.386046511627907 0.05102676872527269 0.0033975000928735894
158 250.0 1501.0 12.008 0.04635317073707166 0.03614457831325301 0.0028566709514277586 0.378419452887538 0.03895643772658611 0.00312450996703931
159 250.0 1501.0 12.008 0.04635317073707166 0.0642570281124498 0.009401996133385902 0.42931034482758623 0.08703909175867182 0.005158156305960001
16 250.0 1501.0 12.008 0.04635317073707166 0.06024096385542168 0.0084363263116156 0.4256410256410256 0.08012545099354267 0.0048655212063845096
160 250.0 1501.0 12.008 0.04635317073707166 0.048192771084337345 0.00601445123637531 0.4068627450980392 0.06510934534373045 0.0040118451988065944
161 250.0 1501.0 12.008 0.04635317073707166 0.03614457831325301 0.0029371873096770812 0.390282131661442 0.04801287949285616 0.0030921573890539205
162 250.0 1501.0 12.008 0.04635317073707166 0.028112449799196783 0.0021896288171214936 0.37784522003034904 0.0354823328260108 0.002512607425508523
163 250.0 1501.0 12.008 0.04635317073707166 0.048192771084337345 0.0058902770635841095 0.4035656401944895 0.05878236117948447 0.004000769437448737
164 250.0 1501.0 12.008 0.04635317073707166 0.06024096385542168 0.008774471333672757 0.42346938775510207 0.08095767701782802 0.00485941045159207
165 250.0 1501.0 12.008 0.04635317073707166 0.04417670682730923 0.004444853226561886 0.4042207792207792 0.061461735148392684 0.0036556350905817972
166 250.0 1501.0 12.008 0.04635317073707166 0.048192771084337345 0.006576061270724104 0.4029126213592233 0.05702236058371902 0.0040509466382105475
167 250.0 1501.0 12.008 0.04635317073707166 0.05220883534136546 0.006716363410982399 0.4075286415711948 0.06464971734918275 0.004297096959876918
168 250.0 1501.0 12.008 0.04635317073707166 0.056224899598393566 0.007323692874931378 0.42710120068610635 0.08103892797655746 0.004538273948098368
169 250.0 1501.0 12.008 0.04635317073707166 0.048192771084337345 0.00427896101487285 0.4068627450980392 0.07126098191741184 0.003925935337820726
17 250.0 1501.0 12.008 0.04635317073707166 0.05220883534136546 0.006411937311078892 0.4088669950738916 0.06186545269511723 0.004291353935894165
170 250.0 1501.0 12.008 0.04635317073707166 0.04417670682730923 0.0055497350794189125 0.390282131661442 0.045410523951223546 0.0037655537394543797
171 250.0 1501.0 12.008 0.04635317073707166 0.040160642570281124 0.0036018308663218045 0.38967136150234744 0.050580345522219204 0.0033889802735530303
172 250.0 1501.0 12.008 0.04635317073707166 0.05220883534136546 0.006576651269744141 0.4035656401944895 0.05875227612309943 0.004327292859244477
173 250.0 1501.0 12.008 0.04635317073707166 0.0321285140562249 0.002129305392956471 0.3801526717557252 0.041007602243519244 0.0027850600148830126
174 250.0 1501.0 12.008 0.04635317073707166 0.0321285140562249 0.0026401726302498875 0.3744360902255639 0.03635889152797442 0.0028346434894935334
175 250.0 1501.0 12.008 0.04635317073707166 0.048192771084337345 0.005479312733314323 0.4061990212071778 0.06651127163103598 0.003978456088703204
176 250.0 1501.0 12.008 0.04635317073707166 0.05220883534136546 0.00625324658076428 0.41638795986622074 0.07164276617525524 0.004254848207858875
177 250.0 1501.0 12.008 0.04635317073707166 0.05220883534136546 0.006336554662487865 0.4075286415711948 0.06886462646857328 0.004275343482487978
178 250.0 1501.0 12.008 0.04635317073707166 0.01606425702811245 0.00048207445572046286 0.3346774193548387 0.014855926182564982 0.0016456174625075113
179 250.0 1501.0 12.008 0.04635317073707166 0.03614457831325301 0.0029469612436008536 0.3830769230769231 0.04194661833256482 0.0031150179072746095
18 250.0 1501.0 12.008 0.04635317073707166 0.07630522088353413 0.013362866186730112 0.43455497382198954 0.09525883815484085 0.006088056665142722
180 250.0 1501.0 12.008 0.04635317073707166 0.020080321285140562 0.0007815573544809274 0.3521923620933522 0.024177455643516574 0.0019066437258283189
181 250.0 1501.0 12.008 0.04635317073707166 0.06024096385542168 0.008794647990383604 0.41778523489932884 0.07376359013645756 0.004883168111755793
182 250.0 1501.0 12.008 0.04635317073707166 0.056224899598393566 0.007236789525367876 0.4184873949579832 0.07317043275996674 0.0045510686409211505
183 250.0 1501.0 12.008 0.04635317073707166 0.05220883534136546 0.006236952871786382 0.3996789727126806 0.062118893264386806 0.0043062322974817295
184 250.0 1501.0 12.008 0.04635317073707166 0.05220883534136546 0.00551093298302484 0.41225165562913907 0.07416432516663096 0.004235674503817064
185 250.0 1501.0 12.008 0.04635317073707166 0.05220883534136546 0.007778870408424015 0.4029126213592233 0.056654158779899357 0.004351989396302058
186 250.0 1501.0 12.008 0.04635317073707166 0.05220883534136546 0.006410707719342671 0.415 0.06906028298688151 0.004264162829175448
187 250.0 1501.0 12.008 0.04635317073707166 0.08835341365461846 0.019214661651310642 0.44623655913978494 0.11317824263210362 0.006997485355808183
188 250.0 1501.0 12.008 0.04635317073707166 0.06024096385542168 0.009569943008782335 0.4249146757679181 0.07541565945559729 0.004896061842459877
189 250.0 1501.0 12.008 0.04635317073707166 0.048192771084337345 0.00448037209591712 0.4068627450980392 0.07154903542973753 0.003931129725782117
19 250.0 1501.0 12.008 0.04635317073707166 0.0321285140562249 0.0022047746830260997 0.3801526717557252 0.041705264722458564 0.0027760972717399738
190 250.0 1501.0 12.008 0.04635317073707166 0.040160642570281124 0.005039124683773599 0.3915094339622642 0.04738773758745482 0.0034564344326170125
191 250.0 1501.0 12.008 0.04635317073707166 0.03614457831325301 0.0029459391373708507 0.39461172741679873 0.05188982158105135 0.003069479163069075
192 250.0 1501.0 12.008 0.04635317073707166 0.048192771084337345 0.005993482073660291 0.41089108910891087 0.06742110526173355 0.0039854399624204544
193 250.0 1501.0 12.008 0.04635317073707166 0.048192771084337345 0.005722277053671615 0.40161290322580645 0.056272131702248714 0.004006919876283922
194 250.0 1501.0 12.008 0.04635317073707166 0.028112449799196783 0.001865627029535147 0.3710879284649776 0.03468461102979356 0.0025293945223820507
195 250.0 1501.0 12.008 0.04635317073707166 0.0642570281124498 0.009518446643008178 0.43455497382198954 0.08996977711146968 0.005144293088635875
196 250.0 1501.0 12.008 0.04635317073707166 0.0642570281124498 0.009289229887062891 0.42346938775510207 0.08206307103678707 0.005176640358374457
197 250.0 1501.0 12.008 0.04635317073707166 0.05220883534136546 0.00601358731463125 0.4042207792207792 0.06585172156695707 0.004282678133820578
198 250.0 1501.0 12.008 0.04635317073707166 0.04417670682730923 0.005080109201298459 0.3964968152866242 0.054528328044324344 0.0037069421176180225
199 250.0 1501.0 12.008 0.04635317073707166 0.07630522088353413 0.013134904594483405 0.44623655913978494 0.10776907899009763 0.006026849325945627
2 250.0 1501.0 12.008 0.04635317073707166 0.0682730923694779 0.011102874128967368 0.4227504244482173 0.08242500838762419 0.005503918203369963
20 250.0 1501.0 12.008 0.04635317073707166 0.048192771084337345 0.005493653917408626 0.40553745928338764 0.06461041830598607 0.003982750300923478
200 250.0 1501.0 12.008 0.04635317073707166 0.06024096385542168 0.00766114395122119 0.42203389830508475 0.08235000656967291 0.004843744239512062
201 250.0 1501.0 12.008 0.04635317073707166 0.04417670682730923 0.0051075294277569405 0.39712918660287083 0.05227173415313452 0.0037220370611594053
202 250.0 1501.0 12.008 0.04635317073707166 0.06024096385542168 0.008036575215949531 0.4227504244482173 0.08549478580011971 0.004828828996256274
203 250.0 1501.0 12.008 0.04635317073707166 0.03614457831325301 0.0033968072472743286 0.38724727838258166 0.043331110008340584 0.003099613624797114
204 250.0 1501.0 12.008 0.04635317073707166 0.05220883534136546 0.005437375396437059 0.4075286415711948 0.06796707778258625 0.004262435944882854
205 250.0 1501.0 12.008 0.04635317073707166 0.048192771084337345 0.004616260848375472 0.4042207792207792 0.06811329576600451 0.003942985290109078
206 250.0 1501.0 12.008 0.04635317073707166 0.06024096385542168 0.009029455134064435 0.424190800681431 0.07914738380522308 0.004872979046404531
207 250.0 1501.0 12.008 0.04635317073707166 0.08032128514056225 0.014283000692621822 0.4430604982206406 0.11098996346399018 0.006330403946747169
208 250.0 1501.0 12.008 0.04635317073707166 0.040160642570281124 0.003841078984772911 0.38845553822152884 0.04595365984386184 0.003408675536196651
209 250.0 1501.0 12.008 0.04635317073707166 0.05220883534136546 0.006700246045395039 0.41225165562913907 0.06477225864694236 0.0042820197651863
21 250.0 1501.0 12.008 0.04635317073707166 0.020080321285140562 0.0008124889676116588 0.3598265895953757 0.026886536953751972 0.0018972873857818536
210 250.0 1501.0 12.008 0.04635317073707166 0.07228915662650602 0.012406744987559339 0.42931034482758623 0.0908642085420644 0.005789842598265553
211 250.0 1501.0 12.008 0.04635317073707166 0.06024096385542168 0.009257394919951537 0.415 0.07065704309037435 0.004933988232970168
212 250.0 1501.0 12.008 0.04635317073707166 0.020080321285140562 0.0007901570205097367 0.35724533715925394 0.024984709181913062 0.0018970286375960329
213 250.0 1501.0 12.008 0.04635317073707166 0.0682730923694779 0.011611333455832332 0.42931034482758623 0.0860186970046233 0.005493665783446023
214 250.0 1501.0 12.008 0.04635317073707166 0.048192771084337345 0.005855235532392672 0.3933649289099526 0.05036704915529347 0.004047835188825949
215 250.0 1501.0 12.008 0.04635317073707166 0.048192771084337345 0.006063866162505936 0.3952380952380952 0.05311733534802703 0.004051156637187741
216 250.0 1501.0 12.008 0.04635317073707166 0.04417670682730923 0.004329134323611502 0.3984 0.05764555639880401 0.0036786445206127907
217 250.0 1501.0 12.008 0.04635317073707166 0.08433734939759036 0.01826596787837566 0.44623655913978494 0.10382659510584744 0.006723519578811201
218 250.0 1501.0 12.008 0.04635317073707166 0.06024096385542168 0.00904858461221454 0.4095394736842105 0.07144435886856047 0.004925461037112168
219 250.0 1501.0 12.008 0.04635317073707166 0.040160642570281124 0.00397137933473757 0.3878504672897196 0.04580421312791117 0.0034112532443232747
22 250.0 1501.0 12.008 0.04635317073707166 0.03614457831325301 0.0032261837392678653 0.3890625 0.04643549666732669 0.003092536038960897
220 250.0 1501.0 12.008 0.04635317073707166 0.03614457831325301 0.003359630305050135 0.38724727838258166 0.04377824873567835 0.0031054053539463
221 250.0 1501.0 12.008 0.04635317073707166 0.056224899598393566 0.007738536115070224 0.41919191919191917 0.07854437299404585 0.004558864089055365
222 250.0 1501.0 12.008 0.04635317073707166 0.03614457831325301 0.0032062237634325873 0.38366718027734975 0.04168169160702303 0.003126969299802969
223 250.0 1501.0 12.008 0.04635317073707166 0.05220883534136546 0.006065444096588012 0.41708542713567837 0.07269192862956714 0.004256290718715651
224 250.0 1501.0 12.008 0.04635317073707166 0.056224899598393566 0.006975234140982425 0.41919191919191917 0.07915349124929555 0.004548319836590676
225 250.0 1501.0 12.008 0.04635317073707166 0.08835341365461846 0.018347870108412597 0.4430604982206406 0.10816016943464389 0.007032752966113792
226 250.0 1501.0 12.008 0.04635317073707166 0.040160642570281124 0.003451505608477936 0.39089481946624804 0.050914246574799996 0.003384699708697963
227 250.0 1501.0 12.008 0.04635317073707166 0.04417670682730923 0.006078685113679913 0.3977635782747604 0.04975070256390115 0.003751504219225657
228 250.0 1501.0 12.008 0.04635317073707166 0.048192771084337345 0.006853188389846906 0.3952380952380952 0.05199626152184782 0.004080651574277362
229 250.0 1501.0 12.008 0.04635317073707166 0.048192771084337345 0.005284232226752698 0.4095394736842105 0.07152943315650871 0.003960505579058619
23 250.0 1501.0 12.008 0.04635317073707166 0.056224899598393566 0.008465895169126589 0.41225165562913907 0.06363171874969656 0.004629019330454593
230 250.0 1501.0 12.008 0.04635317073707166 0.0642570281124498 0.00850376441032149 0.4206081081081081 0.09154791133252477 0.005153554716561289
231 250.0 1501.0 12.008 0.04635317073707166 0.05220883534136546 0.00629630785125614 0.4088669950738916 0.06530394491156824 0.00427820373847126
232 250.0 1501.0 12.008 0.04635317073707166 0.040160642570281124 0.003743195632517679 0.39089481946624804 0.04948745100614479 0.0033981495225702207
233 250.0 1501.0 12.008 0.04635317073707166 0.0321285140562249 0.0021569561764455234 0.38425925925925924 0.04188257124126409 0.0027820970959915588
234 250.0 1501.0 12.008 0.04635317073707166 0.056224899598393566 0.010044733861494333 0.4095394736842105 0.06221423001113963 0.004695787354120169
235 250.0 1501.0 12.008 0.04635317073707166 0.07630522088353413 0.015016658730674374 0.4337979094076655 0.09192391408413275 0.006137268315282191
236 250.0 1501.0 12.008 0.04635317073707166 0.0642570281124498 0.010328978939191108 0.42783505154639173 0.08258896473125074 0.0051835471787769075
237 250.0 1501.0 12.008 0.04635317073707166 0.040160642570281124 0.003243171697013258 0.38544891640866874 0.04778576561921505 0.0034146151096512093
238 250.0 1501.0 12.008 0.04635317073707166 0.05220883534136546 0.006448398426322557 0.4081967213114754 0.06424452137955089 0.004279361586501806
239 250.0 1501.0 12.008 0.04635317073707166 0.06024096385542168 0.008304984180206434 0.4227504244482173 0.08170350462659194 0.004855261143710984
24 250.0 1501.0 12.008 0.04635317073707166 0.048192771084337345 0.00478013092867504 0.38967136150234744 0.055685067293061115 0.004017754562710851
240 250.0 1501.0 12.008 0.04635317073707166 0.048192771084337345 0.005595838144861722 0.3984 0.05477687209016287 0.004011426269833703
241 250.0 1501.0 12.008 0.04635317073707166 0.048192771084337345 0.005185462937677334 0.40096618357487923 0.05849349570183196 0.003988157207935589
242 250.0 1501.0 12.008 0.04635317073707166 0.056224899598393566 0.007069269651548386 0.4075286415711948 0.07636893308280437 0.004575411548617537
243 250.0 1501.0 12.008 0.04635317073707166 0.024096385542168672 0.0017306591382958139 0.3688888888888889 0.03067061816949979 0.0022095295526589555
244 250.0 1501.0 12.008 0.04635317073707166 0.06024096385542168 0.009179531602739358 0.41430948419301167 0.07182494026048131 0.0049364044369099285
245 250.0 1501.0 12.008 0.04635317073707166 0.04417670682730923 0.004977462205315737 0.39712918660287083 0.05343764042686039 0.0036965365046709993
246 250.0 1501.0 12.008 0.04635317073707166 0.04417670682730923 0.004986541516835796 0.3915094339622642 0.048446518427085854 0.003724063326505771
247 250.0 1501.0 12.008 0.04635317073707166 0.05220883534136546 0.006240635008214607 0.40487804878048783 0.06678634746881278 0.004281022211606157
248 250.0 1501.0 12.008 0.04635317073707166 0.06024096385542168 0.009114894133856119 0.41569282136894825 0.0688077259372703 0.00493202003751617
249 250.0 1501.0 12.008 0.04635317073707166 0.0321285140562249 0.0029386114844110315 0.3744360902255639 0.032382614326134845 0.002852036661688372
25 250.0 1501.0 12.008 0.04635317073707166 0.03614457831325301 0.0029112140261883836 0.3848531684698609 0.04394675311977772 0.0030988659913022323
26 250.0 1501.0 12.008 0.04635317073707166 0.04417670682730923 0.004444324971512551 0.40161290322580645 0.057389991045369355 0.0036775939147217747
27 250.0 1501.0 12.008 0.04635317073707166 0.056224899598393566 0.007820299161745457 0.41225165562913907 0.06951377866945514 0.004617429280258559
28 250.0 1501.0 12.008 0.04635317073707166 0.04417670682730923 0.005226716291636108 0.39903846153846156 0.05300489347458909 0.003716842473812612
29 250.0 1501.0 12.008 0.04635317073707166 0.056224899598393566 0.007394100869914166 0.41225165562913907 0.07105349014563303 0.004594003618949179
3 250.0 1501.0 12.008 0.04635317073707166 0.04417670682730923 0.0051702054680141255 0.40553745928338764 0.05811849365007371 0.003695638872521711
30 250.0 1501.0 12.008 0.04635317073707166 0.0321285140562249 0.002169699640494823 0.38073394495412843 0.043782258931257555 0.002781937522175707
31 250.0 1501.0 12.008 0.04635317073707166 0.01606425702811245 0.0007538181979367776 0.3487394957983193 0.015820934675531965 0.001631250313819935
32 250.0 1501.0 12.008 0.04635317073707166 0.05220883534136546 0.007519410217493635 0.4102141680395387 0.06134658948371822 0.0043287048145361825
33 250.0 1501.0 12.008 0.04635317073707166 0.03614457831325301 0.0029790051980843795 0.3801526717557252 0.04088912509945624 0.003116314783874239
34 250.0 1501.0 12.008 0.04635317073707166 0.056224899598393566 0.008542115999415718 0.4068627450980392 0.06390390349091013 0.004675899682892966
35 250.0 1501.0 12.008 0.04635317073707166 0.03614457831325301 0.003471585766996183 0.3830769230769231 0.04276163033379399 0.003111300537207939
36 250.0 1501.0 12.008 0.04635317073707166 0.06024096385542168 0.008140137372134782 0.42346938775510207 0.08562222690148003 0.004854479455118292
37 250.0 1501.0 12.008 0.04635317073707166 0.03614457831325301 0.0030388252992849356 0.38190184049079756 0.04197020145482569 0.003109442894286709
38 250.0 1501.0 12.008 0.04635317073707166 0.040160642570281124 0.0037669402961858028 0.39712918660287083 0.05546823636637636 0.0033653070598110004
39 250.0 1501.0 12.008 0.04635317073707166 0.07630522088353413 0.014041867874110707 0.44148936170212766 0.09947445963188542 0.0060833965970497434
4 250.0 1501.0 12.008 0.04635317073707166 0.03614457831325301 0.0028555796316417493 0.38664596273291924 0.045202788768514794 0.003096005862827932
40 250.0 1501.0 12.008 0.04635317073707166 0.056224899598393566 0.008688973113985414 0.41430948419301167 0.06494548034031135 0.0046159252392252974
41 250.0 1501.0 12.008 0.04635317073707166 0.04417670682730923 0.004309622361706398 0.3996789727126806 0.05791505273248122 0.0036783266850821342
42 250.0 1501.0 12.008 0.04635317073707166 0.0321285140562249 0.0022890737483745325 0.3830769230769231 0.04242147572062941 0.0027828389331324755
43 250.0 1501.0 12.008 0.04635317073707166 0.056224899598393566 0.007814814699182175 0.41638795986622074 0.07372432415883566 0.0045872010931905
44 250.0 1501.0 12.008 0.04635317073707166 0.04417670682730923 0.005543309642993269 0.38664596273291924 0.04527272812614543 0.003785471985553718
45 250.0 1501.0 12.008 0.04635317073707166 0.03614457831325301 0.0029701955385242887 0.390282131661442 0.05028211168897178 0.0030651389130221217
46 250.0 1501.0 12.008 0.04635317073707166 0.056224899598393566 0.008057101435014447 0.42203389830508475 0.0722495192286907 0.004583704416641201
47 250.0 1501.0 12.008 0.04635317073707166 0.048192771084337345 0.005710491984701495 0.4075286415711948 0.061020712788496814 0.003999604311623914
48 250.0 1501.0 12.008 0.04635317073707166 0.06024096385542168 0.008415818822550707 0.41362126245847175 0.07839183167898571 0.004901453711634692
49 250.0 1501.0 12.008 0.04635317073707166 0.03614457831325301 0.0031421684226595153 0.38724727838258166 0.04782369934833953 0.0030923484314232014
5 250.0 1501.0 12.008 0.04635317073707166 0.056224899598393566 0.007655165598921361 0.41362126245847175 0.07193133693726313 0.004586152955843714
50 250.0 1501.0 12.008 0.04635317073707166 0.048192771084337345 0.00528318223995063 0.4129353233830846 0.07000677743958666 0.0039387174421565
51 250.0 1501.0 12.008 0.04635317073707166 0.05220883534136546 0.005845890949805672 0.4184873949579832 0.07340821466877502 0.004229024106840195
52 250.0 1501.0 12.008 0.04635317073707166 0.05220883534136546 0.006751349403712537 0.4095394736842105 0.06421465249307522 0.00429297920677904
53 250.0 1501.0 12.008 0.04635317073707166 0.056224899598393566 0.007911816784382625 0.41089108910891087 0.06581762382834433 0.004614820588863843
54 250.0 1501.0 12.008 0.04635317073707166 0.048192771084337345 0.005349402217151519 0.4029126213592233 0.059898584054908645 0.003986883438298106
55 250.0 1501.0 12.008 0.04635317073707166 0.048192771084337345 0.005980373361635974 0.3977635782747604 0.05515248879438043 0.004025296713918337
56 250.0 1501.0 12.008 0.04635317073707166 0.04417670682730923 0.005311821049914053 0.390282131661442 0.046914584304919585 0.003766490641313543
57 250.0 1501.0 12.008 0.04635317073707166 0.04417670682730923 0.005124208110398732 0.3915094339622642 0.046542554139192505 0.0037437904876375743
58 250.0 1501.0 12.008 0.04635317073707166 0.06024096385542168 0.008677693189446454 0.41430948419301167 0.07256229516251737 0.004909056950675093
59 250.0 1501.0 12.008 0.04635317073707166 0.0642570281124498 0.007392058841467029 0.42931034482758623 0.09988880043650075 0.005090043087419451
6 250.0 1501.0 12.008 0.04635317073707166 0.040160642570281124 0.003235302936932754 0.39274447949526814 0.05351065308061972 0.003367676691640064
60 250.0 1501.0 12.008 0.04635317073707166 0.0321285140562249 0.002238370234830091 0.38366718027734975 0.04389415511100669 0.002775029406871673
61 250.0 1501.0 12.008 0.04635317073707166 0.040160642570281124 0.003787931294792972 0.3984 0.05490612672724392 0.003365046275014765
62 250.0 1501.0 12.008 0.04635317073707166 0.056224899598393566 0.006130053899806497 0.41708542713567837 0.07831477903548908 0.004522189470513644
63 250.0 1501.0 12.008 0.04635317073707166 0.08835341365461846 0.019173017286418213 0.45688073394495415 0.11852817286379122 0.006956611517975948
64 250.0 1501.0 12.008 0.04635317073707166 0.04417670682730923 0.004640337347848348 0.40161290322580645 0.0609529103351485 0.003683490729657571
65 250.0 1501.0 12.008 0.04635317073707166 0.048192771084337345 0.006075590880332975 0.40226171243941844 0.05726528766212724 0.0040074899095137615
66 250.0 1501.0 12.008 0.04635317073707166 0.05220883534136546 0.006581154385117175 0.40487804878048783 0.06178330929723835 0.004308531028143348
67 250.0 1501.0 12.008 0.04635317073707166 0.06024096385542168 0.00901924635186074 0.4249146757679181 0.07774275740207413 0.0048749476913842885
68 250.0 1501.0 12.008 0.04635317073707166 0.05220883534136546 0.006958772307480039 0.4075286415711948 0.06271686611566189 0.004298127868224398
69 250.0 1501.0 12.008 0.04635317073707166 0.0321285140562249 0.001913013408607846 0.38366718027734975 0.04502877641523653 0.002762106235488799
7 250.0 1501.0 12.008 0.04635317073707166 0.05220883534136546 0.006130168071903817 0.4088669950738916 0.0681617533269166 0.004262886541352981
70 250.0 1501.0 12.008 0.04635317073707166 0.04417670682730923 0.006275916374090179 0.38845553822152884 0.04308953655018881 0.0038284650487352325
71 250.0 1501.0 12.008 0.04635317073707166 0.048192771084337345 0.0056217462533914315 0.3977635782747604 0.059676159824572916 0.003999829397615568
72 250.0 1501.0 12.008 0.04635317073707166 0.024096385542168672 0.000903631101615797 0.3694362017804154 0.0325856958781073 0.0021825938550069286
73 250.0 1501.0 12.008 0.04635317073707166 0.040160642570281124 0.004599657763606797 0.38544891640866874 0.04158180923493832 0.003478094183582125
74 250.0 1501.0 12.008 0.04635317073707166 0.0321285140562249 0.0023818711027814897 0.38967136150234744 0.04515123216529183 0.002774434261925445
75 250.0 1501.0 12.008 0.04635317073707166 0.03614457831325301 0.0028483285990557774 0.38724727838258166 0.04794953568667523 0.003085037205008645
76 250.0 1501.0 12.008 0.04635317073707166 0.048192771084337345 0.005486328213216092 0.40096618357487923 0.056849025746419 0.004014640237679212
77 250.0 1501.0 12.008 0.04635317073707166 0.04417670682730923 0.0062327326441688835 0.390282131661442 0.04455281757298959 0.0038051651238020785
78 250.0 1501.0 12.008 0.04635317073707166 0.048192771084337345 0.006926057998908046 0.40161290322580645 0.054930051209458666 0.004066451250634434
79 250.0 1501.0 12.008 0.04635317073707166 0.028112449799196783 0.0015605986830814478 0.3672566371681416 0.03013632155025397 0.002530936972639275
8 250.0 1501.0 12.008 0.04635317073707166 0.05220883534136546 0.006274753928077758 0.4102141680395387 0.07074723470388217 0.004263923120659128
80 250.0 1501.0 12.008 0.04635317073707166 0.0642570281124498 0.010110980601612031 0.4330434782608696 0.08600177536685095 0.005155953852096824
81 250.0 1501.0 12.008 0.04635317073707166 0.056224899598393566 0.006981954633799544 0.4129353233830846 0.07486011806989139 0.0045617397793904476
82 250.0 1501.0 12.008 0.04635317073707166 0.03614457831325301 0.003157929848834846 0.38664596273291924 0.04579439405432641 0.003099893853026779
83 250.0 1501.0 12.008 0.04635317073707166 0.0321285140562249 0.002686760483951451 0.3830769230769231 0.0405844171461353 0.0027986619937847446
84 250.0 1501.0 12.008 0.04635317073707166 0.0682730923694779 0.011273511875902368 0.4263698630136986 0.08163267213723946 0.005490553072624295
85 250.0 1501.0 12.008 0.04635317073707166 0.0321285140562249 0.001916196658328465 0.3830769230769231 0.04285912358431503 0.002774292393357944
86 250.0 1501.0 12.008 0.04635317073707166 0.056224899598393566 0.008826314006171867 0.41089108910891087 0.06491406828737173 0.004643362610963816
87 250.0 1501.0 12.008 0.04635317073707166 0.05220883534136546 0.0064566714541734425 0.41638795986622074 0.07050659532171144 0.004268174565249539
88 250.0 1501.0 12.008 0.04635317073707166 0.048192771084337345 0.00504274293290062 0.40226171243941844 0.06325721110356544 0.003974901429683158
89 250.0 1501.0 12.008 0.04635317073707166 0.040160642570281124 0.0038352260781866865 0.39089481946624804 0.04877702802205672 0.00339376920366201
9 250.0 1501.0 12.008 0.04635317073707166 0.048192771084337345 0.00610851877897321 0.3952380952380952 0.05237539932563495 0.004059407438294819
90 250.0 1501.0 12.008 0.04635317073707166 0.06024096385542168 0.008554320036117745 0.41919191919191917 0.0762885849583446 0.004882722915108126
91 250.0 1501.0 12.008 0.04635317073707166 0.040160642570281124 0.003633266736603864 0.3996789727126806 0.055271418815841314 0.003367910454294367
92 250.0 1501.0 12.008 0.04635317073707166 0.06024096385542168 0.008182778197388408 0.41225165562913907 0.07660371111473928 0.004892371371149494
93 250.0 1501.0 12.008 0.04635317073707166 0.040160642570281124 0.004019237289105091 0.3848531684698609 0.04497145943986253 0.0034469344336281534
94 250.0 1501.0 12.008 0.04635317073707166 0.0682730923694779 0.012529812029914301 0.42857142857142855 0.08006813925256158 0.0055170530444024
95 250.0 1501.0 12.008 0.04635317073707166 0.0682730923694779 0.00980754498009596 0.4263698630136986 0.09568011307178255 0.005428301677094245
96 250.0 1501.0 12.008 0.04635317073707166 0.03614457831325301 0.002904433523247473 0.38544891640866874 0.042778582595475116 0.0030992638125799266
97 250.0 1501.0 12.008 0.04635317073707166 0.028112449799196783 0.0021831732385040234 0.36191860465116277 0.025807561425161725 0.0025650657938830713
98 250.0 1501.0 12.008 0.04635317073707166 0.040160642570281124 0.0038278398359877213 0.38845553822152884 0.04894348322244694 0.003426359201111089
99 250.0 1501.0 12.008 0.04635317073707166 0.040160642570281124 0.003510638641305638 0.3915094339622642 0.05189653980396947 0.0033827683483348093