0 1
1 1
2 0
3 1
4 1
5 0
6 0
7 0
8 0
9 0
10 1
11 0
12 1
13 1
14 0
15 1
16 1
17 0
18 0
19 1
20 0
21 0
22 1
23 0
24 1
25 0
26 1
27 1
28 0
29 1
30 1
31 1
32 0
33 1
34 0
35 1
36 0
37 1
38 0
39 1
40 1
41 1
42 0
43 1
44 0
45 1
46 1
47 1
48 0
49 0
50 0
51 0
52 1
53 0
54 0
55 0
56 0
57 0
58 1
59 0
60 1
61 0
62 1
63 0
64 1
65 1
66 0
67 0
68 1
69 0
70 0
71 1
72 0
73 1
74 1
75 0
76 0
77 1
78 0
79 1
80 0
81 1
82 0
83 0
84 0
85 1
86 0
87 1
88 0
89 0
90 1
91 0
92 0
93 1
94 0
95 1
96 0
97 0
98 1
99 0
100 1
101 0
102 0
103 0
104 0
105 1
106 0
107 0
108 0
109 1
110 1
111 1
112 0
113 0
114 0
115 0
116 0
117 0
118 1
119 0
120 0
121 1
122 1
123 0
124 1
125 1
126 1
127 0
128 0
129 1
130 1
131 0
132 1
133 0
134 0
135 1
136 1
137 0
138 1
139 0
140 1
141 1
142 1
143 1
144 0
145 0
146 0
147 1
148 0
149 1
150 1
151 0
152 1
153 0
154 1
155 0
156 1
157 1
158 1
159 0
160 0
161 1
162 1
163 0
164 1
165 0
166 0
167 1
168 1
169 0
170 1
171 0
172 0
173 1
174 1
175 1
176 0
177 1
178 0
179 0
180 0
181 0
182 1
183 1
184 0
185 1
186 0
187 0
188 0
189 0
190 1
191 1
192 1
193 0
194 1
195 1
196 1
197 0
198 1
199 1
200 1
201 0
202 0
203 1
204 1
205 0
206 0
207 0
208 0
209 1
210 0
211 0
212 0
213 0
214 1
215 1
216 0
217 0
218 1
219 0
220 0
221 1
222 0
223 0
224 1
225 1
226 1
227 1
228 0
229 1
230 1
231 0
232 0
233 1
234 0
235 1
236 0
237 1
238 1
239 1
240 0
241 1
242 1
243 0
244 0
245 0
246 1
247 1
248 1
249 0
250 1
251 1
252 1
253 0
254 0
255 1
256 0
257 1
258 1
259 0
260 0
261 0
262 1
263 0
264 0
265 0
266 1
267 0
268 0
269 1
270 1
271 1
272 1
273 1
274 0
275 0
276 0
277 0
278 0
279 1
280 1
281 1
282 0
283 0
284 1
285 1
286 1
287 0
288 0
289 1
290 0
291 0
292 1
293 1
294 1
295 1
296 0
297 0
298 1
299 0
300 1
301 1
302 1
303 0
304 1
305 1
306 0
307 1
308 0
309 1
310 0
311 1
312 0
313 1
314 0
315 1
316 0
317 0
318 1
319 0
320 0
321 1
322 1
323 0
324 0
325 0
326 0
327 1
328 0
329 1
330 0
331 0
332 1
333 0
334 0
335 0
336 1
337 0
338 0
339 0
340 0
341 0
342 0
343 1
344 1
345 0
346 1
347 1
348 1
349 1
350 0
351 1
352 1
353 0
354 0
355 0
356 0
357 0
358 1
359 1
360 0
361 0
362 1
363 0
364 1
365 0
366 1
367 0
368 0
369 0
370 0
371 1
372 0
373 1
374 0
375 0
376 0
377 1
378 0
379 1
380 0
381 1
382 0
383 0
384 1
385 0
386 0
387 0
388 1
389 0
390 0
391 1
392 1
393 1
394 0
395 0
396 0
397 1
398 1
399 0
400 0
401 0
402 1
403 0
404 0
405 0
406 0
407 0
408 0
409 1
410 1
411 1
412 1
413 1
414 1
415 1
416 0
417 1
418 0
419 0
420 0
421 1
422 0
423 0
424 1
425 0
426 1
427 0
428 1
429 1
430 1
431 1
432 0
433 1
434 1
435 1
436 0
437 1
438 0
439 1
440 1
441 1
442 0
443 1
444 1
445 0
446 1
447 0
448 0
449 1
450 1
451 1
452 1
453 1
454 1
455 1
456 0
457 0
458 1
459 0
460 1
461 0
462 1
463 1
464 0
465 0
466 1
467 0
468 0
469 1
470 1
471 1
472 1
473 0
474 1
475 0
476 0
477 1
478 1
479 1
480 1
481 0
482 1
483 1
484 1
485 0
486 0
487 1
488 0
489 0
490 0
491 0
492 0
493 0
494 1
495 1
496 1
497 0
498 0
499 0
500 0
501 1
502 1
503 0
504 0
505 0
506 1
507 0
508 1
509 0
510 0
511 1
512 1
513 1
514 0
515 0
516 1
517 1
518 1
519 1
520 1
521 0
522 1
523 0
524 1
525 1
526 1
527 1
528 0
529 1
530 1
531 0
532 1
533 0
534 0
535 1
536 1
537 0
538 1
539 1
540 0
541 0
542 1
543 1
544 0
545 0
546 1
547 0
548 1
549 0
550 0
551 1
552 1
553 0
554 1
555 0
556 1
557 1
558 1
559 0
560 1
561 0
562 1
563 1
564 1
565 0
566 1
567 1
568 0
569 0
570 0
571 1
572 0
573 1
574 1
575 1
576 1
577 1
578 1
579 0
580 1
581 1
582 1
583 1
584 0
585 1
586 1
587 0
588 1
589 1
590 1
591 0
592 1
593 1
594 0
595 1
596 0
597 0
598 1
599 0
600 0
601 1
602 0
603 1
604 1
605 1
606 0
607 1
608 0
609 0
610 0
611 0
612 0
613 1
614 0
615 1
616 1
617 0
618 1
619 0
620 1
621 1
622 0
623 1
624 0
625 0
626 0
627 0
628 0
629 0
630 0
631 1
632 0
633 1
634 1
635 1
636 1
637 0
638 0
639 1
640 0
641 1
642 0
643 1
644 0
645 1
646 1
647 0
648 1
649 1
650 0
651 1
652 0
653 0
654 0
655 0
656 1
657 1
658 1
659 1
660 0
661 0
662 1
663 1
664 1
665 1
666 0
667 1
668 1
669 0
670 1
671 1
672 1
673 0
674 1
675 0
676 1
677 1
678 1
679 0
680 1
681 1
682 1
683 0
684 1
685 1
686 0
687 0
688 0
689 1
690 0
691 0
692 0
693 0
694 1
695 0
696 1
697 0
698 1
699 0
700 1
701 1
702 0
703 1
704 1
705 0
706 0
707 1
708 1
709 1
710 1
711 1
712 1
713 1
714 1
715 0
716 1
717 1
718 0
719 0
720 0
721 0
722 0
723 1
724 1
725 0
726 1
727 1
728 0
729 1
730 1
731 1
732 0
733 0
734 0
735 1
736 1
737 1
738 1
739 0
740 0
741 1
742 1
743 1
744 1
745 1
746 0
747 1
748 0
749 1
750 0
751 0
752 1
753 1
754 0
755 0
756 1
757 1
758 1
759 1
760 1
761 0
762 0
763 1
764 1
765 0
766 1
767 1
768 0
769 1
770 1
771 0
772 1
773 0
774 1
775 0
776 0
777 0
778 0
779 0
780 0
781 1
782 0
783 1
784 1
785 0
786 1
787 0
788 1
789 1
790 1
791 0
792 1
793 0
794 0
795 1
796 0
797 1
798 1
799 1
800 0
801 1
802 1
803 0
804 1
805 0
806 1
807 0
808 0
809 1
810 0
811 0
812 1
813 0
814 0
815 1
816 1
817 1
818 1
819 1
820 1
821 0
822 0
823 1
824 1
825 0
826 1
827 1
828 1
829 1
830 0
831 0
832 0
833 0
834 1
835 1
836 0
837 1
838 1
839 1
840 0
841 1
842 0
843 1
844 1
845 0
846 1
847 1
848 0
849 0
850 1
851 0
852 0
853 1
854 1
855 1
856 0
857 1
858 1
859 0
860 0
861 0
862 0
863 1
864 0
865 0
866 0
867 0
868 1
869 1
870 1
871 0
872 0
873 1
874 1
875 1
876 1
877 1
878 1
879 0
880 0
881 1
882 1
883 0
884 0
885 1
886 0
887 0
888 0
889 0
890 1
891 1
892 0
893 0
894 1
895 0
896 1
897 0
898 0
899 0
900 1
901 1
902 1
903 1
904 1
905 0
906 0
907 1
908 1
909 1
910 0
911 1
912 1
913 1
914 1
915 0
916 1
917 1
918 1
919 0
920 1
921 0
922 0
923 0
924 0
925 1
926 1
927 1
928 1
929 0
930 0
931 0
932 0
933 0
934 1
935 0
936 0
937 1
938 0
939 1
940 1
941 1
942 1
943 0
944 0
945 0
946 0
947 0
948 1
949 0
950 1
951 0
952 0
953 1
954 0
955 1
956 0
957 0
958 1
959 0
960 0
961 0
962 0
963 0
964 0
965 0
966 1
967 0
968 1
969 0
970 0
971 1
972 0
973 0
974 0
975 1
976 0
977 1
978 1
979 1
980 1
981 1
982 1
983 0
984 0
985 1
986 1
987 1
988 0
989 0
990 0
991 0
992 0
993 1
994 1
995 0
996 1
997 0
998 1
999 0
1000 0
1001 1
1002 1
1003 1
1004 0
1005 1
1006 1
1007 0
1008 1
1009 0
1010 0
1011 1
1012 0
1013 1
1014 1
1015 1
1016 0
1017 0
1018 0
1019 0
1020 1
1021 1
1022 1
1023 1
1024 1
1025 0
1026 1
1027 1
1028 1
1029 1
1030 0
1031 0
1032 1
1033 0
1034 1
1035 0
1036 1
1037 1
1038 0
1039 0
1040 0
1041 0
1042 0
1043 1
1044 1
1045 0
1046 0
1047 1
1048 1
1049 0
1050 1
1051 0
1052 0
1053 1
1054 0
1055 1
1056 0
1057 0
1058 1
1059 0
1060 1
1061 0
1062 0
1063 1
1064 1
1065 0
1066 1
1067 1
1068 0
1069 0
1070 0
1071 1
1072 0
1073 0
1074 0
1075 1
1076 0
1077 0
1078 0
1079 1
1080 1
1081 0
1082 0
1083 0
1084 0
1085 0
1086 0
1087 0
1088 0
1089 1
1090 0
1091 0
1092 0
1093 0
1094 1
1095 1
1096 1
1097 1
1098 0
1099 0
1100 0
1101 0
1102 1
1103 1
1104 1
1105 0
1106 1
1107 1
1108 1
1109 0
1110 1
1111 1
1112 0
1113 1
1114 1
1115 0
1116 1
1117 1
1118 1
1119 0
1120 1
1121 0
1122 1
1123 1
1124 0
1125 1
1126 1
1127 1
1128 1
1129 1
1130 1
1131 1
1132 1
1133 0
1134 1
1135 1
1136 1
1137 0
1138 0
1139 0
1140 1
1141 0
1142 0
1143 1
1144 0
1145 0
1146 1
1147 0
1148 1
1149 0
1150 0
1151 1
1152 1
1153 0
1154 1
1155 0
1156 1
1157 0
1158 0
1159 1
1160 1
1161 0
1162 1
1163 0
1164 0
1165 1
1166 1
1167 1
1168 1
1169 0
1170 1
1171 0
1172 1
1173 1
1174 1
1175 0
1176 0
1177 1
1178 0
1179 1
1180 0
1181 0
1182 0
1183 0
1184 1
1185 1
1186 0
1187 1
1188 1
1189 1
1190 1
1191 0
1192 1
1193 1
1194 0
1195 0
1196 1
1197 0
1198 0
1199 1
1200 0
1201 0
1202 0
1203 1
1204 0
1205 1
1206 1
1207 1
1208 0
1209 1
1210 1
1211 0
1212 1
1213 0
1214 1
1215 1
1216 0
1217 1
1218 0
1219 1
1220 1
1221 0
1222 1
1223 1
1224 1
1225 0
1226 1
1227 1
1228 1
1229 1
1230 0
1231 0
1232 0
1233 1
1234 0
1235 0
1236 0
1237 0
1238 1
1239 0
1240 0
1241 0
1242 1
1243 0
1244 0
1245 0
1246 0
1247 1
1248 0
1249 1
1250 0
1251 0
1252 0
1253 0
1254 1
1255 1
1256 1
1257 0
1258 1
1259 1
1260 1
1261 1
1262 0
1263 1
1264 1
1265 1
1266 0
1267 1
1268 1
1269 0
1270 0
1271 1
1272 1
1273 0
1274 0
1275 0
1276 1
1277 1
1278 0
1279 0
1280 1
1281 1
1282 0
1283 0
1284 0
1285 0
1286 1
1287 1
1288 1
1289 1
1290 0
1291 0
1292 0
1293 0
1294 0
1295 1
1296 1
1297 1
1298 0
1299 0
1300 1
1301 0
1302 0
1303 1
1304 0
1305 0
1306 0
1307 1
1308 0
1309 1
1310 0
1311 1
1312 0
1313 0
1314 0
1315 1
1316 1
1317 0
1318 1
1319 1
1320 0
1321 0
1322 1
1323 0
1324 0
1325 0
1326 0
1327 1
1328 0
1329 0
1330 1
1331 1
1332 0
1333 1
1334 1
1335 0
1336 0
1337 1
1338 1
1339 1
1340 1
1341 0
1342 0
1343 0
1344 0
1345 1
1346 0
1347 1
1348 0
1349 1
1350 1
1351 0
1352 1
1353 1
1354 0
1355 1
1356 1
1357 1
1358 0
1359 1
1360 1
1361 1
1362 1
1363 0
1364 1
1365 1
1366 0
1367 1
1368 0
1369 0
1370 0
1371 0
1372 1
1373 0
1374 1
1375 0
1376 1
1377 1
1378 0
1379 1
1380 1
1381 0
1382 0
1383 0
1384 0
1385 0
1386 0
1387 1
1388 0
1389 0
1390 1
1391 1
1392 0
1393 1
1394 1
1395 0
1396 1
1397 0
1398 0
1399 0
1400 0
1401 0
1402 0
1403 0
1404 0
1405 0
1406 0
1407 0
1408 1
1409 0
1410 0
1411 0
1412 1
1413 0
1414 0
1415 1
1416 1
1417 1
1418 0
1419 0
1420 1
1421 1
1422 1
1423 0
1424 1
1425 0
1426 1
1427 1
1428 0
1429 0
1430 0
1431 1
1432 1
1433 1
1434 0
1435 0
1436 0
1437 1
1438 1
1439 1
1440 1
1441 0
1442 1
1443 0
1444 0
1445 0
1446 0
1447 0
1448 1
1449 0
1450 1
1451 1
1452 1
1453 0
1454 0
1455 1
1456 1
1457 1
1458 1
1459 1
1460 1
1461 0
1462 1
1463 0
1464 1
1465 1
1466 0
1467 0
1468 1
1469 0
1470 0
1471 1
1472 1
1473 0
1474 1
1475 0
1476 0
1477 0
1478 0
1479 0
1480 1
1481 1
1482 0
1483 0
1484 1
1485 0
1486 1
1487 0
1488 0
1489 1
1490 0
1491 0
1492 1
1493 1
1494 0
1495 0
1496 1
1497 0
1498 0
1499 1
1500 0
1501 1
1502 1
1503 1
1504 0
1505 0
1506 1
1507 0
1508 1
1509 1
1510 1
1511 1
1512 1
1513 0
1514 1
1515 1
1516 1
1517 0
1518 1
1519 0
1520 1
1521 0
1522 1
1523 0
1524 0
1525 0
1526 0
1527 1
1528 1
1529 0
1530 1
1531 0
1532 0
1533 0
1534 1
1535 1
1536 1
1537 1
1538 0
1539 0
1540 0
1541 1
1542 1
1543 0
1544 1
1545 0
1546 1
1547 1
1548 1
1549 0
1550 1
1551 1
1552 1
1553 1
1554 0
1555 1
1556 0
1557 0
1558 0
1559 1
1560 1
1561 0
1562 1
1563 0
1564 1
1565 0
1566 1
1567 0
1568 0
1569 0
1570 1
1571 1
1572 0
1573 1
1574 1
1575 1
1576 0
1577 0
1578 1
1579 1
1580 0
1581 0
1582 1
1583 0
1584 1
1585 0
1586 0
1587 1
1588 1
1589 0
1590 1
1591 0
1592 0
1593 1
1594 0
1595 1
1596 0
1597 1
1598 0
1599 0
1600 1
1601 0
1602 1
1603 0
1604 0
1605 0
1606 1
1607 0
1608 0
1609 0
1610 1
1611 1
1612 0
1613 1
1614 1
1615 0
1616 1
1617 1
1618 1
1619 0
1620 0
1621 1
1622 0
1623 0
1624 1
1625 1
1626 1
1627 0
1628 0
1629 0
1630 1
1631 0
1632 1
1633 1
1634 1
1635 0
1636 0
1637 1
1638 0
1639 0
1640 0
1641 0
1642 1
1643 1
1644 0
1645 1
1646 1
1647 1
1648 1
1649 0
1650 1
1651 0
1652 1
1653 1
1654 0
1655 0
1656 1
1657 1
1658 1
1659 1
1660 1
1661 1
1662 1
1663 1
1664 0
1665 1
1666 1
1667 0
1668 1
1669 0
1670 0
1671 1
1672 1
1673 0
1674 1
1675 0
1676 0
1677 0
1678 0
1679 1
1680 1
1681 1
1682 1
1683 0
1684 1
1685 1
1686 0
1687 1
1688 0
1689 1
1690 1
1691 0
1692 1
1693 1
1694 0
1695 0
1696 1
1697 1
1698 0
1699 1
1700 1
1701 1
1702 0
1703 0
1704 0
1705 1
1706 1
1707 1
1708 0
1709 1
1710 1
1711 0
1712 1
1713 1
1714 1
1715 1
1716 0
1717 0
1718 1
1719 1
1720 0
1721 1
1722 0
1723 1
1724 1
1725 0
1726 1
1727 1
1728 1
1729 0
1730 1
1731 0
1732 0
1733 1
1734 0
1735 0
1736 1
1737 1
1738 0
1739 0
1740 0
1741 0
1742 1
1743 1
1744 0
1745 0
1746 1
1747 0
1748 0
1749 1
1750 1
1751 0
1752 1
1753 0
1754 1
1755 1
1756 0
1757 1
1758 1
1759 0
1760 0
1761 0
1762 0
1763 1
1764 0
1765 1
1766 0
1767 1
1768 1
1769 1
1770 0
1771 0
1772 0
1773 1
1774 1
1775 1
1776 0
1777 1
1778 0
1779 0
1780 0
1781 0
1782 1
1783 0
1784 1
1785 1
1786 0
1787 0
1788 0
1789 1
1790 1
1791 1
1792 0
1793 0
1794 1
1795 1
1796 1
1797 1
1798 1
1799 0
1800 1
1801 0
1802 1
1803 0
1804 1
1805 1
1806 1
1807 0
1808 0
1809 1
1810 0
1811 1
1812 0
1813 0
1814 1
1815 0
1816 1
1817 1
1818 0
1819 0
1820 0
1821 0
1822 0
1823 1
1824 0
1825 1
1826 1
1827 1
1828 0
1829 0
1830 0
1831 0
1832 0
1833 0
1834 0
1835 0
1836 1
1837 1
1838 0
1839 1
1840 0
1841 0
1842 1
1843 0
1844 0
1845 1
1846 0
1847 1
1848 1
1849 0
1850 0
1851 1
1852 1
1853 0
1854 0
1855 1
1856 1
1857 0
1858 0
1859 0
1860 0
1861 0
1862 1
1863 0
1864 0
1865 0
1866 0
1867 0
1868 0
1869 0
1870 0
1871 0
1872 1
1873 0
1874 0
1875 1
1876 1
1877 0
1878 1
1879 0
1880 0
1881 0
1882 1
1883 1
1884 0
1885 0
1886 1
1887 0
1888 0
1889 1
1890 1
1891 1
1892 0
1893 1
1894 1
1895 1
1896 0
1897 1
1898 1
1899 1
1900 0
1901 1
1902 1
1903 0
1904 1
1905 1
1906 0
1907 0
1908 0
1909 0
1910 1
1911 1
1912 0
1913 1
1914 1
1915 1
1916 0
1917 0
1918 0
1919 1
1920 1
1921 1
1922 1
1923 0
1924 0
1925 0
1926 1
1927 0
1928 1
1929 1
1930 0
1931 1
1932 0
1933 0
1934 0
1935 1
1936 1
1937 0
1938 1
1939 0
1940 0
1941 1
1942 1
1943 1
1944 1
1945 1
1946 1
1947 1
1948 1
1949 1
1950 0
1951 1
1952 1
1953 0
1954 0
1955 0
1956 0
1957 0
1958 0
1959 1
1960 0
1961 0
1962 1
1963 1
1964 0
1965 1
1966 0
1967 0
1968 0
1969 0
1970 1
1971 0
1972 1
1973 0
1974 0
1975 0
1976 0
1977 0
1978 1
1979 0
1980 0
1981 0
1982 1
1983 1
1984 0
1985 0
1986 0
1987 1
1988 1
1989 0
1990 0
1991 1
1992 1
1993 0
1994 0
1995 0
1996 0
1997 0
1998 1
1999 1
2000 0
2001 0
2002 1
2003 1
2004 0
2005 1
2006 1
2007 0
2008 0
2009 0
2010 1
2011 1
2012 0
2013 0
2014 0
2015 1
2016 1
2017 0
2018 0
2019 1
2020 1
2021 1
2022 0
2023 0
2024 0
2025 0
2026 0
2027 0
2028 0
2029 1
2030 0
2031 1
2032 1
2033 1
2034 1
2035 0
2036 1
2037 0
2038 1
2039 0
2040 0
2041 1
2042 1
2043 0
2044 1
2045 1
2046 1
2047 0
2048 0
2049 1
2050 1
2051 0
2052 1
2053 0
2054 0
2055 0
2056 0
2057 0
2058 1
2059 1
2060 1
2061 0
2062 0
2063 1
2064 1
2065 1
2066 0
2067 0
2068 0
2069 1
2070 0
2071 0
2072 1
2073 0
2074 1
2075 0
2076 1
2077 1
2078 1
2079 0
2080 0
2081 0
2082 0
2083 0
2084 0
2085 1
2086 0
2087 1
2088 0
2089 1
2090 0
2091 0
2092 1
2093 0
2094 0
2095 1
2096 1
2097 0
2098 1
2099 1
2100 0
2101 1
2102 0
2103 1
2104 0
2105 1
2106 0
2107 1
2108 0
2109 1
2110 1
2111 1
2112 0
2113 1
2114 1
2115 0
2116 0
2117 1
2118 0
2119 0
2120 1
2121 1
2122 0
2123 1
2124 0
2125 1
2126 1
2127 0
2128 1
2129 1
2130 1
2131 1
2132 1
2133 0
2134 0
2135 1
2136 0
2137 1
2138 0
2139 0
2140 1
2141 0
2142 1
2143 0
2144 1
2145 1
2146 0
2147 1
2148 1
2149 0
2150 1
2151 0
2152 0
2153 1
2154 0
2155 0
2156 0
2157 1
2158 1
2159 0
2160 0
2161 0
2162 0
2163 1
2164 0
2165 0
2166 0
2167 0
2168 0
2169 1
2170 0
2171 1
2172 1
2173 1
2174 0
2175 0
2176 1
2177 0
2178 0
2179 1
2180 1
2181 1
2182 0
2183 1
2184 0
2185 0
2186 1
2187 0
2188 0
2189 1
2190 1
2191 0
2192 1
2193 1
2194 1
2195 0
2196 1
2197 0
2198 1
2199 1
2200 0
2201 1
2202 1
2203 0
2204 0
2205 0
2206 0
2207 1
2208 0
2209 1
2210 0
2211 1
2212 0
2213 1
2214 0
2215 1
2216 1
2217 0
2218 1
2219 1
2220 1
2221 0
2222 1
2223 0
2224 0
2225 0
2226 0
2227 1
2228 0
2229 1
2230 1
2231 0
2232 0
2233 1
2234 1
2235 1
2236 0
2237 1
2238 1
2239 0
2240 1
2241 0
2242 0
2243 1
2244 1
2245 1
2246 0
2247 1
2248 1
2249 1
2250 0
2251 1
2252 1
2253 0
2254 0
2255 1
2256 1
2257 1
2258 0
2259 1
2260 0
2261 0
2262 0
2263 1
2264 0
2265 0
2266 1
2267 1
2268 1
2269 1
2270 1
2271 1
2272 0
2273 0
2274 0
2275 1
2276 1
2277 1
2278 0
2279 1
2280 0
2281 0
2282 1
2283 0
2284 0
2285 0
2286 0
2287 0
2288 1
2289 0
2290 1
2291 0
2292 1
2293 1
2294 1
2295 1
2296 0
2297 1
2298 1
2299 0
2300 0
2301 1
2302 0
2303 0
2304 0
2305 0
2306 0
2307 0
2308 1
2309 1
2310 0
2311 0
2312 0
2313 0
2314 1
2315 0
2316 1
2317 0
2318 0
2319 0
2320 0
2321 1
2322 1
2323 1
2324 0
2325 0
2326 1
2327 1
2328 1
2329 1
2330 0
2331 1
2332 1
2333 1
2334 1
2335 0
2336 0
2337 0
2338 1
2339 0
2340 1
2341 1
2342 1
2343 1
2344 0
2345 0
2346 0
2347 0
2348 0
2349 1
2350 0
2351 0
2352 1
2353 0
2354 0
2355 1
2356 0
2357 1
2358 0
2359 1
2360 1
2361 0
2362 1
2363 0
2364 0
2365 0
2366 1
2367 0
2368 0
2369 1
2370 1
2371 1
2372 0
2373 1
2374 0
2375 0
2376 0
2377 1
2378 1
2379 1
2380 1
2381 0
2382 1
2383 1
2384 1
2385 0
2386 1
2387 1
2388 0
2389 1
2390 0
2391 1
2392 1
2393 0
2394 0
2395 0
2396 1
2397 1
2398 1
2399 1
2400 1
2401 1
2402 1
2403 0
2404 0
2405 1
2406 0
2407 1
2408 0
2409 0
2410 1
2411 1
2412 1
2413 1
2414 0
2415 1
2416 1
2417 0
2418 0
2419 0
2420 0
2421 0
2422 1
2423 1
2424 1
2425 1
2426 0
2427 1
2428 0
2429 1
2430 0
2431 1
2432 0
2433 1
2434 1
2435 1
2436 0
2437 1
2438 1
2439 1
2440 1
2441 0
2442 1
2443 0
2444 0
2445 1
2446 1
2447 0
2448 1
2449 0
2450 0
2451 0
2452 1
2453 0
2454 1
2455 1
2456 0
2457 0
2458 1
2459 1
2460 0
2461 1
2462 0
2463 0
2464 0
2465 1
2466 0
2467 0
2468 1
2469 0
2470 0
2471 0
2472 0
2473 1
2474 0
2475 0
2476 0
2477 0
2478 1
2479 0
2480 0
2481 1
2482 1
2483 0
2484 0
2485 0
2486 0
2487 1
2488 1
2489 0
2490 1
2491 1
2492 0
2493 0
2494 1
2495 0
2496 1
2497 0
2498 0
2499 0
2500 0
2501 0
2502 0
2503 1
2504 0
2505 0
2506 0
2507 1
2508 0
2509 1
2510 0
2511 1
2512 0
2513 1
2514 1
2515 1
2516 0
2517 0
2518 1
2519 1
2520 1
2521 0
2522 0
2523 0
2524 0
2525 0
2526 1
2527 1
2528 0
2529 1
2530 1
2531 0
2532 1
2533 0
2534 0
2535 1
2536 1
2537 1
2538 1
2539 0
2540 0
2541 0
2542 0
2543 0
2544 0
2545 1
2546 0
2547 1
2548 1
2549 1
2550 0
2551 1
2552 0
2553 0
2554 0
2555 0
2556 0
2557 1
2558 0
2559 1
2560 1
2561 0
2562 0
2563 1
2564 0
2565 1
2566 1
2567 0
2568 0
2569 0
2570 1
2571 0
2572 1
2573 1
2574 0
2575 1
2576 0
2577 0
2578 0
2579 1
2580 0
2581 0
2582 1
2583 1
2584 0
2585 1
2586 0
2587 0
2588 1
2589 0
2590 1
2591 1
2592 1
2593 0
2594 0
2595 0
2596 0
2597 0
2598 1
2599 0
2600 1
2601 1
2602 1
2603 0
2604 0
2605 0
2606 0
2607 0
2608 0
2609 1
2610 1
2611 0
2612 0
2613 0
2614 0
2615 0
2616 1
2617 1
2618 0
2619 0
2620 0
2621 1
2622 1
2623 1
2624 1
2625 0
2626 0
2627 0
2628 0
2629 1
2630 1
2631 1
2632 1
2633 1
2634 0
2635 0
2636 1
2637 0
2638 0
2639 1
2640 0
2641 1
2642 0
2643 1
2644 1
2645 1
2646 1
2647 0
2648 0
2649 1
2650 1
2651 0
2652 0
2653 0
2654 1
2655 1
2656 1
2657 1
2658 0
2659 0
2660 0
2661 1
2662 1
2663 0
2664 0
2665 0
2666 0
2667 0
2668 0
2669 0
2670 0
2671 0
2672 0
2673 1
2674 0
2675 1
2676 1
2677 1
2678 0
2679 0
2680 1
2681 1
2682 1
2683 1
2684 1
2685 1
2686 1
2687 1
2688 1
2689 1
2690 0
2691 1
2692 0
2693 0
2694 1
2695 0
2696 0
2697 0
2698 0
2699 0
2700 0
2701 1
2702 0
2703 1
2704 1
2705 0
2706 0
2707 1
2708 0
2709 0
2710 0
2711 1
2712 0
2713 0
2714 1
2715 1
2716 0
2717 0
2718 1
2719 1
2720 1
2721 0
2722 1
2723 0
2724 1
2725 1
2726 1
2727 0
2728 0
2729 0
2730 1
2731 1
2732 1
2733 0
2734 0
2735 0
2736 1
2737 1
2738 0
2739 0
2740 0
2741 1
2742 1
2743 0
2744 1
2745 0
2746 1
2747 0
2748 0
2749 0
2750 0
2751 0
2752 1
2753 0
2754 0
2755 1
2756 0
2757 0
2758 0
2759 0
2760 1
2761 0
2762 0
2763 1
2764 0
2765 0
2766 1
2767 1
2768 0
2769 1
2770 1
2771 1
2772 1
2773 1
2774 0
2775 1
2776 0
2777 0
2778 0
2779 1
2780 0
2781 1
2782 1
2783 1
2784 1
2785 1
2786 0
2787 0
2788 0
2789 1
2790 0
2791 1
2792 0
2793 1
2794 1
2795 0
2796 0
2797 1
2798 1
2799 0
2800 1
2801 1
2802 1
2803 0
2804 1
2805 0
2806 0
2807 0
2808 0
2809 0
2810 1
2811 0
2812 1
2813 1
2814 0
2815 0
2816 1
2817 1
2818 1
2819 1
2820 1
2821 0
2822 1
2823 1
2824 1
2825 0
2826 1
2827 1
2828 1
2829 1
2830 0
2831 1
2832 0
2833 0
2834 0
2835 1
2836 0
2837 1
2838 0
2839 0
2840 0
2841 1
2842 0
2843 1
2844 0
2845 1
2846 1
2847 1
2848 1
2849 1
2850 0
2851 1
2852 0
2853 1
2854 0
2855 0
2856 1
2857 0
2858 0
2859 1
2860 1
2861 0
2862 0
2863 0
2864 1
2865 0
2866 0
2867 1
2868 0
2869 0
2870 1
2871 0
2872 0
2873 1
2874 1
2875 1
2876 0
2877 1
2878 0
2879 0
2880 1
2881 1
2882 1
2883 0
2884 0
2885 0
2886 1
2887 0
2888 0
2889 0
2890 1
2891 0
2892 1
2893 1
2894 1
2895 1
2896 1
2897 1
2898 0
2899 0
2900 1
2901 1
2902 1
2903 1
2904 0
2905 1
2906 0
2907 0
2908 0
2909 0
2910 1
2911 0
2912 0
2913 0
2914 0
2915 1
2916 1
2917 0
2918 0
2919 0
2920 0
2921 0
2922 1
2923 1
2924 1
2925 0
2926 1
2927 1
2928 1
2929 0
2930 0
2931 1
2932 1
2933 1
2934 1
2935 0
2936 1
2937 1
2938 0
2939 1
2940 1
2941 1
2942 1
2943 0
2944 0
2945 1
2946 1
2947 0
2948 0
2949 0
2950 0
2951 1
2952 0
2953 1
2954 1
2955 0
2956 0
2957 1
2958 1
2959 1
2960 0
2961 0
2962 1
2963 0
2964 1
2965 1
2966 1
2967 0
2968 0
2969 1
2970 1
2971 0
2972 1
2973 1
2974 0
2975 1
2976 0
2977 1
2978 1
2979 1
2980 0
2981 1
2982 0
2983 0
2984 1
2985 1
2986 0
2987 1
2988 0
2989 1
2990 1
2991 0
2992 1
2993 0
2994 0
2995 1
2996 1
2997 0
2998 0
2999 0
3000 0
3001 0
3002 0
3003 1
3004 0
3005 0
3006 0
3007 1
3008 0
3009 1
3010 0
3011 1
3012 1
3013 1
3014 1
3015 0
3016 1
3017 1
3018 0
3019 1
3020 0
3021 0
3022 1
3023 0
3024 0
3025 1
3026 1
3027 0
3028 0
3029 0
3030 1
3031 1
3032 0
3033 0
3034 0
3035 0
3036 0
3037 1
3038 1
3039 0
3040 0
3041 1
3042 1
3043 0
3044 0
3045 1
3046 1
3047 1
3048 0
3049 1