0 2
0 3
0 597
0 4
0 5
0 593
0 592
0 589
0 588
0 587
0 14
0 543
0 361
0 459
0 491
0 450
0 484
0 205
0 596
0 287
0 188
0 200
0 64
0 557
0 429
0 76
0 360
0 499
0 43
0 522
0 399
0 24
0 204
0 249
1 3
1 598
1 5
1 6
1 596
1 7
1 8
1 10
1 11
1 591
1 590
1 589
1 14
1 588
1 15
1 587
1 382
1 131
1 166
1 301
1 557
1 96
1 238
1 343
1 261
1 251
2 3
2 4
2 6
2 7
2 597
2 593
2 12
2 592
2 13
2 14
2 587
2 262
2 96
2 531
2 390
2 236
2 321
2 263
2 474
2 361
2 362
2 237
2 167
3 4
3 5
3 6
3 599
3 598
3 9
3 10
3 594
3 593
3 14
3 590
3 588
3 144
3 133
3 207
3 130
3 493
3 142
3 222
3 585
3 260
3 421
3 450
3 148
3 353
3 132
3 35
3 306
4 5
4 7
4 8
4 9
4 599
4 11
4 597
4 596
4 13
4 14
4 17
4 326
4 217
4 564
4 20
4 572
4 24
4 329
4 308
4 237
4 114
4 122
4 470
4 243
5 6
5 7
5 9
5 11
5 12
5 13
5 596
5 595
5 17
5 18
5 592
5 19
5 591
5 565
5 414
5 392
5 512
5 355
5 94
5 119
5 167
5 395
5 235
5 568
5 377
5 534
5 428
5 132
6 7
6 8
6 10
6 11
6 12
6 599
6 596
6 17
6 18
6 594
6 593
6 20
6 21
6 591
6 147
6 92
6 433
6 42
6 247
6 353
6 199
6 107
6 476
6 502
6 300
6 260
7 13
7 14
7 599
7 16
7 598
7 18
7 596
7 20
7 594
7 21
7 22
7 531
7 90
7 82
7 439
7 437
7 482
7 328
7 407
7 591
7 112
7 233
8 9
8 10
8 13
8 17
8 23
8 130
8 339
8 382
8 105
8 584
8 66
8 210
8 182
8 515
8 285
8 29
8 491
8 384
8 393
8 490
8 546
8 299
8 28
8 69
8 47
8 455
8 258
8 54
9 10
9 12
9 16
9 19
9 599
9 20
9 597
9 596
9 595
9 24
9 298
9 308
9 489
9 210
9 184
9 253
9 374
9 287
9 502
9 85
9 189
9 506
9 164
10 11
10 12
10 17
10 18
10 599
10 22
10 23
10 597
10 24
10 596
10 65
10 516
10 444
10 464
10 30
10 114
10 435
10 525
10 352
10 362
10 593
10 506
10 368
10 197
10 440
10 201
10 188
10 206
11 12
11 14
11 15
11 16
11 22
11 25
11 597
11 26
11 596
11 420
11 551
11 230
11 196
11 461
11 170
11 284
11 119
11 163
11 122
11 299
11 31
11 48
11 468
11 171
11 371
12 14
12 15
12 17
12 21
12 24
12 597
12 445
12 314
12 577
12 302
12 510
12 68
12 212
12 169
12 392
12 419
12 352
12 319
12 84
12 282
12 297
12 366
12 79
12 117
12 468
12 519
12 305
12 387
12 251
13 14
13 15
13 16
13 19
13 20
13 22
13 23
13 24
13 27
13 598
13 416
13 360
13 99
13 172
13 190
13 592
13 344
13 154
13 89
13 321
13 379
13 304
13 333
13 255
14 15
14 16
14 18
14 19
14 20
14 21
14 25
14 26
14 599
14 76
14 52
14 567
14 104
14 159
14 58
14 541
14 276
14 358
14 143
14 416
14 437
15 16
15 17
15 18
15 19
15 22
15 23
15 24
15 25
15 28
15 29
15 30
15 376
15 311
15 416
15 513
15 433
15 402
15 128
15 367
15 401
15 294
15 206
15 85
16 23
16 25
16 29
16 549
16 399
16 559
16 493
16 108
16 36
16 442
16 551
16 294
16 448
16 461
16 188
16 196
16 437
16 319
16 208
16 373
16 567
17 18
17 21
17 22
17 24
17 25
17 26
17 27
17 30
17 31
17 223
17 172
17 523
17 97
17 84
17 349
17 402
17 215
17 222
17 537
17 353
17 559
17 288
18 19
18 21
18 24
18 27
18 31
18 32
18 523
18 302
18 463
18 324
18 256
18 127
18 334
18 352
18 290
18 235
18 549
18 126
19 20
19 22
19 25
19 26
19 28
19 29
19 30
19 31
19 32
19 33
19 128
19 580
19 84
19 281
19 380
19 189
19 431
19 439
20 22
20 23
20 24
20 27
20 29
20 32
20 33
20 35
20 355
20 64
20 520
20 376
20 444
20 469
20 232
20 99
20 491
20 103
20 550
21 25
21 27
21 28
21 29
21 30
21 31
21 32
21 33
21 34
21 35
21 306
21 55
21 557
21 561
21 245
21 538
21 540
21 129
21 144
21 564
21 279
21 435
21 442
21 140
21 316
21 371
21 83
22 23
22 24
22 25
22 26
22 29
22 31
22 35
22 36
22 259
22 115
22 326
22 374
22 583
22 113
22 223
22 577
22 395
22 70
22 576
22 27
22 478
23 25
23 27
23 28
23 32
23 34
23 35
23 318
23 163
23 172
23 232
23 121
23 485
23 96
23 306
23 184
23 529
23 546
23 341
23 424
23 365
23 580
23 249
23 331
23 344
23 436
23 488
24 26
24 29
24 32
24 35
24 36
24 37
24 263
24 233
24 196
24 222
24 164
24 501
24 535
24 209
24 443
24 490
24 512
24 325
24 125
24 119
25 26
25 27
25 28
25 31
25 32
25 33
25 34
25 37
25 191
25 571
25 177
25 155
25 87
25 584
25 52
25 313
25 306
25 348
25 387
25 240
26 27
26 28
26 31
26 32
26 33
26 38
26 41
26 373
26 315
26 97
26 271
26 256
26 229
26 552
26 504
26 197
26 323
26 442
26 332
26 172
26 328
26 65
26 260
26 261
26 589
26 477
26 511
27 30
27 31
27 32
27 33
27 34
27 35
27 38
27 39
27 40
27 42
27 420
27 422
27 546
27 212
27 62
27 414
27 474
27 452
28 35
28 37
28 39
28 40
28 43
28 100
28 107
28 141
28 310
28 306
28 196
28 348
28 557
28 125
28 308
28 229
28 165
28 111
28 117
28 496
28 293
28 594
28 504
28 475
29 34
29 38
29 41
29 42
29 44
29 237
29 494
29 343
29 157
29 234
29 319
29 133
29 545
29 196
29 579
29 576
29 121
29 396
29 296
29 301
29 311
30 31
30 32
30 34
30 36
30 37
30 40
30 41
30 43
30 458
30 411
30 88
30 334
30 330
30 153
30 422
30 231
30 313
31 33
31 34
31 35
31 38
31 39
31 40
31 41
31 44
31 45
31 46
31 246
31 47
31 405
31 193
31 595
31 454
31 68
31 448
31 326
31 78
32 33
32 40
32 41
32 45
32 46
32 575
32 69
32 288
32 263
32 353
32 482
32 351
32 193
32 581
32 184
32 354
32 138
32 302
32 505
32 229
32 497
32 321
32 488
32 428
32 207
33 35
33 36
33 37
33 38
33 41
33 43
33 45
33 46
33 48
33 521
33 254
33 448
33 468
33 409
33 351
33 492
33 531
33 522
33 281
33 238
33 317
34 35
34 37
34 41
34 42
34 43
34 44
34 47
34 48
34 528
34 145
34 90
34 466
34 404
34 597
34 298
34 571
34 195
34 140
34 351
34 579
34 540
34 285
34 590
34 51
35 36
35 37
35 38
35 39
35 42
35 43
35 47
35 48
35 49
35 50
35 309
35 560
35 173
35 438
35 290
35 261
35 259
35 442
35 588
35 467
35 82
35 119
35 260
36 43
36 45
36 46
36 48
36 50
36 51
36 277
36 541
36 177
36 289
36 155
36 334
36 216
36 505
36 360
36 426
36 489
36 526
36 152
36 268
36 368
36 202
36 374
36 182
36 324
36 345
37 38
37 39
37 40
37 43
37 44
37 45
37 50
37 52
37 570
37 186
37 239
37 530
37 262
37 368
37 483
37 509
37 116
37 141
37 136
37 297
37 287
37 452
38 42
38 43
38 45
38 46
38 47
38 48
38 50
38 51
38 52
38 53
38 441
38 571
38 177
38 226
38 350
38 558
38 234
38 326
38 469
38 274
38 532
39 41
39 42
39 46
39 48
39 49
39 50
39 52
39 53
39 54
39 382
39 214
39 381
39 555
39 252
39 173
39 123
39 329
39 538
39 186
39 411
39 233
39 597
39 201
39 551
40 41
40 43
40 45
40 46
40 47
40 49
40 51
40 52
40 55
40 530
40 349
40 183
40 215
40 240
40 435
40 521
40 140
40 535
40 134
40 305
40 503
41 42
41 44
41 45
41 47
41 48
41 49
41 51
41 52
41 54
41 56
41 283
41 268
41 276
41 285
41 143
41 554
41 342
41 550
41 104
41 488
41 374
41 497
42 43
42 44
42 49
42 50
42 52
42 53
42 54
42 55
42 56
42 57
42 582
42 237
42 506
42 465
42 426
42 429
42 298
42 508
42 503
42 577
42 494
42 334
43 44
43 45
43 46
43 47
43 48
43 49
43 51
43 568
43 87
43 555
43 93
43 418
43 291
43 242
43 557
43 307
43 305
43 539
43 449
44 48
44 49
44 50
44 51
44 52
44 54
44 55
44 56
44 57
44 59
44 151
44 290
44 169
44 118
44 598
44 483
44 515
44 188
44 145
44 261
44 392
44 113
44 345
44 454
44 215
44 550
45 46
45 48
45 49
45 52
45 53
45 55
45 58
45 351
45 524
45 116
45 117
45 558
45 73
45 433
45 186
45 279
45 410
45 137
45 480
45 251
45 452
46 47
46 51
46 58
46 570
46 209
46 423
46 295
46 251
46 333
46 430
46 300
46 272
46 479
46 592
46 271
46 462
46 365
46 152
46 229
46 301
47 49
47 51
47 52
47 56
47 59
47 60
47 61
47 62
47 183
47 151
47 569
47 128
47 99
47 356
47 275
47 278
47 580
47 265
47 307
47 576
47 87
47 57
47 327
47 157
47 433
48 49
48 51
48 52
48 53
48 54
48 58
48 60
48 62
48 548
48 206
48 443
48 396
48 487
48 541
48 256
48 525
48 219
48 122
48 176
48 140
48 91
48 208
48 244
49 50
49 51
49 55
49 56
49 58
49 62
49 64
49 346
49 364
49 148
49 115
49 435
49 492
49 374
49 237
49 295
49 481
49 513
49 434
49 414
49 96
49 185
49 393
49 474
49 383
49 590
49 370
49 130
49 199
50 51
50 53
50 54
50 57
50 59
50 61
50 62
50 64
50 372
50 68
50 356
50 472
50 445
50 380
50 547
50 280
50 392
50 320
50 297
50 249
51 52
51 58
51 59
51 60
51 61
51 64
51 66
51 204
51 167
51 108
51 486
51 402
51 506
51 386
51 581
51 372
51 252
51 241
51 164
51 187
51 148
52 53
52 55
52 57
52 58
52 59
52 61
52 62
52 63
52 64
52 67
52 435
52 91
52 345
52 523
52 324
52 274
52 594
52 513
52 449
52 438
53 54
53 55
53 59
53 60
53 62
53 66
53 228
53 389
53 488
53 168
53 499
53 569
53 120
53 328
53 240
53 245
53 348
53 174
53 541
53 596
53 90
53 469
54 55
54 58
54 59
54 61
54 63
54 64
54 65
54 68
54 358
54 253
54 208
54 454
54 84
54 333
54 582
54 328
54 475
54 203
55 60
55 62
55 63
55 64
55 66
55 68
55 69
55 70
55 91
55 428
55 198
55 588
55 311
55 553
55 263
55 493
55 574
55 193
55 113
55 461
56 59
56 60
56 68
56 70
56 368
56 320
56 330
56 116
56 276
56 156
56 579
56 580
56 171
56 207
56 57
56 234
56 262
56 494
56 328
56 107
56 558
56 416
56 404
56 400
56 544
57 58
57 60
57 61
57 63
57 66
57 70
57 72
57 160
57 414
57 546
57 227
57 406
57 269
57 291
57 296
57 235
57 462
57 427
57 380
58 60
58 63
58 64
58 65
58 71
58 72
58 73
58 445
58 370
58 339
58 381
58 521
58 326
58 406
58 157
58 236
58 251
58 173
58 478
58 565
58 171
59 61
59 64
59 68
59 70
59 71
59 72
59 139
59 266
59 430
59 492
59 536
59 157
59 304
59 500
59 472
59 347
59 477
59 350
59 236
59 239
59 154
60 63
60 66
60 68
60 70
60 71
60 73
60 74
60 552
60 405
60 545
60 192
60 357
60 116
60 407
60 577
60 127
60 120
60 92
61 62
61 65
61 66
61 67
61 69
61 71
61 73
61 75
61 76
61 443
61 103
61 241
61 545
61 98
61 401
61 252
61 300
61 336
61 430
61 203
61 112
61 525
61 325
61 239
61 278
62 63
62 65
62 67
62 70
62 72
62 74
62 75
62 76
62 77
62 562
62 321
62 130
62 113
62 127
62 322
62 381
62 340
63 64
63 65
63 66
63 67
63 68
63 70
63 71
63 72
63 73
63 75
63 398
63 576
63 587
63 136
63 503
63 84
63 429
63 269
63 134
63 206
63 154
63 431
63 170
63 278
63 393
64 66
64 70
64 72
64 73
64 77
64 185
64 442
64 307
64 338
64 459
64 279
64 477
64 157
64 226
64 272
64 266
64 277
64 165
64 94
64 521
64 303
64 281
64 309
64 464
64 472
64 593
65 66
65 68
65 69
65 72
65 74
65 75
65 76
65 91
65 587
65 526
65 465
65 582
65 482
65 557
65 113
65 414
65 380
65 547
65 384
65 124
66 67
66 68
66 69
66 70
66 71
66 72
66 75
66 76
66 77
66 186
66 428
66 442
66 446
66 209
66 571
66 327
66 359
66 590
66 416
66 527
66 540
67 70
67 73
67 76
67 77
67 78
67 79
67 80
67 81
67 82
67 492
67 395
67 499
67 137
67 476
67 377
67 87
67 534
67 127
67 200
67 488
67 260
67 396
67 419
67 182
68 69
68 72
68 74
68 75
68 76
68 78
68 140
68 363
68 208
68 447
68 312
68 323
68 383
68 108
68 212
68 326
68 568
68 96
68 127
69 70
69 71
69 72
69 74
69 76
69 79
69 81
69 84
69 200
69 290
69 255
69 241
69 252
69 372
69 338
69 303
69 299
69 82
70 71
70 73
70 74
70 75
70 77
70 81
70 82
70 84
70 512
70 210
70 97
70 359
70 438
70 327
70 386
70 342
70 581
70 230
70 222
70 505
71 75
71 77
71 79
71 81
71 82
71 83
71 84
71 323
71 155
71 546
71 264
71 169
71 400
71 255
71 432
71 306
71 318
71 149
71 394
71 286
71 396
71 154
71 353
72 74
72 75
72 78
72 79
72 80
72 82
72 84
72 86
72 340
72 454
72 451
72 106
72 134
72 366
72 145
72 425
72 403
72 238
72 547
73 78
73 80
73 81
73 83
73 84
73 85
73 86
73 87
73 88
73 434
73 158
73 340
73 458
73 242
73 480
73 407
73 469
73 499
73 524
73 342
73 283
73 254
74 79
74 80
74 82
74 84
74 85
74 89
74 290
74 383
74 244
74 508
74 320
74 476
74 405
74 133
74 467
74 446
74 495
74 217
75 76
75 77
75 80
75 81
75 84
75 86
75 88
75 316
75 217
75 93
75 287
75 457
75 206
75 554
75 210
75 597
75 413
75 157
75 421
75 477
75 102
75 226
75 296
75 570
76 78
76 80
76 82
76 83
76 84
76 88
76 90
76 91
76 168
76 218
76 562
76 163
76 483
76 478
76 380
76 123
76 555
76 515
77 78
77 80
77 86
77 87
77 88
77 91
77 92
77 507
77 370
77 239
77 254
77 156
77 432
77 388
77 469
77 587
77 310
78 81
78 82
78 86
78 87
78 88
78 89
78 91
78 93
78 251
78 244
78 510
78 253
78 329
78 568
78 414
78 121
78 347
78 286
78 394
78 369
78 287
78 595
79 81
79 84
79 85
79 87
79 89
79 90
79 94
79 480
79 162
79 510
79 381
79 409
79 539
79 599
79 313
79 439
79 113
79 203
80 82
80 84
80 87
80 88
80 90
80 92
80 94
80 115
80 272
80 518
80 562
80 594
80 118
80 209
80 529
80 482
80 472
80 451
80 526
80 252
80 287
80 446
81 82
81 83
81 84
81 85
81 87
81 90
81 91
81 93
81 95
81 220
81 510
81 303
81 164
81 428
81 575
81 394
81 589
81 158
81 143
81 267
81 439
81 547
81 234
81 389
81 507
81 202
82 83
82 86
82 87
82 88
82 89
82 91
82 96
82 97
82 573
82 533
82 536
82 464
82 519
82 587
82 478
82 176
82 388
82 288
82 197
82 440
83 85
83 87
83 88
83 89
83 92
83 94
83 95
83 96
83 98
83 509
83 123
83 407
83 307
83 396
83 522
83 598
83 201
83 554
83 226
83 400
83 515
84 85
84 91
84 92
84 94
84 95
84 98
84 99
84 306
84 382
84 457
84 392
84 496
84 165
84 272
84 451
84 492
84 502
84 356
84 417
84 494
84 560
84 328
84 512
85 86
85 89
85 90
85 92
85 95
85 97
85 265
85 190
85 585
85 471
85 402
85 279
85 466
85 555
85 443
85 145
85 382
85 136
85 406
85 591
85 226
85 369
85 551
85 590
86 87
86 88
86 89
86 90
86 91
86 92
86 93
86 95
86 96
86 98
86 99
86 100
86 101
86 339
86 395
86 546
86 102
86 425
86 126
86 248
86 399
86 429
87 88
87 90
87 95
87 99
87 100
87 101
87 102
87 208
87 407
87 431
87 369
87 435
87 417
87 527
87 597
87 541
87 268
87 282
87 457
87 532
88 93
88 98
88 99
88 101
88 102
88 103
88 493
88 132
88 570
88 376
88 219
88 475
88 369
88 141
88 503
88 143
88 315
88 129
88 523
88 224
89 90
89 94
89 95
89 97
89 99
89 101
89 102
89 103
89 104
89 350
89 388
89 428
89 146
89 199
89 594
89 494
89 360
89 458
89 374
89 196
89 161
89 554
90 91
90 92
90 93
90 94
90 96
90 97
90 98
90 99
90 101
90 103
90 105
90 136
90 321
90 106
90 138
90 159
90 566
90 226
90 231
90 517
90 392
90 156
90 134
90 338
90 361
91 94
91 95
91 98
91 100
91 104
91 534
91 117
91 569
91 210
91 206
91 301
91 246
91 547
91 453
91 595
91 420
91 324
92 93
92 94
92 97
92 101
92 102
92 104
92 106
92 213
92 299
92 128
92 377
92 308
92 432
92 376
92 527
92 234
92 437
92 569
92 396
92 370
92 130
92 127
92 476
93 96
93 97
93 101
93 104
93 105
93 106
93 108
93 526
93 458
93 337
93 218
93 162
93 336
93 128
93 391
93 190
93 191
93 198
93 566
93 496
93 171
93 384
93 581
94 95
94 97
94 98
94 99
94 107
94 108
94 568
94 287
94 361
94 432
94 387
94 282
94 161
94 454
94 452
95 96
95 97
95 98
95 100
95 101
95 103
95 105
95 106
95 107
95 108
95 109
95 110
95 403
95 198
95 221
95 314
95 309
95 351
95 384
95 313
95 276
96 102
96 103
96 104
96 106
96 108
96 109
96 110
96 277
96 135
96 511
96 379
96 537
96 342
96 453
96 454
96 435
96 412
96 436
96 417
96 397
97 98
97 99
97 102
97 103
97 104
97 105
97 106
97 107
97 109
97 111
97 112
97 292
97 535
97 558
97 375
97 494
97 353
97 350
97 225
98 99
98 101
98 104
98 105
98 110
98 111
98 352
98 144
98 366
98 370
98 379
98 438
98 319
98 486
98 565
98 554
98 258
98 344
98 558
98 378
98 596
99 100
99 103
99 104
99 106
99 107
99 108
99 111
99 112
99 113
99 114
99 599
99 125
99 242
99 349
99 535
99 504
99 148
99 430
99 576
99 598
99 387
99 286
100 101
100 103
100 104
100 105
100 107
100 108
100 111
100 113
100 115
100 322
100 399
100 258
100 539
100 555
100 269
100 314
100 572
100 565
100 435
100 455
100 540
101 102
101 103
101 105
101 106
101 107
101 108
101 110
101 111
101 112
101 113
101 114
101 534
101 513
101 220
101 577
101 258
101 221
101 436
101 158
101 408
102 103
102 105
102 107
102 109
102 112
102 113
102 117
102 545
102 428
102 194
102 420
102 427
102 193
102 303
102 437
102 564
102 353
103 104
103 108
103 110
103 111
103 114
103 115
103 118
103 520
103 379
103 566
103 432
103 229
103 141
103 324
103 368
103 545
103 342
103 218
103 385
103 422
103 173
103 224
103 271
103 394
104 107
104 115
104 116
104 118
104 573
104 132
104 176
104 416
104 524
104 126
104 406
104 492
104 553
104 359
104 348
104 506
104 422
104 110
104 402
104 152
105 108
105 111
105 112
105 114
105 115
105 116
105 117
105 119
105 120
105 325
105 387
105 179
105 170
105 470
105 406
105 479
105 539
105 277
105 431
106 107
106 108
106 111
106 114
106 116
106 117
106 118
106 119
106 120
106 196
106 572
106 165
106 391
106 517
106 525
106 463
106 431
106 184
106 134
106 159
106 115
106 371
107 109
107 112
107 113
107 115
107 116
107 118
107 119
107 122
107 345
107 204
107 269
107 424
107 579
107 404
107 316
107 354
107 488
107 328
107 493
107 516
107 111
107 247
107 398
107 202
108 109
108 110
108 114
108 115
108 118
108 120
108 121
108 317
108 328
108 485
108 314
108 248
108 408
108 565
108 156
108 454
108 232
108 512
108 575
108 179
108 578
108 406
109 110
109 111
109 112
109 113
109 115
109 117
109 118
109 121
109 123
109 124
109 554
109 221
109 444
109 346
109 378
109 380
109 485
109 549
109 362
109 535
110 111
110 112
110 115
110 118
110 124
110 453
110 469
110 261
110 516
110 205
110 178
110 292
110 232
110 208
110 302
110 202
110 492
110 177
110 576
110 585
110 415
110 131
110 322
110 530
110 462
110 423
111 112
111 113
111 114
111 116
111 118
111 120
111 124
111 125
111 126
111 226
111 507
111 187
111 241
111 566
111 457
111 289
111 484
111 330
111 522
111 548
112 115
112 116
112 118
112 120
112 121
112 123
112 126
112 429
112 367
112 260
112 351
112 402
112 229
112 174
112 443
112 411
112 486
112 413
112 249
112 136
112 282
112 113
112 220
112 569
113 114
113 119
113 392
113 456
113 596
113 331
113 282
113 429
113 312
113 380
113 275
113 571
114 116
114 124
114 128
114 437
114 351
114 559
114 158
114 299
114 509
114 215
114 485
114 364
114 495
114 221
114 507
114 502
114 597
115 116
115 117
115 120
115 122
115 124
115 125
115 126
115 458
115 327
115 324
115 541
115 374
115 577
115 298
115 429
115 414
115 564
115 443
115 201
115 200
115 461
115 411
115 302
116 119
116 120
116 121
116 123
116 124
116 125
116 127
116 128
116 130
116 131
116 424
116 400
116 277
116 522
116 543
116 160
116 382
117 118
117 123
117 124
117 125
117 126
117 131
117 132
117 548
117 349
117 539
117 293
117 336
117 315
117 154
117 212
117 328
117 309
117 363
118 121
118 125
118 126
118 129
118 130
118 131
118 177
118 197
118 414
118 394
118 147
118 310
118 261
118 593
118 210
119 123
119 124
119 126
119 127
119 131
119 132
119 133
119 509
119 235
119 225
119 447
119 475
119 292
119 499
119 320
119 376
119 150
119 571
119 585
119 277
120 121
120 122
120 124
120 127
120 128
120 130
120 131
120 132
120 134
120 135
120 230
120 541
120 317
120 362
120 452
120 497
120 559
120 295
120 245
120 384
121 122
121 123
121 124
121 126
121 129
121 130
121 133
121 134
121 135
121 542
121 516
121 277
121 379
121 137
121 201
121 447
121 459
121 523
121 164
121 248
122 124
122 125
122 126
122 127
122 128
122 131
122 132
122 136
122 310
122 542
122 450
122 202
122 257
122 451
122 499
122 378
122 389
122 560
123 125
123 126
123 128
123 129
123 131
123 133
123 134
123 136
123 137
123 598
123 202
123 383
123 462
123 592
123 152
123 386
124 128
124 129
124 130
124 131
124 133
124 134
124 135
124 136
124 138
124 139
124 228
124 230
124 333
124 140
124 432
124 403
124 232
124 551
124 288
124 149
124 438
124 174
125 128
125 130
125 131
125 132
125 133
125 135
125 138
125 465
125 592
125 329
125 397
125 496
125 523
125 418
125 423
125 209
125 576
125 322
125 220
125 246
125 388
125 545
126 127
126 129
126 130
126 133
126 134
126 135
126 136
126 137
126 139
126 140
126 452
126 181
126 369
126 459
126 276
126 280
126 493
126 156
127 128
127 131
127 133
127 135
127 136
127 141
127 142
127 585
127 378
127 375
127 413
127 299
127 217
127 132
127 406
127 401
127 497
127 463
127 452
128 130
128 133
128 134
128 135
128 138
128 139
128 140
128 141
128 581
128 185
128 302
128 386
128 354
128 242
128 176
128 388
128 479
128 234
128 232
129 130
129 133
129 135
129 136
129 137
129 138
129 139
129 144
129 200
129 511
129 561
129 479
129 345
129 370
129 581
129 552
129 326
129 484
130 132
130 136
130 139
130 140
130 142
130 145
130 475
130 248
130 450
130 173
130 355
130 162
130 375
130 275
130 404
130 582
130 159
130 272
130 369
130 577
131 134
131 138
131 139
131 141
131 142
131 145
131 528
131 369
131 264
131 311
131 495
131 158
131 280
131 462
131 208
132 133
132 137
132 138
132 139
132 140
132 143
132 271
132 414
132 481
132 316
132 166
132 152
132 186
132 291
132 550
132 208
132 416
133 134
133 135
133 137
133 139
133 142
133 143
133 145
133 147
133 182
133 561
133 453
133 547
133 394
133 153
133 388
133 430
133 489
133 330
133 438
133 305
133 498
133 519
133 422
133 327
134 136
134 137
134 142
134 143
134 145
134 146
134 148
134 149
134 205
134 169
134 548
134 419
134 179
134 473
134 460
134 481
134 407
134 188
134 310
134 266
135 136
135 137
135 139
135 140
135 142
135 143
135 146
135 148
135 149
135 150
135 199
135 587
135 460
135 397
135 244
135 593
135 369
135 463
135 286
135 490
135 420
135 163
136 137
136 140
136 141
136 143
136 145
136 147
136 148
136 151
136 251
136 429
136 262
136 598
136 448
136 384
136 265
136 498
136 139
136 295
136 547
136 492
136 572
137 138
137 139
137 140
137 142
137 143
137 146
137 148
137 149
137 150
137 501
137 562
137 578
137 346
137 300
137 156
137 500
137 246
137 225
138 139
138 144
138 148
138 149
138 150
138 153
138 166
138 288
138 585
138 579
138 380
138 435
138 262
138 243
138 483
138 400
138 173
138 248
138 515
139 142
139 144
139 145
139 146
139 148
139 149
139 151
139 152
139 153
139 154
139 477
139 419
139 585
139 403
139 209
139 277
139 253
139 566
140 142
140 143
140 144
140 151
140 537
140 163
140 487
140 565
140 165
140 301
140 428
140 376
140 278
140 452
140 404
140 237
140 400
140 219
140 346
141 142
141 143
141 145
141 147
141 149
141 150
141 152
141 155
141 156
141 433
141 488
141 368
141 542
141 248
141 315
141 197
141 430
141 349
141 474
142 144
142 146
142 149
142 151
142 153
142 156
142 157
142 361
142 252
142 285
142 296
142 580
142 279
142 365
142 188
142 574
142 300
142 297
143 144
143 145
143 149
143 156
143 158
143 325
143 445
143 243
143 494
143 522
143 347
143 259
143 402
143 192
143 399
143 234
143 524
143 456
143 292
143 340
143 331
143 419
144 145
144 148
144 151
144 152
144 154
144 155
144 156
144 159
144 208
144 457
144 474
144 315
144 562
144 297
144 520
144 599
144 451
145 149
145 150
145 153
145 156
145 158
145 159
145 344
145 284
145 318
145 279
145 417
145 561
145 281
145 210
145 335
145 489
145 426
145 273
145 514
145 534
146 149
146 150
146 152
146 154
146 156
146 160
146 161
146 250
146 290
146 171
146 361
146 374
146 457
146 497
146 421
146 386
146 318
146 365
147 149
147 153
147 155
147 160
147 162
147 509
147 243
147 515
147 334
147 274
147 519
147 423
147 312
147 537
147 494
147 234
147 434
147 566
147 291
147 375
148 150
148 152
148 153
148 154
148 155
148 156
148 157
148 160
148 321
148 566
148 593
148 484
148 299
148 525
148 355
148 352
148 329
148 426
149 152
149 153
149 155
149 159
149 161
149 163
149 173
149 385
149 428
149 453
149 580
149 169
149 390
149 333
149 238
149 268
149 187
150 153
150 154
150 155
150 158
150 159
150 160
150 161
150 162
150 227
150 219
150 279
150 546
150 431
150 590
150 397
150 334
150 439
150 535
150 395
151 154
151 158
151 159
151 160
151 161
151 162
151 166
151 598
151 416
151 243
151 360
151 204
151 538
151 460
151 332
151 331
151 555
151 293
151 277
151 338
151 318
151 504
152 154
152 156
152 157
152 161
152 162
152 164
152 442
152 334
152 367
152 426
152 581
152 431
152 563
152 196
152 339
152 328
152 482
152 280
153 154
153 155
153 159
153 160
153 161
153 164
153 166
153 167
153 168
153 184
153 361
153 213
153 433
153 406
153 370
153 435
153 389
153 462
153 261
153 499
153 448
153 451
153 501
153 202
154 155
154 156
154 158
154 159
154 165
154 166
154 167
154 169
154 341
154 307
154 418
154 241
154 314
154 538
154 274
154 346
154 492
154 269
154 363
154 571
154 367
154 263
154 469
154 450
154 193
154 335
155 157
155 158
155 161
155 162
155 164
155 166
155 167
155 168
155 169
155 170
155 556
155 587
155 354
155 336
155 442
156 157
156 158
156 160
156 166
156 168
156 171
156 345
156 364
156 300
156 365
156 465
156 419
156 570
156 404
156 472
156 224
156 399
156 243
156 284
157 160
157 163
157 166
157 170
157 186
157 489
157 234
157 571
157 342
157 501
157 460
157 550
157 390
157 541
157 587
157 525
158 159
158 160
158 161
158 162
158 164
158 165
158 166
158 169
158 173
158 367
158 252
158 405
158 414
158 353
158 396
158 246
158 216
158 394
158 253
159 160
159 161
159 164
159 166
159 167
159 169
159 170
159 174
159 479
159 219
159 522
159 520
159 544
159 400
159 573
159 330
160 161
160 163
160 166
160 167
160 169
160 170
160 172
160 174
160 229
160 284
160 226
160 213
160 410
160 455
160 187
160 348
160 285
160 217
160 390
160 532
161 164
161 165
161 167
161 171
161 172
161 175
161 176
161 537
161 543
161 548
161 401
161 207
161 247
161 249
161 208
161 497
161 313
161 177
161 326
161 273
162 165
162 168
162 173
162 174
162 175
162 176
162 510
162 181
162 582
162 487
162 517
162 464
162 520
162 200
162 549
162 178
162 278
162 386
162 313
162 179
163 168
163 174
163 175
163 434
163 339
163 429
163 197
163 580
163 494
163 348
163 489
163 307
163 284
163 582
163 597
163 578
163 570
163 584
163 336
163 504
163 451
163 491
164 165
164 167
164 168
164 170
164 171
164 172
164 175
164 176
164 177
164 179
164 536
164 400
164 220
164 572
164 292
164 575
164 324
164 555
164 200
164 368
165 171
165 172
165 173
165 174
165 176
165 177
165 178
165 179
165 591
165 465
165 299
165 291
165 390
165 373
165 457
165 593
166 167
166 170
166 171
166 174
166 175
166 176
166 178
166 180
166 438
166 187
166 502
166 535
166 532
166 507
166 248
166 420
166 399
166 351
166 377
166 228
167 169
167 172
167 173
167 176
167 179
167 180
167 181
167 546
167 521
167 423
167 340
167 259
167 567
167 384
167 419
167 466
167 382
167 334
168 170
168 172
168 177
168 178
168 179
168 181
168 182
168 183
168 247
168 535
168 218
168 301
168 356
168 345
168 595
168 216
168 231
169 172
169 174
169 176
169 177
169 180
169 182
169 184
169 283
169 593
169 567
169 437
169 350
169 221
169 267
169 475
169 211
169 582
169 562
170 171
170 175
170 176
170 177
170 178
170 180
170 183
170 184
170 225
170 440
170 530
170 408
170 349
170 249
170 465
171 174
171 175
171 176
171 178
171 179
171 183
171 184
171 186
171 215
171 463
171 592
171 232
171 204
172 175
172 176
172 177
172 180
172 183
172 185
172 581
172 461
172 301
172 559
172 399
172 500
172 498
172 310
172 412
172 593
172 249
172 474
172 277
173 176
173 181
173 182
173 183
173 184
173 186
173 330
173 189
173 497
173 413
173 542
173 595
173 320
173 288
173 502
174 175
174 176
174 177
174 178
174 179
174 180
174 181
174 183
174 185
174 186
174 187
174 189
174 243
174 277
174 568
174 585
174 487
174 491
174 581
174 583
174 336
174 530
175 177
175 178
175 180
175 181
175 182
175 183
175 186
175 285
175 193
175 255
175 419
175 451
175 191
175 407
175 417
175 290
175 392
175 523
175 469
176 178
176 180
176 181
176 188
176 190
176 389
176 335
176 249
176 244
176 218
176 437
176 240
176 196
176 247
176 565
176 380
176 509
176 550
176 581
176 265
177 178
177 179
177 180
177 181
177 182
177 183
177 184
177 185
177 186
177 187
177 189
177 191
177 192
177 242
177 471
177 506
177 284
177 313
177 399
177 196
178 179
178 181
178 183
178 185
178 186
178 187
178 191
178 192
178 555
178 366
178 311
178 598
178 266
178 308
178 217
178 339
178 490
178 213
178 442
178 394
178 258
178 558
179 181
179 186
179 189
179 192
179 193
179 194
179 458
179 497
179 287
179 333
179 330
179 342
179 421
179 248
179 216
179 255
179 334
179 346
179 381
179 522
180 183
180 184
180 185
180 189
180 192
180 193
180 194
180 195
180 308
180 225
180 480
180 425
180 563
180 318
180 562
180 393
180 222
180 497
180 451
180 293
180 561
180 555
181 182
181 185
181 186
181 188
181 189
181 190
181 192
181 194
181 288
181 375
181 395
181 222
181 294
181 249
181 198
181 384
181 413
181 341
181 582
182 185
182 186
182 189
182 190
182 191
182 330
182 447
182 525
182 583
182 204
182 458
182 246
182 478
182 297
182 356
182 485
182 483
182 331
183 186
183 188
183 192
183 193
183 194
183 196
183 197
183 198
183 276
183 433
183 255
183 262
183 451
183 295
183 553
183 306
183 497
183 323
184 186
184 187
184 190
184 192
184 194
184 196
184 197
184 198
184 591
184 268
184 519
184 414
184 354
184 215
184 283
184 571
185 188
185 191
185 192
185 193
185 194
185 196
185 197
185 199
185 234
185 257
185 313
185 579
185 488
185 389
185 382
185 412
185 324
185 398
185 475
186 191
186 192
186 194
186 196
186 197
186 198
186 199
186 200
186 232
186 591
186 237
186 190
186 299
186 276
186 333
187 188
187 189
187 190
187 192
187 193
187 194
187 195
187 196
187 199
187 200
187 481
187 568
187 389
187 402
187 382
187 592
187 216
187 241
188 189
188 190
188 191
188 193
188 194
188 198
188 202
188 224
188 220
188 374
188 576
188 239
188 355
188 423
188 354
188 319
189 191
189 192
189 193
189 195
189 196
189 198
189 200
189 201
189 202
189 203
189 204
189 315
189 450
189 477
189 434
189 218
190 193
190 195
190 196
190 198
190 199
190 200
190 202
190 203
190 204
190 205
190 493
190 469
190 304
190 216
190 360
190 290
190 513
190 401
190 575
191 194
191 196
191 199
191 200
191 202
191 204
191 205
191 505
191 273
191 274
191 597
191 500
191 426
191 266
191 341
192 193
192 195
192 196
192 198
192 200
192 202
192 205
192 206
192 253
192 486
192 407
192 234
192 500
192 582
192 248
192 533
192 594
192 322
192 473
192 348
192 340
192 472
192 532
193 194
193 196
193 198
193 199
193 203
193 205
193 239
193 281
193 319
193 509
193 423
193 309
193 230
193 419
193 377
193 312
194 196
194 197
194 198
194 199
194 203
194 204
194 205
194 206
194 207
194 208
194 209
194 463
194 274
194 557
194 371
194 401
194 309
195 196
195 197
195 199
195 203
195 206
195 207
195 208
195 209
195 297
195 589
195 580
195 343
195 313
195 216
195 544
195 323
195 541
195 502
195 362
195 308
195 425
195 577
196 197
196 201
196 207
196 208
196 210
196 393
196 366
196 536
196 362
196 598
196 331
196 417
196 342
196 334
196 507
197 203
197 204
197 205
197 206
197 208
197 210
197 567
197 243
197 252
197 561
197 565
197 256
198 199
198 203
198 204
198 206
198 207
198 208
198 210
198 211
198 213
198 500
198 411
198 576
198 382
198 551
198 376
198 309
199 202
199 203
199 206
199 208
199 209
199 211
199 212
199 214
199 390
199 557
199 367
199 471
199 374
199 254
199 461
199 518
199 322
199 473
200 202
200 203
200 204
200 205
200 208
200 210
200 211
200 215
200 547
200 292
200 399
200 250
200 291
200 586
200 325
201 202
201 204
201 206
201 207
201 216
201 286
201 499
201 492
201 321
201 586
201 465
201 551
201 581
201 413
201 489
201 315
202 205
202 207
202 208
202 213
202 214
202 217
202 220
202 546
202 468
202 221
202 226
202 229
202 410
202 477
202 230
202 319
202 282
202 311
202 417
202 514
203 204
203 206
203 207
203 209
203 211
203 215
203 218
203 354
203 323
203 285
203 599
203 258
203 480
203 333
203 434
203 387
204 207
204 210
204 211
204 212
204 213
204 214
204 216
204 218
204 219
204 369
204 493
204 399
204 327
204 356
204 501
204 335
204 260
205 206
205 208
205 209
205 213
205 214
205 215
205 217
205 219
205 220
205 460
205 288
205 279
205 230
205 500
205 331
205 431
205 440
205 595
205 242
205 567
205 471
205 280
205 321
205 527
206 207
206 210
206 211
206 212
206 214
206 216
206 217
206 220
206 249
206 593
206 457
207 208
207 209
207 210
207 211
207 215
207 217
207 218
207 221
207 395
207 509
207 268
207 327
207 508
207 324
207 585
207 517
207 271
207 381
207 513
208 212
208 214
208 220
208 364
208 346
208 556
208 472
208 391
208 494
208 358
208 318
208 291
208 585
208 415
208 292
209 213
209 214
209 216
209 217
209 218
209 220
209 221
209 223
209 560
209 339
209 306
209 477
209 476
209 481
209 536
209 491
209 304
209 426
209 261
209 316
210 211
210 212
210 215
210 216
210 220
210 222
210 223
210 224
210 332
210 395
210 398
210 484
210 470
210 353
210 565
210 599
211 212
211 213
211 218
211 221
211 222
211 225
211 379
211 495
211 444
211 409
211 561
211 446
211 471
211 549
211 364
211 425
211 376
211 369
211 520
211 426
212 213
212 215
212 216
212 221
212 225
212 226
212 227
212 421
212 299
212 408
212 476
212 402
212 486
212 535
212 330
212 504
212 496
212 378
212 258
212 484
212 286
213 215
213 216
213 219
213 220
213 221
213 222
213 224
213 225
213 226
213 227
213 228
213 367
213 251
213 445
213 261
214 215
214 216
214 220
214 222
214 223
214 224
214 225
214 226
214 227
214 228
214 238
214 303
214 551
214 420
214 505
214 284
214 246
215 216
215 220
215 223
215 224
215 226
215 227
215 230
215 539
215 545
215 359
215 594
215 455
215 410
215 275
215 305
215 513
216 217
216 220
216 221
216 222
216 223
216 226
216 230
216 231
216 246
216 517
216 523
216 466
216 590
216 410
216 337
216 458
217 218
217 221
217 222
217 224
217 225
217 227
217 229
217 230
217 232
217 423
217 262
217 379
217 421
217 449
217 329
217 400
218 226
218 228
218 229
218 231
218 232
218 233
218 568
218 488
218 535
218 562
218 306
218 283
218 571
218 565
218 577
218 269
218 367
219 222
219 223
219 229
219 230
219 231
219 233
219 234
219 552
219 302
219 575
219 249
219 529
219 309
219 531
219 459
219 433
219 338
219 343
219 521
219 485
220 221
220 222
220 224
220 225
220 228
220 229
220 232
220 233
220 234
220 350
220 552
220 589
220 499
220 471
220 282
220 284
220 451
220 571
221 224
221 226
221 227
221 228
221 229
221 230
221 231
221 234
221 424
221 241
221 557
221 354
221 414
221 391
221 409
221 301
221 374
221 364
221 576
221 264
221 535
221 490
221 251
221 377
222 224
222 226
222 227
222 228
222 229
222 231
222 232
222 233
222 234
222 237
222 491
222 252
222 356
222 392
222 367
222 454
223 225
223 227
223 228
223 229
223 230
223 235
223 236
223 237
223 238
223 383
223 418
223 497
223 288
223 286
223 439
223 394
223 390
224 226
224 230
224 231
224 232
224 233
224 234
224 235
224 238
224 264
224 462
224 380
224 545
224 324
224 284
224 278
224 248
225 226
225 227
225 228
225 229
225 235
225 237
225 238
225 239
225 276
225 565
225 277
225 422
225 551
225 398
225 588
225 326
225 375
226 227
226 229
226 232
226 237
226 238
226 441
226 473
226 478
226 586
226 398
226 477
226 491
226 532
226 323
226 566
227 228
227 230
227 232
227 234
227 235
227 236
227 237
227 240
227 242
227 542
227 427
227 276
227 320
227 335
227 390
227 357
227 368
227 580
227 386
227 448
228 230
228 233
228 235
228 236
228 237
228 239
228 242
228 549
228 270
228 393
228 353
228 558
228 536
228 244
228 258
228 265
228 363
228 455
228 460
228 537
228 486
228 526
228 369
229 230
229 236
229 237
229 240
229 241
229 242
229 243
229 442
229 518
229 356
229 533
229 404
229 384
229 328
229 389
229 332
230 232
230 235
230 237
230 239
230 240
230 245
230 531
230 358
230 342
230 599
230 252
230 271
230 275
231 232
231 237
231 238
231 240
231 242
231 245
231 246
231 302
231 582
231 331
231 539
231 474
231 392
231 311
231 453
231 532
231 365
231 425
232 233
232 234
232 236
232 238
232 239
232 240
232 242
232 243
232 244
232 247
232 527
232 499
232 372
232 412
232 284
232 485
232 563
232 570
232 488
232 497
232 366
233 234
233 235
233 236
233 238
233 239
233 241
233 242
233 243
233 245
233 246
233 247
233 331
233 538
233 450
233 518
233 428
233 285
233 338
233 304
234 236
234 239
234 241
234 243
234 246
234 247
234 565
234 520
234 578
234 589
234 350
234 324
234 548
234 281
234 487
235 237
235 238
235 239
235 241
235 243
235 246
235 247
235 248
235 522
235 313
235 428
235 550
235 297
235 329
235 358
236 238
236 239
236 240
236 241
236 242
236 243
236 246
236 247
236 249
236 251
236 364
236 303
236 576
236 265
236 481
236 542
236 464
236 573
236 522
236 472
236 590
237 239
237 246
237 249
237 251
237 534
237 285
237 270
237 507
237 324
237 363
237 291
237 313
237 461
237 338
237 279
237 253
237 576
237 453
237 582
237 585
237 277
237 598
238 239
238 244
238 245
238 246
238 252
238 253
238 406
238 518
238 402
238 407
238 304
238 538
238 272
238 532
238 419
238 502
238 537
238 249
238 434
238 493
239 241
239 244
239 246
239 247
239 249
239 251
239 252
239 577
239 310
239 375
239 436
239 462
239 341
239 478
240 241
240 243
240 244
240 247
240 250
240 251
240 255
240 505
240 258
240 574
240 523
240 585
240 313
240 395
240 526
240 528
240 321
240 352
240 350
240 554
241 244
241 245
241 248
241 251
241 253
241 254
241 255
241 428
241 351
241 386
241 457
241 273
241 336
241 536
241 571
241 523
241 516
242 249
242 251
242 252
242 255
242 410
242 495
242 525
242 427
242 391
242 462
242 417
242 340
242 593
243 244
243 247
243 252
243 253
243 255
243 257
243 483
243 344
243 361
243 485
243 570
243 471
243 324
243 504
243 443
243 484
243 376
244 245
244 247
244 253
244 254
244 255
244 256
244 257
244 282
244 598
244 331
244 505
244 266
244 451
244 492
244 275
244 250
245 246
245 247
245 248
245 249
245 250
245 252
245 254
245 258
245 259
245 260
245 430
245 557
245 428
245 520
245 325
245 377
246 247
246 248
246 249
246 251
246 254
246 255
246 258
246 259
246 453
246 596
246 509
246 343
246 398
246 278
246 379
246 292
246 395
247 248
247 250
247 252
247 257
247 259
247 260
247 261
247 262
247 512
247 341
247 514
247 389
247 532
247 249
247 598
247 297
247 402
247 271
247 536
248 249
248 254
248 257
248 258
248 259
248 260
248 261
248 334
248 570
248 415
248 409
248 569
248 433
248 335
248 408
248 302
248 386
249 250
249 251
249 252
249 253
249 258
249 262
249 596
249 377
249 595
249 384
249 490
249 369
249 354
249 497
249 366
250 251
250 252
250 253
250 254
250 258
250 260
250 261
250 264
250 491
250 434
250 524
250 319
250 384
250 352
250 334
250 457
251 253
251 254
251 255
251 257
251 258
251 263
251 264
251 265
251 366
251 565
251 388
251 404
251 566
251 392
252 253
252 254
252 258
252 259
252 261
252 263
252 264
252 287
252 403
252 493
252 437
252 463
252 350
252 400
252 598
252 390
252 539
252 588
252 506
253 255
253 256
253 257
253 258
253 259
253 260
253 261
253 262
253 264
253 266
253 268
253 434
253 499
253 330
253 297
253 419
253 418
253 560
253 326
254 255
254 257
254 258
254 259
254 260
254 264
254 266
254 268
254 348
254 474
254 302
254 366
254 368
254 507
254 460
254 527
254 410
255 261
255 262
255 263
255 264
255 267
255 269
255 270
255 507
255 589
255 533
255 454
255 505
255 594
255 583
255 317
256 257
256 258
256 259
256 262
256 264
256 266
256 267
256 268
256 269
256 270
256 553
256 595
256 450
256 303
256 572
256 588
257 260
257 261
257 263
257 265
257 267
257 272
257 564
257 309
257 541
257 476
257 347
257 539
257 472
257 517
257 416
257 392
257 285
257 360
258 259
258 260
258 267
258 268
258 270
258 272
258 357
258 444
258 325
258 595
258 277
258 390
258 420
259 262
259 263
259 264
259 266
259 268
259 269
259 270
259 271
259 272
259 273
259 274
259 341
259 484
259 486
259 308
259 532
259 598
260 261
260 264
260 266
260 267
260 357
260 347
260 428
260 577
260 297
260 404
261 263
261 264
261 266
261 267
261 268
261 276
261 413
261 376
261 425
261 385
261 509
261 493
261 300
261 317
261 411
262 265
262 271
262 272
262 273
262 274
262 275
262 276
262 277
262 458
262 424
262 391
263 264
263 265
263 267
263 268
263 270
263 271
263 274
263 278
263 360
263 404
263 433
263 334
263 575
263 597
263 531
264 265
264 267
264 268
264 269
264 271
264 273
264 278
264 507
264 495
264 493
264 287
264 472
264 486
264 584
264 450
264 563
264 296
265 267
265 268
265 269
265 271
265 272
265 273
265 275
265 277
265 278
265 466
265 301
265 454
265 430
266 267
266 270
266 273
266 275
266 277
266 281
266 399
266 470
266 337
266 584
266 458
266 395
266 336
267 268
267 269
267 271
267 272
267 273
267 274
267 275
267 278
267 281
267 282
267 484
267 476
267 296
267 490
267 378
267 556
267 308
267 517
268 269
268 270
268 272
268 276
268 277
268 278
268 280
268 282
268 283
268 440
268 317
268 413
268 599
268 566
268 494
269 270
269 271
269 278
269 279
269 328
269 385
269 408
269 497
269 470
269 337
269 463
269 324
269 563
269 596
269 352
269 473
270 272
270 276
270 279
270 280
270 281
270 282
270 283
270 533
270 316
270 598
270 594
270 480
270 525
270 432
270 542
270 562
270 500
271 272
271 274
271 276
271 277
271 279
271 281
271 283
271 535
271 380
271 543
271 419
271 307
271 475
271 495
271 523
271 498
272 273
272 275
272 276
272 278
272 279
272 281
272 282
272 283
272 286
272 287
272 535
272 356
272 460
272 540
272 502
272 424
272 594
273 274
273 275
273 276
273 279
273 283
273 285
273 288
273 593
273 519
273 398
273 394
273 364
273 514
273 391
273 557
273 399
273 360
273 316
273 301
274 275
274 277
274 279
274 280
274 284
274 285
274 286
274 288
274 289
274 577
274 576
274 574
274 323
275 277
275 278
275 279
275 282
275 284
275 285
275 288
275 289
275 522
275 313
275 560
275 459
275 306
275 548
275 495
275 549
275 515
275 576
275 453
275 594
276 277
276 278
276 281
276 284
276 285
276 288
276 461
276 549
276 344
276 594
276 351
276 435
276 527
276 331
277 280
277 281
277 282
277 285
277 286
277 290
277 294
277 308
277 371
277 472
277 434
277 514
278 279
278 280
278 281
278 282
278 283
278 286
278 287
278 289
278 313
278 502
278 357
278 342
278 428
279 280
279 281
279 283
279 285
279 287
279 290
279 291
279 292
279 434
279 518
279 574
279 519
279 587
279 550
279 405
280 282
280 283
280 285
280 287
280 288
280 290
280 291
280 292
280 293
280 294
280 319
280 594
280 493
280 524
281 284
281 285
281 290
281 291
281 293
281 294
281 295
281 296
281 332
281 525
281 437
281 585
281 582
282 283
282 287
282 288
282 289
282 290
282 291
282 294
282 295
282 466
282 464
282 467
282 573
282 406
282 318
282 427
282 359
282 446
283 285
283 286
283 291
283 292
283 294
283 295
283 296
283 297
283 341
283 357
283 506
283 311
283 485
283 310
283 518
283 417
284 285
284 286
284 287
284 288
284 289
284 293
284 294
284 319
284 493
284 497
284 420
284 533
284 358
285 287
285 289
285 292
285 293
285 295
285 297
285 298
285 401
285 420
285 432
285 556
286 287
286 288
286 291
286 292
286 293
286 294
286 295
286 296
286 297
286 298
286 370
286 500
286 428
286 565
286 498
287 290
287 291
287 293
287 295
287 296
287 297
287 299
287 300
287 305
287 332
287 507
287 519
287 311
287 313
287 368
287 530
288 295
288 296
288 298
288 300
288 303
288 307
288 394
288 507
288 499
288 512
289 290
289 293
289 297
289 299
289 301
289 302
289 304
289 378
289 397
289 501
289 523
289 599
289 312
289 496
289 455
289 534
290 293
290 294
290 295
290 296
290 297
290 299
290 301
290 305
290 336
290 327
290 392
290 529
290 581
290 466
290 337
291 296
291 297
291 300
291 301
291 303
291 305
291 506
291 413
291 533
291 529
291 378
291 347
291 365
291 465
291 357
291 589
291 441
291 497
291 468
292 294
292 295
292 296
292 300
292 301
292 302
292 303
292 306
292 516
292 419
292 451
292 447
292 440
292 408
292 336
293 294
293 296
293 297
293 298
293 299
293 302
293 305
293 306
293 307
293 308
293 419
293 513
293 369
293 449
293 585
293 438
293 464
294 297
294 298
294 300
294 303
294 304
294 306
294 307
294 309
294 333
294 426
294 517
294 393
294 478
294 390
294 454
294 514
294 568
294 376
295 296
295 298
295 300
295 303
295 304
295 305
295 309
295 310
295 458
295 537
295 573
295 501
295 586
296 297
296 299
296 300
296 302
296 303
296 305
296 306
296 308
296 309
296 311
296 528
296 380
296 503
296 427
296 338
296 446
297 301
297 302
297 304
297 306
297 310
297 311
297 312
297 337
297 439
297 561
297 374
297 388
297 383
297 459
297 365
298 302
298 303
298 304
298 305
298 307
298 308
298 309
298 310
298 311
298 313
298 475
298 524
298 344
299 300
299 302
299 303
299 304
299 308
299 310
299 312
299 313
299 490
299 358
299 416
299 577
299 340
299 421
300 301
300 302
300 308
300 309
300 310
300 311
300 313
300 314
300 315
300 522
300 554
300 361
300 501
300 409
300 468
300 512
300 582
301 302
301 303
301 304
301 305
301 308
301 310
301 312
301 313
301 314
301 316
301 573
301 474
301 560
301 439
301 543
302 306
302 310
302 312
302 313
302 314
302 315
302 317
302 420
302 385
302 544
302 474
302 543
303 304
303 305
303 308
303 309
303 310
303 311
303 312
303 313
303 315
303 316
303 403
303 338
303 509
303 332
303 466
303 423
303 523
304 307
304 308
304 310
304 312
304 313
304 316
304 318
304 319
304 528
304 367
304 439
304 523
304 557
304 410
304 401
304 396
304 419
304 372
305 306
305 308
305 310
305 312
305 316
305 317
305 318
305 524
305 402
305 417
305 494
305 594
305 394
305 550
305 359
305 579
306 309
306 310
306 313
306 315
306 316
306 317
306 319
306 583
306 491
306 511
306 373
307 309
307 314
307 317
307 318
307 320
307 321
307 322
307 377
307 355
307 599
307 549
307 491
307 520
307 427
307 363
308 309
308 311
308 314
308 315
308 322
308 323
308 449
308 578
308 330
308 503
308 341
308 480
308 535
308 465
309 310
309 312
309 314
309 315
309 317
309 318
309 320
309 321
309 322
309 323
309 422
309 556
309 447
310 312
310 313
310 314
310 316
310 317
310 319
310 324
310 325
310 414
310 327
310 537
310 377
310 416
310 589
310 455
310 331
310 481
310 380
311 312
311 313
311 314
311 315
311 316
311 317
311 319
311 322
311 323
311 324
311 325
311 548
311 377
311 582
311 353
312 313
312 314
312 315
312 316
312 317
312 319
312 320
312 322
312 323
312 325
312 327
312 374
312 396
312 330
312 384
313 314
313 321
313 323
313 328
313 479
313 474
313 464
313 564
313 442
313 498
313 478
314 316
314 321
314 322
314 323
314 325
314 327
314 328
314 329
314 389
314 520
314 488
314 556
315 317
315 321
315 322
315 325
315 326
315 327
315 328
315 330
315 553
315 533
315 500
315 546
315 393
315 444
315 478
316 317
316 318
316 322
316 323
316 324
316 325
316 326
316 327
316 538
316 414
316 376
316 447
316 491
317 320
317 322
317 324
317 325
317 326
317 328
317 330
317 332
317 359
317 444
317 415
317 539
317 448
317 363
317 453
317 412
318 319
318 320
318 322
318 323
318 324
318 325
318 326
318 327
318 329
318 332
318 396
318 419
318 385
318 398
318 566
318 388
319 320
319 321
319 322
319 325
319 326
319 327
319 329
319 330
319 331
319 333
319 597
319 347
319 413
320 322
320 325
320 326
320 327
320 329
320 333
320 335
320 353
320 432
320 549
320 520
320 539
320 370
321 323
321 325
321 326
321 327
321 328
321 329
321 330
321 331
321 334
321 335
321 379
321 527
321 568
321 391
321 483
322 324
322 327
322 328
322 329
322 333
322 334
322 335
322 336
322 337
322 357
322 487
322 551
322 421
322 384
322 392
322 503
322 583
322 516
323 326
323 327
323 328
323 329
323 333
323 335
323 336
323 503
323 500
323 429
323 348
323 516
323 457
324 325
324 326
324 327
324 331
324 332
324 334
324 337
324 416
324 459
324 455
324 384
324 583
324 415
325 327
325 331
325 332
325 333
325 334
325 335
325 338
325 403
325 475
325 526
325 374
325 531
325 471
325 367
325 417
326 329
326 330
326 331
326 332
326 333
326 335
326 380
326 560
326 590
326 577
326 344
326 353
326 361
326 454
326 494
326 598
327 331
327 332
327 334
327 335
327 339
327 340
327 382
327 483
327 597
328 332
328 333
328 335
328 336
328 599
328 487
328 558
328 466
329 331
329 333
329 334
329 335
329 337
329 338
329 340
329 341
329 342
329 346
329 415
329 411
329 416
329 488
329 502
329 584
329 393
330 331
330 332
330 333
330 335
330 336
330 339
330 340
330 342
330 343
330 437
330 586
330 544
330 551
330 405
331 335
331 339
331 340
331 341
331 343
331 477
331 575
331 384
331 510
331 353
331 532
331 371
332 335
332 336
332 337
332 340
332 342
332 344
332 347
332 503
332 497
332 498
332 357
332 539
332 531
332 433
332 380
333 336
333 337
333 340
333 341
333 342
333 346
333 348
333 423
333 363
333 596
333 401
333 439
333 562
333 572
333 359
334 336
334 339
334 341
334 342
334 348
334 471
334 437
334 516
334 485
334 511
334 358
335 336
335 337
335 340
335 341
335 342
335 343
335 347
335 412
335 366
335 584
335 405
335 368
335 393
336 337
336 338
336 341
336 346
336 349
336 351
336 372
336 507
336 493
336 585
336 485
336 563
336 539
336 505
336 378
336 431
337 340
337 341
337 342
337 343
337 347
337 349
337 351
337 352
337 534
337 517
337 516
337 429
337 434
337 503
337 378
338 343
338 344
338 345
338 346
338 347
338 353
338 576
338 470
338 366
338 409
338 592
338 452
338 505
338 443
338 500
339 343
339 344
339 346
339 347
339 348
339 350
339 351
339 352
339 353
339 533
339 582
339 473
339 418
340 341
340 344
340 345
340 346
340 347
340 348
340 349
340 350
340 351
340 353
340 447
340 422
340 437
340 527
340 592
341 344
341 345
341 346
341 347
341 348
341 349
341 353
341 354
341 355
341 356
341 434
341 534
341 494
341 391
341 439
341 457
341 448
342 344
342 346
342 347
342 348
342 350
342 354
342 355
342 356
342 357
342 409
342 552
342 426
342 421
343 344
343 346
343 348
343 349
343 350
343 351
343 353
343 355
343 356
343 357
343 358
343 539
343 407
343 561
344 345
344 346
344 347
344 348
344 350
344 351
344 353
344 356
344 357
344 358
344 359
344 514
344 424
344 374
344 549
345 348
345 349
345 357
345 358
345 421
345 539
345 558
345 544
345 433
345 579
345 483
345 437
345 594
345 445
345 376
346 349
346 350
346 355
346 356
346 357
346 358
346 360
346 583
346 367
346 487
346 506
346 469
347 350
347 351
347 355
347 357
347 360
347 362
347 523
347 513
347 469
347 445
347 562
347 388
347 430
347 492
348 349
348 353
348 354
348 356
348 360
348 361
348 363
348 515
348 386
348 407
348 547
348 483
348 550
348 458
349 350
349 353
349 356
349 357
349 358
349 359
349 360
349 363
349 364
349 497
349 439
349 393
349 514
349 436
349 488
349 362
350 351
350 354
350 355
350 356
350 357
350 358
350 361
350 362
350 363
350 364
350 410
350 440
350 402
350 533
350 429
350 529
351 352
351 353
351 354
351 356
351 358
351 360
351 361
351 362
351 363
351 364
351 530
351 388
351 409
351 391
352 354
352 355
352 356
352 357
352 362
352 363
352 366
352 367
352 526
352 582
352 572
352 453
352 557
352 484
353 355
353 356
353 363
353 364
353 365
353 366
353 515
353 517
353 582
353 415
353 388
354 356
354 357
354 358
354 359
354 362
354 363
354 364
354 366
354 367
354 369
354 385
354 440
354 596
354 557
355 356
355 361
355 362
355 365
355 366
355 369
355 370
355 440
355 408
355 441
355 518
355 547
355 507
355 563
355 584
356 359
356 365
356 368
356 369
356 370
356 371
356 440
356 454
356 482
356 543
357 359
357 360
357 361
357 363
357 364
357 365
357 368
357 369
357 371
357 372
357 465
357 589
357 551
357 430
358 361
358 362
358 363
358 368
358 369
358 370
358 371
358 373
358 505
358 450
358 400
358 398
358 413
358 451
358 380
358 375
359 361
359 364
359 367
359 368
359 369
359 389
359 526
359 497
359 437
359 473
359 426
359 411
359 427
359 513
360 361
360 370
360 372
360 373
360 374
360 423
360 468
360 394
360 562
360 505
360 469
360 478
361 367
361 369
361 370
361 371
361 374
361 376
361 593
361 414
361 490
361 453
361 522
361 502
361 505
362 363
362 365
362 366
362 371
362 374
362 375
362 376
362 395
362 427
362 507
362 397
362 564
362 483
362 596
362 477
362 446
362 398
363 364
363 365
363 366
363 368
363 373
363 374
363 375
363 377
363 378
363 425
363 436
363 552
363 560
363 472
363 586
363 511
364 365
364 367
364 368
364 369
364 370
364 376
364 377
364 379
364 492
364 493
364 494
364 497
364 520
364 433
365 367
365 368
365 373
365 375
365 376
365 378
365 380
365 450
365 429
365 448
365 484
365 516
365 431
365 421
365 522
365 416
366 367
366 371
366 372
366 373
366 374
366 379
366 520
366 490
366 377
366 481
367 369
367 373
367 375
367 378
367 379
367 380
367 509
368 369
368 370
368 371
368 376
368 379
368 380
368 503
368 564
368 518
368 386
368 408
369 375
369 377
369 381
369 382
369 383
369 384
369 438
369 560
369 529
369 451
369 371
369 470
370 373
370 376
370 377
370 379
370 380
370 381
370 382
370 491
370 515
370 597
370 412
371 374
371 376
371 377
371 379
371 380
371 381
371 382
371 492
371 536
371 577
371 466
371 573
371 585
372 373
372 375
372 377
372 379
372 380
372 381
372 382
372 383
372 385
372 387
372 591
372 537
373 374
373 377
373 380
373 382
373 384
373 385
373 387
373 388
373 416
373 557
373 391
373 578
373 543
373 392
373 479
373 379
374 375
374 378
374 381
374 383
374 386
374 388
374 390
374 427
374 557
374 530
374 455
375 376
375 377
375 379
375 380
375 383
375 385
375 386
375 387
375 388
375 390
375 457
375 485
375 452
376 378
376 381
376 383
376 384
376 385
376 387
376 390
376 510
376 572
376 429
377 378
377 382
377 383
377 384
377 385
377 387
377 390
377 572
377 454
377 571
377 573
377 513
377 552
378 381
378 383
378 385
378 387
378 389
378 390
378 393
378 564
378 436
378 477
378 486
378 512
378 553
378 488
378 495
379 380
379 383
379 386
379 388
379 390
379 391
379 392
379 394
379 402
379 498
379 381
380 383
380 387
380 388
380 389
380 393
380 394
380 587
380 507
380 432
380 513
380 552
380 563
380 516
380 540
380 489
380 531
381 382
381 391
381 569
381 480
381 545
381 498
381 443
381 565
381 562
381 495
381 567
381 404
382 386
382 387
382 390
382 393
382 394
382 397
382 399
382 499
382 527
382 542
382 485
382 507
383 384
383 386
383 389
383 390
383 392
383 393
383 395
383 396
383 397
383 398
383 544
383 526
383 503
383 403
383 565
383 518
384 385
384 386
384 388
384 390
384 396
384 398
384 399
384 536
384 574
385 386
385 387
385 388
385 390
385 391
385 393
385 395
385 396
385 398
385 399
385 453
385 507
385 406
385 403
386 387
386 392
386 395
386 397
386 496
386 579
386 552
386 461
386 589
386 568
387 388
387 391
387 392
387 394
387 395
387 396
387 397
387 398
387 400
387 402
387 489
387 434
387 455
387 469
387 501
387 566
388 389
388 398
388 401
388 402
388 529
388 560
388 571
388 459
388 462
388 427
388 554
388 394
388 466
388 553
388 546
389 390
389 392
389 393
389 396
389 397
389 398
389 401
389 404
389 490
389 516
389 476
390 391
390 392
390 393
390 394
390 396
390 398
390 400
390 402
390 583
390 594
390 461
391 392
391 393
391 395
391 400
391 403
391 405
391 406
391 456
391 411
391 578
391 579
391 591
391 549
392 393
392 394
392 395
392 397
392 406
392 407
392 599
392 591
392 579
392 439
392 420
393 394
393 397
393 399
393 401
393 404
393 405
393 406
393 407
393 447
393 467
393 443
394 395
394 396
394 397
394 402
394 405
394 408
394 580
394 506
394 404
394 425
395 400
395 401
395 402
395 403
395 404
395 406
395 407
395 408
395 409
395 415
395 433
395 572
396 397
396 399
396 400
396 403
396 406
396 410
396 561
396 530
396 484
396 444
396 579
397 398
397 399
397 400
397 401
397 403
397 406
397 407
397 408
397 409
397 410
397 411
397 540
397 460
397 564
397 437
397 580
398 399
398 400
398 401
398 406
398 407
398 409
398 413
398 460
398 442
399 400
399 401
399 404
399 406
399 407
399 410
399 411
399 413
399 414
399 512
399 467
399 556
400 407
400 409
400 410
400 411
400 412
400 413
400 591
400 588
400 552
400 503
400 582
401 402
401 404
401 405
401 406
401 408
401 409
401 411
401 412
401 414
401 415
401 502
401 455
401 576
401 566
401 443
402 403
402 404
402 408
402 413
402 414
402 417
402 429
402 460
402 527
402 469
402 488
402 589
403 406
403 408
403 413
403 416
403 417
403 418
403 548
403 421
403 566
403 532
403 545
403 547
403 485
403 482
404 406
404 407
404 408
404 409
404 410
404 411
404 412
404 414
404 415
404 416
404 418
404 419
404 443
404 475
404 553
404 494
405 406
405 408
405 411
405 412
405 413
405 414
405 415
405 416
405 417
405 419
405 420
405 599
405 514
406 407
406 408
406 409
406 410
406 411
406 416
406 418
406 419
406 421
406 442
406 532
406 422
406 454
406 472
406 575
406 599
406 496
406 432
406 465
407 408
407 410
407 411
407 413
407 415
407 416
407 417
407 420
407 421
407 422
407 547
407 581
408 409
408 411
408 413
408 414
408 415
408 416
408 418
408 419
408 422
408 551
408 556
409 410
409 411
409 412
409 413
409 417
409 419
409 422
409 424
409 488
409 596
409 451
409 458
409 589
410 411
410 413
410 414
410 415
410 419
410 420
410 422
410 423
410 424
410 551
410 589
410 599
410 571
411 414
411 415
411 416
411 418
411 426
411 591
411 469
411 500
411 552
411 558
411 463
412 414
412 415
412 417
412 418
412 420
412 421
412 422
412 423
412 425
412 426
412 413
412 510
413 414
413 415
413 421
413 422
413 426
413 427
413 428
413 519
413 564
413 474
413 545
413 543
414 422
414 426
414 427
414 428
414 576
414 551
415 417
415 419
415 421
415 425
415 430
415 476
415 590
415 579
415 435
415 444
415 450
415 470
415 528
415 595
416 418
416 422
416 424
416 425
416 429
416 497
416 508
417 418
417 419
417 421
417 425
417 429
417 509
417 567
417 451
417 545
418 419
418 422
418 424
418 425
418 426
418 427
418 429
418 430
418 431
418 432
418 433
418 580
418 505
418 559
418 599
419 420
419 422
419 423
419 424
419 426
419 429
419 433
419 533
419 493
420 422
420 423
420 425
420 427
420 429
420 431
420 433
420 561
420 506
420 461
420 529
420 490
421 422
421 423
421 424
421 427
421 428
421 430
421 436
421 585
421 544
421 465
421 542
421 507
422 423
422 424
422 426
422 427
422 430
422 432
422 435
422 437
422 478
422 598
423 425
423 427
423 428
423 434
423 435
423 436
423 438
423 538
423 429
423 455
423 597
423 525
423 541
424 425
424 426
424 428
424 430
424 431
424 432
424 433
424 434
424 435
424 438
424 439
424 554
424 457
424 440
425 427
425 429
425 432
425 433
425 435
425 437
425 440
425 576
425 535
425 503
425 579
426 428
426 429
426 430
426 432
426 433
426 434
426 435
426 440
426 553
426 501
426 558
426 491
427 428
427 431
427 433
427 435
427 440
427 441
427 442
427 505
427 532
428 430
428 431
428 437
428 439
428 441
428 442
428 498
428 517
428 472
428 597
428 434
428 438
428 484
428 592
429 432
429 433
429 441
429 442
429 444
429 566
429 505
429 517
429 519
430 432
430 434
430 435
430 437
430 438
430 439
430 442
430 444
430 512
430 527
430 539
431 432
431 433
431 435
431 436
431 439
431 440
431 441
431 442
431 445
431 499
431 488
431 476
431 599
431 542
432 433
432 435
432 436
432 437
432 440
432 443
432 444
432 445
432 446
432 455
432 599
432 441
433 434
433 445
433 446
433 447
433 559
433 493
433 555
434 435
434 436
434 437
434 446
434 447
434 449
434 479
434 559
434 476
434 539
434 517
434 549
435 436
435 437
435 439
435 441
435 442
435 444
435 447
435 449
435 450
435 573
435 534
435 467
435 583
436 438
436 442
436 443
436 444
436 446
436 450
436 451
436 544
436 579
436 543
436 503
437 438
437 443
437 446
437 450
437 451
437 452
437 551
437 577
438 440
438 441
438 443
438 444
438 447
438 448
438 449
438 452
438 547
438 544
438 509
439 443
439 445
439 446
439 448
439 450
439 452
439 454
439 584
439 599
440 442
440 445
440 448
440 451
440 452
440 453
440 455
440 580
441 443
441 446
441 447
441 448
441 449
441 450
441 451
441 452
441 455
441 563
441 587
441 485
441 581
442 448
442 449
442 454
442 456
442 529
442 508
442 499
442 519
442 574
442 531
443 444
443 445
443 447
443 453
443 456
443 598
443 583
443 532
443 525
443 529
444 445
444 446
444 447
444 450
444 454
444 455
444 457
444 459
444 469
444 479
444 583
444 463
445 446
445 448
445 449
445 450
445 451
445 452
445 453
445 457
445 459
445 548
445 516
445 504
446 449
446 450
446 453
446 456
446 457
446 459
446 460
446 461
446 530
446 543
446 595
446 467
446 470
446 588
446 462
447 448
447 451
447 453
447 456
447 457
447 459
447 460
447 461
447 562
447 574
447 497
448 449
448 450
448 452
448 453
448 458
448 461
448 462
448 463
448 486
448 493
448 593
448 551
449 451
449 452
449 453
449 454
449 455
449 457
449 459
449 461
449 463
449 530
449 475
449 479
449 533
450 451
450 452
450 455
450 456
450 459
450 463
450 464
450 465
450 472
450 588
451 452
451 454
451 458
451 462
451 556
451 578
451 584
451 515
451 535
451 470
452 453
452 455
452 456
452 457
452 459
452 462
452 465
452 538
452 499
452 490
453 457
453 458
453 461
453 465
453 466
453 468
453 545
454 455
454 457
454 458
454 460
454 462
454 463
454 464
454 469
454 574
454 544
454 510
455 459
455 463
455 464
455 465
455 466
455 470
455 580
455 515
455 556
455 568
455 591
456 457
456 459
456 461
456 462
456 464
456 466
456 467
456 468
456 469
456 470
456 471
456 487
456 553
456 474
456 573
456 579
457 459
457 462
457 465
457 467
457 470
457 481
457 542
457 521
457 510
457 567
458 461
458 462
458 463
458 465
458 467
458 469
458 470
458 471
458 472
458 473
458 538
458 547
459 460
459 462
459 466
459 467
459 468
459 469
459 471
459 472
459 473
459 474
459 497
459 534
460 463
460 465
460 466
460 471
460 473
460 474
460 475
460 500
460 507
460 498
460 517
460 587
460 597
460 572
461 462
461 464
461 465
461 467
461 469
461 472
461 474
461 476
461 496
461 504
461 586
462 463
462 464
462 467
462 469
462 472
462 474
462 475
462 477
462 510
462 536
463 464
463 465
463 470
463 472
463 474
463 478
463 524
463 526
463 501
463 549
464 465
464 466
464 467
464 469
464 471
464 472
464 474
464 476
464 477
464 481
464 577
465 467
465 469
465 474
465 475
465 477
465 590
465 550
465 552
466 468
466 469
466 474
466 475
466 477
466 478
466 480
466 490
467 468
467 470
467 471
467 472
467 473
467 474
467 475
467 477
467 479
467 481
467 482
467 533
467 590
468 469
468 473
468 475
468 476
468 479
468 480
468 482
468 483
468 579
468 541
468 533
468 491
469 470
469 472
469 473
469 477
469 478
469 482
469 483
469 595
470 471
470 473
470 478
470 480
470 485
470 525
470 535
470 543
470 563
470 550
470 571
471 473
471 476
471 477
471 478
471 480
471 481
471 483
471 484
471 486
471 492
471 504
471 595
471 586
472 473
472 475
472 479
472 484
472 517
472 510
472 534
472 555
472 576
472 584
472 527
473 474
473 475
473 478
473 479
473 480
473 481
473 483
473 484
473 504
473 544
473 558
473 556
474 475
474 476
474 477
474 479
474 480
474 483
474 484
474 486
474 489
474 542
474 586
474 517
475 477
475 479
475 484
475 488
475 489
475 517
475 585
476 477
476 478
476 479
476 482
476 483
476 485
476 486
476 488
476 530
476 524
476 512
477 478
477 479
477 483
477 487
477 488
477 490
477 491
478 479
478 480
478 481
478 484
478 485
478 489
478 493
478 532
478 530
479 481
479 482
479 483
479 484
479 488
479 489
479 491
479 493
479 494
479 538
479 505
480 481
480 482
480 485
480 489
480 491
480 493
480 494
480 594
480 536
481 483
481 485
481 486
481 487
481 490
481 491
481 492
481 493
481 494
481 495
481 527
481 528
482 484
482 485
482 487
482 488
482 492
482 494
482 495
482 496
482 517
482 573
482 547
482 498
482 525
482 565
483 485
483 486
483 489
483 490
483 491
483 494
483 495
483 498
483 544
483 555
483 558
484 485
484 486
484 487
484 488
484 490
484 495
484 496
484 497
484 498
484 598
484 559
484 511
484 573
485 488
485 490
485 491
485 495
485 496
485 499
485 500
485 544
485 563
485 502
485 546
486 492
486 493
486 497
486 498
486 499
486 501
486 578
486 519
486 580
486 564
487 488
487 489
487 491
487 492
487 495
487 496
487 497
487 498
487 499
487 500
487 501
488 489
488 495
488 496
488 499
488 501
488 542
488 556
489 490
489 491
489 493
489 494
489 497
489 499
489 502
489 504
489 511
489 525
489 568
489 560
489 554
489 596
490 491
490 493
490 495
490 497
490 498
490 500
490 501
490 504
490 505
490 516
491 493
491 494
491 497
491 498
491 499
491 500
491 504
491 558
491 576
491 584
492 493
492 501
492 502
492 503
492 504
492 597
493 494
493 495
493 499
493 501
493 505
493 506
493 581
493 519
493 538
494 495
494 496
494 497
494 502
494 503
494 506
494 507
494 508
494 592
494 546
495 496
495 497
495 498
495 499
495 500
495 504
495 505
495 508
495 509
495 575
495 567
496 498
496 499
496 501
496 502
496 504
496 509
496 511
496 589
496 584
496 548
496 503
496 555
497 502
497 504
497 507
497 512
497 599
497 527
497 546
498 502
498 505
498 507
498 509
498 511
498 568
498 586
498 525
499 501
499 503
499 505
499 508
499 512
499 514
499 500
499 556
500 502
500 506
500 508
500 510
500 512
500 513
500 529
500 543
501 503
501 506
501 507
501 508
501 509
501 510
501 515
501 563
501 581
501 559
502 503
502 507
502 508
502 510
502 511
502 514
502 515
502 516
502 517
502 530
502 546
503 505
503 506
503 509
503 511
503 516
503 517
503 524
503 522
503 512
504 507
504 508
504 512
504 515
504 516
504 517
504 550
504 552
505 506
505 509
505 511
505 513
505 516
505 529
505 595
505 534
506 507
506 508
506 509
506 511
506 513
506 514
506 518
506 519
506 520
506 526
506 577
506 563
507 512
507 514
507 516
507 518
507 519
508 509
508 510
508 511
508 512
508 513
508 514
508 516
508 518
508 519
508 522
508 523
508 530
508 551
508 546
509 512
509 516
509 518
509 519
509 520
509 521
509 522
509 523
509 510
510 516
510 517
510 518
510 520
510 521
510 524
510 525
510 571
510 538
511 514
511 515
511 516
511 517
511 518
511 521
511 522
511 524
511 525
511 534
512 514
512 517
512 519
512 523
512 524
512 526
512 583
512 561
512 586
513 517
513 520
513 521
513 522
513 523
513 525
513 527
514 515
514 516
514 524
514 527
514 562
514 594
514 542
514 553
515 516
515 517
515 519
515 520
515 522
515 523
515 524
515 525
515 526
515 527
515 539
515 538
516 518
516 519
516 520
516 525
516 526
516 529
516 531
516 541
516 559
516 527
516 539
516 593
517 518
517 523
517 524
517 527
517 528
517 530
517 531
517 532
518 519
518 521
518 524
518 525
518 529
518 530
518 531
518 533
518 527
519 522
519 526
519 528
519 530
519 533
519 534
519 584
519 567
519 573
519 590
520 521
520 522
520 523
520 526
520 528
520 529
520 530
520 534
520 535
521 522
521 524
521 525
521 526
521 527
521 531
521 532
521 535
521 536
521 540
521 556
521 569
521 567
522 523
522 524
522 526
522 528
522 529
522 530
522 531
522 532
522 536
522 566
522 541
522 564
523 524
523 526
523 533
523 535
523 537
523 570
523 525
524 525
524 527
524 528
524 531
524 533
524 534
524 535
524 536
524 537
524 538
524 539
524 567
524 544
525 526
525 527
525 528
525 533
525 534
525 536
525 540
525 545
526 527
526 528
526 529
526 530
526 531
526 533
526 536
526 539
526 541
527 531
527 532
528 530
528 531
528 534
528 535
528 536
528 537
528 540
528 541
528 572
528 598
528 565
529 531
529 533
529 534
529 536
529 541
529 542
529 543
529 544
529 558
530 537
530 539
530 540
530 541
530 565
531 532
531 534
531 535
531 537
531 538
531 539
531 540
531 541
531 542
531 543
531 544
531 545
532 533
532 534
532 535
532 537
532 544
532 545
532 546
532 585
532 558
532 550
532 553
532 568
533 534
533 537
533 538
533 543
533 545
533 546
533 547
533 548
533 567
533 591
534 538
534 541
534 542
534 544
534 546
534 547
534 540
534 578
535 536
535 537
535 541
535 542
535 543
535 544
535 546
535 549
535 550
535 540
536 537
536 539
536 540
536 543
536 544
536 546
536 547
536 548
536 550
536 551
537 538
537 539
537 540
537 542
537 543
537 544
537 545
537 546
537 548
537 549
537 551
537 552
537 592
538 540
538 544
538 545
538 547
538 548
538 550
538 553
538 564
538 595
539 542
539 544
539 547
539 550
539 552
539 553
539 597
539 567
540 544
540 545
540 546
540 547
540 549
540 550
540 551
540 552
540 555
541 543
541 546
541 549
541 550
541 552
541 553
541 555
541 587
541 548
541 544
542 547
542 549
542 550
542 551
542 553
542 554
542 555
542 595
543 544
543 545
543 546
543 548
543 550
543 551
543 553
543 557
543 581
543 583
543 560
544 545
544 548
544 550
544 552
544 558
544 569
544 593
545 546
545 548
545 551
545 552
545 553
545 555
545 558
546 547
546 551
546 553
546 554
546 555
546 557
546 558
546 587
547 548
547 549
547 554
547 556
547 557
547 560
547 561
547 562
548 549
548 555
548 557
548 559
548 560
548 561
548 580
549 552
549 553
549 556
549 558
549 559
549 561
549 564
549 581
549 573
549 565
549 586
550 551
550 552
550 553
550 555
550 556
550 557
550 558
550 559
550 562
550 584
551 552
551 554
551 555
551 556
551 557
551 560
551 561
551 564
552 554
552 555
552 557
552 565
552 566
552 567
552 592
553 554
553 556
553 557
553 558
553 559
553 560
553 563
553 565
553 566
553 568
553 594
554 555
554 556
554 560
554 561
554 564
554 565
554 566
554 569
554 592
554 599
555 557
555 559
555 560
555 561
555 565
555 566
555 572
556 557
556 559
556 561
556 565
556 567
557 560
557 561
557 564
557 569
557 570
557 571
557 572
557 579
558 559
558 560
558 561
558 563
558 566
558 567
558 569
558 571
558 572
558 574
559 561
559 563
559 567
559 568
559 570
559 571
559 572
559 574
560 563
560 566
560 569
560 570
560 572
560 573
560 575
560 594
561 564
561 566
561 568
561 569
561 570
561 572
561 573
561 575
561 576
561 563
561 591
562 564
562 567
562 570
562 571
562 573
562 574
562 575
562 597
562 594
562 585
563 565
563 568
563 570
563 571
563 572
563 576
563 578
563 596
564 565
564 568
564 571
564 574
564 575
564 576
564 578
565 567
565 568
565 570
565 571
565 572
565 573
565 574
565 577
565 579
566 568
566 570
566 571
566 572
566 574
566 575
566 577
567 568
567 569
567 572
567 573
567 574
567 575
567 576
567 578
567 580
567 581
567 589
568 570
568 571
568 572
568 573
568 574
568 582
569 572
569 573
569 576
569 578
569 579
569 580
569 581
569 582
569 583
570 571
570 573
570 574
570 575
570 577
570 578
570 580
570 583
570 584
571 573
571 577
571 580
571 585
571 593
572 573
572 574
572 575
572 576
572 577
572 580
572 582
572 585
572 586
573 576
573 577
573 579
573 581
573 586
573 587
574 576
574 583
574 584
574 586
574 589
574 579
574 593
575 577
575 578
575 580
575 582
575 585
575 586
575 588
575 589
576 578
576 582
576 583
576 591
577 583
577 586
578 579
578 582
578 585
578 586
578 590
578 591
578 592
578 593
579 580
579 581
579 585
579 586
579 588
579 590
579 592
579 593
579 582
580 582
580 588
580 589
580 590
580 592
580 593
580 594
581 583
581 585
581 588
581 589
581 590
581 595
581 596
581 592
582 583
582 584
582 587
582 588
582 589
582 590
582 594
582 597
583 586
583 587
583 590
583 592
583 594
583 596
583 597
583 598
584 587
584 588
584 592
584 599
584 585
585 587
585 588
585 589
585 590
585 593
585 595
585 597
585 599
586 587
586 588
586 589
586 590
586 592
586 595
586 597
586 598
587 588
587 592
587 593
587 595
587 596
587 598
587 599
588 589
588 590
588 592
588 594
588 595
588 596
588 598
588 599
589 590
589 592
589 595
589 598
589 599
590 591
590 592
590 593
590 594
590 597
590 598
590 599
591 592
591 593
591 594
591 595
591 597
591 598
591 599
592 594
592 596
592 597
592 598
593 596
593 597
593 598
593 599
594 595
595 596
595 597
595 598
595 599
596 597
596 599
597 598
597 599