0 450.0 7361.0 32.715555555555554 0.14136717691906908 0.29175946547884185 0.025328900027100986 0.5853976531942634 0.15885543442964034 0.008216379446238866
1 450.0 7361.0 32.715555555555554 0.14136717691906908 0.11358574610244988 0.003577794496897076 0.5263774912075029 0.07077714169843284 0.0033244550712439196
10 450.0 7361.0 32.715555555555554 0.14136717691906908 0.11581291759465479 0.0038613276021436924 0.5257611241217799 0.0750338942708385 0.0033807642461945293
100 450.0 7361.0 32.715555555555554 0.14136717691906908 0.09576837416481068 0.0027173393668799063 0.5172811059907834 0.05226419693897249 0.0028418623322933817
101 450.0 7361.0 32.715555555555554 0.14136717691906908 0.10913140311804008 0.00435346065500907 0.5239206534422404 0.05421174848399133 0.003241726746144086
102 450.0 7361.0 32.715555555555554 0.14136717691906908 0.05567928730512249 0.0006047428967391889 0.4983351831298557 0.038611495894639136 0.001719983048201405
103 450.0 7361.0 32.715555555555554 0.14136717691906908 0.09576837416481068 0.00273643275362484 0.522093023255814 0.05117221975766674 0.0028524437487498244
104 450.0 7361.0 32.715555555555554 0.14136717691906908 0.06681514476614699 0.001204791423957736 0.4983351831298557 0.04138585025439136 0.0020391234277255758
105 450.0 7361.0 32.715555555555554 0.14136717691906908 0.060133630289532294 0.0008953754439832531 0.5050618672665916 0.03684643635454066 0.0018517253408668962
106 450.0 7361.0 32.715555555555554 0.14136717691906908 0.08017817371937638 0.0017244917696376057 0.5073446327683616 0.04179557292539093 0.002415878424434787
107 450.0 7361.0 32.715555555555554 0.14136717691906908 0.09131403118040089 0.0028047097192912384 0.5102272727272728 0.044869920385529775 0.00274315416149177
108 450.0 7361.0 32.715555555555554 0.14136717691906908 0.09354120267260578 0.0029305102582042855 0.5143184421534936 0.04720540347066534 0.0027947605233937783
109 450.0 7361.0 32.715555555555554 0.14136717691906908 0.08908685968819599 0.002717150825919595 0.5125570776255708 0.044501972159344115 0.0026796643233012465
11 450.0 7361.0 32.715555555555554 0.14136717691906908 0.20044543429844097 0.014433298543075302 0.5556930693069307 0.10185962666637713 0.0057707870251621565
110 450.0 7361.0 32.715555555555554 0.14136717691906908 0.06904231625835189 0.0011938260127131303 0.5044943820224719 0.0446919315921233 0.002092464957455128
111 450.0 7361.0 32.715555555555554 0.14136717691906908 0.06458797327394208 0.001075242722894672 0.4983351831298557 0.04023415355151196 0.0019654067733054755
112 450.0 7361.0 32.715555555555554 0.14136717691906908 0.10022271714922049 0.00286456289866533 0.5172811059907834 0.05293698853437629 0.0029629923907231325
113 450.0 7361.0 32.715555555555554 0.14136717691906908 0.07349665924276169 0.0016145307981798086 0.4994438264738598 0.03830609629788085 0.002242560874332761
114 450.0 7361.0 32.715555555555554 0.14136717691906908 0.09131403118040089 0.0030506092440538 0.5149082568807339 0.042338430504252206 0.002747831586856784
115 450.0 7361.0 32.715555555555554 0.14136717691906908 0.08908685968819599 0.002531305429345104 0.5143184421534936 0.04704564696123753 0.0026797083878803635
116 450.0 7361.0 32.715555555555554 0.14136717691906908 0.09354120267260578 0.003300151992707349 0.5160919540229885 0.051026662799685284 0.0028112198787800754
117 450.0 7361.0 32.715555555555554 0.14136717691906908 0.09354120267260578 0.0029832007742586473 0.5102272727272728 0.046565815838129195 0.0028053776431358484
118 450.0 7361.0 32.715555555555554 0.14136717691906908 0.060133630289532294 0.0008338041508965695 0.4880434782608696 0.03258671840468655 0.0018546041230298963
119 450.0 7361.0 32.715555555555554 0.14136717691906908 0.07349665924276169 0.0014390470925194352 0.5027995520716685 0.03991914846530192 0.002224289822556754
12 450.0 7361.0 32.715555555555554 0.14136717691906908 0.15367483296213807 0.007449164165498512 0.5403128760529483 0.08611126854744662 0.004441230202533534
120 450.0 7361.0 32.715555555555554 0.14136717691906908 0.09131403118040089 0.0029591163569559348 0.5119726339794755 0.042415210897736345 0.0027469274509643823
121 450.0 7361.0 32.715555555555554 0.14136717691906908 0.08240534521158129 0.0023702651091354883 0.5044943820224719 0.042308636201341315 0.002498595829462321
122 450.0 7361.0 32.715555555555554 0.14136717691906908 0.08463251670378619 0.0018965286263505586 0.5119726339794755 0.04641055836897005 0.002531087157832783
123 450.0 7361.0 32.715555555555554 0.14136717691906908 0.08685968819599109 0.0026851466306373607 0.5119726339794755 0.04246626149612111 0.0026222047419813084
124 450.0 7361.0 32.715555555555554 0.14136717691906908 0.08017817371937638 0.002190488322744539 0.5056306306306306 0.04114014136502613 0.0024253646814349807
125 450.0 7361.0 32.715555555555554 0.14136717691906908 0.05567928730512249 0.0008023719832041872 0.49286498353457736 0.03253601626435629 0.001729871968167967
126 450.0 7361.0 32.715555555555554 0.14136717691906908 0.06681514476614699 0.0012293067923443925 0.49286498353457736 0.036126686026567004 0.0020501962334735493
127 450.0 7361.0 32.715555555555554 0.14136717691906908 0.05790645879732739 0.0007112616917870551 0.4977827050997783 0.039074576571481286 0.001785740424978228
128 450.0 7361.0 32.715555555555554 0.14136717691906908 0.08463251670378619 0.002566407821348313 0.5090702947845805 0.043107437420673564 0.0025661873074429324
129 450.0 7361.0 32.715555555555554 0.14136717691906908 0.06236080178173719 0.0009338367830811632 0.4988888888888889 0.038105277675535204 0.001913737264304606
13 450.0 7361.0 32.715555555555554 0.14136717691906908 0.06458797327394208 0.00110974104238155 0.5022371364653244 0.043265586125023764 0.0019770907988451705
130 450.0 7361.0 32.715555555555554 0.14136717691906908 0.07349665924276169 0.0018484585901959144 0.5016759776536313 0.036890856413576 0.0022543686693773947
131 450.0 7361.0 32.715555555555554 0.14136717691906908 0.0757238307349666 0.0018092956097543547 0.5039281705948373 0.0396776874250279 0.0023081833096043306
132 450.0 7361.0 32.715555555555554 0.14136717691906908 0.07126948775055679 0.0013374784574986841 0.5090702947845805 0.04273209285704095 0.0021617231401265787
133 450.0 7361.0 32.715555555555554 0.14136717691906908 0.0757238307349666 0.0021118960915904616 0.49503858875413453 0.033428166979291116 0.0023232894292707653
134 450.0 7361.0 32.715555555555554 0.14136717691906908 0.07126948775055679 0.0014554187943253904 0.5062006764374295 0.04174463827912852 0.0021705206642368435
135 450.0 7361.0 32.715555555555554 0.14136717691906908 0.06236080178173719 0.0009399976350593865 0.5027995520716685 0.04130171157328334 0.0019086356241459059
136 450.0 7361.0 32.715555555555554 0.14136717691906908 0.07349665924276169 0.0017321733178282126 0.5062006764374295 0.038212907521384676 0.0022399401112382536
137 450.0 7361.0 32.715555555555554 0.14136717691906908 0.09576837416481068 0.003225394547998129 0.5154994259471871 0.04903038301515105 0.002874107088011112
138 450.0 7361.0 32.715555555555554 0.14136717691906908 0.08240534521158129 0.002312417167285074 0.5062006764374295 0.03770404385954691 0.002498440566999257
139 450.0 7361.0 32.715555555555554 0.14136717691906908 0.060133630289532294 0.0009686245503468559 0.4891067538126362 0.03494133996487357 0.001864013832335271
14 450.0 7361.0 32.715555555555554 0.14136717691906908 0.14476614699331847 0.006716719755743016 0.539015606242497 0.08181761290185467 0.0042019089075343245
140 450.0 7361.0 32.715555555555554 0.14136717691906908 0.07126948775055679 0.0014942498137753184 0.5062006764374295 0.04005724203391149 0.0021642851283121085
141 450.0 7361.0 32.715555555555554 0.14136717691906908 0.06236080178173719 0.0010927356670722948 0.4955849889624724 0.03729750725282755 0.0019237605302972135
142 450.0 7361.0 32.715555555555554 0.14136717691906908 0.0757238307349666 0.001728162419691576 0.5027995520716685 0.03787078416230667 0.002304367491156262
143 450.0 7361.0 32.715555555555554 0.14136717691906908 0.06681514476614699 0.0012161932273573714 0.5027995520716685 0.039440168419064885 0.0020469995409575737
144 450.0 7361.0 32.715555555555554 0.14136717691906908 0.08685968819599109 0.0026962679303073694 0.5108077360637088 0.04165236479528306 0.0026282114838338056
145 450.0 7361.0 32.715555555555554 0.14136717691906908 0.060133630289532294 0.0010230216990257364 0.48751357220412594 0.033542480770117 0.0018634452672463217
146 450.0 7361.0 32.715555555555554 0.14136717691906908 0.08908685968819599 0.0028670018200993804 0.5102272727272728 0.044071276689062716 0.0026843156920779796
147 450.0 7361.0 32.715555555555554 0.14136717691906908 0.06236080178173719 0.0010800977228627006 0.4907103825136612 0.03226336388590344 0.0019291806358472635
148 450.0 7361.0 32.715555555555554 0.14136717691906908 0.08240534521158129 0.002406192327715178 0.5033632286995515 0.03746604987187634 0.0025032873778815705
149 450.0 7361.0 32.715555555555554 0.14136717691906908 0.060133630289532294 0.0009391909509337962 0.49723145071982283 0.035024971541660975 0.0018613406088921125
15 450.0 7361.0 32.715555555555554 0.14136717691906908 0.06681514476614699 0.0014617346158220747 0.5011160714285714 0.04014566870908925 0.0020515375485812477
150 450.0 7361.0 32.715555555555554 0.14136717691906908 0.08240534521158129 0.0023442751489847636 0.5079185520361991 0.042441964246193356 0.002511558389469414
151 450.0 7361.0 32.715555555555554 0.14136717691906908 0.08685968819599109 0.0026598005830698623 0.5050618672665916 0.04263685727976079 0.002632785875441203
152 450.0 7361.0 32.715555555555554 0.14136717691906908 0.0779510022271715 0.0021410470375818978 0.5056306306306306 0.0384905985668332 0.0023808996178798433
153 450.0 7361.0 32.715555555555554 0.14136717691906908 0.0779510022271715 0.0019481544581575268 0.5011160714285714 0.03721564165101127 0.0023697121802344167
154 450.0 7361.0 32.715555555555554 0.14136717691906908 0.06904231625835189 0.0016714518039578458 0.5067720090293454 0.041723013465921374 0.0021192498684029426
155 450.0 7361.0 32.715555555555554 0.14136717691906908 0.051224944320712694 0.0006084815237675579 0.48751357220412594 0.0340088530462286 0.0016081858267146362
156 450.0 7361.0 32.715555555555554 0.14136717691906908 0.06458797327394208 0.0014367606485381692 0.49668141592920356 0.03344521891044653 0.0020054705156245835
157 450.0 7361.0 32.715555555555554 0.14136717691906908 0.05790645879732739 0.0009262887685903687 0.49178532311062434 0.03201107033552251 0.0018013499893397445
158 450.0 7361.0 32.715555555555554 0.14136717691906908 0.051224944320712694 0.0006307355852057278 0.480728051391863 0.028782836484145684 0.0016117299722199143
159 450.0 7361.0 32.715555555555554 0.14136717691906908 0.08908685968819599 0.003015560852221985 0.5062006764374295 0.040253952031951715 0.0027021320482640086
16 450.0 7361.0 32.715555555555554 0.14136717691906908 0.10467706013363029 0.003959095811785441 0.522093023255814 0.056151990605897956 0.0031127824232305896
160 450.0 7361.0 32.715555555555554 0.14136717691906908 0.06458797327394208 0.001061955497796715 0.49178532311062434 0.033169201631924064 0.0019837221262216003
161 450.0 7361.0 32.715555555555554 0.14136717691906908 0.0779510022271715 0.0017856302634736585 0.5044943820224719 0.045432664817994343 0.002359317123745181
162 450.0 7361.0 32.715555555555554 0.14136717691906908 0.0757238307349666 0.002110395312838147 0.5039281705948373 0.03715234055790002 0.0023200867531504303
163 450.0 7361.0 32.715555555555554 0.14136717691906908 0.06681514476614699 0.0013998559850403394 0.49340659340659343 0.032652648060331114 0.0020633011241993466
164 450.0 7361.0 32.715555555555554 0.14136717691906908 0.06681514476614699 0.0012682688281842884 0.5005574136008919 0.03599565836505809 0.0020521671497864243
165 450.0 7361.0 32.715555555555554 0.14136717691906908 0.06458797327394208 0.0012662971740248054 0.49394939493949397 0.03343447797950577 0.0019973898124967912
166 450.0 7361.0 32.715555555555554 0.14136717691906908 0.05790645879732739 0.000985933215899783 0.49286498353457736 0.03647882726003528 0.0018013149019778455
167 450.0 7361.0 32.715555555555554 0.14136717691906908 0.06236080178173719 0.0011647086054737182 0.49286498353457736 0.030434516837942453 0.0019330571736824766
168 450.0 7361.0 32.715555555555554 0.14136717691906908 0.0779510022271715 0.0023048758346877612 0.4955849889624724 0.032114807030049174 0.002393043607268366
169 450.0 7361.0 32.715555555555554 0.14136717691906908 0.0779510022271715 0.0023151529451051747 0.48964013086150493 0.02986493670604674 0.0023933005550762746
17 450.0 7361.0 32.715555555555554 0.14136717691906908 0.13808463251670378 0.006343942008653113 0.5326215895610913 0.0750050398239038 0.004026843670144121
170 450.0 7361.0 32.715555555555554 0.14136717691906908 0.06681514476614699 0.0017064898872981113 0.49178532311062434 0.030884418996117418 0.0020800432237570565
171 450.0 7361.0 32.715555555555554 0.14136717691906908 0.05790645879732739 0.0010235136403290207 0.4923245614035088 0.03281503313130005 0.001810806575435658
172 450.0 7361.0 32.715555555555554 0.14136717691906908 0.06458797327394208 0.0013974009742181595 0.5005574136008919 0.0359909953369613 0.0019982569851690075
173 450.0 7361.0 32.715555555555554 0.14136717691906908 0.05345211581291759 0.0007490340293582784 0.48751357220412594 0.03096535830476353 0.0016779846731176382
174 450.0 7361.0 32.715555555555554 0.14136717691906908 0.060133630289532294 0.0010719553484916239 0.5016759776536313 0.035435351985096224 0.0018648013376699136
175 450.0 7361.0 32.715555555555554 0.14136717691906908 0.06904231625835189 0.0015364320485687043 0.48964013086150493 0.03664657393176042 0.0021255234033715903
176 450.0 7361.0 32.715555555555554 0.14136717691906908 0.04899777282850779 0.0005487752663326922 0.4838362068965517 0.03222072778252105 0.0015475735166097372
177 450.0 7361.0 32.715555555555554 0.14136717691906908 0.060133630289532294 0.0010696810588689853 0.490174672489083 0.03299709935925291 0.0018692783932951875
178 450.0 7361.0 32.715555555555554 0.14136717691906908 0.07349665924276169 0.0018473933979232216 0.5 0.032982942737924785 0.0022521030185027034
179 450.0 7361.0 32.715555555555554 0.14136717691906908 0.06236080178173719 0.001140838603907356 0.5 0.03607841135902446 0.0019261946005449788
18 450.0 7361.0 32.715555555555554 0.14136717691906908 0.25835189309576834 0.01938707195422316 0.5741687979539642 0.14740665741846745 0.0072767719804039226
180 450.0 7361.0 32.715555555555554 0.14136717691906908 0.08017817371937638 0.0024850171107547725 0.5050618672665916 0.03725894132622464 0.0024487967780235553
181 450.0 7361.0 32.715555555555554 0.14136717691906908 0.07349665924276169 0.0020644606510689797 0.49723145071982283 0.03499564050769079 0.0022650272584858314
182 450.0 7361.0 32.715555555555554 0.14136717691906908 0.08017817371937638 0.002669399632463301 0.5050618672665916 0.04168889863132682 0.0024530578320947362
183 450.0 7361.0 32.715555555555554 0.14136717691906908 0.044543429844097995 0.0004071299989024139 0.4791889007470651 0.027590465634627966 0.0014233571770180646
184 450.0 7361.0 32.715555555555554 0.14136717691906908 0.06458797327394208 0.0012922876459245066 0.4944933920704846 0.03318762101318845 0.001999831810049507
185 450.0 7361.0 32.715555555555554 0.14136717691906908 0.05567928730512249 0.0010226174240536904 0.47362869198312235 0.02520955866284297 0.001758943905470981
186 450.0 7361.0 32.715555555555554 0.14136717691906908 0.04899777282850779 0.0006064840595325876 0.475635593220339 0.02656913384562252 0.0015556453625506703
187 450.0 7361.0 32.715555555555554 0.14136717691906908 0.06236080178173719 0.0012080383123184621 0.49340659340659343 0.03726064063885218 0.001933703143954904
188 450.0 7361.0 32.715555555555554 0.14136717691906908 0.05790645879732739 0.0010725970203579924 0.49613259668508286 0.03245978356439362 0.0018093587230917703
189 450.0 7361.0 32.715555555555554 0.14136717691906908 0.05345211581291759 0.0008280104987325136 0.490174672489083 0.03127061075341445 0.0016794747765560098
19 450.0 7361.0 32.715555555555554 0.14136717691906908 0.29844097995545654 0.02504471815719774 0.587696335078534 0.16447299484692116 0.008372820481004092
190 450.0 7361.0 32.715555555555554 0.14136717691906908 0.06458797327394208 0.0014558456368911797 0.48593073593073594 0.0301102125232805 0.0020064880301439957
191 450.0 7361.0 32.715555555555554 0.14136717691906908 0.06458797327394208 0.0012165139720603864 0.49340659340659343 0.03234904633298778 0.0019968616850951195
192 450.0 7361.0 32.715555555555554 0.14136717691906908 0.05567928730512249 0.0007973633600563262 0.5011160714285714 0.03763176100952718 0.0017290679772044779
193 450.0 7361.0 32.715555555555554 0.14136717691906908 0.06236080178173719 0.0012293979100376075 0.5056306306306306 0.038458575354292326 0.0019279807166620816
194 450.0 7361.0 32.715555555555554 0.14136717691906908 0.06458797327394208 0.0014467365527907046 0.49668141592920356 0.03258680860605927 0.0020071361028618016
195 450.0 7361.0 32.715555555555554 0.14136717691906908 0.05567928730512249 0.0008185129510784245 0.49394939493949397 0.03448705683000501 0.001733826619483218
196 450.0 7361.0 32.715555555555554 0.14136717691906908 0.05567928730512249 0.0008521683131058882 0.48645720476706394 0.030329773205881656 0.0017516906194576627
197 450.0 7361.0 32.715555555555554 0.14136717691906908 0.06904231625835189 0.0015131033304583044 0.48751357220412594 0.033245822716215165 0.0021251218223176313
198 450.0 7361.0 32.715555555555554 0.14136717691906908 0.060133630289532294 0.0012142145198396459 0.4885745375408052 0.030030172624733082 0.0018836711369886881
199 450.0 7361.0 32.715555555555554 0.14136717691906908 0.05790645879732739 0.001180129343143547 0.4891067538126362 0.02836267606243939 0.0018201386769430138
2 450.0 7361.0 32.715555555555554 0.14136717691906908 0.12026726057906459 0.004881412458056165 0.5288574793875147 0.06438643280329508 0.003524682833721645
20 450.0 7361.0 32.715555555555554 0.14136717691906908 0.24276169265033407 0.016988984051319246 0.5690747782002535 0.14290053859742308 0.006844589273433939
200 450.0 7361.0 32.715555555555554 0.14136717691906908 0.04899777282850779 0.0005385415688814785 0.4854054054054054 0.02873185252010057 0.001551097774794117
201 450.0 7361.0 32.715555555555554 0.14136717691906908 0.05567928730512249 0.0007830657730149577 0.4812433011789925 0.029110565451706354 0.001744652433666125
202 450.0 7361.0 32.715555555555554 0.14136717691906908 0.06681514476614699 0.0015031984921067272 0.4912472647702407 0.033680522623730454 0.0020744339715877908
203 450.0 7361.0 32.715555555555554 0.14136717691906908 0.06236080178173719 0.0011813725934206273 0.4988888888888889 0.03453031151623912 0.001936691202378622
204 450.0 7361.0 32.715555555555554 0.14136717691906908 0.05567928730512249 0.0007998518333417323 0.48964013086150493 0.03298595405711283 0.0017396192221529208
205 450.0 7361.0 32.715555555555554 0.14136717691906908 0.05567928730512249 0.0010416327490541456 0.4977827050997783 0.03522769562083575 0.0017476986172495217
206 450.0 7361.0 32.715555555555554 0.14136717691906908 0.044543429844097995 0.0004062032323378463 0.47513227513227513 0.02575224380719244 0.0014240277838907297
207 450.0 7361.0 32.715555555555554 0.14136717691906908 0.06681514476614699 0.0014806850996297734 0.4907103825136612 0.032866178734747474 0.002068905803221915
208 450.0 7361.0 32.715555555555554 0.14136717691906908 0.04677060133630289 0.0005543110376465737 0.480728051391863 0.026141533177387002 0.0014932709450860698
209 450.0 7361.0 32.715555555555554 0.14136717691906908 0.05790645879732739 0.0009312020294450844 0.49340659340659343 0.03184115348035398 0.0018078024584269065
21 450.0 7361.0 32.715555555555554 0.14136717691906908 0.2806236080178174 0.02515730011372293 0.5816062176165803 0.14968435208700706 0.00793220039480573
210 450.0 7361.0 32.715555555555554 0.14136717691906908 0.05790645879732739 0.0011709704417398456 0.4885745375408052 0.029019064838046164 0.0018218726013790006
211 450.0 7361.0 32.715555555555554 0.14136717691906908 0.05567928730512249 0.0009422434200022685 0.4843581445523193 0.028593346775203247 0.0017539669352520859
212 450.0 7361.0 32.715555555555554 0.14136717691906908 0.04899777282850779 0.0007342287014849743 0.4672216441207076 0.022638738031591724 0.0015687771675147503
213 450.0 7361.0 32.715555555555554 0.14136717691906908 0.051224944320712694 0.0006691827983498725 0.4880434782608696 0.03021827470345802 0.0016180292985451322
214 450.0 7361.0 32.715555555555554 0.14136717691906908 0.044543429844097995 0.00047949514899296936 0.47613997879109227 0.023711330257414964 0.0014314966297201605
215 450.0 7361.0 32.715555555555554 0.14136717691906908 0.05790645879732739 0.0011647154252216112 0.48593073593073594 0.03229572267771096 0.0018155980734844645
216 450.0 7361.0 32.715555555555554 0.14136717691906908 0.08017817371937638 0.0026977783897712405 0.5027995520716685 0.03907652759836675 0.0024669902475052195
217 450.0 7361.0 32.715555555555554 0.14136717691906908 0.06681514476614699 0.0017593102065844657 0.4838362068965517 0.029963741224780432 0.002083892008597094
218 450.0 7361.0 32.715555555555554 0.14136717691906908 0.05345211581291759 0.0009506530458155088 0.4843581445523193 0.026872235337350746 0.0016949910013080564
219 450.0 7361.0 32.715555555555554 0.14136717691906908 0.051224944320712694 0.0007704856583388101 0.4838362068965517 0.031096286022060195 0.0016212866126530832
22 450.0 7361.0 32.715555555555554 0.14136717691906908 0.23385300668151446 0.01595014735446627 0.5662042875157629 0.13166764230188865 0.006617109656648525
220 450.0 7361.0 32.715555555555554 0.14136717691906908 0.060133630289532294 0.00102957227355525 0.48645720476706394 0.028911537286167063 0.001876158023437659
221 450.0 7361.0 32.715555555555554 0.14136717691906908 0.04677060133630289 0.00045225033316444115 0.48751357220412594 0.03099113739446822 0.0014826617673510856
222 450.0 7361.0 32.715555555555554 0.14136717691906908 0.04899777282850779 0.000622143764561978 0.4726315789473684 0.023716286162703767 0.0015569515270591654
223 450.0 7361.0 32.715555555555554 0.14136717691906908 0.05345211581291759 0.0008055888646657865 0.4827956989247312 0.03043457072856182 0.0016822744014129457
224 450.0 7361.0 32.715555555555554 0.14136717691906908 0.044543429844097995 0.00042639192235834165 0.47412882787750793 0.025242484225119446 0.001428454273452363
225 450.0 7361.0 32.715555555555554 0.14136717691906908 0.051224944320712694 0.0007839218924531725 0.4854054054054054 0.0285266014055633 0.0016298065165630722
226 450.0 7361.0 32.715555555555554 0.14136717691906908 0.05790645879732739 0.0009337694317428324 0.49286498353457736 0.03226702698404747 0.0018090274801161313
227 450.0 7361.0 32.715555555555554 0.14136717691906908 0.05567928730512249 0.00098659404068376 0.4891067538126362 0.03163836784511635 0.001751667304954765
228 450.0 7361.0 32.715555555555554 0.14136717691906908 0.06236080178173719 0.0016451178198535856 0.4843581445523193 0.02562269789307799 0.0019645042953680796
229 450.0 7361.0 32.715555555555554 0.14136717691906908 0.051224944320712694 0.0007803019224018977 0.4791889007470651 0.024792022322169514 0.0016297529943711834
23 450.0 7361.0 32.715555555555554 0.14136717691906908 0.24053452115812918 0.0169555834874407 0.5683544303797469 0.1382127132162919 0.006800190008805218
230 450.0 7361.0 32.715555555555554 0.14136717691906908 0.04899777282850779 0.0005514705169282428 0.4726315789473684 0.027247707975332058 0.0015542522823694125
231 450.0 7361.0 32.715555555555554 0.14136717691906908 0.060133630289532294 0.0014358449502407085 0.4827956989247312 0.02625543961697276 0.001896853449670369
232 450.0 7361.0 32.715555555555554 0.14136717691906908 0.06458797327394208 0.00176656619228356 0.48331539289558667 0.0274275610154902 0.0020330894984594327
233 450.0 7361.0 32.715555555555554 0.14136717691906908 0.06681514476614699 0.0018160191945650861 0.48751357220412594 0.028661386410348776 0.002093788507637893
234 450.0 7361.0 32.715555555555554 0.14136717691906908 0.05567928730512249 0.0008247533569263183 0.48964013086150493 0.032961221045875184 0.0017438955071968423
235 450.0 7361.0 32.715555555555554 0.14136717691906908 0.05345211581291759 0.0008610088234284702 0.4843581445523193 0.02946884977753042 0.001691192493111898
236 450.0 7361.0 32.715555555555554 0.14136717691906908 0.05790645879732739 0.001065547335311581 0.4983351831298557 0.03765193351804848 0.0018053212207473348
237 450.0 7361.0 32.715555555555554 0.14136717691906908 0.04677060133630289 0.00043298734093728347 0.4827956989247312 0.03154348238395321 0.0014816842907053281
238 450.0 7361.0 32.715555555555554 0.14136717691906908 0.051224944320712694 0.0006192812866691197 0.49503858875413453 0.033061814918966884 0.0016100171181383488
239 450.0 7361.0 32.715555555555554 0.14136717691906908 0.06458797327394208 0.0013900303823379274 0.49286498353457736 0.03420379759305192 0.0020047317404302714
24 450.0 7361.0 32.715555555555554 0.14136717691906908 0.24498886414253895 0.01826722216083059 0.5697969543147208 0.13543824040258826 0.006937184465630561
240 450.0 7361.0 32.715555555555554 0.14136717691906908 0.04677060133630289 0.0005193355143406909 0.48593073593073594 0.02901611136685979 0.0014902239011809117
241 450.0 7361.0 32.715555555555554 0.14136717691906908 0.060133630289532294 0.0012837261365562093 0.49178532311062434 0.028608204659519562 0.0018876326270247158
242 450.0 7361.0 32.715555555555554 0.14136717691906908 0.05790645879732739 0.0011508065502194562 0.4885745375408052 0.029282218279636837 0.0018221699808520285
243 450.0 7361.0 32.715555555555554 0.14136717691906908 0.04899777282850779 0.000691954153126986 0.4812433011789925 0.029495295231989377 0.0015661997089682614
244 450.0 7361.0 32.715555555555554 0.14136717691906908 0.04677060133630289 0.0005912105847971715 0.47463002114164904 0.02477705667589255 0.0015011702776110498
245 450.0 7361.0 32.715555555555554 0.14136717691906908 0.05790645879732739 0.0010780700979673154 0.48488120950323976 0.03002506235558133 0.0018195478802798977
246 450.0 7361.0 32.715555555555554 0.14136717691906908 0.051224944320712694 0.0008086229400663538 0.47213459516298634 0.0250620339232463 0.001633968662953797
247 450.0 7361.0 32.715555555555554 0.14136717691906908 0.05567928730512249 0.0010522684361803749 0.48331539289558667 0.028794059351307216 0.0017541815883126673
248 450.0 7361.0 32.715555555555554 0.14136717691906908 0.042316258351893093 0.00037130534452602896 0.4854054054054054 0.029461575608917802 0.0013587772776641127
249 450.0 7361.0 32.715555555555554 0.14136717691906908 0.05345211581291759 0.0008279599495913172 0.4880434782608696 0.032022610232546295 0.0016863269950499935
25 450.0 7361.0 32.715555555555554 0.14136717691906908 0.26948775055679286 0.022184866399500975 0.5778635778635779 0.14787458190046926 0.007613307836331136
250 450.0 7361.0 32.715555555555554 0.14136717691906908 0.04677060133630289 0.0005213933446173417 0.47513227513227513 0.02652620718077992 0.0014928318018059953
251 450.0 7361.0 32.715555555555554 0.14136717691906908 0.05345211581291759 0.000864866367614079 0.4907103825136612 0.031556613710221906 0.0016900363147739435
252 450.0 7361.0 32.715555555555554 0.14136717691906908 0.05567928730512249 0.0009956784955788872 0.4771519659936238 0.02937648387332371 0.001758887652777982
253 450.0 7361.0 32.715555555555554 0.14136717691906908 0.051224944320712694 0.0006144965462418649 0.4891067538126362 0.032831201491179546 0.0016136695682759112
254 450.0 7361.0 32.715555555555554 0.14136717691906908 0.05345211581291759 0.0010482966512355585 0.4791889007470651 0.026105969851424656 0.0017020095965586581
255 450.0 7361.0 32.715555555555554 0.14136717691906908 0.060133630289532294 0.0014624235186853727 0.4812433011789925 0.026781409677483537 0.001895119718436951
256 450.0 7361.0 32.715555555555554 0.14136717691906908 0.04899777282850779 0.0006158660143302702 0.4812433011789925 0.030291990740433074 0.0015587925816735715
257 450.0 7361.0 32.715555555555554 0.14136717691906908 0.06681514476614699 0.001628026211932752 0.5011160714285714 0.035556388757072815 0.0020697568739066314
258 450.0 7361.0 32.715555555555554 0.14136717691906908 0.06236080178173719 0.0013794709764274825 0.4955849889624724 0.034462436802531846 0.0019487482001661629
259 450.0 7361.0 32.715555555555554 0.14136717691906908 0.051224944320712694 0.0006507433543243906 0.47816826411075614 0.02704005559119151 0.0016218035559930363
26 450.0 7361.0 32.715555555555554 0.14136717691906908 0.24944320712694876 0.018940702875306775 0.5712468193384224 0.13542321641726027 0.0070664612791409235
260 450.0 7361.0 32.715555555555554 0.14136717691906908 0.044543429844097995 0.0004290310044180683 0.4827956989247312 0.02987288076465516 0.001425953355089997
261 450.0 7361.0 32.715555555555554 0.14136717691906908 0.042316258351893093 0.00042561571925404197 0.46384297520661155 0.024150410997247643 0.0013703925018563577
262 450.0 7361.0 32.715555555555554 0.14136717691906908 0.04899777282850779 0.0006474748220792207 0.48751357220412594 0.029057524201019987 0.0015574943316631438
263 450.0 7361.0 32.715555555555554 0.14136717691906908 0.05345211581291759 0.0010619970062900723 0.4648033126293996 0.02223248824933596 0.0017124049742758302
264 450.0 7361.0 32.715555555555554 0.14136717691906908 0.042316258351893093 0.00038808386488249603 0.46673596673596673 0.024073564767667446 0.0013719937918435043
265 450.0 7361.0 32.715555555555554 0.14136717691906908 0.04677060133630289 0.0006796806778706218 0.4771519659936238 0.02479198070250482 0.001509104228590051
266 450.0 7361.0 32.715555555555554 0.14136717691906908 0.04677060133630289 0.0005033545662980843 0.4827956989247312 0.028988142990103386 0.0014871224991937155
267 450.0 7361.0 32.715555555555554 0.14136717691906908 0.04899777282850779 0.0007835418013198426 0.4619341563786008 0.020006750451005337 0.001577173405439411
268 450.0 7361.0 32.715555555555554 0.14136717691906908 0.06236080178173719 0.0013493030833505969 0.4891067538126362 0.032145690211559934 0.0019501298411425615
269 450.0 7361.0 32.715555555555554 0.14136717691906908 0.044543429844097995 0.0005718708763207787 0.47114375655823715 0.02348265895774552 0.0014418788131954307
27 450.0 7361.0 32.715555555555554 0.14136717691906908 0.21158129175946547 0.012908869859368973 0.5591531755915318 0.12495499283834421 0.005994933005947481
270 450.0 7361.0 32.715555555555554 0.14136717691906908 0.05345211581291759 0.0008829578303785043 0.4812433011789925 0.02518514081703758 0.0016960293285712624
271 450.0 7361.0 32.715555555555554 0.14136717691906908 0.04677060133630289 0.0006960291224244957 0.4802139037433155 0.026745365887681605 0.0015073202861651401
272 450.0 7361.0 32.715555555555554 0.14136717691906908 0.044543429844097995 0.00044426110914193637 0.46673596673596673 0.024334029263504676 0.00143452409975536
273 450.0 7361.0 32.715555555555554 0.14136717691906908 0.051224944320712694 0.0007718073026117504 0.47412882787750793 0.025390355765596284 0.0016312004275631186
274 450.0 7361.0 32.715555555555554 0.14136717691906908 0.05345211581291759 0.001024430338886392 0.475635593220339 0.024248444716758112 0.0017067464961472215
275 450.0 7361.0 32.715555555555554 0.14136717691906908 0.04899777282850779 0.0006316074448978774 0.47867803837953093 0.027644532622598705 0.0015629078955514309
276 450.0 7361.0 32.715555555555554 0.14136717691906908 0.04677060133630289 0.0006660782663932983 0.4681960375391032 0.022498688249430517 0.0015090502961017476
277 450.0 7361.0 32.715555555555554 0.14136717691906908 0.05790645879732739 0.0013231440493238736 0.4771519659936238 0.025811698801264316 0.0018391883424382861
278 450.0 7361.0 32.715555555555554 0.14136717691906908 0.04677060133630289 0.0006671458625029475 0.4696652719665272 0.0230632782501517 0.0015019163786208376
279 450.0 7361.0 32.715555555555554 0.14136717691906908 0.04677060133630289 0.0006471778453595227 0.47163865546218486 0.024760523514330314 0.0015073240636991594
28 450.0 7361.0 32.715555555555554 0.14136717691906908 0.24721603563474387 0.018354929023058415 0.5705209656925032 0.13239868697630217 0.006991726635767945
280 450.0 7361.0 32.715555555555554 0.14136717691906908 0.042316258351893093 0.00044970137448260687 0.47362869198312235 0.026567763010709837 0.0013704859838353975
281 450.0 7361.0 32.715555555555554 0.14136717691906908 0.05567928730512249 0.0011888073275420667 0.47613997879109227 0.024214192081038536 0.0017726493395474057
282 450.0 7361.0 32.715555555555554 0.14136717691906908 0.04008908685968819 0.0003420475639318209 0.47513227513227513 0.02511659811121237 0.001304095902012172
283 450.0 7361.0 32.715555555555554 0.14136717691906908 0.05567928730512249 0.0011953659340084215 0.475635593220339 0.025222141269809935 0.001779693134222439
284 450.0 7361.0 32.715555555555554 0.14136717691906908 0.051224944320712694 0.0009050540776463595 0.4827956989247312 0.02666847149442278 0.0016354251691604925
285 450.0 7361.0 32.715555555555554 0.14136717691906908 0.04899777282850779 0.0006487617055004622 0.4802139037433155 0.028510714949771095 0.0015564893191412179
286 450.0 7361.0 32.715555555555554 0.14136717691906908 0.04677060133630289 0.0005696985660870097 0.4791889007470651 0.0306115583337962 0.0014930097125476882
287 450.0 7361.0 32.715555555555554 0.14136717691906908 0.044543429844097995 0.0004221682531789116 0.46917450365726227 0.02575970127797627 0.0014388864271692044
288 450.0 7361.0 32.715555555555554 0.14136717691906908 0.04899777282850779 0.0007104377110099728 0.490174672489083 0.030238524400012203 0.0015585348167447344
289 450.0 7361.0 32.715555555555554 0.14136717691906908 0.04008908685968819 0.000392897861079703 0.46917450365726227 0.022358429517237547 0.0013135706016799747
29 450.0 7361.0 32.715555555555554 0.14136717691906908 0.2717149220489978 0.024150226966524746 0.5786082474226805 0.1396715149185526 0.00770923138223311
290 450.0 7361.0 32.715555555555554 0.14136717691906908 0.051224944320712694 0.0009180107365371645 0.47362869198312235 0.02578430805474003 0.0016405508610915476
291 450.0 7361.0 32.715555555555554 0.14136717691906908 0.04677060133630289 0.0006267059508721564 0.47114375655823715 0.02520628690458883 0.001502600789095486
292 450.0 7361.0 32.715555555555554 0.14136717691906908 0.04677060133630289 0.0005333331221541887 0.4838362068965517 0.028449536510244906 0.0014959722532478302
293 450.0 7361.0 32.715555555555554 0.14136717691906908 0.044543429844097995 0.00045704192131659695 0.4912472647702407 0.032823619192821826 0.0014195976856530138
294 450.0 7361.0 32.715555555555554 0.14136717691906908 0.051224944320712694 0.001097816747938392 0.4726315789473684 0.021568755530194824 0.0016565783614237131
295 450.0 7361.0 32.715555555555554 0.14136717691906908 0.05345211581291759 0.0009167307416083591 0.4827956989247312 0.02827283392650682 0.0016919360938306841
296 450.0 7361.0 32.715555555555554 0.14136717691906908 0.04008908685968819 0.0003153094969973041 0.4731296101159115 0.0231608839843926 0.0013026784706253233
297 450.0 7361.0 32.715555555555554 0.14136717691906908 0.04677060133630289 0.0007653395040163744 0.4633642930856553 0.020323560317416455 0.0015155760711452132
298 450.0 7361.0 32.715555555555554 0.14136717691906908 0.044543429844097995 0.0005944479414929625 0.47213459516298634 0.024769936597801637 0.0014440734913698278
299 450.0 7361.0 32.715555555555554 0.14136717691906908 0.051224944320712694 0.0009102019444355332 0.4802139037433155 0.026158201343678383 0.0016358374640881733
3 450.0 7361.0 32.715555555555554 0.14136717691906908 0.12694877505567928 0.0053221429629805445 0.5288574793875147 0.06667008440720672 0.003714349732715289
30 450.0 7361.0 32.715555555555554 0.14136717691906908 0.16926503340757237 0.008491868051147976 0.5462287104622872 0.10022836410773522 0.004845797640446365
300 450.0 7361.0 32.715555555555554 0.14136717691906908 0.042316258351893093 0.00032257265191389014 0.47816826411075614 0.02660730644919583 0.0013597622986422557
301 450.0 7361.0 32.715555555555554 0.14136717691906908 0.044543429844097995 0.0006348426960667136 0.4558375634517767 0.02072244550242966 0.0014519801599793016
302 450.0 7361.0 32.715555555555554 0.14136717691906908 0.051224944320712694 0.000889764665953776 0.4681960375391032 0.023942160022841216 0.0016452220626116826
303 450.0 7361.0 32.715555555555554 0.14136717691906908 0.042316258351893093 0.00046525224483918304 0.46868475991649267 0.02364162012239057 0.001378845464194266
304 450.0 7361.0 32.715555555555554 0.14136717691906908 0.051224944320712694 0.0008120450329690607 0.4838362068965517 0.027235522494312263 0.0016339185087329686
305 450.0 7361.0 32.715555555555554 0.14136717691906908 0.044543429844097995 0.0006634356074836574 0.4701570680628272 0.024132564617214865 0.0014498555601870034
306 450.0 7361.0 32.715555555555554 0.14136717691906908 0.04677060133630289 0.0007579315121942798 0.4681960375391032 0.022512656003011142 0.001516633518186041
307 450.0 7361.0 32.715555555555554 0.14136717691906908 0.05345211581291759 0.0008455316909960195 0.4731296101159115 0.028366244323039712 0.0016971838797630707
308 450.0 7361.0 32.715555555555554 0.14136717691906908 0.04677060133630289 0.0006669542921905167 0.475635593220339 0.024030981724566865 0.0015107237195372163
309 450.0 7361.0 32.715555555555554 0.14136717691906908 0.051224944320712694 0.0008133922567320185 0.4731296101159115 0.026086831680664585 0.0016384127163824647
31 450.0 7361.0 32.715555555555554 0.14136717691906908 0.18040089086859687 0.010011901623515803 0.5495716034271726 0.09794010925971622 0.005176211508412073
310 450.0 7361.0 32.715555555555554 0.14136717691906908 0.04899777282850779 0.000594127509531168 0.47064989517819705 0.024854958697941347 0.0015607341831050253
311 450.0 7361.0 32.715555555555554 0.14136717691906908 0.044543429844097995 0.0006615173113670864 0.47463002114164904 0.02342887406749593 0.0014478208809349808
312 450.0 7361.0 32.715555555555554 0.14136717691906908 0.04677060133630289 0.0006386799730003592 0.48175965665236054 0.027044990244700296 0.0014975752023344317
313 450.0 7361.0 32.715555555555554 0.14136717691906908 0.04008908685968819 0.00034217269706742626 0.47213459516298634 0.023754966250528108 0.0013108801216405806
314 450.0 7361.0 32.715555555555554 0.14136717691906908 0.04008908685968819 0.0003206154646350168 0.46868475991649267 0.023218339683154763 0.0013127735370080335
315 450.0 7361.0 32.715555555555554 0.14136717691906908 0.04677060133630289 0.0005957189246651229 0.47513227513227513 0.027015836716835672 0.001499810125894559
316 450.0 7361.0 32.715555555555554 0.14136717691906908 0.044543429844097995 0.0005062738130137699 0.4838362068965517 0.029116294367791604 0.0014348754639974639
317 450.0 7361.0 32.715555555555554 0.14136717691906908 0.04677060133630289 0.0007878297977898807 0.4726315789473684 0.02045607216057722 0.001517401381094522
318 450.0 7361.0 32.715555555555554 0.14136717691906908 0.042316258351893093 0.00037542002181301847 0.47664543524416136 0.02630236922695027 0.0013656930622029137
319 450.0 7361.0 32.715555555555554 0.14136717691906908 0.04677060133630289 0.0007883021192457546 0.4776595744680851 0.024058623464429916 0.0015138877407100835
32 450.0 7361.0 32.715555555555554 0.14136717691906908 0.19153674832962136 0.011824019846004985 0.5529556650246306 0.10469422297766601 0.005482865946802373
320 450.0 7361.0 32.715555555555554 0.14136717691906908 0.04008908685968819 0.00043216597514891006 0.45723014256619143 0.020307914641305345 0.0013187673731082723
321 450.0 7361.0 32.715555555555554 0.14136717691906908 0.042316258351893093 0.00047720995353198734 0.4696652719665272 0.023505496566529102 0.0013778152477866487
322 450.0 7361.0 32.715555555555554 0.14136717691906908 0.04677060133630289 0.0006606942763679359 0.47064989517819705 0.023407548212304192 0.0015112462118238947
323 450.0 7361.0 32.715555555555554 0.14136717691906908 0.04008908685968819 0.00040672447354818533 0.47064989517819705 0.025603385945735215 0.0013125361939218577
324 450.0 7361.0 32.715555555555554 0.14136717691906908 0.04677060133630289 0.0006751736065404634 0.47362869198312235 0.02384227375905808 0.0015160146394688884
325 450.0 7361.0 32.715555555555554 0.14136717691906908 0.04008908685968819 0.00032711082014822936 0.4731296101159115 0.025225807776156052 0.0013043483375819326
326 450.0 7361.0 32.715555555555554 0.14136717691906908 0.051224944320712694 0.0010230280050833108 0.480728051391863 0.02613381058300313 0.001644995803006433
327 450.0 7361.0 32.715555555555554 0.14136717691906908 0.042316258351893093 0.0004891055242478761 0.46528497409326425 0.022166240117324564 0.0013784423226500856
328 450.0 7361.0 32.715555555555554 0.14136717691906908 0.04677060133630289 0.0007428204178642893 0.45816326530612245 0.02001833594967681 0.0015183779099340342
329 450.0 7361.0 32.715555555555554 0.14136717691906908 0.044543429844097995 0.0007412476684920785 0.46917450365726227 0.02536905246968539 0.0014518547144487311
33 450.0 7361.0 32.715555555555554 0.14136717691906908 0.23608017817371937 0.016401023406505295 0.5669191919191919 0.13036893691191648 0.006685672056160377
330 450.0 7361.0 32.715555555555554 0.14136717691906908 0.042316258351893093 0.0003806837110753253 0.47213459516298634 0.025753517665977818 0.001373904797901342
331 450.0 7361.0 32.715555555555554 0.14136717691906908 0.04008908685968819 0.0002549685993160787 0.4797008547008547 0.02700923557699855 0.001298289270911934
332 450.0 7361.0 32.715555555555554 0.14136717691906908 0.04677060133630289 0.0006900649488373768 0.47463002114164904 0.026372825729194388 0.001513166645274669
333 450.0 7361.0 32.715555555555554 0.14136717691906908 0.04008908685968819 0.0004111660726765676 0.4726315789473684 0.022486216588022783 0.0013182289820578635
334 450.0 7361.0 32.715555555555554 0.14136717691906908 0.05567928730512249 0.0010459115345594762 0.490174672489083 0.03013740688527497 0.0017687841865317796
335 450.0 7361.0 32.715555555555554 0.14136717691906908 0.04677060133630289 0.0006828393566258737 0.4672216441207076 0.02271185575553716 0.001520485878600195
336 450.0 7361.0 32.715555555555554 0.14136717691906908 0.0378619153674833 0.0003237245455260302 0.4643226473629783 0.02166441138441238 0.0012526292983068691
337 450.0 7361.0 32.715555555555554 0.14136717691906908 0.042316258351893093 0.00041315089767310977 0.47513227513227513 0.026424984417221405 0.001369832641969988
338 450.0 7361.0 32.715555555555554 0.14136717691906908 0.04677060133630289 0.0007166404764587514 0.47163865546218486 0.022711645753423902 0.0015143252343061526
339 450.0 7361.0 32.715555555555554 0.14136717691906908 0.04008908685968819 0.00041760568514412306 0.46673596673596673 0.022668619052749094 0.0013135891291714563
34 450.0 7361.0 32.715555555555554 0.14136717691906908 0.17149220489977726 0.007656322199413961 0.5468940316686967 0.09922863685995074 0.004883319087521907
340 450.0 7361.0 32.715555555555554 0.14136717691906908 0.044543429844097995 0.0007373970984809205 0.4586312563840654 0.019334961957508882 0.0014600145947631787
341 450.0 7361.0 32.715555555555554 0.14136717691906908 0.042316258351893093 0.0005219784736347206 0.46673596673596673 0.02201143766657137 0.0013844819364457143
342 450.0 7361.0 32.715555555555554 0.14136717691906908 0.04677060133630289 0.0007250599692770364 0.47213459516298634 0.025337021441527764 0.0015155305433991787
343 450.0 7361.0 32.715555555555554 0.14136717691906908 0.05345211581291759 0.0010772042559309696 0.47613997879109227 0.024853201343327337 0.0017087990037795487
344 450.0 7361.0 32.715555555555554 0.14136717691906908 0.042316258351893093 0.0004649559028498109 0.46917450365726227 0.023719320175469006 0.0013727586181798538
345 450.0 7361.0 32.715555555555554 0.14136717691906908 0.042316258351893093 0.0004939425093347699 0.4726315789473684 0.02406990600110624 0.0013795020562978129
346 450.0 7361.0 32.715555555555554 0.14136717691906908 0.044543429844097995 0.0005791326274881706 0.4696652719665272 0.02349118849304897 0.001455002387838637
347 450.0 7361.0 32.715555555555554 0.14136717691906908 0.042316258351893093 0.0005706864496855424 0.47114375655823715 0.022858553765394144 0.0013865896325692582
348 450.0 7361.0 32.715555555555554 0.14136717691906908 0.042316258351893093 0.00042102133169588326 0.4797008547008547 0.029521612606649178 0.0013696144305307442
349 450.0 7361.0 32.715555555555554 0.14136717691906908 0.04008908685968819 0.00042757250739393387 0.47412882787750793 0.027363251201684105 0.0013132752311430062
35 450.0 7361.0 32.715555555555554 0.14136717691906908 0.19376391982182628 0.010196203715255538 0.5529556650246306 0.11386920054831609 0.005490007405559615
350 450.0 7361.0 32.715555555555554 0.14136717691906908 0.04899777282850779 0.0008044395050541175 0.46673596673596673 0.022965683787611678 0.0015788859991411404
351 450.0 7361.0 32.715555555555554 0.14136717691906908 0.044543429844097995 0.0006641878857251661 0.46917450365726227 0.024536843847749984 0.0014507757302973634
352 450.0 7361.0 32.715555555555554 0.14136717691906908 0.04677060133630289 0.000553519359595653 0.475635593220339 0.02910159292270661 0.0014956505601475072
353 450.0 7361.0 32.715555555555554 0.14136717691906908 0.04677060133630289 0.0009641149474202181 0.45816326530612245 0.01808912294173322 0.001535614762967065
354 450.0 7361.0 32.715555555555554 0.14136717691906908 0.04677060133630289 0.0007242322454512882 0.4672216441207076 0.023351415551721627 0.001520522600685133
355 450.0 7361.0 32.715555555555554 0.14136717691906908 0.04677060133630289 0.0007110293956071863 0.47213459516298634 0.024783830820662458 0.0015098213085548338
356 450.0 7361.0 32.715555555555554 0.14136717691906908 0.042316258351893093 0.000427046642298419 0.47613997879109227 0.027009977949995604 0.0013672503913385076
357 450.0 7361.0 32.715555555555554 0.14136717691906908 0.0378619153674833 0.00035332238087195517 0.4619341563786008 0.02142114581521025 0.001253666522392352
358 450.0 7361.0 32.715555555555554 0.14136717691906908 0.04677060133630289 0.0006410391044169598 0.480728051391863 0.025748476711028992 0.0014984701695056714
359 450.0 7361.0 32.715555555555554 0.14136717691906908 0.042316258351893093 0.0005736280057047005 0.4726315789473684 0.023439942054488096 0.0013861088103823273
36 450.0 7361.0 32.715555555555554 0.14136717691906908 0.17149220489977726 0.008188962513615292 0.5449029126213593 0.09656198652971008 0.004901091274681921
360 450.0 7361.0 32.715555555555554 0.14136717691906908 0.0378619153674833 0.00042117005232809103 0.45816326530612245 0.020876046541086966 0.0012600709854176252
361 450.0 7361.0 32.715555555555554 0.14136717691906908 0.04008908685968819 0.00034804672463755246 0.46917450365726227 0.023223598184546022 0.0013046758871987055
362 450.0 7361.0 32.715555555555554 0.14136717691906908 0.042316258351893093 0.0006987129075701676 0.4605128205128205 0.02047818213045923 0.0013973837287195325
363 450.0 7361.0 32.715555555555554 0.14136717691906908 0.044543429844097995 0.0006868415062792966 0.47114375655823715 0.025100066637670636 0.0014516203918779821
364 450.0 7361.0 32.715555555555554 0.14136717691906908 0.042316258351893093 0.0005113142977639108 0.4771519659936238 0.026337067353732577 0.0013762401545260124
365 450.0 7361.0 32.715555555555554 0.14136717691906908 0.0378619153674833 0.0004013998016193519 0.46384297520661155 0.019505523948532257 0.0012595186150487375
366 450.0 7361.0 32.715555555555554 0.14136717691906908 0.04677060133630289 0.0008190548608517194 0.46770833333333334 0.021987197927867855 0.0015209830717871013
367 450.0 7361.0 32.715555555555554 0.14136717691906908 0.044543429844097995 0.0007545259938840194 0.4535353535353535 0.018166247236838573 0.0014625068741380479
368 450.0 7361.0 32.715555555555554 0.14136717691906908 0.0378619153674833 0.00024286812845293005 0.46625129802699894 0.02541577226620532 0.0012348604905217705
369 450.0 7361.0 32.715555555555554 0.14136717691906908 0.04677060133630289 0.0006597637269066983 0.48175965665236054 0.026762951085936 0.001503697266943093
37 450.0 7361.0 32.715555555555554 0.14136717691906908 0.16481069042316257 0.008583885730097595 0.5435835351089588 0.08936545881158009 0.0047427918192661945
370 450.0 7361.0 32.715555555555554 0.14136717691906908 0.0378619153674833 0.0003908859591657268 0.4449950445986125 0.015967271767441574 0.0012632844977380545
371 450.0 7361.0 32.715555555555554 0.14136717691906908 0.04677060133630289 0.0007077753378234682 0.480728051391863 0.028482119798588803 0.0015042292076538966
372 450.0 7361.0 32.715555555555554 0.14136717691906908 0.04008908685968819 0.00044140695096581687 0.4591002044989775 0.021121186323071386 0.0013230896788895036
373 450.0 7361.0 32.715555555555554 0.14136717691906908 0.04008908685968819 0.00048110776947092365 0.4600409836065574 0.01964279255103998 0.00133037124091492
374 450.0 7361.0 32.715555555555554 0.14136717691906908 0.04008908685968819 0.0004826327622347639 0.4530776992936428 0.01809497929317801 0.001331678570077725
375 450.0 7361.0 32.715555555555554 0.14136717691906908 0.044543429844097995 0.0007665066790062457 0.44411473788328387 0.016594704713906106 0.0014720337482314843
376 450.0 7361.0 32.715555555555554 0.14136717691906908 0.04008908685968819 0.0002968566589521505 0.47664543524416136 0.025661139815789644 0.0012978821500480501
377 450.0 7361.0 32.715555555555554 0.14136717691906908 0.042316258351893093 0.0005622826155763717 0.4643226473629783 0.020876488042207677 0.0013863920452345945
378 450.0 7361.0 32.715555555555554 0.14136717691906908 0.042316258351893093 0.0004081705794242581 0.4771519659936238 0.026775282575863302 0.0013669237623993452
379 450.0 7361.0 32.715555555555554 0.14136717691906908 0.04677060133630289 0.0009651903483407933 0.45445344129554655 0.017870544743876934 0.001539792387614493
38 450.0 7361.0 32.715555555555554 0.14136717691906908 0.14699331848552338 0.005716874988492805 0.5396634615384616 0.08435799527799065 0.004220058277566547
380 450.0 7361.0 32.715555555555554 0.14136717691906908 0.042316258351893093 0.0004792039668595827 0.47213459516298634 0.02419478835444016 0.0013797927921342544
381 450.0 7361.0 32.715555555555554 0.14136717691906908 0.044543429844097995 0.0007341097649372753 0.45816326530612245 0.018938861731696566 0.0014632416619454137
382 450.0 7361.0 32.715555555555554 0.14136717691906908 0.044543429844097995 0.0007731725912637031 0.4563008130081301 0.017699226199891296 0.0014646275597908235
383 450.0 7361.0 32.715555555555554 0.14136717691906908 0.04008908685968819 0.0005537845415305048 0.44411473788328387 0.016936487897835573 0.0013397742506051826
384 450.0 7361.0 32.715555555555554 0.14136717691906908 0.04008908685968819 0.00059558576110752 0.44676616915422884 0.014534049058421145 0.0013410067606884296
385 450.0 7361.0 32.715555555555554 0.14136717691906908 0.04008908685968819 0.0004864698951535174 0.4517102615694165 0.018298210935327696 0.0013278911035762868
386 450.0 7361.0 32.715555555555554 0.14136717691906908 0.044543429844097995 0.000847800619029519 0.45035105315947843 0.016393211485703614 0.0014774537882088796
387 450.0 7361.0 32.715555555555554 0.14136717691906908 0.0378619153674833 0.00025607574238636167 0.45769622833843016 0.02172939302425396 0.0012392519082034838
388 450.0 7361.0 32.715555555555554 0.14136717691906908 0.04899777282850779 0.0010025211573105482 0.4586312563840654 0.01949012091855989 0.0015969001662223198
389 450.0 7361.0 32.715555555555554 0.14136717691906908 0.04008908685968819 0.0005953459852674453 0.4530776992936428 0.018162361384607303 0.0013387473798607778
39 450.0 7361.0 32.715555555555554 0.14136717691906908 0.17149220489977726 0.00875318321944114 0.5455650060753341 0.09146078110707366 0.0049261976602392975
390 450.0 7361.0 32.715555555555554 0.14136717691906908 0.042316258351893093 0.0004961032399837226 0.46384297520661155 0.021941919496331456 0.001386823363505537
391 450.0 7361.0 32.715555555555554 0.14136717691906908 0.0378619153674833 0.0004584081464721604 0.4521651560926485 0.01711865731204427 0.0012669634264598948
392 450.0 7361.0 32.715555555555554 0.14136717691906908 0.0378619153674833 0.00031244105455319703 0.45769622833843016 0.019224583563845907 0.0012527790050641551
393 450.0 7361.0 32.715555555555554 0.14136717691906908 0.042316258351893093 0.0004503911088529247 0.47412882787750793 0.02471596535016673 0.0013817308462703603
394 450.0 7361.0 32.715555555555554 0.14136717691906908 0.04008908685968819 0.0004487713377771782 0.47463002114164904 0.02436891661042236 0.0013182824871157586
395 450.0 7361.0 32.715555555555554 0.14136717691906908 0.042316258351893093 0.0008455718364445766 0.44411473788328387 0.015013128644510496 0.0014189497947685512
396 450.0 7361.0 32.715555555555554 0.14136717691906908 0.04008908685968819 0.0005151030377884133 0.47613997879109227 0.023913224881541812 0.0013187409907871896
397 450.0 7361.0 32.715555555555554 0.14136717691906908 0.04008908685968819 0.00047551011147263896 0.4672216441207076 0.02123006209001 0.0013257083224154323
398 450.0 7361.0 32.715555555555554 0.14136717691906908 0.0378619153674833 0.0002407953835883439 0.4776595744680851 0.02580786026400378 0.001232609691020239
399 450.0 7361.0 32.715555555555554 0.14136717691906908 0.0378619153674833 0.0003741854952225344 0.45035105315947843 0.020303803998924088 0.0012580498560026475
4 450.0 7361.0 32.715555555555554 0.14136717691906908 0.10913140311804008 0.0030442255619702163 0.5233100233100233 0.06432102245767425 0.0031958053334417143
40 450.0 7361.0 32.715555555555554 0.14136717691906908 0.18930957683741648 0.009771728994015802 0.5522755227552275 0.1023603114663259 0.005384692433252734
400 450.0 7361.0 32.715555555555554 0.14136717691906908 0.0378619153674833 0.0005880473965283908 0.4498997995991984 0.01705546291207738 0.0012886178148898814
401 450.0 7361.0 32.715555555555554 0.14136717691906908 0.04008908685968819 0.0004008769410757435 0.46770833333333334 0.020938935849610468 0.0013141143238432713
402 450.0 7361.0 32.715555555555554 0.14136717691906908 0.0378619153674833 0.0004911355990905744 0.45125628140703516 0.017699593155165845 0.0012732731508430333
403 450.0 7361.0 32.715555555555554 0.14136717691906908 0.04008908685968819 0.00040569138486941055 0.46868475991649267 0.021117136541565298 0.0013173938248950995
404 450.0 7361.0 32.715555555555554 0.14136717691906908 0.04008908685968819 0.0004882042070003183 0.46288659793814435 0.019693797120640476 0.001326970611632188
405 450.0 7361.0 32.715555555555554 0.14136717691906908 0.0378619153674833 0.00032014150330182385 0.47213459516298634 0.024662258083214633 0.0012517950135274992
406 450.0 7361.0 32.715555555555554 0.14136717691906908 0.0378619153674833 0.00041879947304879504 0.44721115537848605 0.01784588969397717 0.0012711579287135036
407 450.0 7361.0 32.715555555555554 0.14136717691906908 0.0378619153674833 0.0002974455098106302 0.46625129802699894 0.02228961975477727 0.0012446842002986208
408 450.0 7361.0 32.715555555555554 0.14136717691906908 0.04008908685968819 0.0004975125019623481 0.4624098867147271 0.01901531416374846 0.0013290824370641098
409 450.0 7361.0 32.715555555555554 0.14136717691906908 0.0378619153674833 0.0003886966099751889 0.4595701125895599 0.01903783259488153 0.0012556346831645703
41 450.0 7361.0 32.715555555555554 0.14136717691906908 0.10913140311804008 0.003026921634877481 0.5251461988304094 0.06941744502326368 0.003176990917263026
410 450.0 7361.0 32.715555555555554 0.14136717691906908 0.04008908685968819 0.0006109278369567149 0.4498997995991984 0.01725230841187733 0.0013410832830313038
411 450.0 7361.0 32.715555555555554 0.14136717691906908 0.0378619153674833 0.0004421304782550867 0.4619341563786008 0.02106011058231527 0.00126219622688448
412 450.0 7361.0 32.715555555555554 0.14136717691906908 0.044543429844097995 0.0005763978548386542 0.46625129802699894 0.022760261010983714 0.0014466809380013327
413 450.0 7361.0 32.715555555555554 0.14136717691906908 0.04008908685968819 0.00038864334125433765 0.47064989517819705 0.024321474300624646 0.0013095863026383828
414 450.0 7361.0 32.715555555555554 0.14136717691906908 0.0378619153674833 0.0003582489641520836 0.47463002114164904 0.024138654242558972 0.0012490855315901287
415 450.0 7361.0 32.715555555555554 0.14136717691906908 0.0378619153674833 0.0004380968216000278 0.46625129802699894 0.022579385471167664 0.0012608449277996933
416 450.0 7361.0 32.715555555555554 0.14136717691906908 0.04008908685968819 0.0005462247411882749 0.44455445544554456 0.01672989263344942 0.0013376385004771779
417 450.0 7361.0 32.715555555555554 0.14136717691906908 0.04008908685968819 0.0005307064348155691 0.45769622833843016 0.020801721994783282 0.0013299799716688908
418 450.0 7361.0 32.715555555555554 0.14136717691906908 0.04008908685968819 0.0003837293803591804 0.4731296101159115 0.023873001622851598 0.0013133977243835846
419 450.0 7361.0 32.715555555555554 0.14136717691906908 0.0378619153674833 0.0005039077593618054 0.44543650793650796 0.01586425821470989 0.0012734949311971914
42 450.0 7361.0 32.715555555555554 0.14136717691906908 0.16481069042316257 0.008320105467756713 0.5449029126213593 0.08875052022023483 0.004744724912343037
420 450.0 7361.0 32.715555555555554 0.14136717691906908 0.0378619153674833 0.00027136075960860904 0.4771519659936238 0.029016111559575126 0.0012408915743263634
421 450.0 7361.0 32.715555555555554 0.14136717691906908 0.0378619153674833 0.0004579242538666091 0.449 0.01744942877665243 0.0012693293263125291
422 450.0 7361.0 32.715555555555554 0.14136717691906908 0.04008908685968819 0.0006038719270289789 0.4605128205128205 0.020147676546292126 0.0013349653694754951
423 450.0 7361.0 32.715555555555554 0.14136717691906908 0.04008908685968819 0.0005604924566725789 0.4535353535353535 0.01747288710653773 0.0013333437115673331
424 450.0 7361.0 32.715555555555554 0.14136717691906908 0.0378619153674833 0.00030996767682425823 0.46770833333333334 0.022787816188542434 0.0012454782612466636
425 450.0 7361.0 32.715555555555554 0.14136717691906908 0.042316258351893093 0.0007279540957291751 0.4619341563786008 0.01912804332108642 0.001402443373836999
426 450.0 7361.0 32.715555555555554 0.14136717691906908 0.0378619153674833 0.0002969008772717516 0.4696652719665272 0.024619902470791374 0.0012477913495755142
427 450.0 7361.0 32.715555555555554 0.14136717691906908 0.04008908685968819 0.0005026079739027287 0.47362869198312235 0.024565433574640867 0.001319452883915511
428 450.0 7361.0 32.715555555555554 0.14136717691906908 0.04008908685968819 0.0006675295824989726 0.4535353535353535 0.01780443344268524 0.001343903840977323
429 450.0 7361.0 32.715555555555554 0.14136717691906908 0.04008908685968819 0.0005878484911687507 0.45035105315947843 0.0190611311694343 0.001343555287283396
43 450.0 7361.0 32.715555555555554 0.14136717691906908 0.13808463251670378 0.00502271761466626 0.535799522673031 0.07919755933192035 0.003980891274218459
430 450.0 7361.0 32.715555555555554 0.14136717691906908 0.0378619153674833 0.0003801171204246306 0.4498997995991984 0.01784553686726985 0.0012637135349272551
431 450.0 7361.0 32.715555555555554 0.14136717691906908 0.0378619153674833 0.0004128460503548906 0.4535353535353535 0.018803263497487916 0.0012607334765827468
432 450.0 7361.0 32.715555555555554 0.14136717691906908 0.0378619153674833 0.0002651215293157058 0.4648033126293996 0.021725178755608053 0.0012426864179155164
433 450.0 7361.0 32.715555555555554 0.14136717691906908 0.04008908685968819 0.0005172229232634106 0.4624098867147271 0.02089223723012405 0.0013269419283955764
434 450.0 7361.0 32.715555555555554 0.14136717691906908 0.04008908685968819 0.00045225350624295566 0.46770833333333334 0.023152824597094654 0.001317297439971793
435 450.0 7361.0 32.715555555555554 0.14136717691906908 0.04008908685968819 0.0002859098533851356 0.4771519659936238 0.028788860679577716 0.0012957488656056841
436 450.0 7361.0 32.715555555555554 0.14136717691906908 0.0378619153674833 0.0003514614119472769 0.46384297520661155 0.022463085549584958 0.0012500011777443604
437 450.0 7361.0 32.715555555555554 0.14136717691906908 0.0378619153674833 0.000494748021882194 0.4494494494494494 0.01704846489455706 0.0012796715874311896
438 450.0 7361.0 32.715555555555554 0.14136717691906908 0.0378619153674833 0.0003929984183570142 0.46673596673596673 0.02107733831720609 0.0012556772155872772
439 450.0 7361.0 32.715555555555554 0.14136717691906908 0.0378619153674833 0.00043375377916481155 0.4458788480635551 0.016070434640296945 0.0012708654832412562
44 450.0 7361.0 32.715555555555554 0.14136717691906908 0.17371937639198218 0.009751199063575513 0.5475609756097561 0.09162133845118241 0.004995934701086797
440 450.0 7361.0 32.715555555555554 0.14136717691906908 0.0378619153674833 0.0002719118679659469 0.46673596673596673 0.02318488396065569 0.0012423314163549604
441 450.0 7361.0 32.715555555555554 0.14136717691906908 0.0378619153674833 0.00033554122971304114 0.4498997995991984 0.019587390486452062 0.0012547376280398885
442 450.0 7361.0 32.715555555555554 0.14136717691906908 0.0378619153674833 0.0003716843613944002 0.4696652719665272 0.02234960713759422 0.0012527564993628124
443 450.0 7361.0 32.715555555555554 0.14136717691906908 0.0378619153674833 0.00035873486710667524 0.46384297520661155 0.022076378384962264 0.0012535937895902362
444 450.0 7361.0 32.715555555555554 0.14136717691906908 0.04008908685968819 0.0005018308324621417 0.4458788480635551 0.01650434549917804 0.0013313621191997811
445 450.0 7361.0 32.715555555555554 0.14136717691906908 0.0378619153674833 0.0004293799169571807 0.4397649363369246 0.015559666247590233 0.0012631386071436362
446 450.0 7361.0 32.715555555555554 0.14136717691906908 0.0378619153674833 0.000568649250899083 0.4380487804878049 0.014490094734827298 0.0012858122369276185
447 450.0 7361.0 32.715555555555554 0.14136717691906908 0.0378619153674833 0.00041956815663731856 0.45723014256619143 0.019775595366400733 0.0012627723934755678
448 450.0 7361.0 32.715555555555554 0.14136717691906908 0.0378619153674833 0.0003197720495721716 0.46917450365726227 0.02415908299949311 0.0012492603223741223
449 450.0 7361.0 32.715555555555554 0.14136717691906908 0.0378619153674833 0.000599550648545472 0.45035105315947843 0.01677419007129578 0.0012831012604145823
45 450.0 7361.0 32.715555555555554 0.14136717691906908 0.1403118040089087 0.006374465261005117 0.5338882282996433 0.0773407869953755 0.004079022645392959
46 450.0 7361.0 32.715555555555554 0.14136717691906908 0.14253897550111358 0.00568239401335489 0.5364396654719236 0.07807650753241373 0.004111158834533033
47 450.0 7361.0 32.715555555555554 0.14136717691906908 0.18485523385300667 0.011698656477439427 0.5502450980392157 0.09115861112842391 0.005330762965113584
48 450.0 7361.0 32.715555555555554 0.14136717691906908 0.1358574610244989 0.005683763972468935 0.5338882282996433 0.07733247585688825 0.0039443538919410924
49 450.0 7361.0 32.715555555555554 0.14136717691906908 0.13808463251670378 0.005673121312326759 0.5338882282996433 0.07241475472891673 0.004013399801132301
5 450.0 7361.0 32.715555555555554 0.14136717691906908 0.16035634743875277 0.009487480218784533 0.5422705314009661 0.08734911851521 0.004659991555311452
50 450.0 7361.0 32.715555555555554 0.14136717691906908 0.11581291759465479 0.003074677516881801 0.5269953051643192 0.06683807356973934 0.0033571479789643896
51 450.0 7361.0 32.715555555555554 0.14136717691906908 0.1358574610244989 0.006119064816240223 0.535799522673031 0.07195833919567171 0.003959820119088554
52 450.0 7361.0 32.715555555555554 0.14136717691906908 0.1403118040089087 0.006504887968853304 0.535799522673031 0.07823360127672771 0.004081251884209362
53 450.0 7361.0 32.715555555555554 0.14136717691906908 0.12917594654788417 0.004821216027409479 0.5332541567695962 0.074437972081052 0.003752956942906998
54 450.0 7361.0 32.715555555555554 0.14136717691906908 0.13140311804008908 0.005764894873010753 0.5332541567695962 0.0721316092159448 0.003824343769493164
55 450.0 7361.0 32.715555555555554 0.14136717691906908 0.14699331848552338 0.007370805815502161 0.5377245508982036 0.07509977371270612 0.004274800802569026
56 450.0 7361.0 32.715555555555554 0.14136717691906908 0.12472160356347438 0.004866535173666769 0.5301062573789846 0.06667291035174076 0.0036455286296196545
57 450.0 7361.0 32.715555555555554 0.14136717691906908 0.11135857461024498 0.0032820143228535124 0.5276145710928319 0.06658085419636964 0.0032495273868029598
58 450.0 7361.0 32.715555555555554 0.14136717691906908 0.11135857461024498 0.0037050449692541095 0.5233100233100233 0.06199090042607951 0.003275081575337197
59 450.0 7361.0 32.715555555555554 0.14136717691906908 0.13140311804008908 0.0051641427538845685 0.5332541567695962 0.070590524136324 0.0038187410243682284
6 450.0 7361.0 32.715555555555554 0.14136717691906908 0.1514476614699332 0.007103866935227888 0.5396634615384616 0.08964106798173548 0.004367639458866521
60 450.0 7361.0 32.715555555555554 0.14136717691906908 0.12694877505567928 0.005405246144052216 0.5301062573789846 0.06552711715741968 0.003723829161009715
61 450.0 7361.0 32.715555555555554 0.14136717691906908 0.12917594654788417 0.0053237953249917645 0.5319905213270142 0.06646964125045265 0.00377529660236026
62 450.0 7361.0 32.715555555555554 0.14136717691906908 0.11581291759465479 0.004197015302841806 0.528235294117647 0.060282227539299155 0.003403581968089413
63 450.0 7361.0 32.715555555555554 0.14136717691906908 0.10244988864142539 0.002800720641303566 0.5245327102803738 0.05904255865296924 0.0030134715906066814
64 450.0 7361.0 32.715555555555554 0.14136717691906908 0.10467706013363029 0.0033970347558390968 0.5208816705336426 0.05720656964384729 0.003092373621088497
65 450.0 7361.0 32.715555555555554 0.14136717691906908 0.10244988864142539 0.003099297087213379 0.5233100233100233 0.056497119920605215 0.0030252258757693085
66 450.0 7361.0 32.715555555555554 0.14136717691906908 0.15812917594654788 0.009038821508195988 0.5416164053075995 0.07651175244891945 0.004604687322672883
67 450.0 7361.0 32.715555555555554 0.14136717691906908 0.13363028953229397 0.006478079161085755 0.5332541567695962 0.0669007734994038 0.003922089254499182
68 450.0 7361.0 32.715555555555554 0.14136717691906908 0.08908685968819599 0.001907613961743642 0.5143184421534936 0.054113600176950355 0.002641692776503619
69 450.0 7361.0 32.715555555555554 0.14136717691906908 0.12472160356347438 0.005500242564121882 0.5294811320754716 0.0626064279239872 0.0036700236516262565
7 450.0 7361.0 32.715555555555554 0.14136717691906908 0.10022271714922049 0.0029430036037385874 0.522093023255814 0.0594280549867935 0.0029622606588339574
70 450.0 7361.0 32.715555555555554 0.14136717691906908 0.12917594654788417 0.005264267876507448 0.5326215895610913 0.0638248624384408 0.0037839352274916162
71 450.0 7361.0 32.715555555555554 0.14136717691906908 0.13363028953229397 0.0063879377054998935 0.5326215895610913 0.0640911364060557 0.0039228567084457246
72 450.0 7361.0 32.715555555555554 0.14136717691906908 0.11358574610244988 0.004738107970505987 0.5257611241217799 0.05399174710061435 0.003371727025448507
73 450.0 7361.0 32.715555555555554 0.14136717691906908 0.11804008908685969 0.004019103636653831 0.5263774912075029 0.061721383995083305 0.003453306098720603
74 450.0 7361.0 32.715555555555554 0.14136717691906908 0.11135857461024498 0.004282023215741802 0.5239206534422404 0.054959066335324505 0.0033063069597680625
75 450.0 7361.0 32.715555555555554 0.14136717691906908 0.09799554565701558 0.0027787729719384274 0.5119726339794755 0.049987275152229525 0.0029071511834576893
76 450.0 7361.0 32.715555555555554 0.14136717691906908 0.09354120267260578 0.002803071110224143 0.5172811059907834 0.05307413516997407 0.002785634476012824
77 450.0 7361.0 32.715555555555554 0.14136717691906908 0.11804008908685969 0.005185353972780359 0.5276145710928319 0.05998948766512954 0.003486061438805929
78 450.0 7361.0 32.715555555555554 0.14136717691906908 0.08685968819599109 0.0019672976082197023 0.5154994259471871 0.05628084697618172 0.002578890741688376
79 450.0 7361.0 32.715555555555554 0.14136717691906908 0.06681514476614699 0.0011077992460962435 0.5062006764374295 0.0441250698630653 0.0020257943848875594
8 450.0 7361.0 32.715555555555554 0.14136717691906908 0.1403118040089087 0.007699724212313695 0.5351609058402861 0.06275329962574351 0.004121630973831334
80 450.0 7361.0 32.715555555555554 0.14136717691906908 0.11135857461024498 0.004070272756152048 0.5245327102803738 0.061734223380007884 0.00328088010609364
81 450.0 7361.0 32.715555555555554 0.14136717691906908 0.0779510022271715 0.001685812605428107 0.5050618672665916 0.04813524606033947 0.002349277202185883
82 450.0 7361.0 32.715555555555554 0.14136717691906908 0.08240534521158129 0.002075423988011712 0.5119726339794755 0.050433085889234265 0.002477717369968056
83 450.0 7361.0 32.715555555555554 0.14136717691906908 0.0757238307349666 0.0015363580331753104 0.5113895216400911 0.04859587488644862 0.0022793898145992654
84 450.0 7361.0 32.715555555555554 0.14136717691906908 0.0779510022271715 0.0014098849791365012 0.5084937712344281 0.046481524940303075 0.0023377338371625635
85 450.0 7361.0 32.715555555555554 0.14136717691906908 0.12917594654788417 0.006086357692712201 0.5319905213270142 0.05836303369732211 0.0038008829899969093
86 450.0 7361.0 32.715555555555554 0.14136717691906908 0.09576837416481068 0.0034282740317025085 0.5172811059907834 0.047659426556699046 0.0028666128505586913
87 450.0 7361.0 32.715555555555554 0.14136717691906908 0.10467706013363029 0.003652195824745754 0.521486643437863 0.053759645866911385 0.0031080130417347144
88 450.0 7361.0 32.715555555555554 0.14136717691906908 0.07349665924276169 0.0014563081414270898 0.5084937712344281 0.04346179792968129 0.002218857741385941
89 450.0 7361.0 32.715555555555554 0.14136717691906908 0.10244988864142539 0.003235649033853334 0.5166858457997698 0.05179580157502859 0.003040017301797436
9 450.0 7361.0 32.715555555555554 0.14136717691906908 0.14253897550111358 0.005636555290721226 0.5377245508982036 0.08964411848952186 0.004105017158575731
90 450.0 7361.0 32.715555555555554 0.14136717691906908 0.09131403118040089 0.002840092013560558 0.5154994259471871 0.04623469900652666 0.00273604836856185
91 450.0 7361.0 32.715555555555554 0.14136717691906908 0.11135857461024498 0.0043907890052186475 0.5239206534422404 0.05410431429538138 0.0032983298119529606
92 450.0 7361.0 32.715555555555554 0.14136717691906908 0.08908685968819599 0.002299249406955768 0.5125570776255708 0.04790084110564164 0.0026586044487073965
93 450.0 7361.0 32.715555555555554 0.14136717691906908 0.06904231625835189 0.0012805858942727668 0.5079185520361991 0.04265979924332761 0.0020964140891811638
94 450.0 7361.0 32.715555555555554 0.14136717691906908 0.08463251670378619 0.00180409435548467 0.5125570776255708 0.048881288181551075 0.0025273894771946095
95 450.0 7361.0 32.715555555555554 0.14136717691906908 0.10022271714922049 0.0035608801355415604 0.5190751445086705 0.04576518704826671 0.0029989789495946735
96 450.0 7361.0 32.715555555555554 0.14136717691906908 0.08240534521158129 0.0022303931367427944 0.5067720090293454 0.04430884223607841 0.0024911618464060906
97 450.0 7361.0 32.715555555555554 0.14136717691906908 0.08017817371937638 0.001760432424238361 0.5090702947845805 0.043806036549072294 0.002408397177875322
98 450.0 7361.0 32.715555555555554 0.14136717691906908 0.08463251670378619 0.0021245365669003056 0.5178777393310265 0.0466981939306598 0.0025351843933673966
99 450.0 7361.0 32.715555555555554 0.14136717691906908 0.08240534521158129 0.002196815522073603 0.5067720090293454 0.04241377014939643 0.0024869883805955528