0 959
1 256
2 136
3 7
4 718
5 287
6 293
7 861
8 49
9 491
10 75
11 19
12 322
13 614
14 545
15 944
16 194
17 600
18 905
19 169
20 544
21 636
22 303
23 174
24 144
25 705
26 267
27 660
28 460
29 69
30 426
31 126
32 673
33 182
34 358
35 72
36 193
37 127
38 870
39 220
40 122
41 584
42 949
43 856
44 303
45 717
46 843
47 24
48 839
49 912
50 498
51 652
52 384
53 985
54 441
55 39
56 218
57 172
58 859
59 94
60 954
61 675
62 217
63 704
64 149
65 592
66 57
67 148
68 742
69 588
70 437
71 287
72 33
73 839
74 272
75 826
76 796
77 610
78 959
79 150
80 764
81 312
82 961
83 452
84 532
85 554
86 444
87 466
88 833
89 394
90 150
91 487
92 606
93 203
94 771
95 300
96 222
97 312
98 17
99 217
100 856
101 469
102 212
103 977
104 767
105 601
106 249
107 620
108 825
109 293
110 343
111 183
112 886
113 506
114 101
115 31
116 901
117 388
118 837
119 978
120 906
121 811
122 593
123 439
124 768
125 626
126 995
127 601
128 572
129 771
130 658
131 632
132 528
133 638
134 73
135 761
136 28
137 913
138 162
139 983
140 249
141 793
142 893
143 803
144 602
145 779
146 421
147 64
148 193
149 704
150 678
151 237
152 749
153 27
154 127
155 635
156 208
157 942
158 2
159 856
160 233
161 732
162 511
163 778
164 52
165 929
166 494
167 263
168 524
169 714
170 395
171 106
172 700
173 497
174 32
175 127
176 451
177 71
178 251
179 965
180 277
181 538
182 127
183 496
184 279
185 694
186 759
187 520
188 190
189 165
190 43
191 783
192 337
193 132
194 250
195 132
196 426
197 291
198 422
199 799
200 481
201 873
202 193
203 683
204 877
205 531
206 388
207 981
208 575
209 820
210 775
211 941
212 767
213 339
214 351
215 357
216 116
217 399
218 957
219 349
220 639
221 17
222 4
223 902
224 424
225 612
226 22
227 250
228 561
229 768
230 135
231 480
232 705
233 550
234 467
235 376
236 903
237 456
238 878
239 406
240 416
241 317
242 663
243 461
244 331
245 221
246 807
247 229
248 91
249 570
250 300
251 202
252 945
253 98
254 337
255 723
256 545
257 793
258 564
259 126
260 93
261 511
262 728
263 271
264 383
265 394
266 887
267 377
268 800
269 384
270 539
271 9
272 343
273 585
274 583
275 133
276 56
277 843
278 627
279 850
280 775
281 19
282 192
283 298
284 978
285 888
286 744
287 274
288 867
289 299
290 347
291 116
292 231
293 766
294 4
295 739
296 783
297 542
298 698
299 309
300 788
301 733
302 212
303 137
304 96
305 351
306 530
307 214
308 354
309 782
310 810
311 641
312 973
313 682
314 484
315 397
316 252
317 155
318 436
319 796
320 463
321 104
322 741
323 22
324 284
325 923
326 955
327 379
328 430
329 354
330 559
331 403
332 494
333 998
334 933
335 376
336 467
337 431
338 39
339 196
340 88
341 297
342 294
343 251
344 26
345 506
346 713
347 29
348 35
349 610
350 202
351 538
352 112
353 55
354 213
355 917
356 471
357 434
358 567
359 64
360 229
361 423
362 618
363 911
364 456
365 528
366 116
367 540
368 486
369 139
370 71
371 870
372 37
373 569
374 396
375 382
376 955
377 73
378 709
379 429
380 529
381 993
382 407
383 235
384 362
385 427
386 173
387 523
388 321
389 565
390 903
391 713
392 180
393 850
394 28
395 778
396 56
397 784
398 542
399 609
400 639
401 608
402 266
403 85
404 945
405 927
406 764
407 647
408 535
409 920
410 303
411 997
412 501
413 115
414 363
415 66
416 709
417 933
418 155
419 144
420 804
421 30
422 952
423 662
424 781
425 858
426 827
427 890
428 323
429 61
430 249
431 77
432 27
433 292
434 960
435 774
436 35
437 329
438 636
439 92
440 772
441 647
442 659
443 675
444 119
445 117
446 41
447 936
448 333
449 536
450 437
451 504
452 527
453 544
454 384
455 961
456 400
457 36
458 808
459 126
460 639
461 769
462 961
463 755
464 341
465 486
466 440
467 533
468 520
469 805
470 452
471 154
472 154
473 138
474 590
475 720
476 568
477 477
478 243
479 669
480 493
481 218
482 485
483 219
484 51
485 332
486 330
487 888
488 849
489 831
490 451
491 11
492 31
493 826
494 782
495 70
496 887
497 663
498 867
499 364
500 684
501 774
502 727
503 918
504 193
505 50
506 712
507 746
508 582
509 591
510 965
511 787
512 925
513 567
514 352
515 41
516 462
517 220
518 974
519 649
520 21
521 160
522 35
523 960
524 778
525 379
526 619
527 375
528 313
529 970
530 845
531 501
532 531
533 448
534 519
535 667
536 838
537 608
538 975
539 964
540 919
541 551
542 47
543 225
544 774
545 435
546 989
547 210
548 156
549 720
550 743
551 592
552 984
553 998
554 648
555 199
556 39
557 453
558 476
559 11
560 394
561 842
562 175
563 277
564 176
565 425
566 872
567 220
568 714
569 73
570 670
571 506
572 438
573 615
574 255
575 247
576 418
577 169
578 777
579 539
580 688
581 809
582 818
583 14
584 372
585 863
586 418
587 541
588 402
589 583
590 397
591 657
592 242
593 50
594 697
595 74
596 157
597 385
598 869
599 143
600 246
601 290
602 381
603 326
604 431
605 732
606 922
607 884
608 458
609 930
610 438
611 504
612 854
613 900
614 956
615 437
616 132
617 8
618 682
619 16
620 635
621 731
622 354
623 273
624 619
625 397
626 47
627 284
628 58
629 266
630 455
631 102
632 63
633 529
634 97
635 265
636 445
637 522
638 968
639 526
640 265
641 358
642 506
643 332
644 505
645 917
646 515
647 491
648 944
649 81
650 683
651 306
652 513
653 151
654 119
655 410
656 853
657 450
658 726
659 266
660 888
661 55
662 283
663 531
664 316
665 560
666 720
667 44
668 953
669 98
670 393
671 105
672 959
673 749
674 364
675 176
676 222
677 411
678 797
679 337
680 462
681 22
682 821
683 53
684 314
685 794
686 717
687 577
688 786
689 857
690 199
691 718
692 407
693 78
694 217
695 834
696 639
697 517
698 600
699 412
700 883
701 713
702 23
703 803
704 676
705 474
706 532
707 777
708 165
709 511
710 983
711 380
712 137
713 156
714 747
715 100
716 594
717 849
718 142
719 961
720 989
721 320
722 917
723 779
724 827
725 918
726 469
727 498
728 351
729 984
730 14
731 481
732 851
733 492
734 884
735 633
736 385
737 906
738 973
739 140
740 253
741 168
742 377
743 579
744 708
745 97
746 245
747 106
748 851
749 132
750 456
751 536
752 197
753 987
754 772
755 758
756 423
757 7
758 168
759 458
760 609
761 82
762 266
763 799
764 986
765 321
766 442
767 417
768 457
769 500
770 890
771 4
772 324
773 373
774 309
775 896
776 353
777 788
778 668
779 365
780 150
781 603
782 104
783 468
784 954
785 190
786 839
787 48
788 565
789 22
790 255
791 514
792 138
793 657
794 547
795 433
796 307
797 280
798 306
799 626
800 534
801 636
802 843
803 748
804 731
805 155
806 106
807 338
808 416
809 423
810 849
811 857
812 177
813 912
814 857
815 901
816 111
817 76
818 596
819 303
820 640
821 726
822 645
823 333
824 231
825 125
826 199
827 293
828 58
829 328
830 46
831 469
832 793
833 7
834 787
835 462
836 375
837 535
838 470
839 704
840 348
841 237
842 736
843 179
844 515
845 335
846 699
847 957
848 171
849 821
850 208
851 450
852 349
853 893
854 795
855 844
856 485
857 309
858 832
859 688
860 764
861 621
862 527
863 227
864 477
865 822
866 415
867 428
868 678
869 947
870 916
871 19
872 707
873 979
874 840
875 617
876 521
877 557
878 777
879 261
880 533
881 284
882 539
883 48
884 308
885 38
886 377
887 394
888 386
889 861
890 686
891 541
892 761
893 7
894 869
895 780
896 397
897 275
898 532
899 879
900 897
901 927
902 203
903 94
904 110
905 192
906 762
907 102
908 700
909 557
910 909
911 936
912 709
913 558
914 911
915 281
916 661
917 845
918 78
919 899
920 655
921 929
922 638
923 998
924 305
925 602
926 673
927 144
928 868
929 329
930 926
931 784
932 382
933 618
934 590
935 643
936 133
937 833
938 55
939 33
940 689
941 181
942 187
943 511
944 990
945 805
946 497
947 798
948 240
949 501
950 522
951 127
952 371
953 669
954 586
955 581
956 448
957 350
958 633
959 692
960 422
961 262
962 223
963 457
964 159
965 945
966 254
967 761
968 14
969 18
970 590
971 652
972 959
973 442
974 157
975 485
976 479
977 327
978 396
979 140
980 653
981 111
982 772
983 800
984 884
985 773
986 691
987 852
988 989
989 441
990 620
991 108
992 326
993 8
994 992
995 831
996 833
997 847
998 741
999 692
1000 215
1001 708
1002 343
1003 769
1004 967
1005 214
1006 686
1007 288
1008 926
1009 114
1010 650
1011 820
1012 754
1013 232
1014 869
1015 219
1016 917
1017 81
1018 403
1019 973
1020 376
1021 287
1022 421
1023 720
1024 985
1025 238
1026 275
1027 464
1028 42
1029 100
1030 361
1031 301
1032 72
1033 674
1034 508
1035 934
1036 115
1037 697
1038 795
1039 642
1040 320
1041 207
1042 683
1043 789
1044 473
1045 53
1046 225
1047 966
1048 596
1049 514
1050 752
1051 192
1052 30
1053 721
1054 940
1055 366
1056 637
1057 142
1058 344
1059 193
1060 286
1061 417
1062 395
1063 154
1064 124
1065 488
1066 918
1067 360
1068 799
1069 724
1070 105
1071 634
1072 444
1073 190
1074 690
1075 546
1076 546
1077 315
1078 446
1079 987
1080 951
1081 269
1082 903
1083 858
1084 452
1085 917
1086 856
1087 182
1088 583
1089 646
1090 785
1091 580
1092 33
1093 258
1094 129
1095 855
1096 805
1097 572
1098 342
1099 433
1100 899
1101 696
1102 510
1103 321
1104 447
1105 960
1106 800
1107 349
1108 634
1109 716
1110 967
1111 280
1112 445
1113 950
1114 78
1115 284
1116 335
1117 162
1118 262
1119 187
1120 286
1121 161
1122 337
1123 747
1124 335
1125 406
1126 611
1127 518
1128 704
1129 811
1130 731
1131 351
1132 368
1133 852
1134 911
1135 284
1136 785
1137 781
1138 108
1139 441
1140 583
1141 738
1142 690
1143 148
1144 980
1145 789
1146 240
1147 781
1148 617
1149 146
1150 453
1151 535
1152 908
1153 330
1154 321
1155 931
1156 899
1157 391
1158 26
1159 798
1160 173
1161 324
1162 37
1163 695
1164 500
1165 863
1166 602
1167 664
1168 152
1169 516
1170 592
1171 162
1172 383
1173 843
1174 767
1175 547
1176 551
1177 929
1178 788
1179 167
1180 501
1181 802
1182 994
1183 286
1184 691
1185 21
1186 994
1187 104
1188 335
1189 765
1190 674
1191 128
1192 274
1193 795
1194 209
1195 647
1196 45
1197 63
1198 802
1199 34
1200 174
1201 287
1202 612
1203 119
1204 968
1205 828
1206 548
1207 449
1208 474
1209 983
1210 401
1211 938
1212 417
1213 107
1214 651
1215 649
1216 520
1217 439
1218 67
1219 56
1220 254
1221 146
1222 87
1223 305
1224 513
1225 878
1226 679
1227 991
1228 696
1229 561
1230 319
1231 984
1232 572
1233 303
1234 353
1235 604
1236 329
1237 411
1238 910
1239 625
1240 278
1241 918
1242 769
1243 194
1244 156
1245 379
1246 153
1247 930
1248 662
1249 596
1250 260
1251 409
1252 146
1253 831
1254 822
1255 512
1256 901
1257 487
1258 729
1259 969
1260 333
1261 281
1262 735
1263 590
1264 77
1265 766
1266 436
1267 86
1268 594
1269 87
1270 880
1271 455
1272 357
1273 156
1274 565
1275 1
1276 80
1277 479
1278 832
1279 914
1280 15
1281 375
1282 763
1283 726
1284 484
1285 254
1286 470
1287 815
1288 272
1289 914
1290 22
1291 179
1292 990
1293 860
1294 891
1295 372
1296 254
1297 547
1298 141
1299 90
1300 635
1301 641
1302 907
1303 136
1304 817
1305 863
1306 169
1307 923
1308 230
1309 588
1310 165
1311 778
1312 542
1313 103
1314 626
1315 22
1316 531
1317 616
1318 262
1319 438
1320 356
1321 718
1322 87
1323 638
1324 442
1325 276
1326 314
1327 720
1328 284
1329 275
1330 352
1331 227
1332 198
1333 431
1334 389
1335 255
1336 702
1337 37
1338 408
1339 961
1340 510
1341 847
1342 156
1343 787
1344 39
1345 33
1346 91
1347 113
1348 899
1349 464
1350 997
1351 481
1352 260
1353 976
1354 784
1355 425
1356 692
1357 472
1358 349
1359 500
1360 426
1361 743
1362 548
1363 559
1364 993
1365 105
1366 466
1367 995
1368 43
1369 984
1370 652
1371 454
1372 394
1373 517
1374 900
1375 862
1376 664
1377 661
1378 48
1379 255
1380 510
1381 192
1382 675
1383 783
1384 616
1385 376
1386 180
1387 479
1388 647
1389 421
1390 568
1391 879
1392 418
1393 503
1394 451
1395 213
1396 755
1397 118
1398 176
1399 547
1400 395
1401 381
1402 25
1403 992
1404 130
1405 645
1406 806
1407 903
1408 184
1409 607
1410 207
1411 988
1412 609
1413 458
1414 343
1415 492
1416 662
1417 820
1418 341
1419 886
1420 160
1421 670
1422 523
1423 49
1424 855
1425 910
1426 885
1427 404
1428 303
1429 346
1430 937
1431 323
1432 376
1433 471
1434 282
1435 490
1436 519
1437 537
1438 815
1439 492
1440 900
1441 688
1442 905
1443 837
1444 583
1445 470
1446 461
1447 900
1448 885
1449 929
1450 316
1451 445
1452 623
1453 762
1454 770
1455 402
1456 165
1457 787
1458 95
1459 347
1460 522
1461 513
1462 176
1463 655
1464 831
1465 743
1466 495
1467 60
1468 109
1469 119
1470 748
1471 378
1472 95
1473 592
1474 773
1475 931
1476 554
1477 661
1478 790
1479 725
1480 856
1481 935
1482 857
1483 955
1484 768
1485 412
1486 327
1487 137
1488 791
1489 241
1490 926
1491 87
1492 100
1493 978
1494 453
1495 964
1496 110
1497 374
1498 315
1499 663
1500 645
1501 854
1502 753
1503 891
1504 934
1505 151
1506 844
1507 201
1508 223
1509 394
1510 776
1511 147
1512 489
1513 539
1514 901
1515 725
1516 812
1517 872
1518 354
1519 730
1520 919
1521 870
1522 995
1523 127
1524 722
1525 461
1526 161
1527 466
1528 773
1529 331
1530 798
1531 313
1532 593
1533 222
1534 320
1535 90
1536 847
1537 328
1538 727
1539 529
1540 964
1541 292
1542 802
1543 331
1544 978
1545 797
1546 764
1547 671
1548 970
1549 701
1550 132
1551 906
1552 355
1553 799
1554 441
1555 952
1556 38
1557 799
1558 151
1559 395
1560 46
1561 549
1562 640
1563 333
1564 770
1565 145
1566 798
1567 379
1568 470
1569 793
1570 376
1571 459
1572 399
1573 565
1574 797
1575 297
1576 929
1577 143
1578 480
1579 540
1580 586
1581 214
1582 288
1583 477
1584 800
1585 689
1586 315
1587 955
1588 805
1589 891
1590 871
1591 674
1592 625
1593 233
1594 458
1595 525
1596 377
1597 328
1598 942
1599 281
1600 286
1601 477
1602 650
1603 927
1604 835
1605 658
1606 958
1607 879
1608 813
1609 557
1610 635
1611 466
1612 976
1613 199
1614 822
1615 587
1616 436
1617 588
1618 475
1619 203
1620 877
1621 714
1622 661
1623 175
1624 529
1625 11
1626 118
1627 799
1628 902
1629 340
1630 726
1631 667
1632 832
1633 413
1634 175
1635 736
1636 104
1637 579
1638 643
1639 313
1640 183
1641 517
1642 964
1643 617
1644 801
1645 195
1646 473
1647 725
1648 193
1649 596
1650 884
1651 395
1652 762
1653 546
1654 700
1655 381
1656 388
1657 617
1658 562
1659 285
1660 607
1661 398
1662 157
1663 519
1664 470
1665 690
1666 113
1667 94
1668 215
1669 829
1670 582
1671 421
1672 767
1673 576
1674 45
1675 379
1676 934
1677 929
1678 521
1679 378
1680 216
1681 936
1682 74
1683 638
1684 355
1685 729
1686 895
1687 366
1688 217
1689 552
1690 533
1691 343
1692 312
1693 322
1694 992
1695 852
1696 186
1697 748
1698 602
1699 303
1700 926
1701 282
1702 543
1703 522
1704 168
1705 301
1706 853
1707 826
1708 200
1709 178
1710 58
1711 60
1712 183
1713 921
1714 796
1715 196
1716 656
1717 282
1718 663
1719 880
1720 884
1721 224
1722 567
1723 553
1724 564
1725 852
1726 983
1727 562
1728 960
1729 26
1730 518
1731 619
1732 294
1733 782
1734 918
1735 561
1736 836
1737 85
1738 116
1739 152
1740 903
1741 432
1742 897
1743 384
1744 363
1745 432
1746 531
1747 150
1748 74
1749 78
1750 352
1751 551
1752 532
1753 273
1754 38
1755 374
1756 598
1757 734
1758 946
1759 516
1760 780
1761 206
1762 652
1763 328
1764 943
1765 774
1766 299
1767 945
1768 345
1769 295
1770 594
1771 538
1772 928
1773 189
1774 318
1775 161
1776 188
1777 341
1778 383
1779 948
1780 77
1781 609
1782 743
1783 391
1784 831
1785 660
1786 232
1787 539
1788 272
1789 849
1790 225
1791 811
1792 702
1793 829
1794 971
1795 162
1796 578
1797 697
1798 242
1799 826
1800 789
1801 444
1802 153
1803 316
1804 868
1805 943
1806 881
1807 571
1808 192
1809 161
1810 308
1811 879
1812 676
1813 635
1814 381
1815 741
1816 169
1817 559
1818 27
1819 958
1820 20
1821 364
1822 762
1823 514
1824 853
1825 754
1826 102
1827 829
1828 337
1829 771
1830 219
1831 757
1832 584
1833 143
1834 982
1835 941
1836 494
1837 897
1838 490
1839 559
1840 661
1841 358
1842 642
1843 487
1844 34
1845 444
1846 464
1847 926
1848 920
1849 942
1850 141
1851 201
1852 642
1853 512
1854 876
1855 318
1856 916
1857 59
1858 845
1859 672
1860 293
1861 390
1862 218
1863 816
1864 909
1865 250
1866 517
1867 77
1868 67
1869 667
1870 933
1871 10
1872 278
1873 611
1874 265
1875 660
1876 843
1877 547
1878 769
1879 17
1880 381
1881 186
1882 768
1883 119
1884 139
1885 600
1886 919
1887 397
1888 957
1889 497
1890 375
1891 795
1892 325
1893 142
1894 309
1895 591
1896 842
1897 876
1898 652
1899 151
1900 6
1901 406
1902 109
1903 927
1904 330
1905 22
1906 653
1907 323
1908 655
1909 768
1910 50
1911 970
1912 794
1913 974
1914 721
1915 313
1916 642
1917 954
1918 458
1919 345
1920 730
1921 715
1922 427
1923 887
1924 164
1925 334
1926 731
1927 252
1928 287
1929 233
1930 26
1931 552
1932 84
1933 298
1934 192
1935 769
1936 119
1937 710
1938 278
1939 950
1940 3
1941 688
1942 990
1943 974
1944 508
1945 518
1946 895
1947 280
1948 152
1949 92
1950 987
1951 772
1952 126
1953 346
1954 792
1955 340
1956 890
1957 77
1958 160
1959 636
1960 747
1961 473
1962 756
1963 176
1964 201
1965 710
1966 221
1967 811
1968 556
1969 469
1970 900
1971 803
1972 412
1973 212
1974 200
1975 637
1976 673
1977 629
1978 123
1979 427
1980 712
1981 952
1982 405
1983 73
1984 819
1985 96
1986 334
1987 279
1988 477
1989 411
1990 408
1991 899
1992 643
1993 553
1994 860
1995 339
1996 839
1997 374
1998 279
1999 789
2000 704
2001 176
2002 864
2003 294
2004 502
2005 393
2006 102
2007 713
2008 78
2009 673
2010 522
2011 382
2012 404
2013 487
2014 671
2015 840
2016 698
2017 219
2018 962
2019 710
2020 732
2021 274
2022 610
2023 404
2024 67
2025 502
2026 497
2027 810
2028 243
2029 255
2030 411
2031 305
2032 643
2033 224
2034 734
2035 499
2036 40
2037 785
2038 216
2039 638
2040 38
2041 849
2042 122
2043 12
2044 314
2045 535
2046 497
2047 947
2048 454
2049 595
2050 863
2051 114
2052 425
2053 818
2054 714
2055 566
2056 231
2057 242
2058 798
2059 250
2060 550
2061 35
2062 671
2063 238
2064 97
2065 397
2066 524
2067 612
2068 589
2069 748
2070 684
2071 303
2072 674
2073 813
2074 929
2075 835
2076 951
2077 271
2078 174
2079 662
2080 106
2081 644
2082 145
2083 274
2084 621
2085 422
2086 127
2087 492
2088 259
2089 150
2090 907
2091 39
2092 478
2093 135
2094 180
2095 529
2096 427
2097 144
2098 852
2099 70
2100 347
2101 743
2102 749
2103 207
2104 841
2105 787
2106 788
2107 139
2108 978
2109 187
2110 220
2111 289
2112 988
2113 629
2114 363
2115 817
2116 957
2117 710
2118 343
2119 199
2120 898
2121 164
2122 770
2123 574
2124 351
2125 850
2126 822
2127 188
2128 618
2129 293
2130 380
2131 637
2132 628
2133 908
2134 48
2135 48
2136 583
2137 746
2138 748
2139 529
2140 85
2141 529
2142 222
2143 950
2144 689
2145 855
2146 54
2147 592
2148 13
2149 346
2150 380
2151 311
2152 525
2153 363
2154 168
2155 543
2156 443
2157 985
2158 206
2159 415
2160 675
2161 136
2162 801
2163 259
2164 591
2165 191
2166 57
2167 154
2168 174
2169 483
2170 376
2171 926
2172 418
2173 881
2174 108
2175 514
2176 860
2177 978
2178 608
2179 599
2180 47
2181 288
2182 727
2183 452
2184 941
2185 597
2186 629
2187 975
2188 244
2189 240
2190 188
2191 649
2192 532
2193 627
2194 722
2195 456
2196 905
2197 608
2198 940
2199 788