0 514
1 963
2 791
3 358
4 317
5 833
6 275
7 358
8 998
9 969
10 606
11 914
12 122
13 603
14 312
15 645
16 616
17 681
18 0
19 511
20 550
21 521
22 323
23 109
24 800
25 478
26 435
27 128
28 733
29 70
30 965
31 714
32 145
33 675
34 57
35 389
36 582
37 287
38 864
39 178
40 863
41 378
42 304
43 837
44 526
45 225
46 311
47 705
48 19
49 751
50 511
51 686
52 452
53 345
54 203
55 701
56 807
57 847
58 434
59 254
60 604
61 585
62 183
63 155
64 134
65 151
66 811
67 230
68 19
69 162
70 413
71 718
72 356
73 146
74 119
75 262
76 884
77 328
78 46
79 145
80 774
81 137
82 621
83 361
84 109
85 107
86 770
87 947
88 891
89 555
90 334
91 986
92 926
93 257
94 119
95 393
96 110
97 24
98 857
99 635
100 95
101 889
102 82
103 612
104 65
105 659
106 726
107 457
108 50
109 800
110 825
111 793
112 648
113 630
114 243
115 476
116 250
117 870
118 111
119 352
120 703
121 175
122 827
123 856
124 196
125 997
126 20
127 693
128 926
129 259
130 431
131 8
132 320
133 355
134 859
135 917
136 764
137 520
138 108
139 515
140 314
141 473
142 147
143 457
144 441
145 161
146 306
147 639
148 108
149 471
150 187
151 252
152 78
153 155
154 544
155 876
156 127
157 913
158 284
159 139
160 809
161 928
162 703
163 769
164 972
165 620
166 2
167 804
168 250
169 450
170 117
171 982
172 629
173 745
174 660
175 419
176 665
177 784
178 312
179 206
180 27
181 908
182 87
183 267
184 431
185 45
186 734
187 318
188 801
189 914
190 248
191 444
192 101
193 520
194 892
195 511
196 828
197 386
198 109
199 318
200 645
201 661
202 448
203 200
204 503
205 349
206 549
207 891
208 505
209 334
210 236
211 818
212 366
213 675
214 156
215 507
216 976
217 624
218 630
219 939
220 125
221 682
222 33
223 119
224 846
225 885
226 758
227 681
228 881
229 594
230 456
231 649
232 9
233 650
234 205
235 417
236 629
237 447
238 935
239 712
240 191
241 751
242 779
243 526
244 669
245 592
246 896
247 63
248 982
249 921
250 339
251 317
252 151
253 78
254 506
255 53
256 181
257 883
258 476
259 895
260 374
261 701
262 311
263 610
264 666
265 429
266 407
267 175
268 267
269 107
270 911
271 466
272 172
273 406
274 79
275 325
276 823
277 753
278 759
279 630
280 719
281 960
282 63
283 396
284 87
285 612
286 205
287 126
288 997
289 240
290 141
291 516
292 33
293 23
294 631
295 613
296 512
297 987
298 189
299 251
300 693
301 848
302 84
303 162
304 970
305 564
306 955
307 374
308 364
309 95
310 353
311 116
312 170
313 626
314 396
315 395
316 202
317 747
318 251
319 830
320 625
321 398
322 26
323 277
324 382
325 774
326 787
327 392
328 578
329 547
330 205
331 408
332 85
333 737
334 911
335 766
336 342
337 647
338 971
339 914
340 54
341 969
342 758
343 368
344 166
345 417
346 950
347 105
348 827
349 925
350 370
351 878
352 307
353 150
354 576
355 576
356 131
357 393
358 602
359 484
360 234
361 413
362 293
363 654
364 382
365 128
366 647
367 804
368 118
369 401
370 144
371 837
372 999
373 347
374 224
375 865
376 341
377 458
378 614
379 409
380 826
381 104
382 398
383 129
384 913
385 109
386 890
387 218
388 138
389 860
390 159
391 37
392 704
393 689
394 667
395 714
396 882
397 664
398 891
399 700
400 575
401 977
402 862
403 363
404 340
405 660
406 11
407 990
408 421
409 717
410 37
411 514
412 191
413 702
414 253
415 104
416 6
417 285
418 981
419 532
420 787
421 149
422 337
423 765
424 26
425 587
426 675
427 513
428 839
429 860
430 506
431 599
432 394
433 220
434 834
435 457
436 93
437 331
438 987
439 723
440 671
441 212
442 843
443 276
444 711
445 108
446 168
447 117
448 976
449 951
450 229
451 869
452 268
453 963
454 315
455 547
456 694
457 193
458 196
459 411
460 703
461 623
462 22
463 795
464 327
465 688
466 608
467 454
468 164
469 507
470 871
471 469
472 84
473 661
474 12
475 160
476 44
477 311
478 53
479 352
480 706
481 781
482 261
483 883
484 809
485 21
486 249
487 985
488 938
489 17
490 114
491 898
492 764
493 778
494 658
495 8
496 349
497 279
498 658
499 896
500 611
501 398
502 137
503 909
504 294
505 598
506 852
507 388
508 245
509 206
510 457
511 448
512 732
513 788
514 489
515 57
516 455
517 661
518 657
519 932
520 888
521 106
522 963
523 554
524 849
525 549
526 649
527 961
528 311
529 467
530 310
531 230
532 485
533 607
534 22
535 156
536 294
537 847
538 823
539 897
540 801
541 807
542 902
543 840
544 314
545 74
546 178
547 66
548 125
549 400
550 636
551 109
552 817
553 303
554 429
555 778
556 517
557 462
558 666
559 959
560 432
561 403
562 153
563 288
564 897
565 364
566 431
567 197
568 518
569 269
570 276
571 551
572 727
573 709
574 810
575 700
576 307
577 4
578 876
579 173
580 287
581 873
582 927
583 852
584 51
585 805
586 20
587 488
588 2
589 698
590 50
591 161
592 40
593 113
594 799
595 149
596 583
597 34
598 271
599 368
600 730
601 938
602 847
603 611
604 596
605 380
606 811
607 455
608 917
609 357
610 33
611 268
612 334
613 738
614 439
615 370
616 390
617 796
618 517
619 151
620 620
621 14
622 57
623 579
624 355
625 640
626 671
627 479
628 648
629 173
630 316
631 771
632 724
633 966
634 637
635 591
636 960
637 514
638 749
639 690
640 183
641 660
642 880
643 358
644 295
645 703
646 52
647 19
648 173
649 320
650 987
651 717
652 195
653 666
654 888
655 609
656 930
657 582
658 913
659 852
660 950
661 723
662 116
663 49
664 281
665 847
666 827
667 512
668 20
669 171
670 918
671 729
672 545
673 174
674 42
675 651
676 110
677 12
678 840
679 782
680 16
681 451
682 79
683 107
684 532
685 782
686 213
687 704
688 88
689 225
690 118
691 340
692 993
693 369
694 255
695 961
696 362
697 749
698 563
699 684
700 761
701 22
702 212
703 697
704 501
705 861
706 318
707 683
708 466
709 203
710 242
711 385
712 325
713 223
714 294
715 991
716 816
717 671
718 892
719 981
720 57
721 74
722 230
723 784
724 92
725 862
726 201
727 966
728 213
729 565
730 8
731 966
732 713
733 74
734 54
735 487
736 645
737 928
738 946
739 897
740 547
741 74
742 922
743 622
744 778
745 170
746 669
747 463
748 928
749 188
750 495
751 748
752 367
753 512
754 321
755 418
756 25
757 70
758 216
759 787
760 178
761 858
762 394
763 681
764 413
765 299
766 77
767 657
768 320
769 27
770 333
771 205
772 208
773 33
774 732
775 490
776 615
777 461
778 417
779 47
780 521
781 530
782 407
783 624
784 170
785 671
786 432
787 767
788 323
789 940
790 782
791 568
792 133
793 388
794 27
795 316
796 507
797 86
798 959
799 38
800 932
801 333
802 316
803 317
804 455
805 748
806 764
807 245
808 994
809 617
810 670
811 103
812 185
813 146
814 673
815 203
816 638
817 486
818 627
819 4
820 594
821 551
822 382
823 852
824 494
825 530
826 538
827 223
828 95
829 667
830 421
831 105
832 670
833 519
834 506
835 38
836 661
837 669
838 920
839 441
840 609
841 450
842 149
843 484
844 735
845 760
846 718
847 549
848 45
849 512
850 705
851 121
852 716
853 540
854 169
855 490
856 657
857 414
858 854
859 888
860 875
861 809
862 709
863 478
864 404
865 27
866 589
867 210
868 166
869 689
870 703
871 600
872 991
873 92
874 455
875 943
876 491
877 111
878 237
879 890
880 728
881 561
882 852
883 133
884 513
885 101
886 670
887 546
888 276
889 184
890 420
891 663
892 69
893 862
894 852
895 427
896 560
897 759
898 305
899 530
900 874
901 865
902 595
903 674
904 39
905 406
906 862
907 638
908 356
909 970
910 507
911 35
912 651
913 567
914 450
915 724
916 360
917 851
918 385
919 484
920 945
921 541
922 77
923 710
924 804
925 429
926 959
927 980
928 600
929 874
930 680
931 639
932 58
933 171
934 117
935 749
936 804
937 675
938 781
939 181
940 86
941 198
942 12
943 747
944 682
945 141
946 114
947 834
948 364
949 993
950 504
951 147
952 640
953 247
954 687
955 80
956 785
957 286
958 516
959 614
960 559
961 229
962 389
963 947
964 372
965 427
966 686
967 187
968 952
969 581
970 827
971 915
972 299
973 489
974 376
975 548
976 912
977 210
978 104
979 628
980 635
981 128
982 403
983 688
984 976
985 17
986 52
987 727
988 90
989 379
990 159
991 26
992 888
993 396
994 241
995 31
996 186
997 611
998 698
999 251
1000 613
1001 96
1002 721
1003 427
1004 963
1005 184
1006 878
1007 548
1008 954
1009 977
1010 722
1011 191
1012 456
1013 553
1014 417
1015 668
1016 526
1017 818
1018 843
1019 345
1020 131
1021 812
1022 284
1023 839
1024 470
1025 962
1026 823
1027 480
1028 561
1029 791
1030 479
1031 202
1032 981
1033 976
1034 862
1035 299
1036 439
1037 976
1038 686
1039 532
1040 313
1041 374
1042 178
1043 27
1044 482
1045 10
1046 894
1047 740
1048 581
1049 371
1050 870
1051 702
1052 264
1053 822
1054 83
1055 974
1056 241
1057 226
1058 877
1059 362
1060 164
1061 816
1062 334
1063 656
1064 442
1065 588
1066 267
1067 41
1068 235
1069 981
1070 663
1071 847
1072 229
1073 243
1074 426
1075 330
1076 690
1077 100
1078 792
1079 886
1080 832
1081 736
1082 745
1083 147
1084 481
1085 95
1086 649
1087 463
1088 931
1089 879
1090 725
1091 499
1092 35
1093 225
1094 376
1095 251
1096 665
1097 670
1098 0
1099 397
1100 917
1101 144
1102 490
1103 801
1104 497
1105 983
1106 28
1107 270
1108 11
1109 594
1110 908
1111 351
1112 30
1113 239
1114 396
1115 327
1116 922
1117 622
1118 466
1119 395
1120 287
1121 468
1122 250
1123 606
1124 641
1125 235
1126 220
1127 346
1128 951
1129 819
1130 369
1131 801
1132 241
1133 19
1134 908
1135 918
1136 527
1137 814
1138 765
1139 979
1140 381
1141 257
1142 512
1143 269
1144 752
1145 775
1146 584
1147 0
1148 833
1149 288
1150 294
1151 432
1152 873
1153 577
1154 208
1155 207
1156 606
1157 453
1158 703
1159 980
1160 532
1161 616
1162 912
1163 756
1164 758
1165 560
1166 162
1167 900
1168 523
1169 312
1170 97
1171 899
1172 389
1173 911
1174 85
1175 965
1176 908
1177 610
1178 603
1179 237
1180 536
1181 961
1182 252
1183 306
1184 272
1185 103
1186 69
1187 743
1188 837
1189 807
1190 500
1191 138
1192 79
1193 43
1194 690
1195 864
1196 858
1197 422
1198 93
1199 58
1200 72
1201 260
1202 991
1203 850
1204 127
1205 842
1206 72
1207 282
1208 732
1209 580
1210 433
1211 425
1212 791
1213 263
1214 417
1215 871
1216 824
1217 483
1218 560
1219 486
1220 474
1221 981
1222 443
1223 912
1224 969
1225 737
1226 750
1227 665
1228 536
1229 973
1230 352
1231 224
1232 936
1233 541
1234 230
1235 446
1236 282
1237 869
1238 473
1239 709
1240 454
1241 710
1242 959
1243 368
1244 70
1245 961
1246 332
1247 788
1248 59
1249 209
1250 202
1251 258
1252 322
1253 298
1254 4
1255 769
1256 299
1257 595
1258 116
1259 925
1260 438
1261 85
1262 993
1263 868
1264 830
1265 348
1266 855
1267 166
1268 129
1269 203
1270 701
1271 547
1272 920
1273 145
1274 460
1275 51
1276 777
1277 525
1278 927
1279 522
1280 181
1281 142
1282 23
1283 3
1284 220
1285 686
1286 428
1287 430
1288 959
1289 693
1290 975
1291 165
1292 923
1293 538
1294 297
1295 666
1296 505
1297 672
1298 195
1299 316
1300 822
1301 584
1302 7
1303 63
1304 652
1305 434
1306 152
1307 113
1308 753
1309 321
1310 534
1311 62
1312 88
1313 776
1314 978
1315 969
1316 282
1317 357
1318 96
1319 401
1320 173
1321 488
1322 943
1323 743
1324 499
1325 48
1326 499
1327 215
1328 378
1329 519
1330 563
1331 115
1332 62
1333 981
1334 77
1335 487
1336 730
1337 324
1338 318
1339 912
1340 595
1341 821
1342 339
1343 760
1344 984
1345 529
1346 75
1347 63
1348 682
1349 37
1350 833
1351 832
1352 757
1353 1
1354 439
1355 892
1356 594
1357 110
1358 888
1359 606
1360 204
1361 415
1362 464
1363 760
1364 252
1365 258
1366 931
1367 747
1368 54
1369 766
1370 133
1371 703
1372 379
1373 847
1374 107
1375 556
1376 222
1377 80
1378 839
1379 360
1380 785
1381 227
1382 878
1383 173
1384 526
1385 890
1386 843
1387 706
1388 99
1389 465
1390 371
1391 666
1392 588
1393 69
1394 302
1395 990
1396 734
1397 343
1398 605
1399 198
1400 363
1401 324
1402 789
1403 640
1404 223
1405 10
1406 219
1407 832
1408 226
1409 714
1410 609
1411 390
1412 358
1413 318
1414 549
1415 974
1416 730
1417 776
1418 35
1419 51
1420 947
1421 655
1422 883
1423 349
1424 557
1425 378
1426 987
1427 79
1428 787
1429 113
1430 682
1431 303
1432 637
1433 191
1434 426
1435 640
1436 920
1437 527
1438 590
1439 826
1440 277
1441 89
1442 467
1443 943
1444 475
1445 202
1446 785
1447 271
1448 220
1449 668
1450 781
1451 296
1452 751
1453 237
1454 180
1455 289
1456 742
1457 40
1458 291
1459 862
1460 452
1461 564
1462 342
1463 881
1464 494
1465 299
1466 571
1467 345
1468 619
1469 991
1470 81
1471 640
1472 450
1473 629
1474 721
1475 980
1476 455
1477 380
1478 759
1479 683
1480 589
1481 731
1482 353
1483 205
1484 619
1485 370
1486 429
1487 594
1488 342
1489 751
1490 643
1491 640
1492 398
1493 754
1494 284
1495 854
1496 524
1497 269
1498 631
1499 719
1500 422
1501 812
1502 35
1503 803
1504 682
1505 205
1506 304
1507 365
1508 589
1509 16
1510 197
1511 743
1512 557
1513 566
1514 197
1515 957
1516 271
1517 391
1518 120
1519 176
1520 677
1521 446
1522 92
1523 727
1524 771
1525 640
1526 191
1527 931
1528 755
1529 906
1530 705
1531 657
1532 404
1533 848
1534 692
1535 989
1536 4
1537 231
1538 4
1539 813
1540 203
1541 684
1542 980
1543 314
1544 475
1545 610
1546 859
1547 606
1548 624
1549 928
1550 220
1551 705
1552 151
1553 187
1554 808
1555 988
1556 168
1557 731
1558 223
1559 906
1560 236
1561 562
1562 55
1563 371
1564 159
1565 451
1566 595
1567 842
1568 483
1569 606
1570 794
1571 59
1572 251
1573 320
1574 920
1575 797
1576 898
1577 434
1578 980
1579 351
1580 813
1581 444
1582 865
1583 336
1584 730
1585 388
1586 527
1587 306
1588 512
1589 589
1590 14
1591 965
1592 334
1593 403
1594 346
1595 729
1596 837
1597 776
1598 241
1599 820
1600 994
1601 906
1602 583
1603 347
1604 201
1605 290
1606 248
1607 313
1608 992
1609 361
1610 674
1611 474
1612 561
1613 888
1614 812
1615 725
1616 731
1617 467
1618 723
1619 280
1620 747
1621 80
1622 178
1623 777
1624 111
1625 632
1626 327
1627 328
1628 269
1629 57
1630 493
1631 477
1632 297
1633 913
1634 766
1635 248
1636 5
1637 458
1638 287
1639 950
1640 249
1641 891
1642 818
1643 785
1644 411
1645 539
1646 366
1647 189
1648 509
1649 173
1650 533
1651 617
1652 472
1653 538
1654 859
1655 369
1656 71
1657 518
1658 757
1659 772
1660 126
1661 176
1662 264
1663 368
1664 673
1665 907
1666 442
1667 706
1668 448
1669 257
1670 140
1671 473
1672 161
1673 196
1674 257
1675 68
1676 60
1677 960
1678 452
1679 860
1680 343
1681 381
1682 960
1683 879
1684 791
1685 939
1686 838
1687 13
1688 104
1689 503
1690 484
1691 450
1692 479
1693 69
1694 532
1695 609
1696 816
1697 344
1698 719
1699 686
1700 950
1701 60
1702 594
1703 210
1704 11
1705 222
1706 765
1707 639
1708 233
1709 457
1710 646
1711 420
1712 570
1713 166
1714 561
1715 715
1716 82
1717 418
1718 244
1719 234
1720 84
1721 646
1722 352
1723 161
1724 354
1725 341
1726 921
1727 175
1728 844
1729 741
1730 897
1731 366
1732 475
1733 160
1734 684
1735 848
1736 308
1737 959
1738 451
1739 401
1740 844
1741 598
1742 925
1743 326
1744 784
1745 586
1746 286
1747 989
1748 755
1749 380
1750 766
1751 228
1752 528
1753 134
1754 373
1755 687
1756 762
1757 822
1758 818
1759 18
1760 823
1761 965
1762 540
1763 666
1764 702
1765 561
1766 964
1767 747
1768 668
1769 826
1770 727
1771 281
1772 322
1773 464
1774 729
1775 247
1776 85
1777 82
1778 892
1779 944
1780 730
1781 202
1782 202
1783 386
1784 891
1785 194
1786 977
1787 643
1788 761
1789 928
1790 442
1791 419
1792 457
1793 804
1794 848
1795 636
1796 477
1797 150
1798 33
1799 412
1800 743
1801 172
1802 602
1803 994
1804 734
1805 554
1806 893
1807 777
1808 210
1809 748
1810 932
1811 657
1812 49
1813 259
1814 19
1815 795
1816 340
1817 725
1818 324
1819 980
1820 251
1821 388
1822 577
1823 932
1824 78
1825 188
1826 949
1827 994
1828 119
1829 588
1830 210
1831 106
1832 304
1833 899
1834 575
1835 46
1836 244
1837 170
1838 437
1839 365
1840 414
1841 190
1842 426
1843 1
1844 903
1845 441
1846 288
1847 447
1848 416
1849 816
1850 627
1851 791
1852 959
1853 588
1854 854
1855 435
1856 515
1857 492
1858 297
1859 585
1860 793
1861 23
1862 308
1863 962
1864 419
1865 389
1866 881
1867 871
1868 852
1869 449
1870 407
1871 654
1872 193
1873 559
1874 358
1875 12
1876 115
1877 232
1878 916
1879 302
1880 217
1881 96
1882 281
1883 606
1884 534
1885 575
1886 581
1887 61
1888 910
1889 111
1890 273
1891 440
1892 493
1893 48
1894 398
1895 494
1896 909
1897 864
1898 814
1899 897
1900 469
1901 469
1902 175
1903 314
1904 357
1905 268
1906 148
1907 24
1908 368
1909 237
1910 530
1911 183
1912 401
1913 815
1914 796
1915 747
1916 194
1917 225
1918 626
1919 647
1920 403
1921 717
1922 38
1923 731
1924 517
1925 211
1926 294
1927 375
1928 920
1929 191
1930 289
1931 1
1932 284
1933 641
1934 942
1935 659
1936 409
1937 403
1938 856
1939 488
1940 824
1941 206
1942 502
1943 272
1944 924
1945 592
1946 10
1947 300
1948 125
1949 979
1950 795
1951 63
1952 908
1953 693
1954 692
1955 447
1956 958
1957 925
1958 468
1959 512
1960 600
1961 102
1962 646
1963 402
1964 664
1965 756
1966 296
1967 914
1968 948
1969 530
1970 668
1971 406
1972 248
1973 278
1974 403
1975 855
1976 543
1977 437
1978 434
1979 7
1980 310
1981 177
1982 332
1983 718
1984 341
1985 404
1986 112
1987 882
1988 298
1989 673
1990 872
1991 344
1992 696
1993 426
1994 193
1995 543
1996 642
1997 423
1998 673
1999 393
2000 566
2001 981
2002 869
2003 577
2004 753
2005 517
2006 824
2007 125
2008 881
2009 815
2010 339
2011 65
2012 531
2013 574
2014 335
2015 275
2016 506
2017 912
2018 240
2019 5
2020 206
2021 724
2022 225
2023 168
2024 823
2025 670
2026 210
2027 747
2028 901
2029 92
2030 983
2031 260
2032 529
2033 319
2034 618
2035 324
2036 118
2037 322
2038 267
2039 493
2040 393
2041 895
2042 31
2043 49
2044 370
2045 304
2046 840
2047 325
2048 687
2049 800
2050 475
2051 680
2052 69
2053 972
2054 756
2055 256
2056 452
2057 936
2058 450
2059 478
2060 123
2061 666
2062 872
2063 635
2064 407
2065 117
2066 789
2067 302
2068 651
2069 600
2070 857
2071 750
2072 593
2073 474
2074 791
2075 447
2076 803
2077 582
2078 50
2079 693
2080 155
2081 737
2082 84
2083 4
2084 583
2085 27
2086 674
2087 539
2088 75
2089 542
2090 868
2091 153
2092 519
2093 605
2094 301
2095 342
2096 179
2097 879
2098 772
2099 938
2100 907
2101 323
2102 579
2103 30
2104 746
2105 463
2106 287
2107 73
2108 218
2109 594
2110 750
2111 430
2112 629
2113 518
2114 633
2115 408
2116 305
2117 458
2118 27
2119 627
2120 87
2121 108
2122 598
2123 410
2124 689
2125 300
2126 680
2127 755
2128 755
2129 891
2130 956
2131 950
2132 236
2133 455
2134 743
2135 828
2136 155
2137 601
2138 617
2139 646
2140 56
2141 50
2142 176
2143 140
2144 833
2145 106
2146 679
2147 643
2148 84
2149 563
2150 351
2151 178
2152 174
2153 281
2154 834
2155 237
2156 155
2157 231
2158 435
2159 550
2160 9
2161 614
2162 924
2163 570
2164 455
2165 842
2166 702
2167 36
2168 407
2169 420
2170 552
2171 851
2172 458
2173 891
2174 510
2175 639
2176 300
2177 917
2178 355
2179 857
2180 50
2181 812
2182 455
2183 67
2184 966
2185 823
2186 878
2187 778
2188 893
2189 296
2190 568
2191 852
2192 469
2193 330
2194 144
2195 383
2196 732
2197 94
2198 181
2199 997
2200 19
2201 625
2202 659
2203 891
2204 157
2205 725
2206 521
2207 937
2208 715
2209 774
2210 917
2211 373
2212 612
2213 883
2214 55
2215 890
2216 294
2217 63
2218 388
2219 524
2220 665
2221 686
2222 600
2223 765
2224 179
2225 475
2226 437
2227 581
2228 581
2229 707
2230 194
2231 43
2232 225
2233 461
2234 374
2235 456
2236 706
2237 414
2238 896
2239 316
2240 658
2241 706
2242 720
2243 851
2244 20
2245 225
2246 899
2247 219
2248 792
2249 915