0 0
1 0
2 0
3 0
4 0
5 1
6 0
7 1
8 1
9 0
10 0
11 1
12 1
13 0
14 0
15 0
16 1
17 0
18 1
19 0
20 0
21 1
22 1
23 0
24 1
25 1
26 1
27 1
28 0
29 1
30 1
31 1
32 0
33 0
34 0
35 0
36 0
37 0
38 0
39 0
40 1
41 1
42 0
43 1
44 0
45 0
46 0
47 0
48 0
49 0
50 1
51 1
52 1
53 0
54 0
55 1
56 1
57 1
58 0
59 0
60 0
61 0
62 1
63 0
64 1
65 0
66 1
67 1
68 0
69 0
70 1
71 1
72 1
73 0
74 1
75 1
76 1
77 0
78 1
79 0
80 1
81 1
82 0
83 1
84 1
85 1
86 1
87 1
88 0
89 0
90 0
91 0
92 0
93 0
94 0
95 0
96 0
97 1
98 0
99 1
100 1
101 0
102 0
103 1
104 1
105 0
106 1
107 0
108 1
109 0
110 1
111 0
112 1
113 1
114 0
115 0
116 0
117 0
118 0
119 1
120 1
121 0
122 0
123 0
124 1
125 1
126 1
127 1
128 1
129 0
130 0
131 1
132 1
133 0
134 0
135 0
136 1
137 1
138 1
139 0
140 1
141 0
142 0
143 1
144 0
145 0
146 1
147 1
148 1
149 1
150 0
151 1
152 1
153 0
154 1
155 1
156 1
157 0
158 1
159 0
160 1
161 0
162 0
163 0
164 1
165 1
166 1
167 0
168 0
169 1
170 1
171 1
172 0
173 1
174 1
175 0
176 0
177 1
178 0
179 1
180 1
181 1
182 0
183 0
184 0
185 1
186 1
187 1
188 1
189 1
190 0
191 1
192 0
193 1
194 1
195 1
196 1
197 0
198 1
199 1
200 1
201 1
202 0
203 1
204 1
205 0
206 0
207 0
208 0
209 1
210 1
211 0
212 0
213 0
214 1
215 0
216 0
217 0
218 1
219 1
220 1
221 1
222 0
223 0
224 1
225 0
226 1
227 1
228 1
229 1
230 1
231 0
232 0
233 1
234 0
235 1
236 0
237 1
238 0
239 0
240 0
241 0
242 1
243 1
244 1
245 0
246 0
247 1
248 0
249 0
250 0
251 0
252 0
253 0
254 0
255 1
256 1
257 1
258 0
259 0
260 1
261 1
262 0
263 1
264 1
265 0
266 0
267 0
268 0
269 0
270 0
271 1
272 1
273 1
274 0
275 1
276 0
277 0
278 0
279 0
280 1
281 0
282 1
283 1
284 0
285 1
286 0
287 0
288 1
289 0
290 1
291 0
292 0
293 1
294 1
295 0
296 0
297 1
298 0
299 1
300 1
301 1
302 0
303 1
304 1
305 0
306 0
307 0
308 1
309 0
310 0
311 1
312 1
313 0
314 1
315 1
316 0
317 1
318 0
319 1
320 1
321 1
322 1
323 1
324 0
325 0
326 1
327 0
328 0
329 0
330 0
331 1
332 1
333 1
334 1
335 1
336 0
337 1
338 0
339 1
340 0
341 0
342 0
343 0
344 1
345 1
346 1
347 1
348 1
349 1
350 1
351 0
352 1
353 0
354 1
355 1
356 1
357 1
358 0
359 0
360 1
361 1
362 0
363 0
364 0
365 0
366 1
367 1
368 1
369 0
370 1
371 0
372 1
373 0
374 0
375 1
376 1
377 0
378 0
379 1
380 0
381 1
382 1
383 0
384 0
385 0
386 0
387 0
388 1
389 1
390 0
391 1
392 0
393 0
394 0
395 1
396 1
397 1
398 0
399 0
400 1
401 1
402 0
403 0
404 0
405 1
406 1
407 0
408 1
409 1
410 0
411 1
412 1
413 1
414 1
415 0
416 0
417 0
418 0
419 0
420 0
421 1
422 0
423 1
424 0
425 1
426 1
427 1
428 1
429 1
430 0
431 1
432 1
433 1
434 1
435 1
436 1
437 1
438 1
439 0
440 1
441 1
442 0
443 1
444 0
445 0
446 0
447 0
448 1
449 0
450 1
451 0
452 0
453 1
454 1
455 1
456 0
457 1
458 1
459 0
460 0
461 0
462 0
463 1
464 0
465 1
466 0
467 1
468 0
469 0
470 1
471 0
472 1
473 0
474 1
475 1
476 1
477 0
478 1
479 1
480 1
481 1
482 0
483 1
484 0
485 1
486 1
487 1
488 1
489 1
490 0
491 0
492 0
493 0
494 1
495 1
496 0
497 1
498 1
499 0
500 0
501 0
502 1
503 0
504 0
505 1
506 0
507 1
508 1
509 0
510 0
511 0
512 0
513 1
514 0
515 0
516 0
517 1
518 0
519 1
520 1
521 0
522 1
523 0
524 0
525 0
526 0
527 0
528 0
529 1
530 0
531 0
532 0
533 0
534 1
535 1
536 1
537 0
538 0
539 1
540 0
541 0
542 1
543 1
544 0
545 0
546 1
547 1
548 0
549 1
550 0
551 0
552 1
553 0
554 0
555 1
556 1
557 1
558 1
559 1
560 0
561 0
562 1
563 1
564 0
565 1
566 0
567 0
568 0
569 0
570 1
571 1
572 0
573 0
574 0
575 0
576 0
577 1
578 0
579 1
580 0
581 0
582 1
583 1
584 1
585 0
586 1
587 0
588 1
589 0
590 0
591 0
592 0
593 0
594 0
595 0
596 0
597 0
598 0
599 0
600 0
601 0
602 1
603 1
604 1
605 0
606 1
607 1
608 0
609 1
610 0
611 0
612 0
613 0
614 1
615 0
616 1
617 1
618 0
619 0
620 0
621 0
622 1
623 0
624 1
625 1
626 1
627 0
628 1
629 0
630 1
631 0
632 1
633 1
634 1
635 1
636 0
637 1
638 1
639 1
640 0
641 1
642 0
643 0
644 0
645 1
646 0
647 0
648 0
649 1
650 1
651 0
652 0
653 1
654 1
655 1
656 0
657 1
658 0
659 1
660 0
661 1
662 1
663 1
664 0
665 0
666 1
667 0
668 0
669 1
670 1
671 0
672 0
673 1
674 0
675 0
676 0
677 0
678 0
679 1
680 1
681 0
682 0
683 1
684 1
685 1
686 1
687 1
688 1
689 0
690 1
691 1
692 1
693 1
694 1
695 0
696 1
697 0
698 1
699 1
700 1
701 0
702 1
703 1
704 1
705 1
706 0
707 1
708 0
709 0
710 1
711 1
712 0
713 0
714 0
715 1
716 1
717 0
718 1
719 0
720 0
721 1
722 1
723 0
724 1
725 0
726 1
727 1
728 1
729 0
730 1
731 1
732 1
733 1
734 1
735 1
736 0
737 0
738 1
739 1
740 1
741 0
742 0
743 0
744 1
745 1
746 0
747 0
748 0
749 0
750 1
751 1
752 1
753 0
754 1
755 0
756 1
757 0
758 1
759 1
760 1
761 1
762 0
763 1
764 1
765 0
766 1
767 1
768 0
769 1
770 1
771 1
772 1
773 0
774 0
775 0
776 1
777 1
778 1
779 1
780 1
781 0
782 1
783 0
784 1
785 0
786 1
787 1
788 0
789 1
790 0
791 1
792 1
793 1
794 1
795 1
796 1
797 0
798 0
799 1
800 1
801 1
802 1
803 0
804 0
805 0
806 1
807 0
808 1
809 0
810 1
811 1
812 1
813 1
814 0
815 1
816 1
817 0
818 0
819 0
820 1
821 1
822 0
823 1
824 0
825 1
826 0
827 1
828 0
829 1
830 1
831 1
832 1
833 0
834 0
835 0
836 0
837 1
838 1
839 0
840 0
841 1
842 1
843 1
844 0
845 1
846 0
847 1
848 1
849 1
850 0
851 1
852 0
853 0
854 1
855 0
856 0
857 0
858 1
859 0
860 0
861 0
862 0
863 0
864 1
865 1
866 0
867 1
868 0
869 0
870 1
871 1
872 1
873 1
874 1
875 1
876 0
877 1
878 1
879 1
880 1
881 0
882 0
883 0
884 0
885 0
886 0
887 1
888 0
889 0
890 0
891 1
892 0
893 0
894 0
895 1
896 0
897 1
898 1
899 0
900 1
901 0
902 0
903 0
904 0
905 1
906 0
907 1
908 0
909 1
910 1
911 1
912 1
913 0
914 1
915 0
916 0
917 1
918 0
919 0
920 0
921 0
922 0
923 1
924 0
925 0
926 0
927 1
928 0
929 0
930 1
931 1
932 1
933 0
934 0
935 0
936 0
937 0
938 0
939 0
940 0
941 1
942 1
943 0
944 0
945 0
946 0
947 0
948 1
949 0
950 0
951 1
952 1
953 0
954 0
955 1
956 1
957 0
958 0
959 1
960 1
961 0
962 0
963 1
964 1
965 1
966 1
967 0
968 0
969 0
970 1
971 1
972 0
973 1
974 0
975 1
976 0
977 1
978 0
979 1
980 1
981 1
982 0
983 0
984 0
985 0
986 1
987 1
988 0
989 0
990 0
991 1
992 1
993 0
994 1
995 0
996 0
997 0
998 1
999 0
1000 1
1001 1
1002 0
1003 0
1004 0
1005 0
1006 0
1007 1
1008 1
1009 1
1010 0
1011 1
1012 0
1013 1
1014 1
1015 0
1016 0
1017 1
1018 0
1019 1
1020 0
1021 1
1022 1
1023 0
1024 0
1025 0
1026 0
1027 1
1028 0
1029 1
1030 1
1031 0
1032 0
1033 0
1034 1
1035 1
1036 1
1037 1
1038 0
1039 0
1040 1
1041 1
1042 1
1043 0
1044 0
1045 1
1046 0
1047 0
1048 1
1049 1
1050 1
1051 1
1052 1
1053 1
1054 0
1055 0
1056 1
1057 1
1058 1
1059 0
1060 0
1061 0
1062 1
1063 0
1064 1
1065 1
1066 1
1067 1
1068 1
1069 1
1070 0
1071 1
1072 0
1073 0
1074 0
1075 1
1076 0
1077 1
1078 0
1079 1
1080 0
1081 0
1082 1
1083 0
1084 0
1085 0
1086 1
1087 1
1088 1
1089 1
1090 1
1091 0
1092 1
1093 0
1094 0
1095 0
1096 0
1097 1
1098 1
1099 1
1100 1
1101 1
1102 0
1103 1
1104 1
1105 0
1106 0
1107 0
1108 1
1109 1
1110 0
1111 1
1112 0
1113 0
1114 1
1115 1
1116 1
1117 1
1118 1
1119 0
1120 1
1121 1
1122 1
1123 0
1124 0
1125 1
1126 1
1127 1
1128 1
1129 0
1130 0
1131 0
1132 1
1133 0
1134 0
1135 1
1136 0
1137 1
1138 1
1139 0
1140 1
1141 0
1142 1
1143 1
1144 0
1145 0
1146 0
1147 1
1148 1
1149 0
1150 1
1151 1
1152 1
1153 1
1154 0
1155 0
1156 0
1157 0
1158 1
1159 0
1160 0
1161 1
1162 1
1163 0
1164 1
1165 1
1166 0
1167 0
1168 0
1169 1
1170 0
1171 1
1172 0
1173 1
1174 0
1175 1
1176 0
1177 1
1178 0
1179 1
1180 1
1181 1
1182 0
1183 0
1184 1
1185 0
1186 0
1187 0
1188 1
1189 1
1190 0
1191 0
1192 0
1193 1
1194 0
1195 0
1196 1
1197 0
1198 0
1199 1
1200 0
1201 0
1202 1
1203 1
1204 1
1205 0
1206 0
1207 1
1208 0
1209 1
1210 1
1211 1
1212 1
1213 0
1214 1
1215 1
1216 0
1217 0
1218 0
1219 1
1220 0
1221 0
1222 1
1223 0
1224 0
1225 1
1226 0
1227 1
1228 1
1229 1
1230 0
1231 0
1232 1
1233 1
1234 0
1235 0
1236 0
1237 1
1238 0
1239 0
1240 1
1241 0
1242 0
1243 1
1244 0
1245 0
1246 1
1247 0
1248 0
1249 0
1250 0
1251 0
1252 0
1253 1
1254 1
1255 0
1256 1
1257 0
1258 1
1259 1
1260 1
1261 1
1262 0
1263 0
1264 0
1265 0
1266 1
1267 1
1268 0
1269 0
1270 0
1271 0
1272 0
1273 0
1274 1
1275 1
1276 1
1277 1
1278 1
1279 1
1280 0
1281 0
1282 1
1283 0
1284 1
1285 0
1286 0
1287 0
1288 0
1289 0
1290 0
1291 1
1292 1
1293 0
1294 1
1295 1
1296 1
1297 0
1298 1
1299 0