0 650.0 9750.0 30.0 0.12258601260792291 0.044684129429892146 0.0015902408110315888 0.43940419769803657 0.03806058356673651 0.001490540755158073
1 650.0 9750.0 30.0 0.12258601260792291 0.04930662557781202 0.002296712598494161 0.4522648083623693 0.04239496327604692 0.0016273244816161687
10 650.0 9750.0 30.0 0.12258601260792291 0.04930662557781202 0.0024151175069825697 0.4541637508747376 0.04132100299368441 0.0016314607421347178
100 650.0 9750.0 30.0 0.12258601260792291 0.04160246533127889 0.0016484408622961274 0.4306569343065693 0.03421689753089668 0.0014030659950312282
101 650.0 9750.0 30.0 0.12258601260792291 0.04314329738058552 0.0017616994197262137 0.43821742066171504 0.03613110805226672 0.0014469456127454185
102 650.0 9750.0 30.0 0.12258601260792291 0.04930662557781202 0.00221326588237989 0.4475862068965517 0.04279979885406491 0.0016260139848123254
103 650.0 9750.0 30.0 0.12258601260792291 0.04160246533127889 0.0016042970201469262 0.43703703703703706 0.03477325424507177 0.0014009988853453848
104 650.0 9750.0 30.0 0.12258601260792291 0.05084745762711865 0.0023313191497343886 0.451949860724234 0.04145446442755217 0.0016819003719216455
105 650.0 9750.0 30.0 0.12258601260792291 0.044684129429892146 0.0017390698475768557 0.434695244474213 0.03755425973842789 0.0014918427728843582
106 650.0 9750.0 30.0 0.12258601260792291 0.04160246533127889 0.0013798366909673013 0.4261326329612607 0.03507516673984572 0.0013991819265524587
107 650.0 9750.0 30.0 0.12258601260792291 0.04930662557781202 0.0022147592009313473 0.44543582704186685 0.04178404890860073 0.001629645591886952
108 650.0 9750.0 30.0 0.12258601260792291 0.046224961479198766 0.0014820024946779042 0.4300861497680583 0.038401424907793254 0.0015394832174420842
109 650.0 9750.0 30.0 0.12258601260792291 0.044684129429892146 0.0017171022585090471 0.4358629952988583 0.03778081605144688 0.0014910774898706843
11 650.0 9750.0 30.0 0.12258601260792291 0.046224961479198766 0.001986272239580208 0.4516353514265832 0.04017194497180683 0.0015342864169624812
110 650.0 9750.0 30.0 0.12258601260792291 0.060092449922958396 0.0031973186183224945 0.4599574769666903 0.050756117707089085 0.001953468922297253
111 650.0 9750.0 30.0 0.12258601260792291 0.044684129429892146 0.0017014338823769085 0.4338235294117647 0.036937721514336656 0.0014949311388246433
112 650.0 9750.0 30.0 0.12258601260792291 0.046224961479198766 0.0019257083421071318 0.44543582704186685 0.0401893177728694 0.0015341506864551637
113 650.0 9750.0 30.0 0.12258601260792291 0.044684129429892146 0.0017098006576410066 0.43353373413493657 0.03667378052667804 0.0014957194244588413
114 650.0 9750.0 30.0 0.12258601260792291 0.04776579352850539 0.001901349249849772 0.4439124487004104 0.0407323555549133 0.001582212241024021
115 650.0 9750.0 30.0 0.12258601260792291 0.04160246533127889 0.0013448492410258206 0.4315159574468085 0.035985514745349896 0.0013961725250910182
116 650.0 9750.0 30.0 0.12258601260792291 0.04930662557781202 0.0018197672346911594 0.434695244474213 0.041044835193589604 0.0016317339860845775
117 650.0 9750.0 30.0 0.12258601260792291 0.044684129429892146 0.0019119704086140226 0.44089673913043476 0.03813078568287554 0.001490059092761605
118 650.0 9750.0 30.0 0.12258601260792291 0.046224961479198766 0.0019206958160818605 0.44635488308115545 0.03981383637964424 0.0015353488005767201
119 650.0 9750.0 30.0 0.12258601260792291 0.046224961479198766 0.0020134884031708608 0.44089673913043476 0.038833776072143306 0.0015379344916861964
12 650.0 9750.0 30.0 0.12258601260792291 0.038520801232665644 0.0014511841961456886 0.4309428950863214 0.03137729567590701 0.0013116541327040437
120 650.0 9750.0 30.0 0.12258601260792291 0.04930662557781202 0.0023180476066176087 0.4510076441973593 0.042378203551732975 0.0016271751910477642
121 650.0 9750.0 30.0 0.12258601260792291 0.05084745762711865 0.002121785050007285 0.4439124487004104 0.042576717280655034 0.0016772450885298457
122 650.0 9750.0 30.0 0.12258601260792291 0.05701078582434515 0.0032069224194519234 0.4639027877055039 0.04875017948699975 0.001858226622367135
123 650.0 9750.0 30.0 0.12258601260792291 0.044684129429892146 0.0016305455382213208 0.43498659517426275 0.03780066721046688 0.0014904608590844892
124 650.0 9750.0 30.0 0.12258601260792291 0.046224961479198766 0.0017931171507567527 0.43970189701897017 0.0400004998400805 0.0015345775120161604
125 650.0 9750.0 30.0 0.12258601260792291 0.053929121725731895 0.0028059229528014248 0.4625801853171775 0.046711582146313144 0.0017640627831127993
126 650.0 9750.0 30.0 0.12258601260792291 0.04314329738058552 0.0016366994535300934 0.43970189701897017 0.03668040888292974 0.001443762785442945
127 650.0 9750.0 30.0 0.12258601260792291 0.040061633281972264 0.0014705376963921653 0.43733153638814015 0.03498527247928778 0.0013489903334987143
128 650.0 9750.0 30.0 0.12258601260792291 0.046224961479198766 0.0017295719584660303 0.44179714091218514 0.039790487356289136 0.0015346232756944336
129 650.0 9750.0 30.0 0.12258601260792291 0.05546995377503852 0.002692853440586166 0.45448179271708683 0.04605902522603081 0.0018185260041393668
13 650.0 9750.0 30.0 0.12258601260792291 0.04314329738058552 0.0016143019323213114 0.43940419769803657 0.037130736892544994 0.001443539602800535
130 650.0 9750.0 30.0 0.12258601260792291 0.04160246533127889 0.0011442645359616415 0.4309428950863214 0.03598795755914811 0.001395709789025481
131 650.0 9750.0 30.0 0.12258601260792291 0.04776579352850539 0.002251388972074204 0.44944598337950137 0.03885828124436811 0.001589215817549608
132 650.0 9750.0 30.0 0.12258601260792291 0.04776579352850539 0.0021806894348825254 0.4478951000690131 0.03966793698920261 0.0015861082861172403
133 650.0 9750.0 30.0 0.12258601260792291 0.04776579352850539 0.002191227789669238 0.4541637508747376 0.040841514529907724 0.0015823314536165776
134 650.0 9750.0 30.0 0.12258601260792291 0.04314329738058552 0.0018323439604450112 0.44543582704186685 0.036233608792335115 0.0014467507720254914
135 650.0 9750.0 30.0 0.12258601260792291 0.044684129429892146 0.0020412629081158792 0.44119646498980286 0.03695352198249957 0.0014942833436962432
136 650.0 9750.0 30.0 0.12258601260792291 0.04160246533127889 0.0013207877724412136 0.43266666666666664 0.034990152253605064 0.0014000330080240616
137 650.0 9750.0 30.0 0.12258601260792291 0.04314329738058552 0.001512073317198337 0.4323784143904064 0.03565948598758989 0.0014481619299301705
138 650.0 9750.0 30.0 0.12258601260792291 0.04776579352850539 0.0021426936408283606 0.44944598337950137 0.04029572572047242 0.0015838591514773814
139 650.0 9750.0 30.0 0.12258601260792291 0.04160246533127889 0.0016648793139657325 0.4414965986394558 0.03532481295580727 0.001399048102418421
14 650.0 9750.0 30.0 0.12258601260792291 0.046224961479198766 0.0020436494041121407 0.44635488308115545 0.03943384298224155 0.0015367760950691172
140 650.0 9750.0 30.0 0.12258601260792291 0.04930662557781202 0.0021303678876903346 0.4500693481276006 0.04156215411694413 0.001630668701786089
141 650.0 9750.0 30.0 0.12258601260792291 0.05546995377503852 0.0031953000998801253 0.4689306358381503 0.047169592759515676 0.001814086031147918
142 650.0 9750.0 30.0 0.12258601260792291 0.053929121725731895 0.002747356675625823 0.4560787069571328 0.0451218367109294 0.0017696486169371493
143 650.0 9750.0 30.0 0.12258601260792291 0.04314329738058552 0.0017637255776108715 0.44452054794520546 0.03680360574112123 0.0014439698394176697
144 650.0 9750.0 30.0 0.12258601260792291 0.044684129429892146 0.001924450883706998 0.44574175824175827 0.03675335802575479 0.0014951410539025124
145 650.0 9750.0 30.0 0.12258601260792291 0.04160246533127889 0.0015490548294527537 0.4309428950863214 0.03457880830855702 0.001401282372180589
146 650.0 9750.0 30.0 0.12258601260792291 0.040061633281972264 0.0016538335515543338 0.4355704697986577 0.03358409054488089 0.0013545681533962822
147 650.0 9750.0 30.0 0.12258601260792291 0.046224961479198766 0.0020721848150240404 0.44975744975744975 0.03820659352090737 0.0015401810709205323
148 650.0 9750.0 30.0 0.12258601260792291 0.04160246533127889 0.0017467016953283444 0.43411371237458196 0.03397864874285283 0.0014039707336487438
149 650.0 9750.0 30.0 0.12258601260792291 0.038520801232665644 0.0013065617818241943 0.4258530183727034 0.0319953928381851 0.0013097283149850637
15 650.0 9750.0 30.0 0.12258601260792291 0.04776579352850539 0.001960511132282519 0.45038167938931295 0.04087194481896205 0.001582226908841632
150 650.0 9750.0 30.0 0.12258601260792291 0.04930662557781202 0.0023109978463887256 0.4478951000690131 0.04033413498185918 0.0016352409612986297
151 650.0 9750.0 30.0 0.12258601260792291 0.04930662557781202 0.0020576913217157035 0.44360902255639095 0.04012600285883188 0.0016359528501186222
152 650.0 9750.0 30.0 0.12258601260792291 0.04314329738058552 0.0018366467936928369 0.44059742023082143 0.03664258713704208 0.001444882379735345
153 650.0 9750.0 30.0 0.12258601260792291 0.04930662557781202 0.0023676153389903996 0.44696969696969696 0.040281694008969866 0.0016354585693993335
154 650.0 9750.0 30.0 0.12258601260792291 0.04776579352850539 0.0018252823073819863 0.44059742023082143 0.03964598682220073 0.0015861652797412784
155 650.0 9750.0 30.0 0.12258601260792291 0.05701078582434515 0.0032662438255360903 0.4648997134670487 0.04772608523787843 0.001862409482372037
156 650.0 9750.0 30.0 0.12258601260792291 0.04930662557781202 0.002251732602742146 0.44604810996563576 0.04168796516983166 0.001629911004475816
157 650.0 9750.0 30.0 0.12258601260792291 0.04160246533127889 0.0017157686194213416 0.4355704697986577 0.03426032342912124 0.001402299709970579
158 650.0 9750.0 30.0 0.12258601260792291 0.04160246533127889 0.0012996510363411365 0.42033678756476683 0.03322397936293541 0.0014059993872883331
159 650.0 9750.0 30.0 0.12258601260792291 0.05084745762711865 0.0024383517478648786 0.4510076441973593 0.04164493583234192 0.0016807646888195305
16 650.0 9750.0 30.0 0.12258601260792291 0.05084745762711865 0.0021546236366874003 0.4485141672425708 0.0423942667254827 0.0016782268145014464
160 650.0 9750.0 30.0 0.12258601260792291 0.04314329738058552 0.0013553529168975613 0.4300861497680583 0.03503956613041351 0.0014498471476179589
161 650.0 9750.0 30.0 0.12258601260792291 0.044684129429892146 0.0019445905328944121 0.44029850746268656 0.0359917147827623 0.0014984551174370094
162 650.0 9750.0 30.0 0.12258601260792291 0.038520801232665644 0.0014640675348040798 0.43498659517426275 0.03133765464226956 0.0013111124474642468
163 650.0 9750.0 30.0 0.12258601260792291 0.04160246533127889 0.0015962432268068027 0.43762643290627107 0.03549969639146789 0.001398493607817576
164 650.0 9750.0 30.0 0.12258601260792291 0.044684129429892146 0.0016172399480745884 0.43498659517426275 0.03724087577235679 0.0014931507813479802
165 650.0 9750.0 30.0 0.12258601260792291 0.044684129429892146 0.0019638893887297146 0.44482522275531183 0.03720421368248254 0.0014931408142735514
166 650.0 9750.0 30.0 0.12258601260792291 0.044684129429892146 0.001893214793561604 0.43940419769803657 0.03775924917288531 0.0014919983759664715
167 650.0 9750.0 30.0 0.12258601260792291 0.05084745762711865 0.0022113218142350666 0.44944598337950137 0.04143576295901201 0.0016814966915418947
168 650.0 9750.0 30.0 0.12258601260792291 0.04776579352850539 0.0019314821101474205 0.44239945466939334 0.03966393464338348 0.001585991349282004
169 650.0 9750.0 30.0 0.12258601260792291 0.04160246533127889 0.0013565885936713971 0.4241830065359477 0.03333550460853473 0.0014055797468661125
17 650.0 9750.0 30.0 0.12258601260792291 0.04160246533127889 0.001577763943966792 0.4352783366867874 0.03584500512444061 0.001396687605432549
170 650.0 9750.0 30.0 0.12258601260792291 0.046224961479198766 0.0019039559076225556 0.44 0.037930968359887574 0.0015415159091463266
171 650.0 9750.0 30.0 0.12258601260792291 0.04776579352850539 0.002100004705463574 0.43970189701897017 0.038625827754664846 0.0015901073860522833
172 650.0 9750.0 30.0 0.12258601260792291 0.04314329738058552 0.0017158917610847642 0.4312292358803987 0.034370161083220274 0.0014526947769921386
173 650.0 9750.0 30.0 0.12258601260792291 0.046224961479198766 0.0019207777608496808 0.4451303155006859 0.03758163323541124 0.0015426675167901664
174 650.0 9750.0 30.0 0.12258601260792291 0.038520801232665644 0.0014034276464619797 0.4278180619644034 0.03213243927252114 0.0013088684674878283
175 650.0 9750.0 30.0 0.12258601260792291 0.044684129429892146 0.001700512846544978 0.43792172739541163 0.03651433644503145 0.0014954493048470372
176 650.0 9750.0 30.0 0.12258601260792291 0.04776579352850539 0.0022040519669141866 0.4478951000690131 0.038797745009260295 0.0015891048932463953
177 650.0 9750.0 30.0 0.12258601260792291 0.046224961479198766 0.0019476927451424011 0.44696969696969696 0.03815732552532134 0.0015409898609028325
178 650.0 9750.0 30.0 0.12258601260792291 0.04776579352850539 0.0020379075536605803 0.44421629021218345 0.03896930599321863 0.0015884436757618169
179 650.0 9750.0 30.0 0.12258601260792291 0.04930662557781202 0.00237088563788802 0.44696969696969696 0.040711264514280386 0.001633836349629349
18 650.0 9750.0 30.0 0.12258601260792291 0.04314329738058552 0.0015364576454393378 0.4427012278308322 0.03791701107911958 0.0014405958729754491
180 650.0 9750.0 30.0 0.12258601260792291 0.044684129429892146 0.001728670960740623 0.43821742066171504 0.03589184353661727 0.0014984759154616461
181 650.0 9750.0 30.0 0.12258601260792291 0.053929121725731895 0.0029886923839770106 0.45511921458625526 0.044340444456273775 0.0017743138346531257
182 650.0 9750.0 30.0 0.12258601260792291 0.04930662557781202 0.0025174748972995637 0.44975744975744975 0.04056699572210817 0.0016341980625349927
183 650.0 9750.0 30.0 0.12258601260792291 0.040061633281972264 0.00145449506565061 0.4266929651545036 0.031815804710256065 0.0013608662158629235
184 650.0 9750.0 30.0 0.12258601260792291 0.046224961479198766 0.0021327225373768436 0.43940419769803657 0.036624770501833256 0.0015477336876000003
185 650.0 9750.0 30.0 0.12258601260792291 0.038520801232665644 0.0013822911306803725 0.43209054593874835 0.03249844961035198 0.0013085282484476424
186 650.0 9750.0 30.0 0.12258601260792291 0.05084745762711865 0.002464863435660797 0.4510076441973593 0.04095008718994994 0.001684911520391798
187 650.0 9750.0 30.0 0.12258601260792291 0.044684129429892146 0.0020206398888527872 0.4525801952580195 0.03809230737800878 0.001490780090886287
188 650.0 9750.0 30.0 0.12258601260792291 0.053929121725731895 0.002963386814952351 0.4675792507204611 0.047287468472906165 0.0017639089849614221
189 650.0 9750.0 30.0 0.12258601260792291 0.04314329738058552 0.0016513439137802 0.43295530353569045 0.03457435301830739 0.001453162502763286
19 650.0 9750.0 30.0 0.12258601260792291 0.04314329738058552 0.0018135304915571 0.4414965986394558 0.03561201345805702 0.001448918672174405
190 650.0 9750.0 30.0 0.12258601260792291 0.046224961479198766 0.0021974047274346095 0.4548002803083392 0.03877170476891978 0.0015394066610709169
191 650.0 9750.0 30.0 0.12258601260792291 0.040061633281972264 0.0016701190249997849 0.4344042838018742 0.03200004475798469 0.001360156868023475
192 650.0 9750.0 30.0 0.12258601260792291 0.04930662557781202 0.002293459805996082 0.4472777394900069 0.040621298525824655 0.001634958957932579
193 650.0 9750.0 30.0 0.12258601260792291 0.04314329738058552 0.0017784009226020098 0.439106901217862 0.03552536005476254 0.0014491165303415167
194 650.0 9750.0 30.0 0.12258601260792291 0.04160246533127889 0.0014924049363014198 0.43353373413493657 0.03378238252180626 0.0014057731747989257
195 650.0 9750.0 30.0 0.12258601260792291 0.04160246533127889 0.0015669798145095141 0.42951687624090007 0.033543026523935204 0.0014063085326585767
196 650.0 9750.0 30.0 0.12258601260792291 0.038520801232665644 0.0012079141762617168 0.42088197146562906 0.030371949119431543 0.0013164421119903186
197 650.0 9750.0 30.0 0.12258601260792291 0.04160246533127889 0.0016253092201101327 0.428665785997358 0.03207812423906275 0.001411382902744987
198 650.0 9750.0 30.0 0.12258601260792291 0.040061633281972264 0.0015327013138913975 0.43295530353569045 0.032077943702147775 0.0013608451239293133
199 650.0 9750.0 30.0 0.12258601260792291 0.04776579352850539 0.0020535511335401197 0.44300341296928325 0.038816836808562974 0.0015904651310272612
2 650.0 9750.0 30.0 0.12258601260792291 0.052388289676425275 0.0024520308438587216 0.451949860724234 0.04395533117877491 0.0017233716610647112
20 650.0 9750.0 30.0 0.12258601260792291 0.052388289676425275 0.0021872947702652277 0.4516353514265832 0.04447058986285473 0.0017213266963822336
200 650.0 9750.0 30.0 0.12258601260792291 0.05546995377503852 0.002758727250968067 0.45768688293370946 0.04590921484690921 0.0018199503345843267
201 650.0 9750.0 30.0 0.12258601260792291 0.040061633281972264 0.0013351146483834562 0.4309428950863214 0.032414956868089345 0.0013600746045303262
202 650.0 9750.0 30.0 0.12258601260792291 0.044684129429892146 0.001737315755793347 0.4361559139784946 0.0350473995549156 0.001503085050302401
203 650.0 9750.0 30.0 0.12258601260792291 0.03697996918335902 0.0012914366647985014 0.42280130293159607 0.028957977207861765 0.0012703211695280652
204 650.0 9750.0 30.0 0.12258601260792291 0.04314329738058552 0.0017042826462836014 0.4300861497680583 0.03465907032566911 0.0014535130822788782
205 650.0 9750.0 30.0 0.12258601260792291 0.038520801232665644 0.0012486837258283638 0.4233529028049576 0.030788371511653385 0.0013145091065133014
206 650.0 9750.0 30.0 0.12258601260792291 0.04314329738058552 0.0016170168786699515 0.4361559139784946 0.0355372632768225 0.0014499064882260806
207 650.0 9750.0 30.0 0.12258601260792291 0.04314329738058552 0.001535481417543959 0.4261326329612607 0.03412627287563353 0.001455256071356775
208 650.0 9750.0 30.0 0.12258601260792291 0.04930662557781202 0.002457277516439281 0.45069444444444445 0.03986112571435043 0.001638221240939273
209 650.0 9750.0 30.0 0.12258601260792291 0.044684129429892146 0.0020410845334407415 0.4427012278308322 0.03565836543194483 0.001500401771784367
21 650.0 9750.0 30.0 0.12258601260792291 0.046224961479198766 0.0016012183678752161 0.43498659517426275 0.038391798213655605 0.0015395551500713466
210 650.0 9750.0 30.0 0.12258601260792291 0.04930662557781202 0.002155764426334375 0.4491349480968858 0.04059452555565803 0.00163561738758004
211 650.0 9750.0 30.0 0.12258601260792291 0.040061633281972264 0.0014851769604122423 0.4309428950863214 0.032823403597698794 0.0013579388134638461
212 650.0 9750.0 30.0 0.12258601260792291 0.04314329738058552 0.0016109008569357842 0.434695244474213 0.03507805858375272 0.0014509912782494664
213 650.0 9750.0 30.0 0.12258601260792291 0.044684129429892146 0.001649451462956001 0.4283828382838284 0.035810968294438875 0.0014994096544433868
214 650.0 9750.0 30.0 0.12258601260792291 0.03543913713405239 0.0013469235712435337 0.42923280423280424 0.02888679758132592 0.0012195432095949174
215 650.0 9750.0 30.0 0.12258601260792291 0.04314329738058552 0.0016711914902325198 0.43324432576769023 0.03655254097087096 0.0014464179031167174
216 650.0 9750.0 30.0 0.12258601260792291 0.052388289676425275 0.002481833636165956 0.45639943741209565 0.04342558756815231 0.0017263056333866045
217 650.0 9750.0 30.0 0.12258601260792291 0.04930662557781202 0.0021972958177014167 0.44635488308115545 0.039057570381156995 0.0016414170669938328
218 650.0 9750.0 30.0 0.12258601260792291 0.046224961479198766 0.0020451468755684826 0.44482522275531183 0.03759121688283253 0.0015441156806238207
219 650.0 9750.0 30.0 0.12258601260792291 0.044684129429892146 0.001959472736814264 0.4541637508747376 0.03892572428044895 0.001487926563925099
22 650.0 9750.0 30.0 0.12258601260792291 0.04160246533127889 0.0015807052387730243 0.43295530353569045 0.03421970021286768 0.001402383596351797
220 650.0 9750.0 30.0 0.12258601260792291 0.04930662557781202 0.0023124785285408085 0.45672061928219565 0.04180141237072868 0.0016313757493998946
221 650.0 9750.0 30.0 0.12258601260792291 0.05084745762711865 0.002101095038247702 0.45069444444444445 0.04268206462364591 0.0016784601911726095
222 650.0 9750.0 30.0 0.12258601260792291 0.03697996918335902 0.001292249143353602 0.434695244474213 0.03130924072857502 0.00126156248503397
223 650.0 9750.0 30.0 0.12258601260792291 0.038520801232665644 0.00134759979159224 0.4272547728768927 0.030851882898739486 0.0013143818234249175
224 650.0 9750.0 30.0 0.12258601260792291 0.046224961479198766 0.0020403314893339855 0.4420980926430518 0.03845167238049675 0.0015398667771357863
225 650.0 9750.0 30.0 0.12258601260792291 0.05546995377503852 0.0029669111351604237 0.458981612446959 0.04610444151924599 0.0018191334975389438
226 650.0 9750.0 30.0 0.12258601260792291 0.05084745762711865 0.002294380401480594 0.4472777394900069 0.04164470593205388 0.0016818826988481508
227 650.0 9750.0 30.0 0.12258601260792291 0.046224961479198766 0.0022479440012916057 0.44696969696969696 0.03870483064849986 0.001539549816161763
228 650.0 9750.0 30.0 0.12258601260792291 0.044684129429892146 0.002280241074365025 0.45511921458625526 0.036176800822437315 0.0014985931117657216
229 650.0 9750.0 30.0 0.12258601260792291 0.04930662557781202 0.0021334274805659436 0.44543582704186685 0.04089625506637424 0.0016335895330401354
23 650.0 9750.0 30.0 0.12258601260792291 0.044684129429892146 0.0016603237944721925 0.4388100067613252 0.037747754411047676 0.0014910452880103069
230 650.0 9750.0 30.0 0.12258601260792291 0.044684129429892146 0.001609967565368551 0.436742934051144 0.03756525354675668 0.0014934883388835404
231 650.0 9750.0 30.0 0.12258601260792291 0.04930662557781202 0.0025045143859695937 0.4580098800282287 0.04203708980007708 0.0016302675308243792
232 650.0 9750.0 30.0 0.12258601260792291 0.04930662557781202 0.002571568094947363 0.45384615384615384 0.04073690644251776 0.0016346455970532338
233 650.0 9750.0 30.0 0.12258601260792291 0.04160246533127889 0.0015019461464484596 0.4303713527851459 0.03354735959433032 0.0014061556091116653
234 650.0 9750.0 30.0 0.12258601260792291 0.04160246533127889 0.0012822810928837473 0.424738219895288 0.034835420524372905 0.0014015551363742505
235 650.0 9750.0 30.0 0.12258601260792291 0.03389830508474576 0.001071054058161585 0.4244604316546763 0.02836462400588037 0.0011705191872666745
236 650.0 9750.0 30.0 0.12258601260792291 0.04160246533127889 0.0016754206954764138 0.43970189701897017 0.034894126437215366 0.0014011556673401795
237 650.0 9750.0 30.0 0.12258601260792291 0.05084745762711865 0.0025727647576219855 0.4554385964912281 0.042635843365564814 0.001677847826983107
238 650.0 9750.0 30.0 0.12258601260792291 0.04314329738058552 0.0016326891728170427 0.4315159574468085 0.035856160433950325 0.0014488521504288625
239 650.0 9750.0 30.0 0.12258601260792291 0.040061633281972264 0.0013359092814621439 0.42951687624090007 0.0331277354132671 0.0013563774582319994
24 650.0 9750.0 30.0 0.12258601260792291 0.058551617873651776 0.003100797015891228 0.4655667144906743 0.049173510017965265 0.001907763961743779
240 650.0 9750.0 30.0 0.12258601260792291 0.04314329738058552 0.001785907700759879 0.44696969696969696 0.03758358664003214 0.0014421818596636973
241 650.0 9750.0 30.0 0.12258601260792291 0.05546995377503852 0.0029335028965436992 0.46225071225071224 0.04575386163274283 0.0018198655800177235
242 650.0 9750.0 30.0 0.12258601260792291 0.040061633281972264 0.001204927317236142 0.424738219895288 0.03282662360815954 0.001357484433689174
243 650.0 9750.0 30.0 0.12258601260792291 0.04314329738058552 0.0015549673654925388 0.42894910773298084 0.03438872927047892 0.001453806802120736
244 650.0 9750.0 30.0 0.12258601260792291 0.04930662557781202 0.0025077495733123504 0.44944598337950137 0.039239702210883715 0.0016402995951781845
245 650.0 9750.0 30.0 0.12258601260792291 0.05546995377503852 0.002847124597475968 0.4642346208869814 0.04628342001105121 0.0018175086588551317
246 650.0 9750.0 30.0 0.12258601260792291 0.038520801232665644 0.0012086600240784483 0.4181701030927835 0.030347233206574706 0.00131573290623324
247 650.0 9750.0 30.0 0.12258601260792291 0.04776579352850539 0.002271715826420292 0.44696969696969696 0.03886060731191875 0.0015904412047710805
248 650.0 9750.0 30.0 0.12258601260792291 0.04930662557781202 0.002284119385030059 0.4451303155006859 0.03957866328425449 0.001638124563277131
249 650.0 9750.0 30.0 0.12258601260792291 0.05084745762711865 0.0021963711108249533 0.4491349480968858 0.042224866100203776 0.0016792120104556943
25 650.0 9750.0 30.0 0.12258601260792291 0.044684129429892146 0.0019133569907227382 0.44635488308115545 0.03811528509556494 0.0014909574064377795
250 650.0 9750.0 30.0 0.12258601260792291 0.046224961479198766 0.0019290193932244067 0.44089673913043476 0.038038274408554895 0.0015421488642668574
251 650.0 9750.0 30.0 0.12258601260792291 0.040061633281972264 0.0012067624740506914 0.42197659297789336 0.03231148823096248 0.0013588521347744167
252 650.0 9750.0 30.0 0.12258601260792291 0.04160246533127889 0.0016986018166156545 0.44119646498980286 0.03405879366032262 0.001403678105353481
253 650.0 9750.0 30.0 0.12258601260792291 0.04776579352850539 0.0020397541777557988 0.4361559139784946 0.03917000744612162 0.0015885084799027076
254 650.0 9750.0 30.0 0.12258601260792291 0.046224961479198766 0.002137178078143142 0.4451303155006859 0.038441364810782426 0.0015403346310243708
255 650.0 9750.0 30.0 0.12258601260792291 0.038520801232665644 0.0011880081946640652 0.4261326329612607 0.03187653562610202 0.001309950470277931
256 650.0 9750.0 30.0 0.12258601260792291 0.040061633281972264 0.0013249189919767815 0.4344042838018742 0.03385077098814978 0.001353527347878945
257 650.0 9750.0 30.0 0.12258601260792291 0.044684129429892146 0.0016043087366057233 0.43295530353569045 0.037023975325407604 0.001494060096906349
258 650.0 9750.0 30.0 0.12258601260792291 0.04314329738058552 0.0016474977437894497 0.436742934051144 0.03555037890737866 0.0014488153419256228
259 650.0 9750.0 30.0 0.12258601260792291 0.044684129429892146 0.0015933792878350505 0.43792172739541163 0.03789048090897629 0.0014909471072282765
26 650.0 9750.0 30.0 0.12258601260792291 0.052388289676425275 0.002573559456401205 0.451949860724234 0.04347367152573343 0.0017254491889981036
260 650.0 9750.0 30.0 0.12258601260792291 0.052388289676425275 0.0026665797278903614 0.4554385964912281 0.044144494436642125 0.0017233319603580785
261 650.0 9750.0 30.0 0.12258601260792291 0.046224961479198766 0.002244926047185067 0.44944598337950137 0.03871503137538847 0.0015401974679162757
262 650.0 9750.0 30.0 0.12258601260792291 0.046224961479198766 0.001696570849044807 0.4352783366867874 0.03846355427209943 0.001540100181377165
263 650.0 9750.0 30.0 0.12258601260792291 0.04160246533127889 0.0015748660805843732 0.43644922663080027 0.034788739160365456 0.0014011044897576648
264 650.0 9750.0 30.0 0.12258601260792291 0.052388289676425275 0.0027450404020148153 0.453529000698812 0.0427354515674877 0.001728084746571699
265 650.0 9750.0 30.0 0.12258601260792291 0.044684129429892146 0.0016631603563064242 0.43353373413493657 0.036427182033483094 0.0014961889586345965
266 650.0 9750.0 30.0 0.12258601260792291 0.04930662557781202 0.00216366658192597 0.44452054794520546 0.04089420109778707 0.0016324593641398456
267 650.0 9750.0 30.0 0.12258601260792291 0.038520801232665644 0.0014923584956286018 0.42951687624090007 0.03171629608595022 0.00130971905553971
268 650.0 9750.0 30.0 0.12258601260792291 0.04776579352850539 0.0022452514604611898 0.4500693481276006 0.04026686568001184 0.0015839649818999522
269 650.0 9750.0 30.0 0.12258601260792291 0.046224961479198766 0.0018207946100268304 0.439106901217862 0.03856069175925651 0.0015390450629589407
27 650.0 9750.0 30.0 0.12258601260792291 0.044684129429892146 0.0017867784254573423 0.44059742023082143 0.03733025675422936 0.0014929416339604308
270 650.0 9750.0 30.0 0.12258601260792291 0.05546995377503852 0.0030147964242299096 0.46960926193921854 0.04779134083979775 0.0018109947669670903
271 650.0 9750.0 30.0 0.12258601260792291 0.04776579352850539 0.002271153235783287 0.4500693481276006 0.03882918266600695 0.0015885637341256638
272 650.0 9750.0 30.0 0.12258601260792291 0.044684129429892146 0.001918591823841052 0.43970189701897017 0.03674099779385645 0.0014949991788188927
273 650.0 9750.0 30.0 0.12258601260792291 0.04776579352850539 0.00223935713433489 0.4420980926430518 0.03977708350141619 0.0015857216060845567
274 650.0 9750.0 30.0 0.12258601260792291 0.04930662557781202 0.0019521736671765247 0.4439124487004104 0.04104040807533274 0.0016322106009784005
275 650.0 9750.0 30.0 0.12258601260792291 0.04314329738058552 0.0017900809762538918 0.4427012278308322 0.03647124881060012 0.0014455677837363072
276 650.0 9750.0 30.0 0.12258601260792291 0.038520801232665644 0.0012359530759052286 0.427536231884058 0.03292084427476865 0.001305752018470001
277 650.0 9750.0 30.0 0.12258601260792291 0.040061633281972264 0.0011122243497564562 0.4241830065359477 0.03448283919161375 0.0013510608202920737
278 650.0 9750.0 30.0 0.12258601260792291 0.040061633281972264 0.0015229400326732365 0.43324432576769023 0.03400705359797217 0.0013528462875499075
279 650.0 9750.0 30.0 0.12258601260792291 0.044684129429892146 0.0018550832602971168 0.44452054794520546 0.03781884314462376 0.00149133612518982
28 650.0 9750.0 30.0 0.12258601260792291 0.044684129429892146 0.001958779435485503 0.44179714091218514 0.03792826879054366 0.0014916961046678918
280 650.0 9750.0 30.0 0.12258601260792291 0.04160246533127889 0.0012697520798964075 0.4258530183727034 0.034919585534398764 0.0014009915812036931
281 650.0 9750.0 30.0 0.12258601260792291 0.04776579352850539 0.0017935099519629785 0.4361559139784946 0.04002252058486063 0.0015857507849013513
282 650.0 9750.0 30.0 0.12258601260792291 0.05084745762711865 0.002383926578335834 0.45321229050279327 0.0429589832880118 0.0016763956493220443
283 650.0 9750.0 30.0 0.12258601260792291 0.046224961479198766 0.0017050169205651052 0.44635488308115545 0.04047990450958462 0.0015327193732452083
284 650.0 9750.0 30.0 0.12258601260792291 0.04930662557781202 0.002067488830804019 0.44179714091218514 0.04259030821304406 0.0016270137441900937
285 650.0 9750.0 30.0 0.12258601260792291 0.052388289676425275 0.0025430930217262447 0.4522648083623693 0.04392242967094644 0.0017225918568191541
286 650.0 9750.0 30.0 0.12258601260792291 0.05084745762711865 0.0025161643328774743 0.453529000698812 0.04296248679303233 0.001676617960411937
287 650.0 9750.0 30.0 0.12258601260792291 0.04314329738058552 0.001170596902745237 0.4303713527851459 0.037857554464985683 0.001440182552979609
288 650.0 9750.0 30.0 0.12258601260792291 0.058551617873651776 0.003092397776277498 0.4655667144906743 0.050724085311421224 0.0019027514011324327
289 650.0 9750.0 30.0 0.12258601260792291 0.040061633281972264 0.0013510648104039509 0.4352783366867874 0.0356733946159708 0.0013478546442290628
29 650.0 9750.0 30.0 0.12258601260792291 0.04930662557781202 0.002086305990950374 0.4522648083623693 0.041863339667814685 0.001629567396510316
290 650.0 9750.0 30.0 0.12258601260792291 0.060092449922958396 0.0031900980724221886 0.46859205776173285 0.0532111085041594 0.0019451780023949827
291 650.0 9750.0 30.0 0.12258601260792291 0.053929121725731895 0.002917297543741661 0.4642346208869814 0.04613712779973598 0.0017663845294945686
292 650.0 9750.0 30.0 0.12258601260792291 0.04776579352850539 0.002055474297165171 0.4427012278308322 0.03955020429692621 0.0015862101003565705
293 650.0 9750.0 30.0 0.12258601260792291 0.04930662557781202 0.0019249846850186228 0.4451303155006859 0.04344453487339987 0.001623785148985017
294 650.0 9750.0 30.0 0.12258601260792291 0.044684129429892146 0.001941284526612797 0.44 0.037068222194753066 0.0014938164717041569
295 650.0 9750.0 30.0 0.12258601260792291 0.04314329738058552 0.0016534561342929639 0.4388100067613252 0.03764381732384042 0.0014413989529680235
296 650.0 9750.0 30.0 0.12258601260792291 0.04314329738058552 0.001513422830155689 0.43498659517426275 0.03779806108917664 0.0014413870241073616
297 650.0 9750.0 30.0 0.12258601260792291 0.04776579352850539 0.002174591270243642 0.4451303155006859 0.040728731938754696 0.0015819663994216656
298 650.0 9750.0 30.0 0.12258601260792291 0.046224961479198766 0.0019759056615126893 0.45448179271708683 0.041115740385024156 0.0015311340072476924
299 650.0 9750.0 30.0 0.12258601260792291 0.052388289676425275 0.002071485563414028 0.44666207845836203 0.047130996236930504 0.0017128880890920867
3 650.0 9750.0 30.0 0.12258601260792291 0.046224961479198766 0.0020240103860338482 0.4472777394900069 0.038894036931385045 0.001538053593105903
30 650.0 9750.0 30.0 0.12258601260792291 0.04314329738058552 0.001877354954439168 0.4451303155006859 0.03586500013868984 0.0014473028211386112
300 650.0 9750.0 30.0 0.12258601260792291 0.04776579352850539 0.002157831801706078 0.44482522275531183 0.04049288669194866 0.0015840137309130085
301 650.0 9750.0 30.0 0.12258601260792291 0.04776579352850539 0.002052596624117845 0.4472777394900069 0.04177227540178543 0.0015788421989663482
302 650.0 9750.0 30.0 0.12258601260792291 0.04930662557781202 0.0019474201577834357 0.44300341296928325 0.043387324618981725 0.0016247285789403386
303 650.0 9750.0 30.0 0.12258601260792291 0.038520801232665644 0.00120229932210532 0.4303713527851459 0.03405203798036896 0.0013016384941348185
304 650.0 9750.0 30.0 0.12258601260792291 0.04160246533127889 0.0014430287857211091 0.43209054593874835 0.035418365642993124 0.0013987632511683304
305 650.0 9750.0 30.0 0.12258601260792291 0.044684129429892146 0.0017140548433255667 0.4475862068965517 0.03991946760676997 0.0014842628496468811
306 650.0 9750.0 30.0 0.12258601260792291 0.046224961479198766 0.0020273330736453416 0.44179714091218514 0.03857897040064399 0.0015393278933417296
307 650.0 9750.0 30.0 0.12258601260792291 0.040061633281972264 0.001623138339210718 0.44059742023082143 0.033227617513735715 0.0013552282723097797
308 650.0 9750.0 30.0 0.12258601260792291 0.053929121725731895 0.0028075672237596752 0.45448179271708683 0.044067818450547046 0.0017736322095572394
309 650.0 9750.0 30.0 0.12258601260792291 0.046224961479198766 0.0022637634515100123 0.4516353514265832 0.03959853195699349 0.0015359200119475962
31 650.0 9750.0 30.0 0.12258601260792291 0.046224961479198766 0.0019616164006042206 0.44543582704186685 0.038910366065267016 0.0015381686656023665
310 650.0 9750.0 30.0 0.12258601260792291 0.040061633281972264 0.0013593380441680985 0.42951687624090007 0.03468761223587691 0.001350009893696842
311 650.0 9750.0 30.0 0.12258601260792291 0.052388289676425275 0.002640544988580992 0.4560787069571328 0.04446203067150025 0.0017216635322507452
312 650.0 9750.0 30.0 0.12258601260792291 0.05701078582434515 0.0032115451509351235 0.4648997134670487 0.04950239624277418 0.001856070229277825
313 650.0 9750.0 30.0 0.12258601260792291 0.058551617873651776 0.0031714146730286055 0.45704225352112676 0.047564923796399275 0.001914051702329864
314 650.0 9750.0 30.0 0.12258601260792291 0.044684129429892146 0.0019342999976913746 0.4427012278308322 0.037395867556702746 0.0014923593013331888
315 650.0 9750.0 30.0 0.12258601260792291 0.046224961479198766 0.001851624073519534 0.43353373413493657 0.03757884487024586 0.0015426195860085597
316 650.0 9750.0 30.0 0.12258601260792291 0.044684129429892146 0.0019052345821645763 0.4414965986394558 0.03771074301286755 0.0014916067006267718
317 650.0 9750.0 30.0 0.12258601260792291 0.044684129429892146 0.0017481366500736392 0.439106901217862 0.038252141126252595 0.0014899717489239802
318 650.0 9750.0 30.0 0.12258601260792291 0.040061633281972264 0.0014120988212367477 0.42810026385224276 0.033374063286548884 0.001355045406419386
319 650.0 9750.0 30.0 0.12258601260792291 0.044684129429892146 0.0015490163297567758 0.43411371237458196 0.038510388326330865 0.0014885208980213857
32 650.0 9750.0 30.0 0.12258601260792291 0.04776579352850539 0.0019850471400766566 0.44330601092896177 0.04092529172872426 0.0015823118364465582
320 650.0 9750.0 30.0 0.12258601260792291 0.04776579352850539 0.0021056432776228 0.44482522275531183 0.040207700765608194 0.001584039953888242
321 650.0 9750.0 30.0 0.12258601260792291 0.040061633281972264 0.0015076486212060097 0.43498659517426275 0.033804478763023386 0.0013537081615636352
322 650.0 9750.0 30.0 0.12258601260792291 0.038520801232665644 0.0011537140958617683 0.4252948885976409 0.033191358777897084 0.001304440103087127
323 650.0 9750.0 30.0 0.12258601260792291 0.04160246533127889 0.0013639187604776652 0.42894910773298084 0.03541301720399891 0.0013977705948576519
324 650.0 9750.0 30.0 0.12258601260792291 0.044684129429892146 0.0013491888580004791 0.4338235294117647 0.03801400988708796 0.0014900891584497776
325 650.0 9750.0 30.0 0.12258601260792291 0.05084745762711865 0.0023960714626518123 0.4525801952580195 0.043144985781582865 0.0016752429852227653
326 650.0 9750.0 30.0 0.12258601260792291 0.04776579352850539 0.0019870046546522726 0.4427012278308322 0.04043523749570872 0.0015838565636598226
327 650.0 9750.0 30.0 0.12258601260792291 0.05084745762711865 0.0020792246740808647 0.4451303155006859 0.04287968080537197 0.0016761193781864884
328 650.0 9750.0 30.0 0.12258601260792291 0.044684129429892146 0.0014804411244551089 0.4309428950863214 0.03778925226367408 0.0014912716343095942
329 650.0 9750.0 30.0 0.12258601260792291 0.046224961479198766 0.0018743459395376156 0.4485141672425708 0.041352193892943714 0.00152962645920551
33 650.0 9750.0 30.0 0.12258601260792291 0.05084745762711865 0.0023305600235662242 0.4599574769666903 0.04360065650074915 0.001674184986351664
330 650.0 9750.0 30.0 0.12258601260792291 0.046224961479198766 0.002077222138756392 0.43762643290627107 0.03822856439996663 0.00154059019848015
331 650.0 9750.0 30.0 0.12258601260792291 0.04314329738058552 0.0017747597180581742 0.43821742066171504 0.035806141052529265 0.001447684755983703
332 650.0 9750.0 30.0 0.12258601260792291 0.05701078582434515 0.0028126481139771026 0.4629101283880171 0.0485857711579693 0.0018600819179829071
333 650.0 9750.0 30.0 0.12258601260792291 0.04314329738058552 0.001264492891122692 0.4252948885976409 0.036951893659364 0.0014431566326274124
334 650.0 9750.0 30.0 0.12258601260792291 0.044684129429892146 0.0016918912372888243 0.43703703703703706 0.038154937525921105 0.0014903347784907734
335 650.0 9750.0 30.0 0.12258601260792291 0.04776579352850539 0.0019794351976438283 0.44820441988950277 0.04074388100891719 0.0015823635552768968
336 650.0 9750.0 30.0 0.12258601260792291 0.05084745762711865 0.0022033371498806137 0.44059742023082143 0.04225072870331345 0.0016785491433687198
337 650.0 9750.0 30.0 0.12258601260792291 0.04776579352850539 0.002240616103331108 0.45575842696629215 0.04107892796069367 0.0015813272714822924
338 650.0 9750.0 30.0 0.12258601260792291 0.053929121725731895 0.0028198784149690227 0.4560787069571328 0.04547289755105976 0.0017691226214251558
339 650.0 9750.0 30.0 0.12258601260792291 0.052388289676425275 0.002792258030814981 0.4655667144906743 0.044518812339202816 0.0017209807869530262
34 650.0 9750.0 30.0 0.12258601260792291 0.044684129429892146 0.0016558333676861554 0.43762643290627107 0.03756897311697877 0.001492986025032938
340 650.0 9750.0 30.0 0.12258601260792291 0.038520801232665644 0.0015204454416890066 0.4303713527851459 0.032814714497875264 0.0013069116551792707
341 650.0 9750.0 30.0 0.12258601260792291 0.05084745762711865 0.00247399638880305 0.458981612446959 0.04451271437340355 0.0016708481200385654
342 650.0 9750.0 30.0 0.12258601260792291 0.04160246533127889 0.0014813929847490898 0.42980132450331127 0.03610601879357007 0.0013957927977479322
343 650.0 9750.0 30.0 0.12258601260792291 0.05546995377503852 0.002568338128758117 0.4560787069571328 0.047852893775148043 0.0018107154813634986
344 650.0 9750.0 30.0 0.12258601260792291 0.04930662557781202 0.0022947679886635465 0.451949860724234 0.04283584803948993 0.0016262007814713255
345 650.0 9750.0 30.0 0.12258601260792291 0.04776579352850539 0.0022243399003950945 0.4485141672425708 0.04071374095025739 0.001581980842340448
346 650.0 9750.0 30.0 0.12258601260792291 0.040061633281972264 0.0013543786967697845 0.43411371237458196 0.034760977103705126 0.0013500181320435138
347 650.0 9750.0 30.0 0.12258601260792291 0.03697996918335902 0.0013294091832140636 0.4318030605455755 0.031584342888873254 0.0012602017058002415
348 650.0 9750.0 30.0 0.12258601260792291 0.044684129429892146 0.0018199146858775463 0.4478951000690131 0.03974541594492983 0.0014839114228451804
349 650.0 9750.0 30.0 0.12258601260792291 0.046224961479198766 0.0016792209643948183 0.4427012278308322 0.04086755874795539 0.001531471531684694
35 650.0 9750.0 30.0 0.12258601260792291 0.04160246533127889 0.0013992563213917162 0.424738219895288 0.03380351159521389 0.0014043557176468785
350 650.0 9750.0 30.0 0.12258601260792291 0.046224961479198766 0.00205396598639841 0.4491349480968858 0.03974587004684292 0.0015362351406246312
351 650.0 9750.0 30.0 0.12258601260792291 0.04776579352850539 0.0020898739771383202 0.45038167938931295 0.04077282055478584 0.0015825941786597407
352 650.0 9750.0 30.0 0.12258601260792291 0.04160246533127889 0.0009750059763929016 0.4217024041585445 0.03569602717614511 0.0013980942106833825
353 650.0 9750.0 30.0 0.12258601260792291 0.046224961479198766 0.0016789442727789294 0.44635488308115545 0.040837829845443374 0.0015316969119492036
354 650.0 9750.0 30.0 0.12258601260792291 0.052388289676425275 0.0024890961980093035 0.45768688293370946 0.04472207478469342 0.001720605589609109
355 650.0 9750.0 30.0 0.12258601260792291 0.044684129429892146 0.001716996552165643 0.44029850746268656 0.03790685559119735 0.001490775619031401
356 650.0 9750.0 30.0 0.12258601260792291 0.052388289676425275 0.002375725906893063 0.45038167938931295 0.044776967579346655 0.0017205518893140298
357 650.0 9750.0 30.0 0.12258601260792291 0.05701078582434515 0.002931239876904891 0.4629101283880171 0.04862328759526657 0.001858901331444467
358 650.0 9750.0 30.0 0.12258601260792291 0.052388289676425275 0.0025327879884620543 0.4510076441973593 0.04490235853913387 0.001719838527505335
359 650.0 9750.0 30.0 0.12258601260792291 0.044684129429892146 0.001709124400941426 0.44330601092896177 0.03860369829725179 0.0014890951040991184
36 650.0 9750.0 30.0 0.12258601260792291 0.046224961479198766 0.001896326644771137 0.4439124487004104 0.039272807020801666 0.0015366218771178711
360 650.0 9750.0 30.0 0.12258601260792291 0.05546995377503852 0.0032316672576143605 0.458981612446959 0.046278835073277014 0.0018180707354505765
361 650.0 9750.0 30.0 0.12258601260792291 0.04160246533127889 0.001820312325630996 0.44421629021218345 0.0347071063982317 0.0014009226803335904
362 650.0 9750.0 30.0 0.12258601260792291 0.04776579352850539 0.0019130344898260821 0.44604810996563576 0.04150691300564984 0.0015802110268705702
363 650.0 9750.0 30.0 0.12258601260792291 0.04160246533127889 0.001570448099280141 0.4355704697986577 0.03477454061424272 0.0014001250664517255
364 650.0 9750.0 30.0 0.12258601260792291 0.05084745762711865 0.002321156456658612 0.4554385964912281 0.043137383174185424 0.0016751570738165874
365 650.0 9750.0 30.0 0.12258601260792291 0.040061633281972264 0.0014643209984607749 0.4355704697986577 0.034602946558248915 0.0013512692249066844
366 650.0 9750.0 30.0 0.12258601260792291 0.04776579352850539 0.0020866118923054465 0.4488243430152144 0.04190309174917718 0.001578749534794731
367 650.0 9750.0 30.0 0.12258601260792291 0.044684129429892146 0.0015790436246150958 0.43851351351351353 0.03867687164390339 0.0014890894573051676
368 650.0 9750.0 30.0 0.12258601260792291 0.04314329738058552 0.0016033665805348068 0.44360902255639095 0.03743402749173574 0.0014423887011677516
369 650.0 9750.0 30.0 0.12258601260792291 0.046224961479198766 0.001748530841152175 0.4388100067613252 0.03982622351993431 0.00153559334307833
37 650.0 9750.0 30.0 0.12258601260792291 0.05084745762711865 0.0021497602124584143 0.4510076441973593 0.04341089041433354 0.0016744055668068787
370 650.0 9750.0 30.0 0.12258601260792291 0.04776579352850539 0.00202029426417268 0.44452054794520546 0.0413284218794873 0.0015811166185922426
371 650.0 9750.0 30.0 0.12258601260792291 0.05546995377503852 0.002832831429041549 0.4632405424696645 0.04857012134519795 0.0018087956043733185
372 650.0 9750.0 30.0 0.12258601260792291 0.05701078582434515 0.0030753715657469895 0.45930644019815997 0.04736870691036426 0.0018639684868064347
373 650.0 9750.0 30.0 0.12258601260792291 0.044684129429892146 0.0017710486884577972 0.4361559139784946 0.03622713141758621 0.0014978984334776697
374 650.0 9750.0 30.0 0.12258601260792291 0.03543913713405239 0.0012385072652046569 0.42501637197118536 0.028796515213555047 0.001218979717073623
375 650.0 9750.0 30.0 0.12258601260792291 0.046224961479198766 0.0018671043033594294 0.4420980926430518 0.03824841885314702 0.0015414722084954274
376 650.0 9750.0 30.0 0.12258601260792291 0.04930662557781202 0.0017506838330053642 0.4451303155006859 0.04162981029643112 0.0016317278147662813
377 650.0 9750.0 30.0 0.12258601260792291 0.040061633281972264 0.001431235740589364 0.43295530353569045 0.03329322574859446 0.0013551389618405513
378 650.0 9750.0 30.0 0.12258601260792291 0.038520801232665644 0.0014724801014122742 0.4315159574468085 0.032035833161163936 0.0013105212398418428
379 650.0 9750.0 30.0 0.12258601260792291 0.04160246533127889 0.0014838142021583905 0.43295530353569045 0.03522742570424057 0.0013993064948719428
38 650.0 9750.0 30.0 0.12258601260792291 0.04160246533127889 0.001692897437584259 0.44452054794520546 0.03653358410617976 0.0013952855219952006
380 650.0 9750.0 30.0 0.12258601260792291 0.046224961479198766 0.001763233937183738 0.4344042838018742 0.038195814121340065 0.0015415541107149213
381 650.0 9750.0 30.0 0.12258601260792291 0.04776579352850539 0.002332491298548968 0.44604810996563576 0.03823465426949978 0.0015940804848985851
382 650.0 9750.0 30.0 0.12258601260792291 0.05546995377503852 0.0031319200765424935 0.4652329749103943 0.047453133115986985 0.0018127520390455267
383 650.0 9750.0 30.0 0.12258601260792291 0.04776579352850539 0.0022742974179762333 0.44452054794520546 0.038982115078566866 0.0015909824135604883
384 650.0 9750.0 30.0 0.12258601260792291 0.044684129429892146 0.002010529234979285 0.4478951000690131 0.03823030584893441 0.0014913188425268167
385 650.0 9750.0 30.0 0.12258601260792291 0.04314329738058552 0.0019702157038018002 0.44820441988950277 0.036157411624924904 0.001447516318428032
386 650.0 9750.0 30.0 0.12258601260792291 0.04160246533127889 0.0015629461441062956 0.43703703703703706 0.03472332714129207 0.001402481978448806
387 650.0 9750.0 30.0 0.12258601260792291 0.040061633281972264 0.001339137179070365 0.4255737704918033 0.0325523736479038 0.0013583516514564442
388 650.0 9750.0 30.0 0.12258601260792291 0.04776579352850539 0.0021794061924361474 0.44119646498980286 0.039618662311589864 0.0015871087498908827
389 650.0 9750.0 30.0 0.12258601260792291 0.05084745762711865 0.0024210977009889206 0.4472777394900069 0.041703231936707226 0.00168226954111303
39 650.0 9750.0 30.0 0.12258601260792291 0.04314329738058552 0.001741220084151359 0.4478951000690131 0.03693961272305622 0.001443540236139745
390 650.0 9750.0 30.0 0.12258601260792291 0.046224961479198766 0.002139410728814603 0.44696969696969696 0.038805849910392265 0.0015392632781195997
391 650.0 9750.0 30.0 0.12258601260792291 0.04930662557781202 0.002016023196037721 0.44543582704186685 0.04127830007687925 0.0016325105347253883
392 650.0 9750.0 30.0 0.12258601260792291 0.04314329738058552 0.0018548015108742612 0.44482522275531183 0.036246110406931355 0.0014465994422035015
393 650.0 9750.0 30.0 0.12258601260792291 0.03389830508474576 0.0011100955166547758 0.42088197146562906 0.027542701769575878 0.0011728750482932417
394 650.0 9750.0 30.0 0.12258601260792291 0.030816640986132512 0.0008284485400306328 0.4139030612244898 0.025640097180635545 0.0010785301270792868
395 650.0 9750.0 30.0 0.12258601260792291 0.044684129429892146 0.0016703101708285663 0.4338235294117647 0.03670734437887866 0.0014968417414483021
396 650.0 9750.0 30.0 0.12258601260792291 0.04930662557781202 0.0025231402267296274 0.45768688293370946 0.04236084951161539 0.0016283383053869965
397 650.0 9750.0 30.0 0.12258601260792291 0.053929121725731895 0.0028486144978527145 0.4615931721194879 0.04500360266758373 0.0017720152419400006
398 650.0 9750.0 30.0 0.12258601260792291 0.044684129429892146 0.0016694342554067784 0.43324432576769023 0.03743851363310256 0.0014946753088693715
399 650.0 9750.0 30.0 0.12258601260792291 0.05546995377503852 0.002795992273691552 0.45511921458625526 0.04666581935300091 0.0018165586495610922
4 650.0 9750.0 30.0 0.12258601260792291 0.04930662557781202 0.002372797685736253 0.4500693481276006 0.04153562727030923 0.00163019346031322
40 650.0 9750.0 30.0 0.12258601260792291 0.03697996918335902 0.001307622055261832 0.4258530183727034 0.0303801863153586 0.0012638805583887543
400 650.0 9750.0 30.0 0.12258601260792291 0.040061633281972264 0.0014010126277329016 0.42894910773298084 0.03382799453104243 0.0013544463006548448
401 650.0 9750.0 30.0 0.12258601260792291 0.046224961479198766 0.002007904420316695 0.44300341296928325 0.038785095536820406 0.0015398653797296553
402 650.0 9750.0 30.0 0.12258601260792291 0.044684129429892146 0.0015251803076513349 0.42951687624090007 0.03738607583941472 0.0014937190169098079
403 650.0 9750.0 30.0 0.12258601260792291 0.040061633281972264 0.0013325587761583981 0.4338235294117647 0.03485018091162907 0.0013512572060404905
404 650.0 9750.0 30.0 0.12258601260792291 0.03697996918335902 0.0012367673482203791 0.4258530183727034 0.03167843164673226 0.0012602527094557536
405 650.0 9750.0 30.0 0.12258601260792291 0.040061633281972264 0.001391629391471049 0.4252948885976409 0.03313590537283215 0.0013570721860033572
406 650.0 9750.0 30.0 0.12258601260792291 0.05084745762711865 0.0022641292132832298 0.451949860724234 0.043075699153578804 0.0016767728231915115
407 650.0 9750.0 30.0 0.12258601260792291 0.040061633281972264 0.0014519667129561566 0.434695244474213 0.03519892118010058 0.0013490173620389224
408 650.0 9750.0 30.0 0.12258601260792291 0.038520801232665644 0.0013269355463262824 0.4318030605455755 0.03305092053864786 0.0013061028985838757
409 650.0 9750.0 30.0 0.12258601260792291 0.04314329738058552 0.0015947524445404536 0.43498659517426275 0.0369218716230824 0.0014455805710769628
41 650.0 9750.0 30.0 0.12258601260792291 0.03389830508474576 0.0010298596105284348 0.42197659297789336 0.029055404772046173 0.0011674807887213133
410 650.0 9750.0 30.0 0.12258601260792291 0.052388289676425275 0.002635361948002789 0.45704225352112676 0.04488397315485803 0.0017210245208500088
411 650.0 9750.0 30.0 0.12258601260792291 0.060092449922958396 0.002574192948525777 0.451949860724234 0.05114178411088606 0.0019530804346841115
412 650.0 9750.0 30.0 0.12258601260792291 0.053929121725731895 0.002824068557261488 0.4573643410852713 0.04514775279201205 0.0017710314909208692
413 650.0 9750.0 30.0 0.12258601260792291 0.044684129429892146 0.0016464668286405837 0.43970189701897017 0.03953847888632779 0.0014860012593076112
414 650.0 9750.0 30.0 0.12258601260792291 0.044684129429892146 0.0018434791339830853 0.44119646498980286 0.038528880091395226 0.0014902491239366356
415 650.0 9750.0 30.0 0.12258601260792291 0.04930662557781202 0.0017963644863190297 0.44239945466939334 0.04352117389934544 0.001625502301299145
416 650.0 9750.0 30.0 0.12258601260792291 0.04930662557781202 0.002312756695975612 0.4528960223307746 0.04248235722520976 0.0016286175607084317
417 650.0 9750.0 30.0 0.12258601260792291 0.044684129429892146 0.0019225771924204467 0.4427012278308322 0.038064792279489036 0.0014915934807795085
418 650.0 9750.0 30.0 0.12258601260792291 0.04160246533127889 0.001341941335091748 0.4338235294117647 0.03701520658738968 0.0013938745578926048
419 650.0 9750.0 30.0 0.12258601260792291 0.04776579352850539 0.0020818526382022137 0.44421629021218345 0.04070733150215628 0.001584028633570116
42 650.0 9750.0 30.0 0.12258601260792291 0.046224961479198766 0.0023147932617772486 0.4472777394900069 0.037210015673562906 0.0015446915623687973
420 650.0 9750.0 30.0 0.12258601260792291 0.04160246533127889 0.00137785930775743 0.43498659517426275 0.036621822439004276 0.0013950874060299342
421 650.0 9750.0 30.0 0.12258601260792291 0.053929121725731895 0.0026727993148170366 0.4528960223307746 0.04741941555689257 0.00176231082577672
422 650.0 9750.0 30.0 0.12258601260792291 0.053929121725731895 0.0023222529034577816 0.44944598337950137 0.04612474379962843 0.0017680011605952011
423 650.0 9750.0 30.0 0.12258601260792291 0.061633281972265024 0.0038121072734972282 0.46690647482014386 0.05305390896328621 0.001996831870716667
424 650.0 9750.0 30.0 0.12258601260792291 0.053929121725731895 0.0025535720144914675 0.45069444444444445 0.04686539514868976 0.0017649540033430819
425 650.0 9750.0 30.0 0.12258601260792291 0.044684129429892146 0.0015610079305320582 0.43821742066171504 0.039399572142672756 0.0014875210203472702
426 650.0 9750.0 30.0 0.12258601260792291 0.052388289676425275 0.0023780823082028427 0.453529000698812 0.04587955852796093 0.0017180605336058847
427 650.0 9750.0 30.0 0.12258601260792291 0.044684129429892146 0.0019823964669021996 0.44119646498980286 0.037623952791559875 0.001493083219277322
428 650.0 9750.0 30.0 0.12258601260792291 0.046224961479198766 0.0015658922745460338 0.4427012278308322 0.041722839928452556 0.0015290472509062085
429 650.0 9750.0 30.0 0.12258601260792291 0.038520801232665644 0.001148350902244676 0.42142857142857143 0.03376627854086066 0.0013025252352170192
43 650.0 9750.0 30.0 0.12258601260792291 0.046224961479198766 0.0018271244437655103 0.43644922663080027 0.03781148211865444 0.0015421360560675126
430 650.0 9750.0 30.0 0.12258601260792291 0.06317411402157165 0.003973285698565961 0.4709724238026125 0.05442396245446817 0.002042804997509925
431 650.0 9750.0 30.0 0.12258601260792291 0.04160246533127889 0.001552803990664767 0.436742934051144 0.03644097685695901 0.0013958101123121135
432 650.0 9750.0 30.0 0.12258601260792291 0.04776579352850539 0.0017815757986274965 0.43851351351351353 0.04072058015559566 0.0015824703465289803
433 650.0 9750.0 30.0 0.12258601260792291 0.046224961479198766 0.001842806615987964 0.4439124487004104 0.04118179425436841 0.0015303257170311288
434 650.0 9750.0 30.0 0.12258601260792291 0.040061633281972264 0.001688134191775888 0.43821742066171504 0.03449766589615681 0.0013524322107066953
435 650.0 9750.0 30.0 0.12258601260792291 0.05084745762711865 0.0021750796977599274 0.44944598337950137 0.043454500006662046 0.0016748740425654293
436 650.0 9750.0 30.0 0.12258601260792291 0.05546995377503852 0.0029613491023757505 0.4619217081850534 0.048109177164004195 0.0018107121551268388
437 650.0 9750.0 30.0 0.12258601260792291 0.044684129429892146 0.0017560750781848388 0.44179714091218514 0.039139909594408676 0.001486577002084221
438 650.0 9750.0 30.0 0.12258601260792291 0.04930662557781202 0.0021935728222785642 0.4475862068965517 0.042492821560394224 0.0016271879992498408
439 650.0 9750.0 30.0 0.12258601260792291 0.04930662557781202 0.001925198994742988 0.4475862068965517 0.04302041271006668 0.001625172406499773
44 650.0 9750.0 30.0 0.12258601260792291 0.046224961479198766 0.00222038642777304 0.4478951000690131 0.03843293196050638 0.0015402022607643564
440 650.0 9750.0 30.0 0.12258601260792291 0.04160246533127889 0.0015355865088834983 0.43411371237458196 0.035847103420779264 0.0013964415673500454
441 650.0 9750.0 30.0 0.12258601260792291 0.046224961479198766 0.0019022545474968525 0.4420980926430518 0.03984236747418634 0.0015355468178318795
442 650.0 9750.0 30.0 0.12258601260792291 0.040061633281972264 0.0014749607474984058 0.43266666666666664 0.0337647119316104 0.0013535700534999967
443 650.0 9750.0 30.0 0.12258601260792291 0.04930662557781202 0.002062416567386225 0.4451303155006859 0.04268048895014211 0.0016268815122944791
444 650.0 9750.0 30.0 0.12258601260792291 0.04930662557781202 0.0021351400899154386 0.44421629021218345 0.041727326240566805 0.001630450911964698
445 650.0 9750.0 30.0 0.12258601260792291 0.04160246533127889 0.0014946470732601451 0.4309428950863214 0.03562539918127593 0.0013974946052212013
446 650.0 9750.0 30.0 0.12258601260792291 0.04160246533127889 0.0014718957860122442 0.4312292358803987 0.03574287929842245 0.0013974280955465976
447 650.0 9750.0 30.0 0.12258601260792291 0.052388289676425275 0.0024089017258299697 0.45038167938931295 0.04611547471808731 0.0017159826036621233
448 650.0 9750.0 30.0 0.12258601260792291 0.04930662557781202 0.0018374843129925309 0.44179714091218514 0.04236315049794813 0.00162800590923372
449 650.0 9750.0 30.0 0.12258601260792291 0.04776579352850539 0.0024105045316095107 0.45069444444444445 0.03931874929433303 0.0015875981662014688
45 650.0 9750.0 30.0 0.12258601260792291 0.05546995377503852 0.002632503870096311 0.45575842696629215 0.04752872314415543 0.0018128124410736138
450 650.0 9750.0 30.0 0.12258601260792291 0.044684129429892146 0.001855535491905088 0.4388100067613252 0.03840051596435156 0.001490342352233334
451 650.0 9750.0 30.0 0.12258601260792291 0.046224961479198766 0.0017453195533581234 0.4427012278308322 0.040835205330415965 0.0015316168775753028
452 650.0 9750.0 30.0 0.12258601260792291 0.038520801232665644 0.0009411761875162727 0.4225260416666667 0.034698342669442085 0.0012994159223961035
453 650.0 9750.0 30.0 0.12258601260792291 0.044684129429892146 0.0019188324568459978 0.44330601092896177 0.03836897101741741 0.001489598547220571
454 650.0 9750.0 30.0 0.12258601260792291 0.044684129429892146 0.001944207213641189 0.44239945466939334 0.03759730794520109 0.0014924692747808996
455 650.0 9750.0 30.0 0.12258601260792291 0.044684129429892146 0.0015191502088427475 0.4309428950863214 0.03812649742048937 0.001490685906435865
456 650.0 9750.0 30.0 0.12258601260792291 0.05701078582434515 0.0032489020542251393 0.46061036195883603 0.04863702351298714 0.0018601368141421709
457 650.0 9750.0 30.0 0.12258601260792291 0.04776579352850539 0.0017035649353591374 0.44089673913043476 0.042356515282540905 0.0015779859028118748
458 650.0 9750.0 30.0 0.12258601260792291 0.053929121725731895 0.0025600457731824126 0.45511921458625526 0.046746788423042314 0.0017652552218202864
459 650.0 9750.0 30.0 0.12258601260792291 0.05084745762711865 0.002398297616581576 0.4522648083623693 0.0437982216305228 0.0016733425615634654
46 650.0 9750.0 30.0 0.12258601260792291 0.044684129429892146 0.0016136392907441118 0.43703703703703706 0.03698083878877196 0.0014947002913387095
460 650.0 9750.0 30.0 0.12258601260792291 0.038520801232665644 0.0012965204412716592 0.4312292358803987 0.03320295525469013 0.001306218625401292
461 650.0 9750.0 30.0 0.12258601260792291 0.04776579352850539 0.0021272753824117347 0.44179714091218514 0.04087489565431555 0.0015823996366131736
462 650.0 9750.0 30.0 0.12258601260792291 0.05701078582434515 0.002751527149225916 0.4580098800282287 0.05008314587561307 0.0018554678562429094
463 650.0 9750.0 30.0 0.12258601260792291 0.04930662557781202 0.0021945758077664616 0.44696969696969696 0.04267925430654008 0.001626507996439101
464 650.0 9750.0 30.0 0.12258601260792291 0.04930662557781202 0.0023239033968590807 0.458981612446959 0.04327436962094985 0.0016244537067382145
465 650.0 9750.0 30.0 0.12258601260792291 0.060092449922958396 0.0030693926701400543 0.46623563218390807 0.052600960464338965 0.001947156712714804
466 650.0 9750.0 30.0 0.12258601260792291 0.038520801232665644 0.0012048302428904558 0.4261326329612607 0.033443324887782795 0.001304752350724611
467 650.0 9750.0 30.0 0.12258601260792291 0.05546995377503852 0.0028748880630723762 0.4609375 0.04799209189927415 0.0018109430432025186
468 650.0 9750.0 30.0 0.12258601260792291 0.044684129429892146 0.0019011745151140329 0.4472777394900069 0.03729691666043283 0.0014936669953304763
469 650.0 9750.0 30.0 0.12258601260792291 0.040061633281972264 0.0013705038230543618 0.4306569343065693 0.0343318200102008 0.0013516528922899074
47 650.0 9750.0 30.0 0.12258601260792291 0.04314329738058552 0.0019109571072263387 0.44452054794520546 0.03606071299428589 0.0014474113942994477
470 650.0 9750.0 30.0 0.12258601260792291 0.038520801232665644 0.00127915569483754 0.4338235294117647 0.03464677185778934 0.0013003863582394652
471 650.0 9750.0 30.0 0.12258601260792291 0.046224961479198766 0.001943967267190236 0.44239945466939334 0.03884669648441456 0.0015401646726112815
472 650.0 9750.0 30.0 0.12258601260792291 0.04930662557781202 0.0019561773273762575 0.44421629021218345 0.04201656511341564 0.0016293317103427754
473 650.0 9750.0 30.0 0.12258601260792291 0.046224961479198766 0.0019717916213834764 0.44574175824175827 0.039699622911788295 0.001536277306584813
474 650.0 9750.0 30.0 0.12258601260792291 0.05084745762711865 0.002528327078194816 0.45321229050279327 0.04350365642198629 0.0016750947579809421
475 650.0 9750.0 30.0 0.12258601260792291 0.053929121725731895 0.002798379307025972 0.45511921458625526 0.04540997876366231 0.0017698318486882602
476 650.0 9750.0 30.0 0.12258601260792291 0.04160246533127889 0.0018430847864754274 0.44604810996563576 0.03440399909513718 0.0014018825984124092
477 650.0 9750.0 30.0 0.12258601260792291 0.04776579352850539 0.0023304445944831317 0.4485141672425708 0.04030169927732851 0.0015836183801178371
478 650.0 9750.0 30.0 0.12258601260792291 0.04160246533127889 0.0013903991124260165 0.424738219895288 0.0353497677017496 0.001399256685319677
479 650.0 9750.0 30.0 0.12258601260792291 0.05084745762711865 0.0026354829549705386 0.45511921458625526 0.042617543281813164 0.0016766583241173082
48 650.0 9750.0 30.0 0.12258601260792291 0.04160246533127889 0.00120885521641042 0.42923280423280424 0.03507252569235006 0.0014002600808910035
480 650.0 9750.0 30.0 0.12258601260792291 0.046224961479198766 0.001826696783115166 0.44330601092896177 0.03965850169501991 0.001536800281231728
481 650.0 9750.0 30.0 0.12258601260792291 0.05084745762711865 0.0025124543627524747 0.4554385964912281 0.042469899355489824 0.0016778341938646362
482 650.0 9750.0 30.0 0.12258601260792291 0.03543913713405239 0.0013522176653484276 0.42894910773298084 0.028894806666049162 0.001218672650443189
483 650.0 9750.0 30.0 0.12258601260792291 0.044684129429892146 0.0019536331617750063 0.4475862068965517 0.03782438096076606 0.001491286453496448
484 650.0 9750.0 30.0 0.12258601260792291 0.052388289676425275 0.002370164937647942 0.45672061928219565 0.044424219446539306 0.001721953771669141
485 650.0 9750.0 30.0 0.12258601260792291 0.04160246533127889 0.0017866913690325892 0.43266666666666664 0.03363968469524855 0.0014044370778732917
486 650.0 9750.0 30.0 0.12258601260792291 0.046224961479198766 0.0016655237212200452 0.44 0.038970988823909126 0.0015378998458685064
487 650.0 9750.0 30.0 0.12258601260792291 0.04776579352850539 0.0021095656721941917 0.44604810996563576 0.039186610656230705 0.0015876958181681904
488 650.0 9750.0 30.0 0.12258601260792291 0.040061633281972264 0.0010945747967635619 0.42088197146562906 0.03326026657907417 0.0013547631037311107
489 650.0 9750.0 30.0 0.12258601260792291 0.046224961479198766 0.001989456872472153 0.44604810996563576 0.03847909584306506 0.0015400727749619709
49 650.0 9750.0 30.0 0.12258601260792291 0.05084745762711865 0.002277566334383674 0.44452054794520546 0.041908466611355 0.0016797305139386572
490 650.0 9750.0 30.0 0.12258601260792291 0.044684129429892146 0.0018785097706592666 0.44696969696969696 0.037745038485030996 0.001491186828133108
491 650.0 9750.0 30.0 0.12258601260792291 0.03543913713405239 0.0009404900604387016 0.41897998708844414 0.02943266405996303 0.0012168127991668254
492 650.0 9750.0 30.0 0.12258601260792291 0.04314329738058552 0.001711461660269273 0.44421629021218345 0.036916175482551015 0.0014444831207839738
493 650.0 9750.0 30.0 0.12258601260792291 0.046224961479198766 0.0018673034820630935 0.4361559139784946 0.03776838754380224 0.0015428914838256764
494 650.0 9750.0 30.0 0.12258601260792291 0.04160246533127889 0.00150045047573001 0.4352783366867874 0.03520608492495433 0.0013986144322690086
495 650.0 9750.0 30.0 0.12258601260792291 0.04930662557781202 0.002208255447732518 0.44574175824175827 0.04109051442205239 0.0016324621615672807
496 650.0 9750.0 30.0 0.12258601260792291 0.04930662557781202 0.0022763841261560845 0.4451303155006859 0.0402957415066959 0.0016351721739656455
497 650.0 9750.0 30.0 0.12258601260792291 0.040061633281972264 0.001635572530749188 0.43792172739541163 0.03366979965652031 0.001354133471090476
498 650.0 9750.0 30.0 0.12258601260792291 0.052388289676425275 0.002483950376344916 0.45511921458625526 0.04477429293942358 0.0017203966581246935
499 650.0 9750.0 30.0 0.12258601260792291 0.046224961479198766 0.0019588071896792063 0.44574175824175827 0.040263851797294734 0.0015337986102410923
5 650.0 9750.0 30.0 0.12258601260792291 0.03543913713405239 0.0009110551078039977 0.42142857142857143 0.029777171634441487 0.0012150803474097389
50 650.0 9750.0 30.0 0.12258601260792291 0.040061633281972264 0.0013583558726978924 0.42980132450331127 0.03269834121334533 0.0013577031182737242
500 650.0 9750.0 30.0 0.12258601260792291 0.052388289676425275 0.0020262309395820866 0.43703703703703706 0.043143956153534634 0.001726390318148527
501 650.0 9750.0 30.0 0.12258601260792291 0.052388289676425275 0.0025867530496521685 0.453529000698812 0.04290503386602649 0.0017278609003702405
502 650.0 9750.0 30.0 0.12258601260792291 0.046224961479198766 0.002007391604532777 0.4420980926430518 0.03839423942555331 0.0015403083590626193
503 650.0 9750.0 30.0 0.12258601260792291 0.053929121725731895 0.002867371371749979 0.45511921458625526 0.04467692816026049 0.0017725691978490066
504 650.0 9750.0 30.0 0.12258601260792291 0.04314329738058552 0.001719211256452204 0.43970189701897017 0.03712990885216147 0.0014428334119366711
505 650.0 9750.0 30.0 0.12258601260792291 0.04930662557781202 0.002342890207975418 0.4500693481276006 0.04214744389687783 0.0016284382592968226
506 650.0 9750.0 30.0 0.12258601260792291 0.05084745762711865 0.00239072089088495 0.4491349480968858 0.04260362810428787 0.0016772477275887104
507 650.0 9750.0 30.0 0.12258601260792291 0.04160246533127889 0.0013879864002861455 0.4318030605455755 0.03511136067981661 0.0013986844079897222
508 650.0 9750.0 30.0 0.12258601260792291 0.04160246533127889 0.0014700459224907829 0.43324432576769023 0.03580097726382678 0.0013963891737038374
509 650.0 9750.0 30.0 0.12258601260792291 0.04930662557781202 0.002629495377376344 0.45672061928219565 0.04146919045561411 0.0016312487004630097
51 650.0 9750.0 30.0 0.12258601260792291 0.046224961479198766 0.001994673170821417 0.43970189701897017 0.037509778666385385 0.0015440041669358626
510 650.0 9750.0 30.0 0.12258601260792291 0.05084745762711865 0.0023228752678394094 0.4488243430152144 0.043784679045562755 0.0016731372655094264
511 650.0 9750.0 30.0 0.12258601260792291 0.046224961479198766 0.002121721239870825 0.4491349480968858 0.03928142170695961 0.001536836281801757
512 650.0 9750.0 30.0 0.12258601260792291 0.044684129429892146 0.001488272606045252 0.428665785997358 0.03816602044788439 0.0014894980507064483
513 650.0 9750.0 30.0 0.12258601260792291 0.053929121725731895 0.002333679804413448 0.45448179271708683 0.04679883040587419 0.0017635791154280204
514 650.0 9750.0 30.0 0.12258601260792291 0.038520801232665644 0.0009468998995285442 0.41897998708844414 0.03318820740294391 0.0013039810055107469
515 650.0 9750.0 30.0 0.12258601260792291 0.04160246533127889 0.0014127612976899233 0.4361559139784946 0.036676641511378436 0.0013931557206180389
516 650.0 9750.0 30.0 0.12258601260792291 0.04314329738058552 0.001684093915996587 0.43209054593874835 0.035523487509862624 0.0014481315260817564
517 650.0 9750.0 30.0 0.12258601260792291 0.040061633281972264 0.0013814301941081446 0.43324432576769023 0.03403019328106588 0.0013520380998013428
518 650.0 9750.0 30.0 0.12258601260792291 0.05084745762711865 0.0024761110926857866 0.4475862068965517 0.04291597985729209 0.0016760195312933595
519 650.0 9750.0 30.0 0.12258601260792291 0.04776579352850539 0.001846115681686942 0.4344042838018742 0.03977104807528745 0.001585001432179225
52 650.0 9750.0 30.0 0.12258601260792291 0.04776579352850539 0.0022461318522506574 0.44482522275531183 0.0384455702862909 0.0015909424668244347
520 650.0 9750.0 30.0 0.12258601260792291 0.04930662557781202 0.002601312419634582 0.4475862068965517 0.0399024263145453 0.001635677793747519
521 650.0 9750.0 30.0 0.12258601260792291 0.044684129429892146 0.0019275794502322421 0.44239945466939334 0.03764052155275526 0.0014921581391457417
522 650.0 9750.0 30.0 0.12258601260792291 0.04314329738058552 0.0017820999274754873 0.44119646498980286 0.035478792356217585 0.0014487592440738106
523 650.0 9750.0 30.0 0.12258601260792291 0.053929121725731895 0.002755876260524262 0.4554385964912281 0.045787730035603554 0.001766823161984807
524 650.0 9750.0 30.0 0.12258601260792291 0.044684129429892146 0.001463085799793192 0.43644922663080027 0.038677379725699935 0.001487758060707685
525 650.0 9750.0 30.0 0.12258601260792291 0.046224961479198766 0.0016932006120549277 0.43703703703703706 0.039575452558142654 0.0015347377448429764
526 650.0 9750.0 30.0 0.12258601260792291 0.053929121725731895 0.0024436207729922805 0.44452054794520546 0.045052042613304415 0.0017692425899686185
527 650.0 9750.0 30.0 0.12258601260792291 0.04776579352850539 0.001910780771778644 0.4414965986394558 0.040888533847932625 0.001581407354687071
528 650.0 9750.0 30.0 0.12258601260792291 0.04314329738058552 0.0016057969475374839 0.42894910773298084 0.036162317277488046 0.001446185595529551
529 650.0 9750.0 30.0 0.12258601260792291 0.040061633281972264 0.0012553403597027534 0.4233529028049576 0.03419675237762268 0.0013507714830913358
53 650.0 9750.0 30.0 0.12258601260792291 0.04930662557781202 0.0021673826961274793 0.44421629021218345 0.04013740291067891 0.0016356090860738049
530 650.0 9750.0 30.0 0.12258601260792291 0.053929121725731895 0.002299674895142161 0.44482522275531183 0.04482836008956025 0.0017700057116744124
531 650.0 9750.0 30.0 0.12258601260792291 0.04776579352850539 0.001969011494389986 0.43762643290627107 0.04054898195473995 0.001582753844944973
532 650.0 9750.0 30.0 0.12258601260792291 0.04776579352850539 0.002130612356800589 0.4420980926430518 0.04096312243236214 0.001580821543333809
533 650.0 9750.0 30.0 0.12258601260792291 0.04776579352850539 0.002133124206632867 0.4414965986394558 0.040335202330262124 0.0015833759219638513
534 650.0 9750.0 30.0 0.12258601260792291 0.044684129429892146 0.001871557387868612 0.43733153638814015 0.03861035373012916 0.0014881019308528648
535 650.0 9750.0 30.0 0.12258601260792291 0.04160246533127889 0.001657581758714281 0.434695244474213 0.03454525426875745 0.001401764305827868
536 650.0 9750.0 30.0 0.12258601260792291 0.05084745762711865 0.002550076332419536 0.453529000698812 0.04349635719095205 0.0016732593683882317
537 650.0 9750.0 30.0 0.12258601260792291 0.04776579352850539 0.0019413965334120374 0.44360902255639095 0.04113351455413048 0.0015809669155247776
538 650.0 9750.0 30.0 0.12258601260792291 0.046224961479198766 0.0015758743911073322 0.43733153638814015 0.04104623830086037 0.0015300171043028847
539 650.0 9750.0 30.0 0.12258601260792291 0.04314329738058552 0.0014791940725800952 0.4344042838018742 0.037361314232245396 0.001442175762652806
54 650.0 9750.0 30.0 0.12258601260792291 0.04776579352850539 0.002126975977558327 0.45069444444444445 0.040352597813130824 0.0015834989814192887
540 650.0 9750.0 30.0 0.12258601260792291 0.052388289676425275 0.00240208821981095 0.4485141672425708 0.04424243625550285 0.0017222376083325872
541 650.0 9750.0 30.0 0.12258601260792291 0.044684129429892146 0.0014279842006026167 0.43266666666666664 0.038961427305150446 0.0014864620933123691
542 650.0 9750.0 30.0 0.12258601260792291 0.046224961479198766 0.0019112713428447439 0.44179714091218514 0.03880819918882685 0.0015383989703613588
543 650.0 9750.0 30.0 0.12258601260792291 0.04776579352850539 0.002071272401944452 0.44360902255639095 0.040330664790135105 0.0015834993410021726
544 650.0 9750.0 30.0 0.12258601260792291 0.04776579352850539 0.002017041845709401 0.43792172739541163 0.039829625070341705 0.0015858687516739013
545 650.0 9750.0 30.0 0.12258601260792291 0.04930662557781202 0.002229564961794672 0.4439124487004104 0.0423194381829316 0.001626737695783774
546 650.0 9750.0 30.0 0.12258601260792291 0.05084745762711865 0.0020279822474370372 0.43940419769803657 0.04324846442413025 0.0016751096665182656
547 650.0 9750.0 30.0 0.12258601260792291 0.04776579352850539 0.0018956698913371287 0.4388100067613252 0.04100414450551073 0.001581609603973
548 650.0 9750.0 30.0 0.12258601260792291 0.03389830508474576 0.000772356408041108 0.4118020304568528 0.028617896860321016 0.0011692578517870562
549 650.0 9750.0 30.0 0.12258601260792291 0.05084745762711865 0.0026190986239791464 0.45639943741209565 0.04359913113705909 0.0016740861018757778
55 650.0 9750.0 30.0 0.12258601260792291 0.046224961479198766 0.0018859896749465054 0.439106901217862 0.03721789461147918 0.0015452671045555802
550 650.0 9750.0 30.0 0.12258601260792291 0.04776579352850539 0.0018904100072254571 0.43851351351351353 0.04127328244734916 0.0015806323340366198
551 650.0 9750.0 30.0 0.12258601260792291 0.046224961479198766 0.0019685913786030964 0.44179714091218514 0.03964481531755049 0.001535997821294368
552 650.0 9750.0 30.0 0.12258601260792291 0.03697996918335902 0.0010927214269024917 0.4239059438275637 0.03239054287303043 0.0012570520953729672
553 650.0 9750.0 30.0 0.12258601260792291 0.04776579352850539 0.0016155194778589479 0.44 0.04214305727731993 0.0015779541834421915
554 650.0 9750.0 30.0 0.12258601260792291 0.05546995377503852 0.003002954832996279 0.4516353514265832 0.045773891330945574 0.0018194614719951054
555 650.0 9750.0 30.0 0.12258601260792291 0.046224961479198766 0.00203187171211897 0.44421629021218345 0.039718996943324404 0.0015362659573007853
556 650.0 9750.0 30.0 0.12258601260792291 0.04776579352850539 0.0017537019845207348 0.4388100067613252 0.041529182017146234 0.0015798325876018016
557 650.0 9750.0 30.0 0.12258601260792291 0.044684129429892146 0.0019720629712905256 0.44635488308115545 0.03871380300083467 0.0014881861868408191
558 650.0 9750.0 30.0 0.12258601260792291 0.05084745762711865 0.002233380062358646 0.4478951000690131 0.04362167049625956 0.0016729176222265649
559 650.0 9750.0 30.0 0.12258601260792291 0.03543913713405239 0.0010780620929744197 0.42088197146562906 0.029831400794021322 0.0012157028965490285
56 650.0 9750.0 30.0 0.12258601260792291 0.05701078582434515 0.003142588427000911 0.4560787069571328 0.045981201548478616 0.0018707670940044168
560 650.0 9750.0 30.0 0.12258601260792291 0.04314329738058552 0.0013228922403948553 0.4244604316546763 0.03712052190962304 0.0014437922881903888
561 650.0 9750.0 30.0 0.12258601260792291 0.044684129429892146 0.0017904012863543192 0.4358629952988583 0.03763013134819626 0.0014928738823300927
562 650.0 9750.0 30.0 0.12258601260792291 0.052388289676425275 0.0022823413042899095 0.451949860724234 0.04622166659627587 0.0017154272060402858
563 650.0 9750.0 30.0 0.12258601260792291 0.05701078582434515 0.003167466228187204 0.4639027877055039 0.04793951613606803 0.0018617483304850624
564 650.0 9750.0 30.0 0.12258601260792291 0.03543913713405239 0.0009754821394511372 0.4225260416666667 0.030758996086686547 0.0012119079755299345
565 650.0 9750.0 30.0 0.12258601260792291 0.04930662557781202 0.0017991373358187696 0.43970189701897017 0.04139298132688464 0.0016312723072915997
566 650.0 9750.0 30.0 0.12258601260792291 0.052388289676425275 0.002465622967217841 0.45768688293370946 0.045110714104451236 0.001719737190871453
567 650.0 9750.0 30.0 0.12258601260792291 0.05546995377503852 0.003305688518519588 0.46724262059035276 0.04717681036545422 0.0018131953475969266
568 650.0 9750.0 30.0 0.12258601260792291 0.046224961479198766 0.0019140243659443688 0.44635488308115545 0.04026242547227034 0.001532913869265468
569 650.0 9750.0 30.0 0.12258601260792291 0.052388289676425275 0.002507793934509958 0.45768688293370946 0.04520431863583981 0.0017192608390374283
57 650.0 9750.0 30.0 0.12258601260792291 0.04314329738058552 0.0016991953378376512 0.44089673913043476 0.03631294926695357 0.0014458840197696032
570 650.0 9750.0 30.0 0.12258601260792291 0.04776579352850539 0.0021633574149280293 0.4478951000690131 0.04056834891071855 0.0015836509710237725
571 650.0 9750.0 30.0 0.12258601260792291 0.044684129429892146 0.0016441179883581035 0.44059742023082143 0.03792250789915105 0.0014908844319228508
572 650.0 9750.0 30.0 0.12258601260792291 0.04160246533127889 0.0017039544370880614 0.44421629021218345 0.03563198912870883 0.0013975193514498547
573 650.0 9750.0 30.0 0.12258601260792291 0.05084745762711865 0.0023542063337932398 0.45321229050279327 0.04397944872356892 0.0016723996185613998
574 650.0 9750.0 30.0 0.12258601260792291 0.04776579352850539 0.002217675412668173 0.44666207845836203 0.038967419849064995 0.0015895757503773958
575 650.0 9750.0 30.0 0.12258601260792291 0.05084745762711865 0.0022216786278759777 0.45384615384615384 0.043891134271057695 0.0016731934261482425
576 650.0 9750.0 30.0 0.12258601260792291 0.04776579352850539 0.0020154330462275705 0.45069444444444445 0.04074397804174523 0.0015820321022744555
577 650.0 9750.0 30.0 0.12258601260792291 0.044684129429892146 0.0016569257539980587 0.43851351351351353 0.03841976759824004 0.0014892042465797068
578 650.0 9750.0 30.0 0.12258601260792291 0.04930662557781202 0.0021918159990104388 0.4525801952580195 0.04227110021605949 0.001628405073448498
579 650.0 9750.0 30.0 0.12258601260792291 0.046224961479198766 0.0019665125585654405 0.44666207845836203 0.0395267082725125 0.0015353450056189953
58 650.0 9750.0 30.0 0.12258601260792291 0.040061633281972264 0.001312428193167032 0.4261326329612607 0.03292760663012793 0.0013571213071507005
580 650.0 9750.0 30.0 0.12258601260792291 0.046224961479198766 0.0020362993670849246 0.451949860724234 0.03957454250637225 0.0015353263107310356
581 650.0 9750.0 30.0 0.12258601260792291 0.044684129429892146 0.0018884264117616412 0.44635488308115545 0.03822842184371378 0.001489145701882355
582 650.0 9750.0 30.0 0.12258601260792291 0.04776579352850539 0.0019800828910968653 0.44330601092896177 0.040567494040100946 0.001582523738029011
583 650.0 9750.0 30.0 0.12258601260792291 0.05084745762711865 0.002575078216178935 0.45511921458625526 0.04233057540876987 0.0016789694901803522
584 650.0 9750.0 30.0 0.12258601260792291 0.044684129429892146 0.00184361431611793 0.43821742066171504 0.03646492352031712 0.00149649210482894
585 650.0 9750.0 30.0 0.12258601260792291 0.05084745762711865 0.0026456491768173662 0.4573643410852713 0.04242882029557239 0.0016783267176368934
586 650.0 9750.0 30.0 0.12258601260792291 0.04314329738058552 0.001960245329904475 0.4513212795549374 0.036476135609655506 0.0014455551169672075
587 650.0 9750.0 30.0 0.12258601260792291 0.038520801232665644 0.0012303876909559896 0.4352783366867874 0.033812621955972254 0.0013024899982672319
588 650.0 9750.0 30.0 0.12258601260792291 0.04776579352850539 0.001888689271442196 0.439106901217862 0.03925002391224018 0.0015883295950157462
589 650.0 9750.0 30.0 0.12258601260792291 0.04930662557781202 0.002363604336094904 0.44696969696969696 0.040322997986651156 0.0016347877109046181
59 650.0 9750.0 30.0 0.12258601260792291 0.04776579352850539 0.0018336064172821602 0.43940419769803657 0.03943106190789052 0.0015877482039645596
590 650.0 9750.0 30.0 0.12258601260792291 0.05084745762711865 0.002516913472829774 0.4522648083623693 0.042651705158178545 0.0016765785794445919
591 650.0 9750.0 30.0 0.12258601260792291 0.04930662557781202 0.0020311403153708088 0.4510076441973593 0.04065613400538534 0.0016326790023737147
592 650.0 9750.0 30.0 0.12258601260792291 0.044684129429892146 0.0017473186390228848 0.43353373413493657 0.0363855631666874 0.0014968401752466147
593 650.0 9750.0 30.0 0.12258601260792291 0.040061633281972264 0.0012236761591325619 0.4264126149802891 0.03385007723705504 0.0013542624700985822
594 650.0 9750.0 30.0 0.12258601260792291 0.04160246533127889 0.001474468457262013 0.4300861497680583 0.03453193583405244 0.001401500424302547
595 650.0 9750.0 30.0 0.12258601260792291 0.04160246533127889 0.0015292805454398344 0.43821742066171504 0.036156074510539066 0.0013958881819986077
596 650.0 9750.0 30.0 0.12258601260792291 0.04160246533127889 0.001318723736741459 0.4338235294117647 0.0365026496155896 0.0013950004586243138
597 650.0 9750.0 30.0 0.12258601260792291 0.03389830508474576 0.0009498264409831879 0.419250645994832 0.0288350041243976 0.0011681978781725886
598 650.0 9750.0 30.0 0.12258601260792291 0.060092449922958396 0.0034726754284896914 0.4655667144906743 0.04891125978975306 0.0019608324146775445
599 650.0 9750.0 30.0 0.12258601260792291 0.04314329738058552 0.001796831716594288 0.44421629021218345 0.03619105496085159 0.0014468793451072222
6 650.0 9750.0 30.0 0.12258601260792291 0.046224961479198766 0.0021054351109019475 0.4427012278308322 0.03692116127644276 0.0015453904183828698
60 650.0 9750.0 30.0 0.12258601260792291 0.04160246533127889 0.0017075769887702696 0.43792172739541163 0.034863515337623545 0.0014007675679862646
600 650.0 9750.0 30.0 0.12258601260792291 0.04776579352850539 0.002123329039403406 0.44239945466939334 0.03888594235078258 0.00158940327114146
601 650.0 9750.0 30.0 0.12258601260792291 0.04160246533127889 0.0014346776891713295 0.4300861497680583 0.03486151512750879 0.0014012003520488523
602 650.0 9750.0 30.0 0.12258601260792291 0.04314329738058552 0.0018312713048082956 0.44452054794520546 0.03659486092491743 0.0014458849923585661
603 650.0 9750.0 30.0 0.12258601260792291 0.044684129429892146 0.001999182774340908 0.4427012278308322 0.036702401889576484 0.0014958802068114835
604 650.0 9750.0 30.0 0.12258601260792291 0.04314329738058552 0.0018176656434126485 0.44029850746268656 0.0359606972011517 0.00144745400293805
605 650.0 9750.0 30.0 0.12258601260792291 0.053929121725731895 0.002671768246926181 0.4629101283880171 0.04704088635497454 0.0017640925072701518
606 650.0 9750.0 30.0 0.12258601260792291 0.05084745762711865 0.00271485075068661 0.4609375 0.042845142576388766 0.0016772005174702938
607 650.0 9750.0 30.0 0.12258601260792291 0.058551617873651776 0.003326603297504808 0.46225071225071224 0.048392805402425076 0.0019116333005863178
608 650.0 9750.0 30.0 0.12258601260792291 0.04930662557781202 0.0022929709641314414 0.4525801952580195 0.04152753416782926 0.0016311479304514705
609 650.0 9750.0 30.0 0.12258601260792291 0.04160246533127889 0.0015824551268435179 0.4352783366867874 0.03427233458871773 0.0014020791333141324
61 650.0 9750.0 30.0 0.12258601260792291 0.04776579352850539 0.0022676122254894743 0.4451303155006859 0.03856266193153154 0.001590967332178826
610 650.0 9750.0 30.0 0.12258601260792291 0.04776579352850539 0.0020554746691244957 0.44604810996563576 0.03972080113143604 0.0015866438010902367
611 650.0 9750.0 30.0 0.12258601260792291 0.04930662557781202 0.001837933982676696 0.4427012278308322 0.04221392940911833 0.001629080464089511
612 650.0 9750.0 30.0 0.12258601260792291 0.04930662557781202 0.0024164571149558074 0.4573643410852713 0.04237487766985753 0.0016283668401197082
613 650.0 9750.0 30.0 0.12258601260792291 0.03543913713405239 0.000846919578718396 0.4170951156812339 0.030438660541919828 0.0012135936172582604
614 650.0 9750.0 30.0 0.12258601260792291 0.04930662557781202 0.002279667030095161 0.4516353514265832 0.04315543433001046 0.0016260799580353927
615 650.0 9750.0 30.0 0.12258601260792291 0.04776579352850539 0.001998003861201539 0.4472777394900069 0.04080333427124109 0.0015828314623678656
616 650.0 9750.0 30.0 0.12258601260792291 0.05084745762711865 0.002249988290511935 0.4516353514265832 0.04509255909258429 0.0016693662707178755
617 650.0 9750.0 30.0 0.12258601260792291 0.052388289676425275 0.0023904197550218436 0.4475862068965517 0.044052195473789066 0.0017239361553547617
618 650.0 9750.0 30.0 0.12258601260792291 0.046224961479198766 0.00172273718426605 0.44635488308115545 0.041122507022133194 0.0015310191157563583
619 650.0 9750.0 30.0 0.12258601260792291 0.046224961479198766 0.0016764919467131183 0.4338235294117647 0.03851781831538401 0.0015403328217482963
62 650.0 9750.0 30.0 0.12258601260792291 0.046224961479198766 0.0021021774231185365 0.436742934051144 0.03660150452303572 0.0015470960633610568
620 650.0 9750.0 30.0 0.12258601260792291 0.04314329738058552 0.0016471529693674308 0.43940419769803657 0.03711670891945822 0.0014442184391599234
621 650.0 9750.0 30.0 0.12258601260792291 0.04160246533127889 0.0014007534521384766 0.428665785997358 0.035383540435781215 0.001399419518226469
622 650.0 9750.0 30.0 0.12258601260792291 0.04776579352850539 0.0018036002523535797 0.43703703703703706 0.03980550685011782 0.0015867329803624132
623 650.0 9750.0 30.0 0.12258601260792291 0.04314329738058552 0.0018745143407966308 0.4488243430152144 0.03754343845348417 0.0014423700562725718
624 650.0 9750.0 30.0 0.12258601260792291 0.044684129429892146 0.0019178855301124663 0.44029850746268656 0.0375455272739479 0.001493157449005877
625 650.0 9750.0 30.0 0.12258601260792291 0.04314329738058552 0.0015511745822673858 0.434695244474213 0.03658746731887849 0.001444966376617179
626 650.0 9750.0 30.0 0.12258601260792291 0.061633281972265024 0.0033741182569508874 0.4609375 0.05203133753119367 0.002000026146303219
627 650.0 9750.0 30.0 0.12258601260792291 0.046224961479198766 0.0021026235089074497 0.44330601092896177 0.03806982875719874 0.001542705165483398
628 650.0 9750.0 30.0 0.12258601260792291 0.05546995377503852 0.0027769050832098076 0.45639943741209565 0.04788701646500619 0.0018112160101364499
629 650.0 9750.0 30.0 0.12258601260792291 0.044684129429892146 0.002197400039601625 0.45768688293370946 0.03770246250231011 0.001492357191390768
63 650.0 9750.0 30.0 0.12258601260792291 0.046224961479198766 0.0016123101569011423 0.4338235294117647 0.037870456376810524 0.0015421182337150056
630 650.0 9750.0 30.0 0.12258601260792291 0.04314329738058552 0.0017874031570222241 0.4427012278308322 0.03658127872870299 0.0014447716286917793
631 650.0 9750.0 30.0 0.12258601260792291 0.04776579352850539 0.001855057585619951 0.436742934051144 0.04135855950134143 0.0015807305577497416
632 650.0 9750.0 30.0 0.12258601260792291 0.03543913713405239 0.0010378976555752446 0.41763191763191765 0.03000613438929634 0.0012145448945472086
633 650.0 9750.0 30.0 0.12258601260792291 0.04314329738058552 0.0016189101378856609 0.4352783366867874 0.03663921486869138 0.001444039678328945
634 650.0 9750.0 30.0 0.12258601260792291 0.04314329738058552 0.001627110656085006 0.43411371237458196 0.03537417373856748 0.0014489212701381884
635 650.0 9750.0 30.0 0.12258601260792291 0.04930662557781202 0.0020642926531767958 0.4414965986394558 0.04185284653572632 0.0016299545947258682
636 650.0 9750.0 30.0 0.12258601260792291 0.04314329738058552 0.0013946261948772785 0.4312292358803987 0.03624471975377315 0.0014466862478968007
637 650.0 9750.0 30.0 0.12258601260792291 0.05084745762711865 0.002306963747743718 0.45768688293370946 0.043818906033554705 0.0016732824398474361
638 650.0 9750.0 30.0 0.12258601260792291 0.04776579352850539 0.0023208539111192043 0.44944598337950137 0.03927199274125181 0.0015871714626904854
639 650.0 9750.0 30.0 0.12258601260792291 0.053929121725731895 0.0025196339656134684 0.4599574769666903 0.04633706659311773 0.001765981217152564
64 650.0 9750.0 30.0 0.12258601260792291 0.046224961479198766 0.0019612516923245295 0.43266666666666664 0.036533984411944546 0.0015480283839681458
640 650.0 9750.0 30.0 0.12258601260792291 0.046224961479198766 0.0020467622562913694 0.44944598337950137 0.038343885566370695 0.0015396738927423211
641 650.0 9750.0 30.0 0.12258601260792291 0.040061633281972264 0.0015311984039111319 0.43703703703703706 0.03297679940347278 0.0013565287470909638
642 650.0 9750.0 30.0 0.12258601260792291 0.04776579352850539 0.0017637567362494167 0.44089673913043476 0.040541140830823455 0.0015833974881273544
643 650.0 9750.0 30.0 0.12258601260792291 0.044684129429892146 0.0019101975801006713 0.4475862068965517 0.038477022651028564 0.0014890150598101041
644 650.0 9750.0 30.0 0.12258601260792291 0.044684129429892146 0.0018668070915439814 0.4420980926430518 0.03761482878894649 0.0014930346763743566
645 650.0 9750.0 30.0 0.12258601260792291 0.05084745762711865 0.0025168670543239758 0.45448179271708683 0.04264128367746443 0.001677358248553315
646 650.0 9750.0 30.0 0.12258601260792291 0.04776579352850539 0.0021450813604950393 0.4478951000690131 0.038640461675886584 0.0015894289999231347
647 650.0 9750.0 30.0 0.12258601260792291 0.044684129429892146 0.0016213162254834024 0.43733153638814015 0.037496680204487084 0.0014920131581991607
648 650.0 9750.0 30.0 0.12258601260792291 0.04314329738058552 0.0017036264175382511 0.43940419769803657 0.03632960034606349 0.001445362789299535
649 650.0 9750.0 30.0 0.12258601260792291 0.040061633281972264 0.0016296550533220582 0.4361559139784946 0.033038111617224905 0.001355948324465726
65 650.0 9750.0 30.0 0.12258601260792291 0.044684129429892146 0.001824710416075299 0.43733153638814015 0.0363485654170046 0.0014969018775306767
66 650.0 9750.0 30.0 0.12258601260792291 0.03543913713405239 0.001196214870706605 0.41952165481577247 0.028904224550841826 0.0012194657415417849
67 650.0 9750.0 30.0 0.12258601260792291 0.04930662557781202 0.0022234940086537135 0.4485141672425708 0.041092143711248204 0.0016324246342004673
68 650.0 9750.0 30.0 0.12258601260792291 0.040061633281972264 0.001291932926809979 0.4266929651545036 0.03332940619235674 0.0013556820444992753
69 650.0 9750.0 30.0 0.12258601260792291 0.046224961479198766 0.001943305538716527 0.4420980926430518 0.03827438650779364 0.001540862832745172
7 650.0 9750.0 30.0 0.12258601260792291 0.04314329738058552 0.0015136697261554399 0.4303713527851459 0.035778550111992956 0.00144700961043797
70 650.0 9750.0 30.0 0.12258601260792291 0.04930662557781202 0.0023327508681445347 0.45704225352112676 0.041770832744505236 0.001630174121463278
71 650.0 9750.0 30.0 0.12258601260792291 0.053929121725731895 0.0028278540376599653 0.45963172804532576 0.04524989251573934 0.0017704040045982612
72 650.0 9750.0 30.0 0.12258601260792291 0.044684129429892146 0.0019850995833087465 0.44482522275531183 0.036927361592135964 0.0014952829206210283
73 650.0 9750.0 30.0 0.12258601260792291 0.03697996918335902 0.0012811567594804452 0.4266929651545036 0.030410227156762684 0.001263990474157409
74 650.0 9750.0 30.0 0.12258601260792291 0.044684129429892146 0.0018485131154754933 0.44119646498980286 0.0380767160177767 0.0014912439984077815
75 650.0 9750.0 30.0 0.12258601260792291 0.04930662557781202 0.0022304169437842823 0.44452054794520546 0.04116233967272735 0.0016328341238224012
76 650.0 9750.0 30.0 0.12258601260792291 0.040061633281972264 0.0014161017708606636 0.4283828382838284 0.033077394984942596 0.0013565375331181196
77 650.0 9750.0 30.0 0.12258601260792291 0.04160246533127889 0.0013075646615437143 0.42115509409474366 0.033800074177400954 0.0014050794693367453
78 650.0 9750.0 30.0 0.12258601260792291 0.03389830508474576 0.0008316726855342746 0.41232528589580686 0.028576604362113112 0.0011694491857783956
79 650.0 9750.0 30.0 0.12258601260792291 0.046224961479198766 0.0021131392184655573 0.4420980926430518 0.03781762564651633 0.00154334686596004
8 650.0 9750.0 30.0 0.12258601260792291 0.04314329738058552 0.0016270302243122294 0.43411371237458196 0.035897324621738405 0.0014478334060416087
80 650.0 9750.0 30.0 0.12258601260792291 0.04930662557781202 0.0023045477837281515 0.4420980926430518 0.040236158717828194 0.0016363570043705844
81 650.0 9750.0 30.0 0.12258601260792291 0.046224961479198766 0.001976495690697757 0.4355704697986577 0.038416860652269076 0.001540363256324511
82 650.0 9750.0 30.0 0.12258601260792291 0.04930662557781202 0.0018259782243543311 0.43821742066171504 0.04029481834597183 0.0016356125545776323
83 650.0 9750.0 30.0 0.12258601260792291 0.052388289676425275 0.0023762074122567847 0.44604810996563576 0.04486207568871519 0.0017216790825357055
84 650.0 9750.0 30.0 0.12258601260792291 0.05546995377503852 0.002633605512446999 0.453529000698812 0.046487116676468515 0.0018175338014108748
85 650.0 9750.0 30.0 0.12258601260792291 0.04160246533127889 0.0016640083047669211 0.4338235294117647 0.03436140877557867 0.0014030047590524565
86 650.0 9750.0 30.0 0.12258601260792291 0.058551617873651776 0.002979512962648916 0.4560787069571328 0.04808805857565627 0.0019127921848171715
87 650.0 9750.0 30.0 0.12258601260792291 0.04314329738058552 0.00163611133079221 0.428665785997358 0.033963642719986614 0.0014549992632580462
88 650.0 9750.0 30.0 0.12258601260792291 0.046224961479198766 0.001986112118031347 0.44360902255639095 0.03859186982142317 0.001540376592734071
89 650.0 9750.0 30.0 0.12258601260792291 0.040061633281972264 0.001606838403512894 0.439106901217862 0.033535347251628024 0.0013548935653843355
9 650.0 9750.0 30.0 0.12258601260792291 0.04314329738058552 0.0016789901166044158 0.44059742023082143 0.03614360330098279 0.0014470048795740716
90 650.0 9750.0 30.0 0.12258601260792291 0.05084745762711865 0.002277996502357745 0.4528960223307746 0.04268147569986571 0.001678100688814391
91 650.0 9750.0 30.0 0.12258601260792291 0.044684129429892146 0.0016783945089863144 0.43411371237458196 0.036630852711805856 0.0014975691279971682
92 650.0 9750.0 30.0 0.12258601260792291 0.04160246533127889 0.0016209909871936928 0.43940419769803657 0.03588570896135363 0.0013973285050151861
93 650.0 9750.0 30.0 0.12258601260792291 0.05084745762711865 0.001985709189605488 0.44089673913043476 0.04245649578031009 0.0016779921695100767
94 650.0 9750.0 30.0 0.12258601260792291 0.044684129429892146 0.0016649981423424321 0.43295530353569045 0.037619667058967014 0.0014923078421091385
95 650.0 9750.0 30.0 0.12258601260792291 0.044684129429892146 0.0019594564107576207 0.45384615384615384 0.039355517017557545 0.001486588966017483
96 650.0 9750.0 30.0 0.12258601260792291 0.04314329738058552 0.0016214245385210452 0.4352783366867874 0.03726866302721724 0.0014424167215359245
97 650.0 9750.0 30.0 0.12258601260792291 0.046224961479198766 0.0018632672649954109 0.4439124487004104 0.04091940930678436 0.0015321986080685211
98 650.0 9750.0 30.0 0.12258601260792291 0.044684129429892146 0.001697013717337134 0.4323784143904064 0.0391360632898274 0.0014881728805131978
99 650.0 9750.0 30.0 0.12258601260792291 0.03543913713405239 0.0012072849605988345 0.42197659297789336 0.029738570838928894 0.0012162122246924837