0 600.0 4151.0 13.836666666666666 0.0690895894333286 0.15859766277128548 0.06380119497610941 0.5277533039647577 0.20876091922754814 0.010488816830495963
1 600.0 4151.0 13.836666666666666 0.0690895894333286 0.05342237061769616 0.00881252080976802 0.43690736688548504 0.06769490217036818 0.003634484575544008
10 600.0 4151.0 13.836666666666666 0.0690895894333286 0.1302170283806344 0.044681708335816264 0.5177182368193605 0.1800546486875925 0.00862789452585629
100 600.0 4151.0 13.836666666666666 0.0690895894333286 0.02337228714524207 0.0014468714677319488 0.39800664451827245 0.037764281577168 0.00164896555348451
101 600.0 4151.0 13.836666666666666 0.0690895894333286 0.035058430717863104 0.003780319738920625 0.3922724296005239 0.03471094755077998 0.0024998936536304753
102 600.0 4151.0 13.836666666666666 0.0690895894333286 0.04340567612687813 0.007596553063581943 0.42939068100358424 0.05060065343852709 0.0030489855366249217
103 600.0 4151.0 13.836666666666666 0.0690895894333286 0.035058430717863104 0.0032329197395221305 0.4036388140161725 0.03893193871651708 0.0024499122265253756
104 600.0 4151.0 13.836666666666666 0.0690895894333286 0.04340567612687813 0.005162142526303837 0.406653088934148 0.04283000175491278 0.0030168936358527013
105 600.0 4151.0 13.836666666666666 0.0690895894333286 0.045075125208681135 0.005192846744168377 0.41539528432732314 0.05142429793769646 0.0030999406982138693
106 600.0 4151.0 13.836666666666666 0.0690895894333286 0.021702838063439065 0.0010806176459257158 0.3800761421319797 0.02647663349539917 0.001560559290841822
107 600.0 4151.0 13.836666666666666 0.0690895894333286 0.04674457429048414 0.006509397364732723 0.42392073602264685 0.05360767050558598 0.003242839856299868
108 600.0 4151.0 13.836666666666666 0.0690895894333286 0.015025041736227046 0.0003207400081888547 0.3827476038338658 0.029915524699995637 0.0011067878286329497
109 600.0 4151.0 13.836666666666666 0.0690895894333286 0.02003338898163606 0.0008503197460463102 0.37983512999365887 0.025081226991168624 0.0014444800361768494
11 600.0 4151.0 13.836666666666666 0.0690895894333286 0.10851419031719532 0.029917489010623334 0.501255230125523 0.14754598759582885 0.007197218554038692
110 600.0 4151.0 13.836666666666666 0.0690895894333286 0.035058430717863104 0.004181300662891251 0.41196698762035766 0.04381045685345329 0.0024609657852502063
111 600.0 4151.0 13.836666666666666 0.0690895894333286 0.02671118530884808 0.0021726824743349767 0.383974358974359 0.02244899878982267 0.001913716598364344
112 600.0 4151.0 13.836666666666666 0.0690895894333286 0.03005008347245409 0.002652483341347814 0.4122505161734343 0.05122801126570607 0.002089336988748641
113 600.0 4151.0 13.836666666666666 0.0690895894333286 0.03171953255425709 0.003726374078026656 0.406653088934148 0.04366886845745248 0.002243283173610124
114 600.0 4151.0 13.836666666666666 0.0690895894333286 0.02671118530884808 0.0023184440721169745 0.40748299319727893 0.041966382108316075 0.0018961391950689825
115 600.0 4151.0 13.836666666666666 0.0690895894333286 0.021702838063439065 0.001774726433957669 0.40555179417738657 0.03913832976736108 0.0015590587589761565
116 600.0 4151.0 13.836666666666666 0.0690895894333286 0.03005008347245409 0.002862728762160368 0.4009370816599732 0.03561512286712664 0.0021162606583680944
117 600.0 4151.0 13.836666666666666 0.0690895894333286 0.021702838063439065 0.0012388567795341956 0.39278688524590166 0.0330094973543464 0.0015474138374827469
118 600.0 4151.0 13.836666666666666 0.0690895894333286 0.02337228714524207 0.0014248728091934356 0.3922724296005239 0.03217724860023737 0.0016735777817445834
119 600.0 4151.0 13.836666666666666 0.0690895894333286 0.03171953255425709 0.0023683348949934215 0.39747843397478433 0.035335247181489594 0.0022136729961031885
12 600.0 4151.0 13.836666666666666 0.0690895894333286 0.15525876460767948 0.05687975570584687 0.5291519434628975 0.20571220086716632 0.01023056449101858
120 600.0 4151.0 13.836666666666666 0.0690895894333286 0.018363939899833055 0.0008776158401557005 0.38471419396274886 0.027025190374095925 0.0013424257890592732
121 600.0 4151.0 13.836666666666666 0.0690895894333286 0.02671118530884808 0.0022109966758931945 0.39407894736842103 0.03152405618585088 0.0019052227859616615
122 600.0 4151.0 13.836666666666666 0.0690895894333286 0.03005008347245409 0.002356640714327551 0.4017437961099933 0.04120991263979909 0.0021167282518653567
123 600.0 4151.0 13.836666666666666 0.0690895894333286 0.02337228714524207 0.002172927255079206 0.38695090439276486 0.027716741225523096 0.001696349456949446
124 600.0 4151.0 13.836666666666666 0.0690895894333286 0.028380634390651086 0.002441835548172108 0.3872010342598578 0.02750934229444427 0.0020326358855857515
125 600.0 4151.0 13.836666666666666 0.0690895894333286 0.01335559265442404 0.0002777476867584715 0.39590218109715797 0.031898662457251016 0.0009903083048211458
126 600.0 4151.0 13.836666666666666 0.0690895894333286 0.021702838063439065 0.0009228877663467301 0.37578419071518193 0.023808264150589085 0.0015767988534392328
127 600.0 4151.0 13.836666666666666 0.0690895894333286 0.028380634390651086 0.003195878474584577 0.40999315537303216 0.03841117885559257 0.002014824264490708
128 600.0 4151.0 13.836666666666666 0.0690895894333286 0.028380634390651086 0.0021900665206958498 0.39278688524590166 0.030309876195355065 0.002008669829897903
129 600.0 4151.0 13.836666666666666 0.0690895894333286 0.01669449081803005 0.0007503040787582063 0.3897202342225114 0.02935705200624709 0.001224352640871363
13 600.0 4151.0 13.836666666666666 0.0690895894333286 0.11352253756260434 0.033952948691823415 0.5063398140321217 0.15834763002618313 0.007475935868653891
130 600.0 4151.0 13.836666666666666 0.0690895894333286 0.02337228714524207 0.0016118078141447575 0.3930446194225722 0.03181380754135598 0.0016826915713617262
131 600.0 4151.0 13.836666666666666 0.0690895894333286 0.02337228714524207 0.001450217139884688 0.3894668400520156 0.031142476849409063 0.0016874014885162663
132 600.0 4151.0 13.836666666666666 0.0690895894333286 0.025041736227045076 0.0018614583075353959 0.3945981554677207 0.03504402332110126 0.001780764557690623
133 600.0 4151.0 13.836666666666666 0.0690895894333286 0.02671118530884808 0.0023939172271875697 0.40582655826558267 0.03811177176772644 0.0019091262005455569
134 600.0 4151.0 13.836666666666666 0.0690895894333286 0.021702838063439065 0.001268768092684409 0.4036388140161725 0.038146287846379544 0.001546591736602433
135 600.0 4151.0 13.836666666666666 0.0690895894333286 0.02337228714524207 0.0016612418573197104 0.3953795379537954 0.03765817228800375 0.001682099864817532
136 600.0 4151.0 13.836666666666666 0.0690895894333286 0.01669449081803005 0.0008245719783877744 0.3912475506205095 0.02950383529995123 0.0012297088723666537
137 600.0 4151.0 13.836666666666666 0.0690895894333286 0.018363939899833055 0.0009047231951221791 0.39278688524590166 0.031217534582812196 0.001328456893014334
138 600.0 4151.0 13.836666666666666 0.0690895894333286 0.02337228714524207 0.001978720864177391 0.3915032679738562 0.029163251092815756 0.0016958482680075747
139 600.0 4151.0 13.836666666666666 0.0690895894333286 0.021702838063439065 0.0012833998277714457 0.4017437961099933 0.039353517572150776 0.0015373054481647415
14 600.0 4151.0 13.836666666666666 0.0690895894333286 0.08180300500834725 0.019065367192963444 0.47996794871794873 0.11495686939278858 0.005483986192216217
140 600.0 4151.0 13.836666666666666 0.0690895894333286 0.03171953255425709 0.0029227571847006417 0.406929347826087 0.03897998311808548 0.002232376957632287
141 600.0 4151.0 13.836666666666666 0.0690895894333286 0.028380634390651086 0.0027162803059260954 0.39407894736842103 0.03131441416724293 0.002024149644901143
142 600.0 4151.0 13.836666666666666 0.0690895894333286 0.02003338898163606 0.0011988744734537943 0.3917593198168738 0.030806207814065862 0.0014442618978060622
143 600.0 4151.0 13.836666666666666 0.0690895894333286 0.018363939899833055 0.0012795254968865765 0.3872010342598578 0.028417772323568815 0.0013407711692658632
144 600.0 4151.0 13.836666666666666 0.0690895894333286 0.02003338898163606 0.00118679941172597 0.3815286624203822 0.02216062805428776 0.0014598681359412817
145 600.0 4151.0 13.836666666666666 0.0690895894333286 0.021702838063439065 0.001488967860068133 0.38620245003223724 0.027409989986354428 0.001576568834338377
146 600.0 4151.0 13.836666666666666 0.0690895894333286 0.01335559265442404 0.0003980503056336226 0.4006688963210702 0.03623736607926498 0.0009953399126500031
147 600.0 4151.0 13.836666666666666 0.0690895894333286 0.025041736227045076 0.0017772915455352006 0.38921377517868744 0.029782609484730736 0.0017915783724301872
148 600.0 4151.0 13.836666666666666 0.0690895894333286 0.028380634390651086 0.0023957712588247035 0.4006688963210702 0.03725671050099276 0.002019541012226692
149 600.0 4151.0 13.836666666666666 0.0690895894333286 0.02337228714524207 0.0015033960309359083 0.382015306122449 0.025928290407059726 0.0016814358185651547
15 600.0 4151.0 13.836666666666666 0.0690895894333286 0.0984974958263773 0.02740758190610789 0.4897792313982011 0.12324069974004757 0.0065702476620785035
150 600.0 4151.0 13.836666666666666 0.0690895894333286 0.035058430717863104 0.004400855066872568 0.40859481582537516 0.04077893137196104 0.0024783776645806014
151 600.0 4151.0 13.836666666666666 0.0690895894333286 0.021702838063439065 0.0016679595411260128 0.3864516129032258 0.02649081606426885 0.0015867090801305007
152 600.0 4151.0 13.836666666666666 0.0690895894333286 0.021702838063439065 0.0014754799267654884 0.380559085133418 0.025959070658199877 0.0015869305913549284
153 600.0 4151.0 13.836666666666666 0.0690895894333286 0.03171953255425709 0.002738503246064816 0.3951187335092348 0.035764946028261774 0.002235670189068535
154 600.0 4151.0 13.836666666666666 0.0690895894333286 0.03005008347245409 0.0031185807109560247 0.3859536082474227 0.027608089163645606 0.0021732206388920283
155 600.0 4151.0 13.836666666666666 0.0690895894333286 0.018363939899833055 0.0010327643468973022 0.37649277184160906 0.021508567224156058 0.0013572571252126898
156 600.0 4151.0 13.836666666666666 0.0690895894333286 0.02671118530884808 0.002470063513610815 0.39800664451827245 0.03570790979872154 0.0019058860439247092
157 600.0 4151.0 13.836666666666666 0.0690895894333286 0.03005008347245409 0.002458010039070872 0.3786346396965866 0.022812363746349824 0.002158884317477477
158 600.0 4151.0 13.836666666666666 0.0690895894333286 0.01669449081803005 0.000832870820437076 0.38177182919056724 0.02471501383309416 0.0012404654065758742
159 600.0 4151.0 13.836666666666666 0.0690895894333286 0.028380634390651086 0.0026385262906374546 0.41027397260273973 0.043042387583221084 0.0020155491875382997
16 600.0 4151.0 13.836666666666666 0.0690895894333286 0.07345575959933222 0.015411301127721556 0.4735177865612648 0.10206256794925937 0.004911943361834257
160 600.0 4151.0 13.836666666666666 0.0690895894333286 0.02003338898163606 0.0010282778439249653 0.37720403022670024 0.023735527591709646 0.0014615657080009237
161 600.0 4151.0 13.836666666666666 0.0690895894333286 0.02003338898163606 0.0009369864569595181 0.39800664451827245 0.0346962798113778 0.00144321492817857
162 600.0 4151.0 13.836666666666666 0.0690895894333286 0.015025041736227046 0.0006458135982561285 0.38545688545688545 0.03072379532811037 0.0011136811181830615
163 600.0 4151.0 13.836666666666666 0.0690895894333286 0.01669449081803005 0.0006644391246393116 0.37460913070669166 0.022063042062267314 0.001228055943771015
164 600.0 4151.0 13.836666666666666 0.0690895894333286 0.02337228714524207 0.001464381997921724 0.3786346396965866 0.022861012061935273 0.0016886546538239667
165 600.0 4151.0 13.836666666666666 0.0690895894333286 0.02337228714524207 0.002116712710782657 0.3938198553583169 0.02874798619615561 0.0016925037098999515
166 600.0 4151.0 13.836666666666666 0.0690895894333286 0.02003338898163606 0.0010233804649776913 0.4014745308310992 0.0370990968959626 0.0014350295824404244
167 600.0 4151.0 13.836666666666666 0.0690895894333286 0.01335559265442404 0.0006311718485733192 0.3897202342225114 0.030126921352774602 0.0010046395542402148
168 600.0 4151.0 13.836666666666666 0.0690895894333286 0.021702838063439065 0.0012945483203558256 0.38323736404350606 0.02535277904641552 0.0015820864541904924
169 600.0 4151.0 13.836666666666666 0.0690895894333286 0.018363939899833055 0.0010577375603906829 0.38570508692852545 0.02682693992801395 0.0013557644682549597
17 600.0 4151.0 13.836666666666666 0.0690895894333286 0.09348914858096828 0.023464543749841124 0.48858075040783033 0.1308696645811431 0.006207399419271691
170 600.0 4151.0 13.836666666666666 0.0690895894333286 0.02003338898163606 0.0012316685352599817 0.40915300546448086 0.04313555074019621 0.0014341544292877056
171 600.0 4151.0 13.836666666666666 0.0690895894333286 0.018363939899833055 0.0009623508655892444 0.40720598232494903 0.043163223871205254 0.0013180082769731738
172 600.0 4151.0 13.836666666666666 0.0690895894333286 0.021702838063439065 0.001118113641889767 0.390737116764514 0.02936604156717539 0.0015482153922579639
173 600.0 4151.0 13.836666666666666 0.0690895894333286 0.028380634390651086 0.002347786551647178 0.38422065426555485 0.025345368314131842 0.0020296959082969726
174 600.0 4151.0 13.836666666666666 0.0690895894333286 0.02003338898163606 0.0009763519919446042 0.3739076154806492 0.02235807972626193 0.0014645852380269792
175 600.0 4151.0 13.836666666666666 0.0690895894333286 0.0333889816360601 0.003939733175042295 0.406653088934148 0.039244200587926686 0.0023708266871282427
176 600.0 4151.0 13.836666666666666 0.0690895894333286 0.018363939899833055 0.0014820053726289288 0.39695162359178265 0.03215643941056109 0.0013570888828140604
177 600.0 4151.0 13.836666666666666 0.0690895894333286 0.01335559265442404 0.00037261440997411245 0.37484355444305384 0.02359536331279666 0.0010145186067185164
178 600.0 4151.0 13.836666666666666 0.0690895894333286 0.015025041736227046 0.0006212630974534652 0.38128580521960537 0.023602314525434893 0.0011252870593019344
179 600.0 4151.0 13.836666666666666 0.0690895894333286 0.018363939899833055 0.0009072427900615596 0.3711276332094176 0.01772344378437466 0.0013616910373092195
18 600.0 4151.0 13.836666666666666 0.0690895894333286 0.07178631051752922 0.013970286566642764 0.46980392156862744 0.104768833236109 0.004795217502109306
180 600.0 4151.0 13.836666666666666 0.0690895894333286 0.021702838063439065 0.0011861797853878373 0.37959442332065907 0.025355839719932282 0.0015696756271698542
181 600.0 4151.0 13.836666666666666 0.0690895894333286 0.018363939899833055 0.0009455809956669575 0.39642620780939775 0.03091536941694487 0.001332079432673963
182 600.0 4151.0 13.836666666666666 0.0690895894333286 0.018363939899833055 0.000916696178956678 0.37066831683168316 0.018789081440452663 0.0013561497680112636
183 600.0 4151.0 13.836666666666666 0.0690895894333286 0.018363939899833055 0.0009515901937147609 0.3786346396965866 0.026860443544742728 0.001360923319476493
184 600.0 4151.0 13.836666666666666 0.0690895894333286 0.03005008347245409 0.0031904812925917913 0.3938198553583169 0.031077576693340728 0.0021367162917496057
185 600.0 4151.0 13.836666666666666 0.0690895894333286 0.02337228714524207 0.001955442710844944 0.3953795379537954 0.031160973436315173 0.0016888287515597722
186 600.0 4151.0 13.836666666666666 0.0690895894333286 0.015025041736227046 0.0007569823543787989 0.3825031928480204 0.022475613205960945 0.0011296018730845548
187 600.0 4151.0 13.836666666666666 0.0690895894333286 0.02003338898163606 0.001005497596161237 0.3887086307592472 0.03235154130980859 0.0014518086535912499
188 600.0 4151.0 13.836666666666666 0.0690895894333286 0.021702838063439065 0.0014664287980407683 0.3767295597484277 0.021182058774407684 0.0015832555614414606
189 600.0 4151.0 13.836666666666666 0.0690895894333286 0.025041736227045076 0.001623078818107805 0.38104325699745545 0.02501310418584194 0.0018113592081697655
19 600.0 4151.0 13.836666666666666 0.0690895894333286 0.07011686143572621 0.01780241419434495 0.4593558282208589 0.0816966699349849 0.004772355274253917
190 600.0 4151.0 13.836666666666666 0.0690895894333286 0.02337228714524207 0.001554695962701721 0.380559085133418 0.023870412246410497 0.0017002806783371002
191 600.0 4151.0 13.836666666666666 0.0690895894333286 0.01669449081803005 0.0006632184506180105 0.38348271446862997 0.026591257984987668 0.0012287405384774639
192 600.0 4151.0 13.836666666666666 0.0690895894333286 0.02671118530884808 0.0024846439829978974 0.3930446194225722 0.03261204148323384 0.0019274431963081577
193 600.0 4151.0 13.836666666666666 0.0690895894333286 0.018363939899833055 0.0010364155140504701 0.37625628140703515 0.023629007794597468 0.0013524424863031138
194 600.0 4151.0 13.836666666666666 0.0690895894333286 0.025041736227045076 0.00165837408883145 0.3882047958522359 0.027731972545664153 0.0017920129806949518
195 600.0 4151.0 13.836666666666666 0.0690895894333286 0.01669449081803005 0.000833807269615475 0.3917593198168738 0.03129784734661472 0.001235124073663918
196 600.0 4151.0 13.836666666666666 0.0690895894333286 0.021702838063439065 0.001479003934525342 0.37983512999365887 0.02307406691341379 0.001588721391367405
197 600.0 4151.0 13.836666666666666 0.0690895894333286 0.025041736227045076 0.0021931279788087272 0.3800761421319797 0.02170638085963064 0.001825797109948624
198 600.0 4151.0 13.836666666666666 0.0690895894333286 0.02671118530884808 0.002394763879091066 0.3912475506205095 0.02999705694276566 0.0019260573262706508
199 600.0 4151.0 13.836666666666666 0.0690895894333286 0.02337228714524207 0.0021772570482165086 0.3882047958522359 0.02705617192499445 0.0017036686630093477
2 600.0 4151.0 13.836666666666666 0.0690895894333286 0.10684474123539232 0.029038043119460327 0.49916666666666665 0.138738103308888 0.007082357107286398
20 600.0 4151.0 13.836666666666666 0.0690895894333286 0.07178631051752922 0.014070559091658507 0.46943573667711597 0.1037968689802964 0.00477955654070841
200 600.0 4151.0 13.836666666666666 0.0690895894333286 0.02003338898163606 0.0013904612452498295 0.3822590938098277 0.024167556249221074 0.001484469893492684
201 600.0 4151.0 13.836666666666666 0.0690895894333286 0.02671118530884808 0.002218869581924703 0.4001336005344021 0.03654537003358519 0.0019095477557017357
202 600.0 4151.0 13.836666666666666 0.0690895894333286 0.015025041736227046 0.0005554267413040883 0.3800761421319797 0.02250315957795858 0.0011193974189323255
203 600.0 4151.0 13.836666666666666 0.0690895894333286 0.018363939899833055 0.0007465448177794403 0.36106088004822184 0.014493351064299907 0.0013687596144657936
204 600.0 4151.0 13.836666666666666 0.0690895894333286 0.018363939899833055 0.0008560485770034858 0.38031746031746033 0.02170184705046193 0.001353654569422923
205 600.0 4151.0 13.836666666666666 0.0690895894333286 0.01669449081803005 0.001003376803096677 0.38795336787564766 0.028804807222026347 0.001244695729671516
206 600.0 4151.0 13.836666666666666 0.0690895894333286 0.01669449081803005 0.0008662637820712141 0.3837283792440743 0.026774518663649355 0.0012425088582430975
207 600.0 4151.0 13.836666666666666 0.0690895894333286 0.021702838063439065 0.0014056450348189338 0.38845654993514916 0.02664518300090826 0.001579350644755671
208 600.0 4151.0 13.836666666666666 0.0690895894333286 0.015025041736227046 0.0005892550340664595 0.3872010342598578 0.03014895223455233 0.0011166159637521762
209 600.0 4151.0 13.836666666666666 0.0690895894333286 0.015025041736227046 0.0004331233128588671 0.3715880893300248 0.02116592499223327 0.0011202304782003147
21 600.0 4151.0 13.836666666666666 0.0690895894333286 0.041736227045075125 0.0063863904416737016 0.43658892128279886 0.06215451811706059 0.0028761723997173688
210 600.0 4151.0 13.836666666666666 0.0690895894333286 0.01669449081803005 0.0008046675922217022 0.390737116764514 0.032907131637812746 0.0012288516446812463
211 600.0 4151.0 13.836666666666666 0.0690895894333286 0.01335559265442404 0.0003384976019973286 0.3641337386018237 0.01643710386906652 0.0010133892253926715
212 600.0 4151.0 13.836666666666666 0.0690895894333286 0.021702838063439065 0.0015779737436899942 0.3864516129032258 0.028655829080841463 0.0015882282450448118
213 600.0 4151.0 13.836666666666666 0.0690895894333286 0.018363939899833055 0.0008764142777495065 0.38031746031746033 0.02497143053799594 0.0013430625118334171
214 600.0 4151.0 13.836666666666666 0.0690895894333286 0.02003338898163606 0.0011746652114332018 0.37578419071518193 0.022760682349962508 0.0014750737983299555
215 600.0 4151.0 13.836666666666666 0.0690895894333286 0.025041736227045076 0.0022011774209564207 0.3922724296005239 0.0313349088410078 0.0018306628636312592
216 600.0 4151.0 13.836666666666666 0.0690895894333286 0.01669449081803005 0.0009043899053752027 0.38422065426555485 0.029479317379841233 0.0012323051092998087
217 600.0 4151.0 13.836666666666666 0.0690895894333286 0.02003338898163606 0.0012307781508592984 0.3897202342225114 0.03148775711029834 0.0014618441166820654
218 600.0 4151.0 13.836666666666666 0.0690895894333286 0.02003338898163606 0.0012468000437266741 0.38496143958868895 0.02308547217431366 0.0014692493709419887
219 600.0 4151.0 13.836666666666666 0.0690895894333286 0.01335559265442404 0.00038597714691825525 0.38348271446862997 0.026277174562217155 0.00100726301381141
22 600.0 4151.0 13.836666666666666 0.0690895894333286 0.04006677796327212 0.00417455165850205 0.4450222882615156 0.07602417240411394 0.0027040505663903157
220 600.0 4151.0 13.836666666666666 0.0690895894333286 0.02337228714524207 0.0017143892574953254 0.3800761421319797 0.024210789858402495 0.0017182833567900156
221 600.0 4151.0 13.836666666666666 0.0690895894333286 0.01669449081803005 0.0008152831076467516 0.3711276332094176 0.018129689733865258 0.001256384346308253
222 600.0 4151.0 13.836666666666666 0.0690895894333286 0.021702838063439065 0.0012142197072128977 0.3767295597484277 0.025943846529898007 0.0015771013988036065
223 600.0 4151.0 13.836666666666666 0.0690895894333286 0.015025041736227046 0.0005413669064043149 0.3617149758454106 0.01515796742442041 0.0011376980965296878
224 600.0 4151.0 13.836666666666666 0.0690895894333286 0.011686143572621035 0.0001651038138191418 0.3872010342598578 0.030307028143138508 0.000885326070877031
225 600.0 4151.0 13.836666666666666 0.0690895894333286 0.02337228714524207 0.001751568587505125 0.390228013029316 0.03135157999778002 0.0017049899069359119
226 600.0 4151.0 13.836666666666666 0.0690895894333286 0.015025041736227046 0.0005605290344703027 0.3734413965087282 0.021841442933356717 0.0011350119856089608
227 600.0 4151.0 13.836666666666666 0.0690895894333286 0.028380634390651086 0.003069879470976923 0.4050033806626099 0.038651956696404074 0.00202657292047112
228 600.0 4151.0 13.836666666666666 0.0690895894333286 0.02671118530884808 0.0019103694130217553 0.37815656565656564 0.02248739990540711 0.0019447943661901287
229 600.0 4151.0 13.836666666666666 0.0690895894333286 0.01669449081803005 0.0007644395057423601 0.38323736404350606 0.02489277409155648 0.0012308985490966625
23 600.0 4151.0 13.836666666666666 0.0690895894333286 0.11853088480801335 0.03434253038838756 0.49958298582151794 0.13753721292464913 0.007900697668049345
230 600.0 4151.0 13.836666666666666 0.0690895894333286 0.021702838063439065 0.001275512105750759 0.3739076154806492 0.023831346080452835 0.0015932369951689135
231 600.0 4151.0 13.836666666666666 0.0690895894333286 0.01669449081803005 0.001078337338647937 0.3815286624203822 0.02704793971752232 0.0012414585317462885
232 600.0 4151.0 13.836666666666666 0.0690895894333286 0.02003338898163606 0.0013158694847117062 0.3822590938098277 0.024859444816197764 0.0014622739174360968
233 600.0 4151.0 13.836666666666666 0.0690895894333286 0.028380634390651086 0.0030282867948795184 0.3998664886515354 0.03509038349200269 0.0020438732631206137
234 600.0 4151.0 13.836666666666666 0.0690895894333286 0.01669449081803005 0.0010338601059615468 0.38496143958868895 0.027345517025695674 0.0012463051882620336
235 600.0 4151.0 13.836666666666666 0.0690895894333286 0.01335559265442404 0.00042110336284863166 0.35825358851674644 0.011925839879279993 0.0010276985152103699
236 600.0 4151.0 13.836666666666666 0.0690895894333286 0.01335559265442404 0.0004893622558542382 0.36019242333132895 0.012216244821341347 0.0010299127435041858
237 600.0 4151.0 13.836666666666666 0.0690895894333286 0.025041736227045076 0.0021802610135495362 0.38795336787564766 0.028043150491840252 0.0018054590423672908
238 600.0 4151.0 13.836666666666666 0.0690895894333286 0.02003338898163606 0.001270204613287758 0.3815286624203822 0.022786132874244087 0.001481198047981339
239 600.0 4151.0 13.836666666666666 0.0690895894333286 0.02671118530884808 0.0020284832512629265 0.3945981554677207 0.03489761108817996 0.00191847730915735
24 600.0 4151.0 13.836666666666666 0.0690895894333286 0.0333889816360601 0.0032013755285111535 0.4230225988700565 0.05840742931253191 0.0022862399670609862
240 600.0 4151.0 13.836666666666666 0.0690895894333286 0.028380634390651086 0.0035060167495341316 0.4033670033670034 0.037559553271950825 0.002051235934274414
241 600.0 4151.0 13.836666666666666 0.0690895894333286 0.015025041736227046 0.0005373063007126307 0.380559085133418 0.024349351284343096 0.0011254382310475933
242 600.0 4151.0 13.836666666666666 0.0690895894333286 0.018363939899833055 0.0009821567861679219 0.3915032679738562 0.03243005268896355 0.0013479606784714336
243 600.0 4151.0 13.836666666666666 0.0690895894333286 0.021702838063439065 0.0015201737372500194 0.38471419396274886 0.026743087164844356 0.0015778103380357602
244 600.0 4151.0 13.836666666666666 0.0690895894333286 0.01669449081803005 0.0009456482084343294 0.3922724296005239 0.02993769842521613 0.001238781622710565
245 600.0 4151.0 13.836666666666666 0.0690895894333286 0.01669449081803005 0.0008592498449241754 0.39747843397478433 0.03350379814548441 0.0012293654826971263
246 600.0 4151.0 13.836666666666666 0.0690895894333286 0.018363939899833055 0.0011242753046651832 0.39278688524590166 0.032447848268603946 0.001349094986118711
247 600.0 4151.0 13.836666666666666 0.0690895894333286 0.018363939899833055 0.001352954135531837 0.38896103896103895 0.027900304177786488 0.001347652001186167
248 600.0 4151.0 13.836666666666666 0.0690895894333286 0.021702838063439065 0.0009591999043574461 0.3692971639950678 0.02061185933296261 0.001590095178588421
249 600.0 4151.0 13.836666666666666 0.0690895894333286 0.01335559265442404 0.0007717779016335559 0.36457699330493 0.012924062215135285 0.001043189041987472
25 600.0 4151.0 13.836666666666666 0.0690895894333286 0.05342237061769616 0.009932181774833515 0.4548215641609719 0.08326465525379564 0.0036262435296511445
250 600.0 4151.0 13.836666666666666 0.0690895894333286 0.025041736227045076 0.0019226424125342197 0.3948582729070534 0.03264867726340088 0.001811054071075215
251 600.0 4151.0 13.836666666666666 0.0690895894333286 0.015025041736227046 0.0005927503709547472 0.37983512999365887 0.024023000738951118 0.0011313190483541102
252 600.0 4151.0 13.836666666666666 0.0690895894333286 0.018363939899833055 0.001079818412721322 0.383974358974359 0.0265888189294845 0.0013531412128503792
253 600.0 4151.0 13.836666666666666 0.0690895894333286 0.021702838063439065 0.0018892112586386045 0.3874514877102199 0.024239348198041476 0.0015888936052504293
254 600.0 4151.0 13.836666666666666 0.0690895894333286 0.01335559265442404 0.0005982621097168123 0.36568986568986567 0.015360254702814926 0.0010326540222154379
255 600.0 4151.0 13.836666666666666 0.0690895894333286 0.01669449081803005 0.0009611187658166497 0.36568986568986567 0.015104236496024492 0.0012599882010744228
256 600.0 4151.0 13.836666666666666 0.0690895894333286 0.015025041736227046 0.0006747082031495729 0.38570508692852545 0.02607123446817607 0.0011250821563617301
257 600.0 4151.0 13.836666666666666 0.0690895894333286 0.015025041736227046 0.0004081112343538886 0.3554896142433234 0.015038041146484124 0.001145817541657226
258 600.0 4151.0 13.836666666666666 0.0690895894333286 0.01669449081803005 0.0010179035018447267 0.37578419071518193 0.021441103213194628 0.001259260472967475
259 600.0 4151.0 13.836666666666666 0.0690895894333286 0.01669449081803005 0.0007072450145960951 0.3659132559560171 0.015641768061593102 0.001252687088825952
26 600.0 4151.0 13.836666666666666 0.0690895894333286 0.05509181969949917 0.007700440210424579 0.43186733958183127 0.06344543429801934 0.0037294787738091748
260 600.0 4151.0 13.836666666666666 0.0690895894333286 0.015025041736227046 0.0006699928498385654 0.3722809198259789 0.018296666445981154 0.001126809837507277
261 600.0 4151.0 13.836666666666666 0.0690895894333286 0.01669449081803005 0.0006499298741997508 0.37135771853688776 0.021221695891359842 0.0012530266985370134
262 600.0 4151.0 13.836666666666666 0.0690895894333286 0.01669449081803005 0.0008341858624909205 0.3827476038338658 0.025210878522218386 0.0012486894873879979
263 600.0 4151.0 13.836666666666666 0.0690895894333286 0.021702838063439065 0.0013200774838725154 0.3776796973518285 0.022971219151661875 0.0015912467401138532
264 600.0 4151.0 13.836666666666666 0.0690895894333286 0.02337228714524207 0.0021264240891303962 0.3897202342225114 0.0291068105745472 0.0016986120620214127
265 600.0 4151.0 13.836666666666666 0.0690895894333286 0.015025041736227046 0.0006791694129399247 0.38080101716465353 0.023656426590539768 0.0011295896080231694
266 600.0 4151.0 13.836666666666666 0.0690895894333286 0.015025041736227046 0.000621155893466506 0.3867010974822466 0.0266055885284435 0.0011197383598526478
267 600.0 4151.0 13.836666666666666 0.0690895894333286 0.01335559265442404 0.00037434962782845036 0.37484355444305384 0.023877765733331217 0.0010103567650460827
268 600.0 4151.0 13.836666666666666 0.0690895894333286 0.01669449081803005 0.0007024147655396867 0.374375 0.02126355029443626 0.0012531738642358485
269 600.0 4151.0 13.836666666666666 0.0690895894333286 0.01669449081803005 0.0006875477784254786 0.37578419071518193 0.021560766368295608 0.0012487893281492124
27 600.0 4151.0 13.836666666666666 0.0690895894333286 0.06343906510851419 0.012360574402871473 0.4551671732522796 0.08367898596938252 0.004324190719102406
270 600.0 4151.0 13.836666666666666 0.0690895894333286 0.01669449081803005 0.00089058873744453 0.37720403022670024 0.022489893668718865 0.001243262193215894
271 600.0 4151.0 13.836666666666666 0.0690895894333286 0.015025041736227046 0.0005444749487565777 0.3793540215326156 0.028634728352728966 0.0011229201022313175
272 600.0 4151.0 13.836666666666666 0.0690895894333286 0.01335559265442404 0.00040641318560050057 0.39590218109715797 0.0333612821848295 0.0010007241140040704
273 600.0 4151.0 13.836666666666666 0.0690895894333286 0.018363939899833055 0.0016677632185827615 0.3922724296005239 0.0277037279838577 0.0013588299719675292
274 600.0 4151.0 13.836666666666666 0.0690895894333286 0.01669449081803005 0.0007726055141332635 0.37089783281733746 0.019947661680405012 0.0012447432241211426
275 600.0 4151.0 13.836666666666666 0.0690895894333286 0.018363939899833055 0.0011384749755842145 0.3829923273657289 0.02482827664355196 0.001360129941724418
276 600.0 4151.0 13.836666666666666 0.0690895894333286 0.02671118530884808 0.0025343551106197467 0.3864516129032258 0.02345174277019769 0.0019452433987641308
277 600.0 4151.0 13.836666666666666 0.0690895894333286 0.018363939899833055 0.0013135583350982383 0.3800761421319797 0.02318817791715856 0.0013742059718576806
278 600.0 4151.0 13.836666666666666 0.0690895894333286 0.01669449081803005 0.0008773412178794441 0.38080101716465353 0.024338761407586968 0.0012535052930332628
279 600.0 4151.0 13.836666666666666 0.0690895894333286 0.01335559265442404 0.0003297603021272451 0.36658506731946144 0.018019672979445546 0.0010154117738092512
28 600.0 4151.0 13.836666666666666 0.0690895894333286 0.05008347245409015 0.006982280120751184 0.43249097472924186 0.06266478200549527 0.0034393335133650073
280 600.0 4151.0 13.836666666666666 0.0690895894333286 0.01335559265442404 0.0005196724584069004 0.3619335347432024 0.012922644415045523 0.0010260746202003744
281 600.0 4151.0 13.836666666666666 0.0690895894333286 0.01335559265442404 0.0005961882687715025 0.3829923273657289 0.028545312841041233 0.001009670247798552
282 600.0 4151.0 13.836666666666666 0.0690895894333286 0.01335559265442404 0.00046369877612121327 0.37625628140703515 0.02072146290553837 0.0010192754071702216
283 600.0 4151.0 13.836666666666666 0.0690895894333286 0.01669449081803005 0.0005093098806239895 0.3852090032154341 0.02719299896395489 0.0012270158901620714
284 600.0 4151.0 13.836666666666666 0.0690895894333286 0.018363939899833055 0.0012728047750924327 0.3793540215326156 0.021374656169791093 0.0013632738624419567
285 600.0 4151.0 13.836666666666666 0.0690895894333286 0.01669449081803005 0.0009119419667951124 0.38695090439276486 0.0237377860075802 0.0012389143682476787
286 600.0 4151.0 13.836666666666666 0.0690895894333286 0.01669449081803005 0.0006900611796668243 0.3872010342598578 0.02819773211069303 0.0012359097660299598
287 600.0 4151.0 13.836666666666666 0.0690895894333286 0.015025041736227046 0.0004052382295204282 0.37135771853688776 0.023103033856062605 0.0011280891258247908
288 600.0 4151.0 13.836666666666666 0.0690895894333286 0.018363939899833055 0.0008374765555650587 0.3722809198259789 0.019615280194133517 0.0013698270293443595
289 600.0 4151.0 13.836666666666666 0.0690895894333286 0.018363939899833055 0.0013143965030275085 0.3920157068062827 0.02773029600556091 0.0013589912624028828
29 600.0 4151.0 13.836666666666666 0.0690895894333286 0.035058430717863104 0.004763226533100692 0.427246790299572 0.05813333954063867 0.0024539306567747717
290 600.0 4151.0 13.836666666666666 0.0690895894333286 0.018363939899833055 0.0013661537421721472 0.37460913070669166 0.019533706226264862 0.0013863619095586957
291 600.0 4151.0 13.836666666666666 0.0690895894333286 0.01669449081803005 0.0011128718436304416 0.3859536082474227 0.026210595029022184 0.0012540321829947222
292 600.0 4151.0 13.836666666666666 0.0690895894333286 0.021702838063439065 0.001166882949649202 0.3668095529699939 0.017263668403029682 0.001612512077658215
293 600.0 4151.0 13.836666666666666 0.0690895894333286 0.015025041736227046 0.0006813077724565224 0.3690696241528035 0.01806932656924606 0.0011391221494451446
294 600.0 4151.0 13.836666666666666 0.0690895894333286 0.021702838063439065 0.0018600000586402505 0.3852090032154341 0.02473221540242103 0.0016027701389704292
295 600.0 4151.0 13.836666666666666 0.0690895894333286 0.01335559265442404 0.00030302724076931766 0.3837283792440743 0.02521754117234132 0.001009726549618162
296 600.0 4151.0 13.836666666666666 0.0690895894333286 0.025041736227045076 0.0017133909945794006 0.38348271446862997 0.026654592279407783 0.0018169125799584128
297 600.0 4151.0 13.836666666666666 0.0690895894333286 0.015025041736227046 0.00045910894871972524 0.38545688545688545 0.031581450233160224 0.001113809398094689
298 600.0 4151.0 13.836666666666666 0.0690895894333286 0.015025041736227046 0.0005787301900380434 0.38348271446862997 0.02514309128016597 0.0011251753342885785
299 600.0 4151.0 13.836666666666666 0.0690895894333286 0.015025041736227046 0.0007958468376389422 0.37983512999365887 0.022573287137430863 0.0011275536928231221
3 600.0 4151.0 13.836666666666666 0.0690895894333286 0.048414023372287146 0.007575100120850827 0.4278571428571429 0.0612068494616097 0.0033566057483907915
30 600.0 4151.0 13.836666666666666 0.0690895894333286 0.05008347245409015 0.00884655194281517 0.44535315985130114 0.07295019514136346 0.0034433662345202776
300 600.0 4151.0 13.836666666666666 0.0690895894333286 0.02003338898163606 0.0015943783638670914 0.38471419396274886 0.026311515739988748 0.0014970173959882702
301 600.0 4151.0 13.836666666666666 0.0690895894333286 0.02337228714524207 0.002028884387645742 0.382015306122449 0.024161537038887747 0.0017335961666881663
302 600.0 4151.0 13.836666666666666 0.0690895894333286 0.021702838063439065 0.001347199822246707 0.38845654993514916 0.03426765483173842 0.0015804058985528055
303 600.0 4151.0 13.836666666666666 0.0690895894333286 0.01335559265442404 0.00025459402832982 0.37696664568911264 0.02373697416282534 0.001008458476556969
304 600.0 4151.0 13.836666666666666 0.0690895894333286 0.018363939899833055 0.001134180019093868 0.38323736404350606 0.027131494594923245 0.0013630572665833162
305 600.0 4151.0 13.836666666666666 0.0690895894333286 0.02003338898163606 0.0011175943580344896 0.3998664886515354 0.037765772334568605 0.001455300644405915
306 600.0 4151.0 13.836666666666666 0.0690895894333286 0.01669449081803005 0.0006298390204545861 0.3586826347305389 0.013540675222056379 0.001263866811346162
307 600.0 4151.0 13.836666666666666 0.0690895894333286 0.015025041736227046 0.0006876041302944773 0.3668095529699939 0.01645043888883597 0.0011488121081840497
308 600.0 4151.0 13.836666666666666 0.0690895894333286 0.015025041736227046 0.00042458539442921574 0.3523529411764706 0.014288401860662674 0.0011471312060234037
309 600.0 4151.0 13.836666666666666 0.0690895894333286 0.02337228714524207 0.0022732372376389445 0.3930446194225722 0.03196581577278343 0.0017151108379123417
31 600.0 4151.0 13.836666666666666 0.0690895894333286 0.035058430717863104 0.0031499258896957104 0.43500363108206247 0.06357812778658298 0.0023937421926845098
310 600.0 4151.0 13.836666666666666 0.0690895894333286 0.015025041736227046 0.000682432235441565 0.354647720544701 0.011246747191558937 0.0011611566739409339
311 600.0 4151.0 13.836666666666666 0.0690895894333286 0.021702838063439065 0.0019923951227082052 0.3825031928480204 0.023533865769203723 0.0016049667339237714
312 600.0 4151.0 13.836666666666666 0.0690895894333286 0.018363939899833055 0.0010135093153316181 0.37484355444305384 0.01875755945978555 0.0013711006408035284
313 600.0 4151.0 13.836666666666666 0.0690895894333286 0.01669449081803005 0.0011090487788203822 0.3882047958522359 0.026765213762376006 0.0012623620482836574
314 600.0 4151.0 13.836666666666666 0.0690895894333286 0.015025041736227046 0.0006017860584234279 0.3679361179361179 0.01862628162158158 0.0011421976881349138
315 600.0 4151.0 13.836666666666666 0.0690895894333286 0.02003338898163606 0.0012459179362103061 0.38080101716465353 0.023668201048529684 0.0014670778002524127
316 600.0 4151.0 13.836666666666666 0.0690895894333286 0.01335559265442404 0.0002812752015325527 0.3674846625766871 0.018146365795328738 0.0010143385777042415
317 600.0 4151.0 13.836666666666666 0.0690895894333286 0.015025041736227046 0.0005701556512449413 0.34825581395348837 0.008803852225335551 0.0011614214069110133
318 600.0 4151.0 13.836666666666666 0.0690895894333286 0.018363939899833055 0.0010828796146770485 0.3829923273657289 0.027557642955848314 0.0013644854574635648
319 600.0 4151.0 13.836666666666666 0.0690895894333286 0.011686143572621035 0.00035395160067158926 0.374375 0.02125956101142304 0.0009103014714770712
32 600.0 4151.0 13.836666666666666 0.0690895894333286 0.05342237061769616 0.009807005703172328 0.44206642066420665 0.07044158488773455 0.0036490453022126213
320 600.0 4151.0 13.836666666666666 0.0690895894333286 0.018363939899833055 0.0012274666577135667 0.38795336787564766 0.02876167161234962 0.001359132501692644
321 600.0 4151.0 13.836666666666666 0.0690895894333286 0.011686143572621035 0.00028366208631203516 0.36435523114355234 0.015185563470481892 0.0009047298646115939
322 600.0 4151.0 13.836666666666666 0.0690895894333286 0.01335559265442404 0.00042037582243848403 0.38446726572528883 0.026678133246956816 0.0010068392984387596
323 600.0 4151.0 13.836666666666666 0.0690895894333286 0.011686143572621035 0.00016421017160458338 0.3578255675029869 0.015970495734954588 0.0009065272872920272
324 600.0 4151.0 13.836666666666666 0.0690895894333286 0.01669449081803005 0.0007254946034011005 0.36281041792852814 0.015399600115667576 0.0012573603027791177
325 600.0 4151.0 13.836666666666666 0.0690895894333286 0.01669449081803005 0.000991251687564648 0.3722809198259789 0.020566700109775325 0.0012575270625830074
326 600.0 4151.0 13.836666666666666 0.0690895894333286 0.015025041736227046 0.0005304934647707831 0.3739076154806492 0.021816645258618973 0.0011328597936936617
327 600.0 4151.0 13.836666666666666 0.0690895894333286 0.01335559265442404 0.00039500065819861763 0.35761194029850746 0.012289266121376327 0.001033980614645407
328 600.0 4151.0 13.836666666666666 0.0690895894333286 0.015025041736227046 0.0005173709031869321 0.3591127098321343 0.015277306136775751 0.0011525789168250222
329 600.0 4151.0 13.836666666666666 0.0690895894333286 0.015025041736227046 0.000875228856686812 0.3951187335092348 0.030185640392517723 0.0011303101901104663
33 600.0 4151.0 13.836666666666666 0.0690895894333286 0.08180300500834725 0.018691397012750327 0.47277032359905286 0.09944627068097753 0.0054670230584874715
330 600.0 4151.0 13.836666666666666 0.0690895894333286 0.01669449081803005 0.0008112533988506497 0.3715880893300248 0.017207691075716004 0.0012536570368995672
331 600.0 4151.0 13.836666666666666 0.0690895894333286 0.021702838063439065 0.0014134195253737998 0.37460913070669166 0.021502527180610208 0.0016084599924447115
332 600.0 4151.0 13.836666666666666 0.0690895894333286 0.011686143572621035 0.00032007807585036343 0.37507827175954916 0.022001323071409097 0.0009045548334993983
333 600.0 4151.0 13.836666666666666 0.0690895894333286 0.015025041736227046 0.0007504287096617627 0.37744171392564585 0.019039737019178177 0.001140323532329154
334 600.0 4151.0 13.836666666666666 0.0690895894333286 0.011686143572621035 0.00022264039702081978 0.34906759906759904 0.012225281110684863 0.0009216373363171787
335 600.0 4151.0 13.836666666666666 0.0690895894333286 0.018363939899833055 0.0012678137013880542 0.39099216710182766 0.02976042940943674 0.0013567409851859649
336 600.0 4151.0 13.836666666666666 0.0690895894333286 0.011686143572621035 0.00020430313304803185 0.36347087378640774 0.01708801949697437 0.0008989396138293457
337 600.0 4151.0 13.836666666666666 0.0690895894333286 0.011686143572621035 0.0002980390661673374 0.3711276332094176 0.02018431232853701 0.0009034735139535695
338 600.0 4151.0 13.836666666666666 0.0690895894333286 0.02003338898163606 0.0011623939734067262 0.37021013597033375 0.018141231852914465 0.0014948228569321089
339 600.0 4151.0 13.836666666666666 0.0690895894333286 0.018363939899833055 0.0013613989611455499 0.38695090439276486 0.025132711082676895 0.001364929336407827
34 600.0 4151.0 13.836666666666666 0.0690895894333286 0.03005008347245409 0.0024856073827825387 0.41481994459833793 0.0493392777856547 0.002101166494877739
340 600.0 4151.0 13.836666666666666 0.0690895894333286 0.01669449081803005 0.0004998584684704262 0.3595438175270108 0.017819902632702726 0.001255774614361682
341 600.0 4151.0 13.836666666666666 0.0690895894333286 0.021702838063439065 0.0014403435901989845 0.3683886838868389 0.016198220201595868 0.0016076594257854334
342 600.0 4151.0 13.836666666666666 0.0690895894333286 0.01669449081803005 0.0007772471115074378 0.3652439024390244 0.0170682669413282 0.0012584923504939953
343 600.0 4151.0 13.836666666666666 0.0690895894333286 0.01669449081803005 0.0011884075990020427 0.37696664568911264 0.021943336533501903 0.0012617376988031158
344 600.0 4151.0 13.836666666666666 0.0690895894333286 0.02337228714524207 0.0025232862296592712 0.38620245003223724 0.021874271001248953 0.0017262424053128113
345 600.0 4151.0 13.836666666666666 0.0690895894333286 0.01669449081803005 0.0007443333215391253 0.3595438175270108 0.014569351022057222 0.001276531006513744
346 600.0 4151.0 13.836666666666666 0.0690895894333286 0.02003338898163606 0.001177127245773399 0.3584679832435667 0.01260806010296178 0.0015177613052256103
347 600.0 4151.0 13.836666666666666 0.0690895894333286 0.015025041736227046 0.0006723984645732784 0.37274424393279404 0.020269995179976262 0.0011391501954352843
348 600.0 4151.0 13.836666666666666 0.0690895894333286 0.015025041736227046 0.00043710537074900276 0.36479902557856275 0.019040371732294885 0.001134570738437756
349 600.0 4151.0 13.836666666666666 0.0690895894333286 0.015025041736227046 0.0005823456564559887 0.3725124378109453 0.019454997708668917 0.001144817481119994
35 600.0 4151.0 13.836666666666666 0.0690895894333286 0.0667779632721202 0.011705867618280855 0.46434108527131784 0.09541807236058432 0.004469973589374166
350 600.0 4151.0 13.836666666666666 0.0690895894333286 0.01669449081803005 0.0009347902562438908 0.37983512999365887 0.021332955774700308 0.0012520102950620816
351 600.0 4151.0 13.836666666666666 0.0690895894333286 0.018363939899833055 0.0012102553767805912 0.38695090439276486 0.029121729076353044 0.001366847398814858
352 600.0 4151.0 13.836666666666666 0.0690895894333286 0.01669449081803005 0.0008447116074664742 0.3829923273657289 0.02868983987778117 0.0012379785217950918
353 600.0 4151.0 13.836666666666666 0.0690895894333286 0.021702838063439065 0.0018847156133135982 0.38422065426555485 0.026855363153315284 0.0016073756300891656
354 600.0 4151.0 13.836666666666666 0.0690895894333286 0.011686143572621035 0.0003076184054881273 0.3779179810725552 0.02104031671896157 0.0008980565061675961
355 600.0 4151.0 13.836666666666666 0.0690895894333286 0.01335559265442404 0.00035471399818221705 0.37744171392564585 0.02013561866321085 0.0010211417504011222
356 600.0 4151.0 13.836666666666666 0.0690895894333286 0.01669449081803005 0.0007130823132344547 0.36725935009196814 0.01823685488469041 0.0012636675558601652
357 600.0 4151.0 13.836666666666666 0.0690895894333286 0.018363939899833055 0.0008205968362905739 0.3793540215326156 0.027066609079912773 0.0013772567597363462
358 600.0 4151.0 13.836666666666666 0.0690895894333286 0.015025041736227046 0.0005804262635421771 0.3786346396965866 0.021622357408571567 0.0011434028900247587
359 600.0 4151.0 13.836666666666666 0.0690895894333286 0.02003338898163606 0.0013458794332971162 0.37720403022670024 0.024540760561050118 0.001484330189746049
36 600.0 4151.0 13.836666666666666 0.0690895894333286 0.02671118530884808 0.001619737235860604 0.4227240649258998 0.056229813308098196 0.0018415021155910863
360 600.0 4151.0 13.836666666666666 0.0690895894333286 0.018363939899833055 0.0010263173381855914 0.36149668074834035 0.014157519782969237 0.0013978481648388463
361 600.0 4151.0 13.836666666666666 0.0690895894333286 0.011686143572621035 0.00031564854928962504 0.36435523114355234 0.017992467042351235 0.0009180816832528476
362 600.0 4151.0 13.836666666666666 0.0690895894333286 0.011686143572621035 0.00020790775722660974 0.36215235792019346 0.01575387729023286 0.0009029918617925696
363 600.0 4151.0 13.836666666666666 0.0690895894333286 0.01335559265442404 0.00048431251711502846 0.36303030303030304 0.013490282251175687 0.00103905899308605
364 600.0 4151.0 13.836666666666666 0.0690895894333286 0.011686143572621035 0.00023518342876275764 0.37625628140703515 0.024293912976866835 0.0008991264901965967
365 600.0 4151.0 13.836666666666666 0.0690895894333286 0.01335559265442404 0.00035403980466664864 0.36613691931540343 0.018008394030572666 0.0010188795950031812
366 600.0 4151.0 13.836666666666666 0.0690895894333286 0.01335559265442404 0.00043894246660226594 0.34584295612009236 0.009233991935708692 0.0010554400050224845
367 600.0 4151.0 13.836666666666666 0.0690895894333286 0.01669449081803005 0.0007456929466274274 0.3720496894409938 0.018699796569947472 0.0012525687126685885
368 600.0 4151.0 13.836666666666666 0.0690895894333286 0.015025041736227046 0.0007446442451048211 0.3867010974822466 0.02828563562943247 0.0011232934514919897
369 600.0 4151.0 13.836666666666666 0.0690895894333286 0.015025041736227046 0.0007246711240418663 0.3852090032154341 0.027951001092542456 0.0011307265386998298
37 600.0 4151.0 13.836666666666666 0.0690895894333286 0.038397328881469114 0.004196941104250511 0.41742160278745644 0.0479539992978447 0.002664777829822816
370 600.0 4151.0 13.836666666666666 0.0690895894333286 0.015025041736227046 0.0005019979553066265 0.36725935009196814 0.017636478606817833 0.001139033165620627
371 600.0 4151.0 13.836666666666666 0.0690895894333286 0.01669449081803005 0.0008033461755042056 0.3822590938098277 0.025145155817398922 0.001248374361901471
372 600.0 4151.0 13.836666666666666 0.0690895894333286 0.015025041736227046 0.000647511252931133 0.35997596153846156 0.014695562632967075 0.0011544861004833605
373 600.0 4151.0 13.836666666666666 0.0690895894333286 0.011686143572621035 0.0002842967456274023 0.3776796973518285 0.023520486383690406 0.0008933059016636598
374 600.0 4151.0 13.836666666666666 0.0690895894333286 0.011686143572621035 0.0003072296205629368 0.3591127098321343 0.014056900064878593 0.0009212203923384696
375 600.0 4151.0 13.836666666666666 0.0690895894333286 0.01669449081803005 0.0007174542908788314 0.35975975975975977 0.013864055044509658 0.0012704439823873616
376 600.0 4151.0 13.836666666666666 0.0690895894333286 0.015025041736227046 0.0008186417572317855 0.3736743605739239 0.01996641130520576 0.001141674580482962
377 600.0 4151.0 13.836666666666666 0.0690895894333286 0.01669449081803005 0.0008530190974883284 0.38348271446862997 0.026214594335319124 0.0012497150762980818
378 600.0 4151.0 13.836666666666666 0.0690895894333286 0.015025041736227046 0.000733595989859995 0.374375 0.020987027167441576 0.0011403255477878851
379 600.0 4151.0 13.836666666666666 0.0690895894333286 0.01335559265442404 0.0007555008029212398 0.3867010974822466 0.02951374889425359 0.001008755235119646
38 600.0 4151.0 13.836666666666666 0.0690895894333286 0.06844741235392321 0.012291595002731349 0.46219135802469136 0.0904709623703391 0.004604079444253428
380 600.0 4151.0 13.836666666666666 0.0690895894333286 0.011686143572621035 0.00021817995745227454 0.3474477958236659 0.01118202178566959 0.000921558132626248
381 600.0 4151.0 13.836666666666666 0.0690895894333286 0.01669449081803005 0.0008779657827070295 0.37089783281733746 0.018710763206049374 0.0012570593685250556
382 600.0 4151.0 13.836666666666666 0.0690895894333286 0.01669449081803005 0.0008454677320510877 0.37578419071518193 0.020717228404247223 0.0012597928229901713
383 600.0 4151.0 13.836666666666666 0.0690895894333286 0.011686143572621035 0.00028459958683526286 0.3681622618315919 0.02002317801547224 0.0009098348380847977
384 600.0 4151.0 13.836666666666666 0.0690895894333286 0.018363939899833055 0.0008323985179145767 0.36127864897466827 0.014099642609373903 0.0013803850331655723
385 600.0 4151.0 13.836666666666666 0.0690895894333286 0.015025041736227046 0.0008067210721680496 0.3688423645320197 0.017491596158400357 0.001157432149331992
386 600.0 4151.0 13.836666666666666 0.0690895894333286 0.01335559265442404 0.0004199859101749432 0.35654761904761906 0.011198957648474825 0.0010419408039498486
387 600.0 4151.0 13.836666666666666 0.0690895894333286 0.01669449081803005 0.0007817029546421875 0.36281041792852814 0.014500168088976976 0.0012669607593751749
388 600.0 4151.0 13.836666666666666 0.0690895894333286 0.01335559265442404 0.0005399789494032476 0.37720403022670024 0.021158374673025417 0.0010164478977295294
389 600.0 4151.0 13.836666666666666 0.0690895894333286 0.015025041736227046 0.0004884476863833599 0.36040914560770154 0.01639637613995328 0.001159523100804766
39 600.0 4151.0 13.836666666666666 0.0690895894333286 0.05175292153589316 0.008968448589372052 0.4340579710144927 0.05803052465203038 0.0035739469315610333
390 600.0 4151.0 13.836666666666666 0.0690895894333286 0.015025041736227046 0.001184443081852079 0.37414116177389134 0.01935784363069738 0.0011556567142864838
391 600.0 4151.0 13.836666666666666 0.0690895894333286 0.01669449081803005 0.0006523243039888959 0.3619335347432024 0.014439742939614598 0.0012609787007868429
392 600.0 4151.0 13.836666666666666 0.0690895894333286 0.01335559265442404 0.0006057508972758333 0.37983512999365887 0.025133698789906806 0.0010185721191681876
393 600.0 4151.0 13.836666666666666 0.0690895894333286 0.011686143572621035 0.0004920128498631709 0.3729763387297634 0.01842721308105476 0.0009177916383730225
394 600.0 4151.0 13.836666666666666 0.0690895894333286 0.01335559265442404 0.0004985423522251167 0.37274424393279404 0.018628021314417195 0.001031677729709522
395 600.0 4151.0 13.836666666666666 0.0690895894333286 0.01335559265442404 0.0005256369182609651 0.37274424393279404 0.020741568905349093 0.0010189579980035418
396 600.0 4151.0 13.836666666666666 0.0690895894333286 0.01335559265442404 0.0004912286211410262 0.36636085626911313 0.01446837891285097 0.0010303319402777968
397 600.0 4151.0 13.836666666666666 0.0690895894333286 0.01669449081803005 0.0007295863134420187 0.36127864897466827 0.01454321338848019 0.001268209316048269
398 600.0 4151.0 13.836666666666666 0.0690895894333286 0.011686143572621035 0.00027080854565909374 0.34947491248541424 0.010147267750250516 0.0009319688053332951
399 600.0 4151.0 13.836666666666666 0.0690895894333286 0.01669449081803005 0.000875055287790226 0.36998147004323656 0.016885957316627637 0.0012602691864412032
4 600.0 4151.0 13.836666666666666 0.0690895894333286 0.10517529215358933 0.029389732159786533 0.4873881204231082 0.12202860145333458 0.00700284901315157
40 600.0 4151.0 13.836666666666666 0.0690895894333286 0.07679465776293823 0.018291759023957695 0.46290571870170016 0.0799424463247996 0.005217098573180183
400 600.0 4151.0 13.836666666666666 0.0690895894333286 0.015025041736227046 0.00048579444258114573 0.35570071258907365 0.014016298013752058 0.0011492068021758755
401 600.0 4151.0 13.836666666666666 0.0690895894333286 0.011686143572621035 0.00042332110566882584 0.35256032960565037 0.010425039108058535 0.0009296586365763474
402 600.0 4151.0 13.836666666666666 0.0690895894333286 0.01335559265442404 0.00047270868780894697 0.3776796973518285 0.02172822905819512 0.0010187540488479645
403 600.0 4151.0 13.836666666666666 0.0690895894333286 0.015025041736227046 0.0007146988369779426 0.36106088004822184 0.013447020071292256 0.0011581550996133051
404 600.0 4151.0 13.836666666666666 0.0690895894333286 0.01335559265442404 0.0005850300710613241 0.3586826347305389 0.011900080602178386 0.0010399464540249497
405 600.0 4151.0 13.836666666666666 0.0690895894333286 0.01335559265442404 0.0004056033532462076 0.36502132845825713 0.016836852512406044 0.0010238475698349883
406 600.0 4151.0 13.836666666666666 0.0690895894333286 0.015025041736227046 0.0008169466878237249 0.38128580521960537 0.0246172881068139 0.0011383064229715779
407 600.0 4151.0 13.836666666666666 0.0690895894333286 0.01335559265442404 0.00039858411544980743 0.3720496894409938 0.01832868938647035 0.0010209074655404865
408 600.0 4151.0 13.836666666666666 0.0690895894333286 0.011686143572621035 0.0002576129273196635 0.3584679832435667 0.01404837137581718 0.0009156844348047838
409 600.0 4151.0 13.836666666666666 0.0690895894333286 0.01335559265442404 0.00038697209334303097 0.35360094451003543 0.011920261352934308 0.001041407344168561
41 600.0 4151.0 13.836666666666666 0.0690895894333286 0.048414023372287146 0.006788559426413007 0.43690736688548504 0.071126793970386 0.003276559006144983
410 600.0 4151.0 13.836666666666666 0.0690895894333286 0.01335559265442404 0.0005304317748016968 0.3739076154806492 0.02254608826381742 0.001038678269158896
411 600.0 4151.0 13.836666666666666 0.0690895894333286 0.01335559265442404 0.0003656547453577183 0.3739076154806492 0.021097230979636578 0.0010045634895985076
412 600.0 4151.0 13.836666666666666 0.0690895894333286 0.018363939899833055 0.0009595598353919927 0.3867010974822466 0.030387371401500878 0.001365618998725455
413 600.0 4151.0 13.836666666666666 0.0690895894333286 0.01335559265442404 0.0004548374903937932 0.3540189125295508 0.012109767279707641 0.0010386695153847064
414 600.0 4151.0 13.836666666666666 0.0690895894333286 0.018363939899833055 0.001224437906407226 0.37484355444305384 0.01837710221952406 0.0013707987833872395
415 600.0 4151.0 13.836666666666666 0.0690895894333286 0.015025041736227046 0.0007644133791431054 0.37649277184160906 0.022685940271850568 0.001154731824170687
416 600.0 4151.0 13.836666666666666 0.0690895894333286 0.01335559265442404 0.0005391743434200752 0.36040914560770154 0.012384522103412267 0.0010409509700208034
417 600.0 4151.0 13.836666666666666 0.0690895894333286 0.01669449081803005 0.0012076471678174948 0.374375 0.02066431215267505 0.001263515795687896
418 600.0 4151.0 13.836666666666666 0.0690895894333286 0.01335559265442404 0.0004986088317247111 0.3688423645320197 0.019219505475674175 0.0010293050377736808
419 600.0 4151.0 13.836666666666666 0.0690895894333286 0.015025041736227046 0.0008643147223120682 0.37531328320802004 0.019359887582380792 0.0011412508770784644
42 600.0 4151.0 13.836666666666666 0.0690895894333286 0.06010016694490818 0.01320345040795042 0.4541319181197877 0.07743481627095476 0.004119646525777217
420 600.0 4151.0 13.836666666666666 0.0690895894333286 0.011686143572621035 0.0002530951348656342 0.34664351851851855 0.010931513660486909 0.0009309844918470735
421 600.0 4151.0 13.836666666666666 0.0690895894333286 0.015025041736227046 0.0009257403215768591 0.37066831683168316 0.018126087909122294 0.001156049568680715
422 600.0 4151.0 13.836666666666666 0.0690895894333286 0.015025041736227046 0.0008430436732973027 0.37959442332065907 0.02582288494762492 0.0011413386907468425
423 600.0 4151.0 13.836666666666666 0.0690895894333286 0.018363939899833055 0.0011117713614514125 0.3739076154806492 0.01933398289892567 0.0013856073765472245
424 600.0 4151.0 13.836666666666666 0.0690895894333286 0.01335559265442404 0.0005250855553025159 0.3542282672974571 0.010906610386214322 0.0010510299108733336
425 600.0 4151.0 13.836666666666666 0.0690895894333286 0.01335559265442404 0.0006660947808858373 0.3623714458560194 0.015231342871249198 0.0010524280129789853
426 600.0 4151.0 13.836666666666666 0.0690895894333286 0.015025041736227046 0.0010678199952785133 0.3683886838868389 0.016016883688662876 0.001176450804386601
427 600.0 4151.0 13.836666666666666 0.0690895894333286 0.015025041736227046 0.0005085019017122231 0.3591127098321343 0.013749253274060711 0.0011537217525861318
428 600.0 4151.0 13.836666666666666 0.0690895894333286 0.01335559265442404 0.0002790059361368511 0.3734413965087282 0.023141728299571614 0.0010032875248965783
429 600.0 4151.0 13.836666666666666 0.0690895894333286 0.011686143572621035 0.00042395225952952917 0.3788741302972802 0.022860129308764278 0.0009045513896513131
43 600.0 4151.0 13.836666666666666 0.0690895894333286 0.038397328881469114 0.004185499306275465 0.4230225988700565 0.055959873345582015 0.0026487173678736782
430 600.0 4151.0 13.836666666666666 0.0690895894333286 0.011686143572621035 0.0003628167078787295 0.3529758397171479 0.010665894563759735 0.0009275517990933259
431 600.0 4151.0 13.836666666666666 0.0690895894333286 0.011686143572621035 0.0002867832811678368 0.34366035570854847 0.008555849872414565 0.0009362692880729043
432 600.0 4151.0 13.836666666666666 0.0690895894333286 0.011686143572621035 0.00026084932318756293 0.3722809198259789 0.02150242783954837 0.0008968176582680026
433 600.0 4151.0 13.836666666666666 0.0690895894333286 0.01335559265442404 0.0003317241016505629 0.36040914560770154 0.014936093661429577 0.0010277890841566247
434 600.0 4151.0 13.836666666666666 0.0690895894333286 0.01669449081803005 0.001191905999031296 0.3779179810725552 0.020089281646875665 0.00127443067150177
435 600.0 4151.0 13.836666666666666 0.0690895894333286 0.011686143572621035 0.0003576711867396082 0.3593281343731254 0.013800543252220913 0.0009178956240088346
436 600.0 4151.0 13.836666666666666 0.0690895894333286 0.01669449081803005 0.0015177538409783622 0.3822590938098277 0.025163591807313965 0.0012615856208013105
437 600.0 4151.0 13.836666666666666 0.0690895894333286 0.01669449081803005 0.0010545721182447056 0.37983512999365887 0.025350606508984058 0.0012595748008051408
438 600.0 4151.0 13.836666666666666 0.0690895894333286 0.011686143572621035 0.00034426799924320445 0.3632504548211037 0.015248490914689633 0.0009300661431908911
439 600.0 4151.0 13.836666666666666 0.0690895894333286 0.01335559265442404 0.0003045904606604534 0.3474477958236659 0.010595830892229142 0.0010498209842271975
44 600.0 4151.0 13.836666666666666 0.0690895894333286 0.06010016694490818 0.010212265787621747 0.430316091954023 0.05908095820115046 0.004126055381526237
440 600.0 4151.0 13.836666666666666 0.0690895894333286 0.011686143572621035 0.0002793782868878888 0.37815656565656564 0.024836503008439606 0.0009064000802240267
441 600.0 4151.0 13.836666666666666 0.0690895894333286 0.011686143572621035 0.0002724575016456634 0.35318396226415094 0.01118653248141575 0.0009213387645865246
442 600.0 4151.0 13.836666666666666 0.0690895894333286 0.01335559265442404 0.00046841271063676707 0.3736743605739239 0.018765595392225068 0.001028976091925747
443 600.0 4151.0 13.836666666666666 0.0690895894333286 0.015025041736227046 0.0006716118784238262 0.3683886838868389 0.019067714066588907 0.0011519515791578701
444 600.0 4151.0 13.836666666666666 0.0690895894333286 0.011686143572621035 0.00023027908201407883 0.34014764338444065 0.00881060998307465 0.0009359780504149128
445 600.0 4151.0 13.836666666666666 0.0690895894333286 0.01335559265442404 0.0006177473423373866 0.3569725864123957 0.010734515415051446 0.0010467605372745286
446 600.0 4151.0 13.836666666666666 0.0690895894333286 0.015025041736227046 0.00044721451666204055 0.3683886838868389 0.017365025746045513 0.0011368746322582357
447 600.0 4151.0 13.836666666666666 0.0690895894333286 0.01335559265442404 0.00047815799444623624 0.36019242333132895 0.015789492680211164 0.0010378095016383712
448 600.0 4151.0 13.836666666666666 0.0690895894333286 0.01669449081803005 0.0008617194082198213 0.35173223722842045 0.009073324760150808 0.0012909390020224218
449 600.0 4151.0 13.836666666666666 0.0690895894333286 0.01335559265442404 0.0005436601612686032 0.38323736404350606 0.026691939447856042 0.0010151971222361004
45 600.0 4151.0 13.836666666666666 0.0690895894333286 0.03171953255425709 0.0027818392439092534 0.4114010989010989 0.048166519194076246 0.0022086533440606637
450 600.0 4151.0 13.836666666666666 0.0690895894333286 0.015025041736227046 0.0006438364427967888 0.3591127098321343 0.012765841943558242 0.0011561619458420117
451 600.0 4151.0 13.836666666666666 0.0690895894333286 0.011686143572621035 0.0002194333883966814 0.37089783281733746 0.018671907328931796 0.0008965481038749051
452 600.0 4151.0 13.836666666666666 0.0690895894333286 0.011686143572621035 0.00025636019960044855 0.37839545167403665 0.0230606943398249 0.000897571126049173
453 600.0 4151.0 13.836666666666666 0.0690895894333286 0.01669449081803005 0.0012451112436678202 0.38104325699745545 0.021411437029250326 0.0012710377397038876
454 600.0 4151.0 13.836666666666666 0.0690895894333286 0.015025041736227046 0.0004018059323080607 0.3779179810725552 0.026014820433214455 0.0011177228317704598
455 600.0 4151.0 13.836666666666666 0.0690895894333286 0.01335559265442404 0.00042272027681369937 0.35339233038348083 0.011018574070621574 0.0010407887344393162
456 600.0 4151.0 13.836666666666666 0.0690895894333286 0.01669449081803005 0.0006178422785349494 0.3584679832435667 0.014744847320351294 0.0012726917259745303
457 600.0 4151.0 13.836666666666666 0.0690895894333286 0.015025041736227046 0.0006753901198647974 0.37720403022670024 0.024973869838017006 0.0011375329013876463
458 600.0 4151.0 13.836666666666666 0.0690895894333286 0.011686143572621035 0.00029666259321974026 0.373208722741433 0.017979205081871123 0.0009109984205619553
459 600.0 4151.0 13.836666666666666 0.0690895894333286 0.01335559265442404 0.0006243046115715919 0.37135771853688776 0.018634195831365507 0.0010355475254922462
46 600.0 4151.0 13.836666666666666 0.0690895894333286 0.05843071786310518 0.009474580926435387 0.42755174875089225 0.05773337989873752 0.004004084491714499
460 600.0 4151.0 13.836666666666666 0.0690895894333286 0.015025041736227046 0.0006371224705304941 0.3729763387297634 0.020016214576930612 0.0011432268602846914
461 600.0 4151.0 13.836666666666666 0.0690895894333286 0.01335559265442404 0.00040495172511855403 0.3697530864197531 0.021697857316424263 0.0010327856632786508
462 600.0 4151.0 13.836666666666666 0.0690895894333286 0.011686143572621035 0.0004404029434967415 0.3793540215326156 0.023720782090186184 0.0009044502641003267
463 600.0 4151.0 13.836666666666666 0.0690895894333286 0.01335559265442404 0.0005533732475434456 0.3734413965087282 0.01868686804627658 0.0010301275745949958
464 600.0 4151.0 13.836666666666666 0.0690895894333286 0.01335559265442404 0.00037924737040022745 0.3786346396965866 0.02368252244022587 0.0010147350832080103
465 600.0 4151.0 13.836666666666666 0.0690895894333286 0.01335559265442404 0.0007550729881393232 0.3837283792440743 0.023418328626172248 0.0010268843888555906
466 600.0 4151.0 13.836666666666666 0.0690895894333286 0.01335559265442404 0.00044588465469393087 0.3595438175270108 0.012813598568658446 0.00103065535367504
467 600.0 4151.0 13.836666666666666 0.0690895894333286 0.011686143572621035 0.00024184691539358321 0.36149668074834035 0.015793855721395425 0.0009121820541121534
468 600.0 4151.0 13.836666666666666 0.0690895894333286 0.01335559265442404 0.0005607918953030163 0.35360094451003543 0.01105246215901828 0.0010557268470923558
469 600.0 4151.0 13.836666666666666 0.0690895894333286 0.011686143572621035 0.0002483945185976456 0.3623714458560194 0.013988526914786116 0.0009115881605580451
47 600.0 4151.0 13.836666666666666 0.0690895894333286 0.025041736227045076 0.0018688621657496018 0.4097127222982216 0.045237721698741615 0.0017666197269508095
470 600.0 4151.0 13.836666666666666 0.0690895894333286 0.011686143572621035 0.0003504601137886137 0.36062612883804934 0.012484739404574034 0.0009178457573179499
471 600.0 4151.0 13.836666666666666 0.0690895894333286 0.011686143572621035 0.00033656688851138415 0.3739076154806492 0.019128119983415043 0.0009068261302836557
472 600.0 4151.0 13.836666666666666 0.0690895894333286 0.015025041736227046 0.0006567098998508531 0.36952498457742133 0.017027689815296003 0.001161303311957951
473 600.0 4151.0 13.836666666666666 0.0690895894333286 0.015025041736227046 0.0007913413279301017 0.36703431372549017 0.016447203186836602 0.0011513839283481073
474 600.0 4151.0 13.836666666666666 0.0690895894333286 0.02003338898163606 0.001511575991423024 0.3692971639950678 0.015538245832751417 0.001522253721982053
475 600.0 4151.0 13.836666666666666 0.0690895894333286 0.01669449081803005 0.0009951575049143761 0.3722809198259789 0.020197149937044145 0.0012621873800224177
476 600.0 4151.0 13.836666666666666 0.0690895894333286 0.011686143572621035 0.00041250599526215966 0.38620245003223724 0.027169371783063313 0.0009084143822535431
477 600.0 4151.0 13.836666666666666 0.0690895894333286 0.01335559265442404 0.0007548419618375243 0.36546674801708356 0.014530049261460457 0.0010409042974692743
478 600.0 4151.0 13.836666666666666 0.0690895894333286 0.01335559265442404 0.00048771962922589124 0.36998147004323656 0.018477841325763293 0.001026365786983995
479 600.0 4151.0 13.836666666666666 0.0690895894333286 0.011686143572621035 0.00035046983858968663 0.37602008788449465 0.01961262593394524 0.0009000603345550681
48 600.0 4151.0 13.836666666666666 0.0690895894333286 0.05509181969949917 0.011215034992048884 0.4507148231753198 0.06735198375028345 0.003767842750667157
480 600.0 4151.0 13.836666666666666 0.0690895894333286 0.01669449081803005 0.0008994832041392053 0.3578255675029869 0.012479553387892896 0.001291602104783973
481 600.0 4151.0 13.836666666666666 0.0690895894333286 0.011686143572621035 0.00031054842174516907 0.36040914560770154 0.013932452493029348 0.0009266679977878202
482 600.0 4151.0 13.836666666666666 0.0690895894333286 0.01335559265442404 0.0005739595613388666 0.3779179810725552 0.023957921778365796 0.0010302894385192567
483 600.0 4151.0 13.836666666666666 0.0690895894333286 0.011686143572621035 0.00025604079255046544 0.33613916947250283 0.007064377938570342 0.0009510530203143346
484 600.0 4151.0 13.836666666666666 0.0690895894333286 0.011686143572621035 0.00033365979226654375 0.36998147004323656 0.01846130854048926 0.0009114124334542385
485 600.0 4151.0 13.836666666666666 0.0690895894333286 0.011686143572621035 0.000275233636043208 0.3586826347305389 0.013818542300849338 0.0009237566692813913
486 600.0 4151.0 13.836666666666666 0.0690895894333286 0.01335559265442404 0.0007199030512489627 0.3690696241528035 0.016797337596492257 0.001046581805822986
487 600.0 4151.0 13.836666666666666 0.0690895894333286 0.011686143572621035 0.00036471001474841687 0.380559085133418 0.023987822341180284 0.000914708146245465
488 600.0 4151.0 13.836666666666666 0.0690895894333286 0.011686143572621035 0.00033124027910235994 0.3697530864197531 0.0172456704914108 0.000912091589336697
489 600.0 4151.0 13.836666666666666 0.0690895894333286 0.01335559265442404 0.000593185921764169 0.3852090032154341 0.026005192751080253 0.0010135374625640336
49 600.0 4151.0 13.836666666666666 0.0690895894333286 0.05509181969949917 0.009610859398213623 0.4388278388278388 0.0658176152256265 0.003775937421003976
490 600.0 4151.0 13.836666666666666 0.0690895894333286 0.011686143572621035 0.00036819685204466025 0.36106088004822184 0.014739933738787769 0.0009187956285497471
491 600.0 4151.0 13.836666666666666 0.0690895894333286 0.015025041736227046 0.0008405140380960546 0.38620245003223724 0.026565883091500132 0.0011391783014415248
492 600.0 4151.0 13.836666666666666 0.0690895894333286 0.011686143572621035 0.0002983955266239309 0.3636915604128719 0.014224157227382012 0.0009036620346840245
493 600.0 4151.0 13.836666666666666 0.0690895894333286 0.01335559265442404 0.0004980747882964301 0.3478513356562137 0.00871100228341384 0.0010591722183930772
494 600.0 4151.0 13.836666666666666 0.0690895894333286 0.011686143572621035 0.0003683973502054881 0.3681622618315919 0.01666665660235264 0.0009183847801693305
495 600.0 4151.0 13.836666666666666 0.0690895894333286 0.01335559265442404 0.00042844725987845576 0.35570071258907365 0.012495398070839074 0.0010444632584844377
496 600.0 4151.0 13.836666666666666 0.0690895894333286 0.011686143572621035 0.000249082465993102 0.36062612883804934 0.015267527494182427 0.000913590325245154
497 600.0 4151.0 13.836666666666666 0.0690895894333286 0.01335559265442404 0.0006343922304012803 0.36391251518833534 0.01581188981620605 0.0010533171763340047
498 600.0 4151.0 13.836666666666666 0.0690895894333286 0.01335559265442404 0.0004809253212976043 0.35173223722842045 0.009837914084340083 0.0010495039822938689
499 600.0 4151.0 13.836666666666666 0.0690895894333286 0.011686143572621035 0.00026986174778950174 0.3405343945423536 0.008203657960118469 0.0009455826736876304
5 600.0 4151.0 13.836666666666666 0.0690895894333286 0.1686143572621035 0.07200541265859343 0.5324444444444445 0.19977738679242346 0.011179982819606136
50 600.0 4151.0 13.836666666666666 0.0690895894333286 0.035058430717863104 0.003825524794297572 0.41742160278745644 0.05167464570568033 0.0024423193790766855
500 600.0 4151.0 13.836666666666666 0.0690895894333286 0.011686143572621035 0.0002554321509393151 0.36725935009196814 0.016975381552137778 0.0009058833365767681
501 600.0 4151.0 13.836666666666666 0.0690895894333286 0.01335559265442404 0.0005809843232018791 0.36703431372549017 0.015738496884938454 0.0010356168823408732
502 600.0 4151.0 13.836666666666666 0.0690895894333286 0.011686143572621035 0.0003199338167030296 0.3608433734939759 0.014071292117227789 0.0009146321007459681
503 600.0 4151.0 13.836666666666666 0.0690895894333286 0.01335559265442404 0.0005028179032113064 0.382015306122449 0.02565169942520516 0.0010109445354946583
504 600.0 4151.0 13.836666666666666 0.0690895894333286 0.015025041736227046 0.0007458604431795623 0.3711276332094176 0.0177276162830635 0.0011582277931489523
505 600.0 4151.0 13.836666666666666 0.0690895894333286 0.011686143572621035 0.00031388556808673067 0.3567599761762954 0.012781122054859621 0.0009285589149270287
506 600.0 4151.0 13.836666666666666 0.0690895894333286 0.01335559265442404 0.0008056797164316843 0.37460913070669166 0.017757836096098798 0.0010345798093204643
507 600.0 4151.0 13.836666666666666 0.0690895894333286 0.011686143572621035 0.00029844377864837816 0.34988317757009346 0.010436803597925395 0.0009288503672531488
508 600.0 4151.0 13.836666666666666 0.0690895894333286 0.01335559265442404 0.0003586492362676988 0.36391251518833534 0.01845647135414182 0.0010285689499294442
509 600.0 4151.0 13.836666666666666 0.0690895894333286 0.011686143572621035 0.00029162346257532106 0.3636915604128719 0.018229508294912156 0.0009220312253129032
51 600.0 4151.0 13.836666666666666 0.0690895894333286 0.03171953255425709 0.002725207865846908 0.41976173791170285 0.05033833432859843 0.0021769556951044926
510 600.0 4151.0 13.836666666666666 0.0690895894333286 0.01335559265442404 0.000478701554260291 0.3584679832435667 0.015767733272363454 0.00104547557531094
511 600.0 4151.0 13.836666666666666 0.0690895894333286 0.011686143572621035 0.0004253700357855381 0.3734413965087282 0.01988942558855243 0.0009209866434709752
512 600.0 4151.0 13.836666666666666 0.0690895894333286 0.015025041736227046 0.0005641822558269612 0.34464902186421176 0.007929942118494291 0.0011888625259714844
513 600.0 4151.0 13.836666666666666 0.0690895894333286 0.01335559265442404 0.0003900318783212422 0.3864516129032258 0.028514677787756376 0.0010078084019871742
514 600.0 4151.0 13.836666666666666 0.0690895894333286 0.01335559265442404 0.00043161196861765596 0.37649277184160906 0.02163470234056108 0.001021933140713728
515 600.0 4151.0 13.836666666666666 0.0690895894333286 0.011686143572621035 0.00036137593339602176 0.36771025168815225 0.01836914637486632 0.0009197001534563577
516 600.0 4151.0 13.836666666666666 0.0690895894333286 0.01335559265442404 0.0004318874592590827 0.3542282672974571 0.011410977844086113 0.0010469868859937523
517 600.0 4151.0 13.836666666666666 0.0690895894333286 0.011686143572621035 0.00027119094235586406 0.3593281343731254 0.013402687273704326 0.0009130856083100744
518 600.0 4151.0 13.836666666666666 0.0690895894333286 0.011686143572621035 0.00016308357929890898 0.37649277184160906 0.021900713364689264 0.0008886040368822831
519 600.0 4151.0 13.836666666666666 0.0690895894333286 0.015025041736227046 0.0005239921194329915 0.36106088004822184 0.014254833272568873 0.0011452585623937918
52 600.0 4151.0 13.836666666666666 0.0690895894333286 0.05175292153589316 0.0069999745418481835 0.4269422665716322 0.06341011361138514 0.0035408111728012373
520 600.0 4151.0 13.836666666666666 0.0690895894333286 0.011686143572621035 0.0002006346954517584 0.36546674801708356 0.018702970495586602 0.0009141538204312195
521 600.0 4151.0 13.836666666666666 0.0690895894333286 0.01335559265442404 0.0006261527503123726 0.3800761421319797 0.02317028851818462 0.0010346154379287458
522 600.0 4151.0 13.836666666666666 0.0690895894333286 0.01335559265442404 0.000480828128681831 0.37815656565656564 0.02341317661669022 0.0010232871259976723
523 600.0 4151.0 13.836666666666666 0.0690895894333286 0.01335559265442404 0.0004915786008155811 0.3544378698224852 0.010903653089172786 0.001058398711019785
524 600.0 4151.0 13.836666666666666 0.0690895894333286 0.011686143572621035 0.0003158741036750665 0.34366035570854847 0.008673641993377145 0.0009474705423337549
525 600.0 4151.0 13.836666666666666 0.0690895894333286 0.011686143572621035 0.00041618681510279914 0.3674846625766871 0.015748671926340486 0.0009108727057810345
526 600.0 4151.0 13.836666666666666 0.0690895894333286 0.011686143572621035 0.0003129634783772129 0.3718187461204221 0.020588723311573513 0.0009149435642906583
527 600.0 4151.0 13.836666666666666 0.0690895894333286 0.011686143572621035 0.00038764368390075164 0.34866123399301513 0.008152394960539856 0.0009444390903565094
528 600.0 4151.0 13.836666666666666 0.0690895894333286 0.011686143572621035 0.00029334906071532094 0.343857634902411 0.009457466174958169 0.0009301942776871558
529 600.0 4151.0 13.836666666666666 0.0690895894333286 0.011686143572621035 0.00028619853747563435 0.38620245003223724 0.02492301527098918 0.000896728785595322
53 600.0 4151.0 13.836666666666666 0.0690895894333286 0.04674457429048414 0.0063646887899122115 0.4328034682080925 0.05932673501659748 0.0031775174216477774
530 600.0 4151.0 13.836666666666666 0.0690895894333286 0.011686143572621035 0.0002688263142295665 0.35997596153846156 0.013986980730886736 0.0009119784974859668
531 600.0 4151.0 13.836666666666666 0.0690895894333286 0.011686143572621035 0.00035697022529366466 0.34464902186421176 0.009262073018000593 0.000949971451601648
532 600.0 4151.0 13.836666666666666 0.0690895894333286 0.01335559265442404 0.0005163226029934029 0.37135771853688776 0.019748363318319615 0.0010340425026092344
533 600.0 4151.0 13.836666666666666 0.0690895894333286 0.011686143572621035 0.00042771771132149854 0.3509080257762156 0.010182024803117027 0.0009343943575279818
534 600.0 4151.0 13.836666666666666 0.0690895894333286 0.011686143572621035 0.0004942840503391618 0.37696664568911264 0.022598739697896976 0.0009143769238359096
535 600.0 4151.0 13.836666666666666 0.0690895894333286 0.011686143572621035 0.00036089426794467963 0.39278688524590166 0.032648120625413196 0.000895952953567089
536 600.0 4151.0 13.836666666666666 0.0690895894333286 0.011686143572621035 0.00036002408424509324 0.37484355444305384 0.02127072165092978 0.0009081847341710389
537 600.0 4151.0 13.836666666666666 0.0690895894333286 0.01335559265442404 0.000409675462024206 0.38795336787564766 0.02869989010492484 0.0010107611963060198
538 600.0 4151.0 13.836666666666666 0.0690895894333286 0.011686143572621035 0.00029693504279506894 0.3502923976608187 0.011471332716791766 0.0009327724525696445
539 600.0 4151.0 13.836666666666666 0.0690895894333286 0.01335559265442404 0.0005495458868518296 0.37649277184160906 0.022730035750048592 0.0010126044618520744
54 600.0 4151.0 13.836666666666666 0.0690895894333286 0.04340567612687813 0.007329871894630003 0.43500363108206247 0.06402127447687984 0.003006802769899105
540 600.0 4151.0 13.836666666666666 0.0690895894333286 0.015025041736227046 0.0005840328490449527 0.3652439024390244 0.015999267639881735 0.0011464289276862057
541 600.0 4151.0 13.836666666666666 0.0690895894333286 0.01335559265442404 0.0004000755179190746 0.35256032960565037 0.012221163173073743 0.0010453685837307348
542 600.0 4151.0 13.836666666666666 0.0690895894333286 0.01335559265442404 0.00042942445837650854 0.3393767705382436 0.007801898275837693 0.0010732091803042159
543 600.0 4151.0 13.836666666666666 0.0690895894333286 0.01335559265442404 0.00037636716710404236 0.3800761421319797 0.027001864573069218 0.001025218598019215
544 600.0 4151.0 13.836666666666666 0.0690895894333286 0.015025041736227046 0.0005337265003772341 0.3679361179361179 0.01824139830459871 0.0011492510938638798
545 600.0 4151.0 13.836666666666666 0.0690895894333286 0.011686143572621035 0.0004309692004206889 0.3492711370262391 0.008225816666646246 0.0009377711523469103
546 600.0 4151.0 13.836666666666666 0.0690895894333286 0.01335559265442404 0.000428037611281005 0.36303030303030304 0.015161041935302278 0.0010376127659601554
547 600.0 4151.0 13.836666666666666 0.0690895894333286 0.015025041736227046 0.0008115323516817054 0.3692971639950678 0.016504932522380354 0.0011660462670817708
548 600.0 4151.0 13.836666666666666 0.0690895894333286 0.011686143572621035 0.0002962471745501474 0.34644303065355697 0.01064121594673606 0.0009397041417932962
549 600.0 4151.0 13.836666666666666 0.0690895894333286 0.011686143572621035 0.0003578481766289177 0.34805345729227194 0.009710804204761832 0.0009309313906694838
55 600.0 4151.0 13.836666666666666 0.0690895894333286 0.02003338898163606 0.0010811231731706844 0.40282447881640887 0.03831782966373602 0.00143716452954456
550 600.0 4151.0 13.836666666666666 0.0690895894333286 0.01335559265442404 0.0005031284751271774 0.35173223722842045 0.011240494288191008 0.0010464503294942296
551 600.0 4151.0 13.836666666666666 0.0690895894333286 0.01335559265442404 0.00045706155751524906 0.3511137162954279 0.010337406362240741 0.0010625197080721582
552 600.0 4151.0 13.836666666666666 0.0690895894333286 0.011686143572621035 0.00040034923533220916 0.3509080257762156 0.010011974521407674 0.0009306183851677803
553 600.0 4151.0 13.836666666666666 0.0690895894333286 0.011686143572621035 0.0003379712352054904 0.37274424393279404 0.019964867527021292 0.0009225521206915958
554 600.0 4151.0 13.836666666666666 0.0690895894333286 0.011686143572621035 0.00048154896736033397 0.37089783281733746 0.016881842344060653 0.0009274952834253142
555 600.0 4151.0 13.836666666666666 0.0690895894333286 0.01335559265442404 0.0005856093000636505 0.37484355444305384 0.02076917599996383 0.0010409631135605557
556 600.0 4151.0 13.836666666666666 0.0690895894333286 0.011686143572621035 0.00027903587193333566 0.3515258215962441 0.012037713044347706 0.0009215759006028727
557 600.0 4151.0 13.836666666666666 0.0690895894333286 0.011686143572621035 0.00026418824980486126 0.3509080257762156 0.011041372135752679 0.0009221973496956812
558 600.0 4151.0 13.836666666666666 0.0690895894333286 0.011686143572621035 0.0004671355047239939 0.36613691931540343 0.014661972913791132 0.0009270938407459656
559 600.0 4151.0 13.836666666666666 0.0690895894333286 0.011686143572621035 0.0003776563580669926 0.35506816834617666 0.011043193877460068 0.0009263253927407505
56 600.0 4151.0 13.836666666666666 0.0690895894333286 0.04340567612687813 0.0046839633845643155 0.42542613636363635 0.06042375547982774 0.0029528591502142117
560 600.0 4151.0 13.836666666666666 0.0690895894333286 0.011686143572621035 0.0004667231120223914 0.3715880893300248 0.019847046821804794 0.000919509605657703
561 600.0 4151.0 13.836666666666666 0.0690895894333286 0.011686143572621035 0.0005433650891492628 0.3674846625766871 0.016168349956209548 0.000939078032762892
562 600.0 4151.0 13.836666666666666 0.0690895894333286 0.01335559265442404 0.0006016440303117833 0.37274424393279404 0.020624398171840044 0.0010347915397074094
563 600.0 4151.0 13.836666666666666 0.0690895894333286 0.01335559265442404 0.0004215564656859302 0.3529758397171479 0.010420220528137117 0.0010515899379011822
564 600.0 4151.0 13.836666666666666 0.0690895894333286 0.011686143572621035 0.0003523292746397959 0.3725124378109453 0.01887971229708333 0.0009099862704455518
565 600.0 4151.0 13.836666666666666 0.0690895894333286 0.011686143572621035 0.00030346284346309917 0.34306987399770905 0.008035861472225151 0.0009458704851293989
566 600.0 4151.0 13.836666666666666 0.0690895894333286 0.011686143572621035 0.00043326881848022885 0.37066831683168316 0.01860687046694322 0.0009164907618451163
567 600.0 4151.0 13.836666666666666 0.0690895894333286 0.011686143572621035 0.00036396406315112575 0.3734413965087282 0.02044161508811525 0.0009112216961716641
568 600.0 4151.0 13.836666666666666 0.0690895894333286 0.011686143572621035 0.0006015850583947342 0.37274424393279404 0.021367942998547027 0.0009342910920656014
569 600.0 4151.0 13.836666666666666 0.0690895894333286 0.011686143572621035 0.0004078968135436053 0.37625628140703515 0.024048044833043125 0.000902905821350446
57 600.0 4151.0 13.836666666666666 0.0690895894333286 0.048414023372287146 0.007328270017452249 0.43342981186685964 0.0632265177342405 0.003338975255063638
570 600.0 4151.0 13.836666666666666 0.0690895894333286 0.015025041736227046 0.0006499480662895544 0.3725124378109453 0.020406987378797974 0.0011472610319163425
571 600.0 4151.0 13.836666666666666 0.0690895894333286 0.01335559265442404 0.0005095379311901445 0.35131964809384164 0.010081072262431068 0.0010633127296814627
572 600.0 4151.0 13.836666666666666 0.0690895894333286 0.011686143572621035 0.00036215366945361373 0.36613691931540343 0.01574154699158514 0.0009174663403795295
573 600.0 4151.0 13.836666666666666 0.0690895894333286 0.011686143572621035 0.0004528957129683343 0.37744171392564585 0.02422424269574214 0.0009163168942767227
574 600.0 4151.0 13.836666666666666 0.0690895894333286 0.011686143572621035 0.0003351274149101859 0.35654761904761906 0.013579297609396298 0.0009253393636117399
575 600.0 4151.0 13.836666666666666 0.0690895894333286 0.011686143572621035 0.00023707385941861112 0.3739076154806492 0.021595926703307358 0.0009102545785913221
576 600.0 4151.0 13.836666666666666 0.0690895894333286 0.011686143572621035 0.0002571924403278726 0.3686153846153846 0.01857211743833388 0.0009081633232108076
577 600.0 4151.0 13.836666666666666 0.0690895894333286 0.011686143572621035 0.0002904003895428964 0.3418949771689498 0.008589879474093464 0.0009344242409468628
578 600.0 4151.0 13.836666666666666 0.0690895894333286 0.011686143572621035 0.00023283829183507826 0.3786346396965866 0.0225735452939634 0.0008962787053348639
579 600.0 4151.0 13.836666666666666 0.0690895894333286 0.011686143572621035 0.0002872483948624717 0.34988317757009346 0.010624127737127982 0.0009296454504355223
58 600.0 4151.0 13.836666666666666 0.0690895894333286 0.05175292153589316 0.010134980905034398 0.4510542168674699 0.07193559068880064 0.0035380770084414673
580 600.0 4151.0 13.836666666666666 0.0690895894333286 0.011686143572621035 0.0004191456855240003 0.34484743811168683 0.007861299951485193 0.0009551405670529279
581 600.0 4151.0 13.836666666666666 0.0690895894333286 0.011686143572621035 0.000367025057818637 0.37021013597033375 0.01927463742678603 0.0009096078108193745
582 600.0 4151.0 13.836666666666666 0.0690895894333286 0.011686143572621035 0.00033605679224809416 0.3822590938098277 0.026842889484314885 0.0009024623429335367
583 600.0 4151.0 13.836666666666666 0.0690895894333286 0.011686143572621035 0.00029669414143260853 0.3468442385639838 0.009402437003923786 0.0009344087277849298
584 600.0 4151.0 13.836666666666666 0.0690895894333286 0.011686143572621035 0.00020394027602871524 0.3720496894409938 0.021135545134033245 0.0009003184647635119
585 600.0 4151.0 13.836666666666666 0.0690895894333286 0.011686143572621035 0.0005677503270565838 0.3859536082474227 0.02262424747550286 0.0009154762330196277
586 600.0 4151.0 13.836666666666666 0.0690895894333286 0.011686143572621035 0.00037728741089934875 0.3476494486360998 0.00793025527660297 0.0009477238884373413
587 600.0 4151.0 13.836666666666666 0.0690895894333286 0.011686143572621035 0.00024513623367553744 0.3674846625766871 0.01734592875311043 0.0009100138268674322
588 600.0 4151.0 13.836666666666666 0.0690895894333286 0.011686143572621035 0.0003757939731775662 0.3608433734939759 0.01343831845175923 0.0009120833125344816
589 600.0 4151.0 13.836666666666666 0.0690895894333286 0.011686143572621035 0.0004216142251712531 0.34111617312072895 0.006526700679841008 0.0009612395133231596
59 600.0 4151.0 13.836666666666666 0.0690895894333286 0.03171953255425709 0.0029602467689254816 0.4009370816599732 0.037645404560051644 0.002232540216337922
590 600.0 4151.0 13.836666666666666 0.0690895894333286 0.011686143572621035 0.0003492125464036614 0.36636085626911313 0.018017238005308425 0.0009235094224021072
591 600.0 4151.0 13.836666666666666 0.0690895894333286 0.011686143572621035 0.00030442001166593397 0.3617149758454106 0.015175389279060904 0.0009118318496882103
592 600.0 4151.0 13.836666666666666 0.0690895894333286 0.011686143572621035 0.00025580539613021355 0.36062612883804934 0.01640666818231445 0.0009267481621639486
593 600.0 4151.0 13.836666666666666 0.0690895894333286 0.011686143572621035 0.0004469263401064312 0.3688423645320197 0.018105554430978485 0.0009126022826330591
594 600.0 4151.0 13.836666666666666 0.0690895894333286 0.011686143572621035 0.0002523431816660175 0.3619335347432024 0.014781945921295054 0.0009171761600353744
595 600.0 4151.0 13.836666666666666 0.0690895894333286 0.011686143572621035 0.00023134479679562508 0.35318396226415094 0.011653322329751761 0.0009167011106054689
596 600.0 4151.0 13.836666666666666 0.0690895894333286 0.011686143572621035 0.0003267104584448369 0.3674846625766871 0.017890298075757687 0.0009064066507363403
597 600.0 4151.0 13.836666666666666 0.0690895894333286 0.011686143572621035 0.00028105049741856616 0.35173223722842045 0.011014783339461676 0.0009239031822305472
598 600.0 4151.0 13.836666666666666 0.0690895894333286 0.011686143572621035 0.0006451403007017088 0.3659132559560171 0.015165631173136305 0.0009355662946488077
599 600.0 4151.0 13.836666666666666 0.0690895894333286 0.011686143572621035 0.0003316835186449004 0.3837283792440743 0.024590437728620417 0.0009027619424048643
6 600.0 4151.0 13.836666666666666 0.0690895894333286 0.1335559265442404 0.04385241193829368 0.5172711571675302 0.1655015013875268 0.00883411725319188
60 600.0 4151.0 13.836666666666666 0.0690895894333286 0.03672787979966611 0.004430560522545002 0.422425952045134 0.05484314046490552 0.00254175643509175
61 600.0 4151.0 13.836666666666666 0.0690895894333286 0.038397328881469114 0.005244841289529397 0.41946778711484595 0.05152922112384976 0.002686041039191395
62 600.0 4151.0 13.836666666666666 0.0690895894333286 0.02671118530884808 0.002526993033262795 0.4203508771929825 0.05557348635105611 0.001885165570667991
63 600.0 4151.0 13.836666666666666 0.0690895894333286 0.03171953255425709 0.0028233328673722916 0.4047297297297297 0.04435785654239911 0.0022302902915008944
64 600.0 4151.0 13.836666666666666 0.0690895894333286 0.05509181969949917 0.008458806552067134 0.43563636363636365 0.06677938572899451 0.003761415430263485
65 600.0 4151.0 13.836666666666666 0.0690895894333286 0.03672787979966611 0.0047077399674297134 0.41196698762035766 0.04330523640916595 0.002589685305964733
66 600.0 4151.0 13.836666666666666 0.0690895894333286 0.03171953255425709 0.002532677209478291 0.40915300546448086 0.044831495085401796 0.002189606755503989
67 600.0 4151.0 13.836666666666666 0.0690895894333286 0.0333889816360601 0.0031868322782886934 0.40555179417738657 0.0440933398922883 0.002328823380135371
68 600.0 4151.0 13.836666666666666 0.0690895894333286 0.04340567612687813 0.0060258881526433165 0.4215341308937368 0.056335929201700344 0.003043147989746964
69 600.0 4151.0 13.836666666666666 0.0690895894333286 0.045075125208681135 0.006771698937882299 0.4287759484609878 0.05797958379142385 0.003106887090325909
7 600.0 4151.0 13.836666666666666 0.0690895894333286 0.08681135225375626 0.01976953598584504 0.47277032359905286 0.10458653020387673 0.005798032256864471
70 600.0 4151.0 13.836666666666666 0.0690895894333286 0.025041736227045076 0.0022012777100769345 0.42212825933756165 0.05257387839657061 0.001761234875461265
71 600.0 4151.0 13.836666666666666 0.0690895894333286 0.02671118530884808 0.003692891195503341 0.4108367626886145 0.042716395873307465 0.0018943567609438572
72 600.0 4151.0 13.836666666666666 0.0690895894333286 0.045075125208681135 0.006553352619456192 0.42064606741573035 0.045075651649513514 0.0031147675849218324
73 600.0 4151.0 13.836666666666666 0.0690895894333286 0.038397328881469114 0.0044176648796849585 0.4025537634408602 0.04055907850206739 0.0026843513343710445
74 600.0 4151.0 13.836666666666666 0.0690895894333286 0.038397328881469114 0.0047950664056555315 0.4177126917712692 0.052052962290577036 0.0026779556096018023
75 600.0 4151.0 13.836666666666666 0.0690895894333286 0.06844741235392321 0.014903096237891994 0.4346879535558781 0.058622361438315194 0.004748226128982346
76 600.0 4151.0 13.836666666666666 0.0690895894333286 0.02003338898163606 0.0012021898678778893 0.3829923273657289 0.03145185087242621 0.0014529137478001522
77 600.0 4151.0 13.836666666666666 0.0690895894333286 0.035058430717863104 0.0032521052892503363 0.42452161587526577 0.0537316360437547 0.0024152658645151077
78 600.0 4151.0 13.836666666666666 0.0690895894333286 0.05008347245409015 0.008117235447413483 0.4269422665716322 0.05691481984064725 0.00346688443871971
79 600.0 4151.0 13.836666666666666 0.0690895894333286 0.02337228714524207 0.0022163852044802573 0.4260312944523471 0.05323934147769141 0.001654041018070363
8 600.0 4151.0 13.836666666666666 0.0690895894333286 0.15692821368948248 0.0608374475563602 0.5329181494661922 0.2142837272711027 0.010287065235967492
80 600.0 4151.0 13.836666666666666 0.0690895894333286 0.03005008347245409 0.002573356391049509 0.4047297297297297 0.04686099316826646 0.0020982647111422305
81 600.0 4151.0 13.836666666666666 0.0690895894333286 0.028380634390651086 0.0025638401635298823 0.4014745308310992 0.04266300283195134 0.0020115689808877474
82 600.0 4151.0 13.836666666666666 0.0690895894333286 0.02671118530884808 0.0021436157433225808 0.3935611038107753 0.03261310916959636 0.0018999296527440397
83 600.0 4151.0 13.836666666666666 0.0690895894333286 0.02003338898163606 0.0010008525452228248 0.38570508692852545 0.027128386625494536 0.0014419062294077985
84 600.0 4151.0 13.836666666666666 0.0690895894333286 0.021702838063439065 0.0010295718363581134 0.4022834116856951 0.04163828696332201 0.0015381474237478724
85 600.0 4151.0 13.836666666666666 0.0690895894333286 0.021702838063439065 0.0010799903573129317 0.38446726572528883 0.028408766417704623 0.001547382450550138
86 600.0 4151.0 13.836666666666666 0.0690895894333286 0.021702838063439065 0.0018938537672053902 0.39800664451827245 0.035808067060289384 0.0015708597566923607
87 600.0 4151.0 13.836666666666666 0.0690895894333286 0.03672787979966611 0.004659560118267165 0.40776038121170866 0.037895025167341896 0.0025807811128150844
88 600.0 4151.0 13.836666666666666 0.0690895894333286 0.02337228714524207 0.0013796018729634442 0.41027397260273973 0.04370936628509438 0.0016418954188752036
89 600.0 4151.0 13.836666666666666 0.0690895894333286 0.041736227045075125 0.005216273961169404 0.41568355308813326 0.04942906884668179 0.002892706875783533
9 600.0 4151.0 13.836666666666666 0.0690895894333286 0.1318864774624374 0.04114904416233878 0.5236013986013986 0.1999579570145485 0.008610136679717514
90 600.0 4151.0 13.836666666666666 0.0690895894333286 0.021702838063439065 0.0012097523743988192 0.3935611038107753 0.03241579032781241 0.001546616602855703
91 600.0 4151.0 13.836666666666666 0.0690895894333286 0.035058430717863104 0.003698523312059224 0.3985362608117099 0.036477954511647294 0.002466754185975916
92 600.0 4151.0 13.836666666666666 0.0690895894333286 0.02003338898163606 0.0008815395700395956 0.40527740189445194 0.040708942397140714 0.0014295094260376858
93 600.0 4151.0 13.836666666666666 0.0690895894333286 0.048414023372287146 0.00785336788637887 0.4281629735525375 0.051432500480676484 0.003374516602636936
94 600.0 4151.0 13.836666666666666 0.0690895894333286 0.03005008347245409 0.0030737448747565664 0.4151074151074151 0.044462191852925576 0.0021089243239757133
95 600.0 4151.0 13.836666666666666 0.0690895894333286 0.02337228714524207 0.0022270216481599043 0.4047297297297297 0.038565695657653325 0.0016776304444223946
96 600.0 4151.0 13.836666666666666 0.0690895894333286 0.04006677796327212 0.005033612581292919 0.4251242015613911 0.05619527053604984 0.0027708507789892295
97 600.0 4151.0 13.836666666666666 0.0690895894333286 0.05175292153589316 0.007661866457416694 0.4191742477256823 0.047563516212939694 0.0035757779404500334
98 600.0 4151.0 13.836666666666666 0.0690895894333286 0.021702838063439065 0.0014401924848854075 0.38471419396274886 0.026870582966991047 0.0015709326486102763
99 600.0 4151.0 13.836666666666666 0.0690895894333286 0.041736227045075125 0.0066412911341473535 0.4177126917712692 0.044577606389570354 0.0029245086552211813