0 350.0 1750.0 10.0 0.02672626681478093 0.040114613180515755 0.008375254485747177 0.38351648351648354 0.08128487449054735 0.0038447806778864006
1 350.0 1750.0 10.0 0.02672626681478093 0.028653295128939826 0.004482631356852588 0.37246531483457845 0.0528482674839528 0.002819305253038351
10 350.0 1750.0 10.0 0.02672626681478093 0.04297994269340974 0.01022195649700528 0.3864894795127353 0.08093895236392577 0.00412221008068023
100 350.0 1750.0 10.0 0.02672626681478093 0.014326647564469913 0.0011462577380222689 0.3270852858481724 0.022336942126651955 0.0015824750619208253
101 350.0 1750.0 10.0 0.02672626681478093 0.045845272206303724 0.010165484030629422 0.3882091212458287 0.09176911294643715 0.004338585095163546
102 350.0 1750.0 10.0 0.02672626681478093 0.05444126074498567 0.017166312118811887 0.3970420932878271 0.08821045852268453 0.005210584621729118
103 350.0 1750.0 10.0 0.02672626681478093 0.017191977077363897 0.0015535754931284647 0.3401559454191033 0.02938045340527604 0.00182924406277922
104 350.0 1750.0 10.0 0.02672626681478093 0.025787965616045846 0.003811729790668581 0.36354166666666665 0.04704072212504987 0.0025817141585076572
105 350.0 1750.0 10.0 0.02672626681478093 0.03151862464183381 0.005535868187401142 0.3720682302771855 0.053952546664278345 0.0030994268159021043
106 350.0 1750.0 10.0 0.02672626681478093 0.040114613180515755 0.009843649297716169 0.3822562979189485 0.0670141068170459 0.003912850272167392
107 350.0 1750.0 10.0 0.02672626681478093 0.014326647564469913 0.0012539354000612852 0.33143399810066476 0.023835494636749215 0.001578790812412007
108 350.0 1750.0 10.0 0.02672626681478093 0.03724928366762178 0.008198530919388701 0.38100436681222705 0.06678384250973092 0.0036086980645504523
109 350.0 1750.0 10.0 0.02672626681478093 0.028653295128939826 0.004966253902898306 0.3609100310237849 0.046745689972156355 0.002881196788567811
11 350.0 1750.0 10.0 0.02672626681478093 0.025787965616045846 0.005339515257645861 0.353596757852077 0.043010361334497545 0.0026597425547217066
110 350.0 1750.0 10.0 0.02672626681478093 0.03724928366762178 0.008530971567064295 0.3801742919389978 0.06447211954205158 0.003623195660218211
111 350.0 1750.0 10.0 0.02672626681478093 0.034383954154727794 0.007077099013710912 0.37688984881209503 0.0616662048024418 0.0033549627546677115
112 350.0 1750.0 10.0 0.02672626681478093 0.017191977077363897 0.0015504598950866174 0.3408203125 0.028659502695112398 0.0018330306699503181
113 350.0 1750.0 10.0 0.02672626681478093 0.040114613180515755 0.009366442919885785 0.3856353591160221 0.0713900857608709 0.003866716646501763
114 350.0 1750.0 10.0 0.02672626681478093 0.017191977077363897 0.0013521202523870666 0.3418217433888345 0.03266166609721275 0.0018075533604113671
115 350.0 1750.0 10.0 0.02672626681478093 0.028653295128939826 0.004775068909824862 0.3597938144329897 0.043957675994033746 0.0028810262533456163
116 350.0 1750.0 10.0 0.02672626681478093 0.03151862464183381 0.005503934759717584 0.36544502617801045 0.05251766200106437 0.003121635841103627
117 350.0 1750.0 10.0 0.02672626681478093 0.022922636103151862 0.0029862684013940554 0.34418145956607493 0.030194724679933928 0.0023724478811444965
118 350.0 1750.0 10.0 0.02672626681478093 0.022922636103151862 0.0037095186543591382 0.3408203125 0.03008505961577523 0.002437094483496374
119 350.0 1750.0 10.0 0.02672626681478093 0.03151862464183381 0.005029699851965389 0.37048832271762205 0.06093531121668215 0.0030717331463658406
12 350.0 1750.0 10.0 0.02672626681478093 0.011461318051575931 0.0006716253829545233 0.3124440465532677 0.0177342661865733 0.0013302888238563959
120 350.0 1750.0 10.0 0.02672626681478093 0.034383954154727794 0.005964910474173992 0.37688984881209503 0.06391655371201524 0.003330006044886401
121 350.0 1750.0 10.0 0.02672626681478093 0.034383954154727794 0.006525535709612434 0.3720682302771855 0.06063228455027199 0.003354844190433681
122 350.0 1750.0 10.0 0.02672626681478093 0.028653295128939826 0.00441930067941949 0.3669821240799159 0.052751586272103704 0.0028428149388652624
123 350.0 1750.0 10.0 0.02672626681478093 0.03724928366762178 0.006930960107193231 0.37648327939590076 0.07222557690387126 0.00359292323573509
124 350.0 1750.0 10.0 0.02672626681478093 0.03724928366762178 0.00723012799452092 0.38309549945115257 0.0753268810741818 0.00356386925721496
125 350.0 1750.0 10.0 0.02672626681478093 0.045845272206303724 0.011270026127507406 0.3882091212458287 0.0882165759170712 0.00438435529973725
126 350.0 1750.0 10.0 0.02672626681478093 0.025787965616045846 0.0034117345939570836 0.3525252525252525 0.04021031215710365 0.002603069165732638
127 350.0 1750.0 10.0 0.02672626681478093 0.03724928366762178 0.008069424551019442 0.3852097130242826 0.07249684773229884 0.0035912777746385438
128 350.0 1750.0 10.0 0.02672626681478093 0.025787965616045846 0.003132509221032378 0.36468129571577845 0.05074722476795183 0.0025529161698091742
129 350.0 1750.0 10.0 0.02672626681478093 0.022922636103151862 0.0027008316448520024 0.3597938144329897 0.04614944174234111 0.002301775488269422
13 350.0 1750.0 10.0 0.02672626681478093 0.014326647564469913 0.0012246340849705354 0.3346116970278044 0.02806239609733625 0.001570096947828333
130 350.0 1750.0 10.0 0.02672626681478093 0.022922636103151862 0.0030406132660294326 0.3496993987975952 0.03692546972606695 0.0023486142841892257
131 350.0 1750.0 10.0 0.02672626681478093 0.022922636103151862 0.0031656707611919565 0.35005015045135407 0.03322865803165801 0.0023562419822798246
132 350.0 1750.0 10.0 0.02672626681478093 0.022922636103151862 0.0036901712805707783 0.36016511867905054 0.04639836392548132 0.002340080353629927
133 350.0 1750.0 10.0 0.02672626681478093 0.020057306590257878 0.0020635528057347465 0.3289349670122526 0.02417146360901811 0.0021317068370753055
134 350.0 1750.0 10.0 0.02672626681478093 0.034383954154727794 0.006469530517956235 0.36506276150627615 0.05212085769603151 0.003411946959092061
135 350.0 1750.0 10.0 0.02672626681478093 0.020057306590257878 0.001734380064699129 0.3411534701857282 0.03335939964044555 0.002077894898350938
136 350.0 1750.0 10.0 0.02672626681478093 0.028653295128939826 0.004719622422416927 0.36016511867905054 0.05029656742894562 0.002848684968249908
137 350.0 1750.0 10.0 0.02672626681478093 0.022922636103151862 0.002904655379739604 0.35040160642570284 0.03944823360648379 0.002337892447918026
138 350.0 1750.0 10.0 0.02672626681478093 0.025787965616045846 0.0030891642665082744 0.3572159672466735 0.04740292409038813 0.0025683401584084137
139 350.0 1750.0 10.0 0.02672626681478093 0.022922636103151862 0.003021770836072559 0.35181451612903225 0.03862739986050298 0.0023412582585605217
14 350.0 1750.0 10.0 0.02672626681478093 0.034383954154727794 0.007408775891343095 0.37526881720430105 0.05550821579719435 0.0033829779048894166
140 350.0 1750.0 10.0 0.02672626681478093 0.014326647564469913 0.0010242334472400118 0.33493282149712095 0.0268090236295742 0.0015603973600918381
141 350.0 1750.0 10.0 0.02672626681478093 0.022922636103151862 0.0028506411907743457 0.34691848906560635 0.03765042069672478 0.0023398159782139893
142 350.0 1750.0 10.0 0.02672626681478093 0.040114613180515755 0.008175095219362065 0.38950892857142855 0.08274595333133304 0.0038133628188269366
143 350.0 1750.0 10.0 0.02672626681478093 0.022922636103151862 0.00290400942176809 0.34830339321357284 0.034722843788146544 0.0023572613950402057
144 350.0 1750.0 10.0 0.02672626681478093 0.034383954154727794 0.006695925460610116 0.3756727664155005 0.06316094243079645 0.0033352489303170862
145 350.0 1750.0 10.0 0.02672626681478093 0.017191977077363897 0.0018887579075892481 0.33525456292026895 0.025805740771558474 0.0018564035424855163
146 350.0 1750.0 10.0 0.02672626681478093 0.022922636103151862 0.002745363485381711 0.3496993987975952 0.04184505075625019 0.0023271455972606525
147 350.0 1750.0 10.0 0.02672626681478093 0.022922636103151862 0.002745496865315451 0.35612244897959183 0.045266201875719156 0.0023161815911017375
148 350.0 1750.0 10.0 0.02672626681478093 0.028653295128939826 0.0042300207207253615 0.3669821240799159 0.05700893640898325 0.002831410167171481
149 350.0 1750.0 10.0 0.02672626681478093 0.03724928366762178 0.008090328701457698 0.3708820403825717 0.053461762428645525 0.0036686476287467436
15 350.0 1750.0 10.0 0.02672626681478093 0.020057306590257878 0.0019309765584959227 0.3546747967479675 0.04154288071834231 0.002046173209091886
150 350.0 1750.0 10.0 0.02672626681478093 0.020057306590257878 0.002098921412272554 0.34520276953511375 0.03247452749735268 0.002087322788043042
151 350.0 1750.0 10.0 0.02672626681478093 0.025787965616045846 0.004434903715491371 0.36354166666666665 0.04700859554572571 0.0026145111005968285
152 350.0 1750.0 10.0 0.02672626681478093 0.025787965616045846 0.0037929399185215205 0.3539553752535497 0.039989559669486155 0.002621572013770686
153 350.0 1750.0 10.0 0.02672626681478093 0.03151862464183381 0.0049510065082876776 0.37246531483457845 0.06805743316294943 0.0030530938660284328
154 350.0 1750.0 10.0 0.02672626681478093 0.03724928366762178 0.007459749774131956 0.3797606093579978 0.06953008151295922 0.0035964936155019906
155 350.0 1750.0 10.0 0.02672626681478093 0.028653295128939826 0.004340828370094163 0.36016511867905054 0.047811948933348405 0.0028519735730181328
156 350.0 1750.0 10.0 0.02672626681478093 0.04297994269340974 0.011833205505415606 0.3869179600886918 0.0719122233327939 0.004184546236948648
157 350.0 1750.0 10.0 0.02672626681478093 0.03151862464183381 0.005738676049386134 0.3572159672466735 0.04532773817044102 0.003176723471815953
158 350.0 1750.0 10.0 0.02672626681478093 0.03724928366762178 0.007299373864902613 0.3789359391965255 0.07209044563535814 0.0035933805290059243
159 350.0 1750.0 10.0 0.02672626681478093 0.03724928366762178 0.008256783769139178 0.3890746934225195 0.08064116483514276 0.0035722061143532505
16 350.0 1750.0 10.0 0.02672626681478093 0.04297994269340974 0.010489087378142307 0.3882091212458287 0.0817742012658652 0.004127483324221337
160 350.0 1750.0 10.0 0.02672626681478093 0.025787965616045846 0.003313604048861157 0.35831622176591377 0.04289784910293983 0.0025904740695406655
161 350.0 1750.0 10.0 0.02672626681478093 0.025787965616045846 0.0032749333444743447 0.36430062630480164 0.05127112432188213 0.0025501555065600414
162 350.0 1750.0 10.0 0.02672626681478093 0.0057306590257879654 0.0001389339313702058 0.2870065789473684 0.00839830977301924 0.0008279504834331319
163 350.0 1750.0 10.0 0.02672626681478093 0.017191977077363897 0.0018439907769243467 0.3270852858481724 0.021886384487654367 0.0018760931914301594
164 350.0 1750.0 10.0 0.02672626681478093 0.022922636103151862 0.003244925653991272 0.34830339321357284 0.03647428039972972 0.0023832711732715657
165 350.0 1750.0 10.0 0.02672626681478093 0.025787965616045846 0.004700600876624233 0.35181451612903225 0.042158019069666076 0.00268710327031436
166 350.0 1750.0 10.0 0.02672626681478093 0.04297994269340974 0.010956061999263734 0.3882091212458287 0.07831398591254732 0.004150229060934394
167 350.0 1750.0 10.0 0.02672626681478093 0.017191977077363897 0.0014383023133574724 0.32800751879699247 0.024017449674361546 0.0018584433113166576
168 350.0 1750.0 10.0 0.02672626681478093 0.040114613180515755 0.008838450883818003 0.38950892857142855 0.08007466924196253 0.003820246290197753
169 350.0 1750.0 10.0 0.02672626681478093 0.04297994269340974 0.010812223468556856 0.3856353591160221 0.06808734575772236 0.004152531253711332
17 350.0 1750.0 10.0 0.02672626681478093 0.040114613180515755 0.009192676911505186 0.37852494577006507 0.07043098199094107 0.0039075344424515795
170 350.0 1750.0 10.0 0.02672626681478093 0.05157593123209169 0.01512491592158744 0.39885714285714285 0.09268975349318657 0.004877380370581728
171 350.0 1750.0 10.0 0.02672626681478093 0.020057306590257878 0.0019598766532989095 0.3472636815920398 0.037370467157218624 0.002066016176018921
172 350.0 1750.0 10.0 0.02672626681478093 0.034383954154727794 0.006444317387194203 0.36354166666666665 0.050339885573555836 0.0034133160096123556
173 350.0 1750.0 10.0 0.02672626681478093 0.03151862464183381 0.005374402134133948 0.3627858627858628 0.04577552143325939 0.0031278459131287868
174 350.0 1750.0 10.0 0.02672626681478093 0.03724928366762178 0.007540867599045052 0.3756727664155005 0.06162755441373005 0.0036463097973405195
175 350.0 1750.0 10.0 0.02672626681478093 0.022922636103151862 0.0033561227941191303 0.3631633714880333 0.04428546707321131 0.002322957611704011
176 350.0 1750.0 10.0 0.02672626681478093 0.022922636103151862 0.0037985249248717497 0.34657398212512414 0.03292263516298869 0.002427490255374091
177 350.0 1750.0 10.0 0.02672626681478093 0.022922636103151862 0.003207718268102906 0.3496993987975952 0.03562943641918688 0.002344470081880841
178 350.0 1750.0 10.0 0.02672626681478093 0.03151862464183381 0.0042336236790045615 0.36659663865546216 0.06330228982773205 0.0030566392461888582
179 350.0 1750.0 10.0 0.02672626681478093 0.025787965616045846 0.0034281551555109557 0.35575942915392456 0.0423899340972272 0.002592235819154287
18 350.0 1750.0 10.0 0.02672626681478093 0.05157593123209169 0.015064059766623335 0.3965909090909091 0.10099884077973943 0.004924463992127472
180 350.0 1750.0 10.0 0.02672626681478093 0.03151862464183381 0.005338720157030865 0.36736842105263157 0.05788623121550932 0.0030940344612067853
181 350.0 1750.0 10.0 0.02672626681478093 0.014326647564469913 0.0013112771969110424 0.3198900091659028 0.019077177005445978 0.001619860613607635
182 350.0 1750.0 10.0 0.02672626681478093 0.028653295128939826 0.004631945865907167 0.35005015045135407 0.03827427771880968 0.002926806172031713
183 350.0 1750.0 10.0 0.02672626681478093 0.03151862464183381 0.005475535847896093 0.3797606093579978 0.06499584057468542 0.003049025647236224
184 350.0 1750.0 10.0 0.02672626681478093 0.03151862464183381 0.005765837218056993 0.3677555321390938 0.052234740345402667 0.0031235531400659548
185 350.0 1750.0 10.0 0.02672626681478093 0.022922636103151862 0.00306722823791549 0.35040160642570284 0.0368108577639833 0.0023623151114811856
186 350.0 1750.0 10.0 0.02672626681478093 0.04871060171919771 0.01321278422983051 0.3965909090909091 0.09825542666202577 0.004597238185930131
187 350.0 1750.0 10.0 0.02672626681478093 0.022922636103151862 0.002776773218096916 0.3528816986855409 0.03966673055021208 0.002322535059343314
188 350.0 1750.0 10.0 0.02672626681478093 0.028653295128939826 0.005181852868243512 0.36354166666666665 0.04391348043986358 0.0028793580171733125
189 350.0 1750.0 10.0 0.02672626681478093 0.025787965616045846 0.003853230832155605 0.3624091381100727 0.04884508850610719 0.0025833246317387287
19 350.0 1750.0 10.0 0.02672626681478093 0.028653295128939826 0.004556060684068824 0.353596757852077 0.04332414231817759 0.002898766745264761
190 350.0 1750.0 10.0 0.02672626681478093 0.03151862464183381 0.006787437778533228 0.36468129571577845 0.047816719174903224 0.0031650890386169996
191 350.0 1750.0 10.0 0.02672626681478093 0.03151862464183381 0.005611792913932591 0.3669821240799159 0.0553746960957546 0.0031219125515334206
192 350.0 1750.0 10.0 0.02672626681478093 0.008595988538681949 0.00030825310226056523 0.31384892086330934 0.018513135165389397 0.0010514861000939235
193 350.0 1750.0 10.0 0.02672626681478093 0.03724928366762178 0.006768535935911645 0.3793478260869565 0.06823201525801682 0.00358344602744916
194 350.0 1750.0 10.0 0.02672626681478093 0.034383954154727794 0.00825544697613881 0.37688984881209503 0.06203231814729764 0.003386721690682784
195 350.0 1750.0 10.0 0.02672626681478093 0.020057306590257878 0.002718084897975353 0.3411534701857282 0.03144864623597709 0.002129691624054312
196 350.0 1750.0 10.0 0.02672626681478093 0.025787965616045846 0.00350289879311883 0.34830339321357284 0.03971612929992611 0.0026248773453713663
197 350.0 1750.0 10.0 0.02672626681478093 0.020057306590257878 0.002263957863936075 0.34830339321357284 0.034925193671308925 0.002086030827297086
198 350.0 1750.0 10.0 0.02672626681478093 0.03151862464183381 0.005304532764855919 0.37127659574468086 0.057556635933672565 0.0030709612265552005
199 350.0 1750.0 10.0 0.02672626681478093 0.03151862464183381 0.005373236437951641 0.37048832271762205 0.05771833889046475 0.0030894389800405
2 350.0 1750.0 10.0 0.02672626681478093 0.020057306590257878 0.0028939209386133454 0.3292452830188679 0.025415265310181623 0.002226291505581481
20 350.0 1750.0 10.0 0.02672626681478093 0.025787965616045846 0.0034119786559556886 0.353596757852077 0.03979375461033089 0.0026024226046043285
200 350.0 1750.0 10.0 0.02672626681478093 0.03724928366762178 0.007653248687687564 0.3740621650589496 0.0640338041631808 0.0036168338269875182
201 350.0 1750.0 10.0 0.02672626681478093 0.03151862464183381 0.005289054972965122 0.3693121693121693 0.055696022183017654 0.0031011430564357673
202 350.0 1750.0 10.0 0.02672626681478093 0.034383954154727794 0.00609224601074273 0.3756727664155005 0.06709871103098389 0.003322285662011713
203 350.0 1750.0 10.0 0.02672626681478093 0.025787965616045846 0.004175522784342593 0.353596757852077 0.04021413937077936 0.002624547975190631
204 350.0 1750.0 10.0 0.02672626681478093 0.022922636103151862 0.0028501870485301254 0.35794871794871796 0.042205990887281886 0.0023097180405943435
205 350.0 1750.0 10.0 0.02672626681478093 0.034383954154727794 0.006563441859345581 0.37648327939590076 0.060975046362995916 0.0033528713417987736
206 350.0 1750.0 10.0 0.02672626681478093 0.05157593123209169 0.013543872403460172 0.3939051918735892 0.0894844519218245 0.004877526899001464
207 350.0 1750.0 10.0 0.02672626681478093 0.014326647564469913 0.0011392186419441664 0.3455445544554455 0.03395919208695507 0.0015372337329905893
208 350.0 1750.0 10.0 0.02672626681478093 0.034383954154727794 0.005468702584658091 0.37366167023554603 0.06728667579108391 0.003302623482494978
209 350.0 1750.0 10.0 0.02672626681478093 0.03151862464183381 0.005091597541362818 0.37446351931330474 0.06594193875198157 0.0030511652926895755
21 350.0 1750.0 10.0 0.02672626681478093 0.028653295128939826 0.004036559649221883 0.3693121693121693 0.058500416033641464 0.002820007434439436
210 350.0 1750.0 10.0 0.02672626681478093 0.014326647564469913 0.0011950005974253367 0.33080568720379144 0.025207185635743475 0.0015795700174554177
211 350.0 1750.0 10.0 0.02672626681478093 0.03151862464183381 0.004850943021725223 0.37048832271762205 0.05886630990400832 0.0030652499119187783
212 350.0 1750.0 10.0 0.02672626681478093 0.045845272206303724 0.010241612790509337 0.3947963800904977 0.09578652627159177 0.004302528820213551
213 350.0 1750.0 10.0 0.02672626681478093 0.025787965616045846 0.004983510125964361 0.35539714867617106 0.038528672564312874 0.002683245481853137
214 350.0 1750.0 10.0 0.02672626681478093 0.04297994269340974 0.009036049997052889 0.3921348314606742 0.09182215297316103 0.004059621876217451
215 350.0 1750.0 10.0 0.02672626681478093 0.017191977077363897 0.0018293443452130364 0.3408203125 0.03143092906381319 0.0018344547159834348
216 350.0 1750.0 10.0 0.02672626681478093 0.06303724928366762 0.02155829981225423 0.4072345390898483 0.11769785748474765 0.005953363413702964
217 350.0 1750.0 10.0 0.02672626681478093 0.014326647564469913 0.000880941084247871 0.3330152671755725 0.02796928559197952 0.0015541483808458342
218 350.0 1750.0 10.0 0.02672626681478093 0.03724928366762178 0.008251163959121349 0.38058887677208286 0.06304340123557974 0.003623698467834083
219 350.0 1750.0 10.0 0.02672626681478093 0.017191977077363897 0.0017423299785747303 0.3458870168483647 0.03579076143541462 0.0018138094121845228
22 350.0 1750.0 10.0 0.02672626681478093 0.040114613180515755 0.008845846634493832 0.38351648351648354 0.06742581952064866 0.0038657425949466225
220 350.0 1750.0 10.0 0.02672626681478093 0.025787965616045846 0.003323004613889752 0.3681434599156118 0.0544027628890189 0.002543488939654434
221 350.0 1750.0 10.0 0.02672626681478093 0.03151862464183381 0.005009498290396668 0.3720682302771855 0.05788095543915645 0.003068228174168939
222 350.0 1750.0 10.0 0.02672626681478093 0.03151862464183381 0.004827680042860588 0.36468129571577845 0.05142905489084523 0.0031071721744856916
223 350.0 1750.0 10.0 0.02672626681478093 0.04297994269340974 0.009860093625639723 0.38351648351648354 0.07659432658666224 0.00411598019172397
224 350.0 1750.0 10.0 0.02672626681478093 0.03151862464183381 0.004608382491966571 0.36468129571577845 0.05796850399122296 0.0030889034611717376
225 350.0 1750.0 10.0 0.02672626681478093 0.020057306590257878 0.0022168289961680787 0.33589990375360923 0.02550546501220341 0.002136467028674368
226 350.0 1750.0 10.0 0.02672626681478093 0.022922636103151862 0.003413498039538937 0.36544502617801045 0.04880747378590949 0.002312504197005842
227 350.0 1750.0 10.0 0.02672626681478093 0.014326647564469913 0.0012784087767231133 0.3190127970749543 0.01744155293785024 0.0016289694074130441
228 350.0 1750.0 10.0 0.02672626681478093 0.025787965616045846 0.003677675691594028 0.35905349794238683 0.04456206580327479 0.002592115065815627
229 350.0 1750.0 10.0 0.02672626681478093 0.034383954154727794 0.007006386337203499 0.3756727664155005 0.061625482104811974 0.0033529002201309185
23 350.0 1750.0 10.0 0.02672626681478093 0.022922636103151862 0.0034493968750266696 0.35539714867617106 0.04306530333800105 0.0023672708035024567
230 350.0 1750.0 10.0 0.02672626681478093 0.03151862464183381 0.0041933157589927605 0.36659663865546216 0.06265791758027976 0.0030532961018056894
231 350.0 1750.0 10.0 0.02672626681478093 0.03151862464183381 0.004876710774965857 0.3689217758985201 0.06546261287513505 0.0030667967882220953
232 350.0 1750.0 10.0 0.02672626681478093 0.022922636103151862 0.00291974396953965 0.35110663983903423 0.03560629762570306 0.002357895052154277
233 350.0 1750.0 10.0 0.02672626681478093 0.022922636103151862 0.0030464601730644868 0.3448616600790514 0.031597208078012196 0.002380751850825643
234 350.0 1750.0 10.0 0.02672626681478093 0.025787965616045846 0.004450550868433019 0.3472636815920398 0.03499658064755803 0.002666537881055541
235 350.0 1750.0 10.0 0.02672626681478093 0.025787965616045846 0.0029085389141889893 0.349 0.04066697383040509 0.002612494090626587
236 350.0 1750.0 10.0 0.02672626681478093 0.040114613180515755 0.0088049829171067 0.3882091212458287 0.07486181537960024 0.0038392222079658657
237 350.0 1750.0 10.0 0.02672626681478093 0.03151862464183381 0.005730897994411255 0.3681434599156118 0.05360443106350567 0.003103467011934178
238 350.0 1750.0 10.0 0.02672626681478093 0.025787965616045846 0.00427499927790812 0.35942327497425336 0.04186446126723066 0.00259911643164873
239 350.0 1750.0 10.0 0.02672626681478093 0.022922636103151862 0.003318884143193211 0.3462301587301587 0.033051895749564936 0.002364787739975273
24 350.0 1750.0 10.0 0.02672626681478093 0.014326647564469913 0.0010798272656620575 0.3273921200750469 0.023519891380232253 0.0015854973831030857
240 350.0 1750.0 10.0 0.02672626681478093 0.025787965616045846 0.0048566800688519905 0.3532388663967611 0.03775858447887553 0.002670072226013066
241 350.0 1750.0 10.0 0.02672626681478093 0.03724928366762178 0.007834908796022003 0.3781148429035753 0.06512829865242198 0.0036112476568046633
242 350.0 1750.0 10.0 0.02672626681478093 0.028653295128939826 0.003879801821895138 0.3616580310880829 0.04909546458603676 0.00283354392013845
243 350.0 1750.0 10.0 0.02672626681478093 0.03151862464183381 0.005537889343831601 0.37009544008483564 0.054693955724481866 0.0031011183082249464
244 350.0 1750.0 10.0 0.02672626681478093 0.025787965616045846 0.004638817809189568 0.3597938144329897 0.04156555758256053 0.002614393191656487
245 350.0 1750.0 10.0 0.02672626681478093 0.034383954154727794 0.006096392405170835 0.37366167023554603 0.06112496398666873 0.0033447169670479263
246 350.0 1750.0 10.0 0.02672626681478093 0.022922636103151862 0.002508277706389974 0.349 0.03962223008983435 0.0023248936625543818
247 350.0 1750.0 10.0 0.02672626681478093 0.034383954154727794 0.006325009901410036 0.3708820403825717 0.05795297004753742 0.0033471897888745043
248 350.0 1750.0 10.0 0.02672626681478093 0.04871060171919771 0.012894947255497818 0.393018018018018 0.08018625432494166 0.004640101165433455
249 350.0 1750.0 10.0 0.02672626681478093 0.03724928366762178 0.007546958992796958 0.37446351931330474 0.06374029560372799 0.003632337284152099
25 350.0 1750.0 10.0 0.02672626681478093 0.011461318051575931 0.001122035458492647 0.30667838312829526 0.013866644950332133 0.0013933347436677318
250 350.0 1750.0 10.0 0.02672626681478093 0.034383954154727794 0.006580001336056468 0.36506276150627615 0.049113410907307836 0.0034304535447427413
251 350.0 1750.0 10.0 0.02672626681478093 0.028653295128939826 0.004873104041018217 0.3609100310237849 0.04355035170874453 0.0029019533582741374
252 350.0 1750.0 10.0 0.02672626681478093 0.022922636103151862 0.0023588878347255903 0.36016511867905054 0.052298014979822664 0.002282916652572905
253 350.0 1750.0 10.0 0.02672626681478093 0.045845272206303724 0.011741952927920546 0.3877777777777778 0.07840436135569238 0.004402105830907018
254 350.0 1750.0 10.0 0.02672626681478093 0.020057306590257878 0.0016589709223057414 0.35040160642570284 0.039932153798753096 0.0020545352025587334
255 350.0 1750.0 10.0 0.02672626681478093 0.020057306590257878 0.0024357174331414047 0.3388349514563107 0.028421854763400676 0.002119893872211666
256 350.0 1750.0 10.0 0.02672626681478093 0.020057306590257878 0.002308304928900479 0.33557692307692305 0.0295397402561728 0.002118220088164398
257 350.0 1750.0 10.0 0.02672626681478093 0.034383954154727794 0.007084238257042009 0.3740621650589496 0.06484695463482101 0.0033592659694254715
258 350.0 1750.0 10.0 0.02672626681478093 0.020057306590257878 0.0028235055611016088 0.33525456292026895 0.025381932350258343 0.002142538918261582
259 350.0 1750.0 10.0 0.02672626681478093 0.040114613180515755 0.010598039910564854 0.3826754385964912 0.07029385380803867 0.003917961614879159
26 350.0 1750.0 10.0 0.02672626681478093 0.017191977077363897 0.001377948992301787 0.34316617502458213 0.03358299620353955 0.001805749077466481
260 350.0 1750.0 10.0 0.02672626681478093 0.014326647564469913 0.001339071143107561 0.3330152671755725 0.027718689089091534 0.0015894856768221303
261 350.0 1750.0 10.0 0.02672626681478093 0.03151862464183381 0.006145881067620316 0.3631633714880333 0.0497308677524306 0.0032008732875164455
262 350.0 1750.0 10.0 0.02672626681478093 0.025787965616045846 0.004342600844568253 0.35942327497425336 0.04686131394962145 0.00261781411428701
263 350.0 1750.0 10.0 0.02672626681478093 0.028653295128939826 0.005161588446453559 0.36544502617801045 0.05018190388132644 0.0028575860354237894
264 350.0 1750.0 10.0 0.02672626681478093 0.03151862464183381 0.005667116769071124 0.37048832271762205 0.057219692865037405 0.0031004792282613306
265 350.0 1750.0 10.0 0.02672626681478093 0.025787965616045846 0.0034437651737976886 0.353596757852077 0.04132540111119724 0.002598284255451425
266 350.0 1750.0 10.0 0.02672626681478093 0.022922636103151862 0.002945334321466922 0.34691848906560635 0.035645944069846676 0.0023465735205600623
267 350.0 1750.0 10.0 0.02672626681478093 0.03724928366762178 0.007398046498215688 0.38478500551267913 0.07615831724121706 0.0035664365824907727
268 350.0 1750.0 10.0 0.02672626681478093 0.03724928366762178 0.006871663639905398 0.39169472502805835 0.09108077621263017 0.003515342683314631
269 350.0 1750.0 10.0 0.02672626681478093 0.040114613180515755 0.00892922450847298 0.38309549945115257 0.07022054767746355 0.003870081459370577
27 350.0 1750.0 10.0 0.02672626681478093 0.0659025787965616 0.02260574371038585 0.41350710900473936 0.1269037433930837 0.006175565481986019
270 350.0 1750.0 10.0 0.02672626681478093 0.028653295128939826 0.004358322607597621 0.3631633714880333 0.04869651429807326 0.0028524436836713856
271 350.0 1750.0 10.0 0.02672626681478093 0.040114613180515755 0.009694326849136927 0.38950892857142855 0.0744918400878093 0.0038449955198895424
272 350.0 1750.0 10.0 0.02672626681478093 0.045845272206303724 0.012903878186410523 0.3956916099773243 0.08729913269755865 0.004408603785811776
273 350.0 1750.0 10.0 0.02672626681478093 0.025787965616045846 0.005095721625551806 0.35905349794238683 0.0435163783474349 0.002649738621050569
274 350.0 1750.0 10.0 0.02672626681478093 0.03151862464183381 0.0052392818487968194 0.3689217758985201 0.05328743110550803 0.003103489093832441
275 350.0 1750.0 10.0 0.02672626681478093 0.034383954154727794 0.0064473949108598255 0.3681434599156118 0.05276348536240525 0.003377714869177861
276 350.0 1750.0 10.0 0.02672626681478093 0.028653295128939826 0.0039754132194428264 0.36392075078206465 0.049922087098269265 0.0028305244868802853
277 350.0 1750.0 10.0 0.02672626681478093 0.04297994269340974 0.01035896917565139 0.3860619469026549 0.07463489369623219 0.004141645510847139
278 350.0 1750.0 10.0 0.02672626681478093 0.020057306590257878 0.00275451580528422 0.33719806763285026 0.027023185045216346 0.002141729135073098
279 350.0 1750.0 10.0 0.02672626681478093 0.022922636103151862 0.003286967693676218 0.3496993987975952 0.035932439604518744 0.002354092273602182
28 350.0 1750.0 10.0 0.02672626681478093 0.034383954154727794 0.006533816454223022 0.3740621650589496 0.06478637121142891 0.003366848129971789
280 350.0 1750.0 10.0 0.02672626681478093 0.03151862464183381 0.0056463303689024144 0.3697033898305085 0.058331244501260746 0.0030874382423691756
281 350.0 1750.0 10.0 0.02672626681478093 0.020057306590257878 0.001989997445149802 0.3445212240868707 0.03345520674370219 0.0020822943463466134
282 350.0 1750.0 10.0 0.02672626681478093 0.020057306590257878 0.0023473013576803814 0.34520276953511375 0.03377907553477564 0.0020932925407773197
283 350.0 1750.0 10.0 0.02672626681478093 0.025787965616045846 0.0042167596353861626 0.3521695257315843 0.0382793703342417 0.0026183971204460444
284 350.0 1750.0 10.0 0.02672626681478093 0.020057306590257878 0.0020372276090101973 0.353596757852077 0.03958109252884824 0.0020545541143814168
285 350.0 1750.0 10.0 0.02672626681478093 0.022922636103151862 0.003256284344108944 0.35905349794238683 0.04521218344128259 0.002339273369913463
286 350.0 1750.0 10.0 0.02672626681478093 0.022922636103151862 0.0031290962025769782 0.35431472081218274 0.03829574233632693 0.002338411790806745
287 350.0 1750.0 10.0 0.02672626681478093 0.014326647564469913 0.0011341453022884643 0.3273921200750469 0.02518295060777401 0.0015757020251046113
288 350.0 1750.0 10.0 0.02672626681478093 0.028653295128939826 0.004738459846864301 0.36468129571577845 0.050687570102781715 0.0028569944423938063
289 350.0 1750.0 10.0 0.02672626681478093 0.034383954154727794 0.006494391468327774 0.37246531483457845 0.05713722855121299 0.0033551630677369744
29 350.0 1750.0 10.0 0.02672626681478093 0.040114613180515755 0.008476750003658993 0.3789359391965255 0.07032455818682935 0.0038774438185617535
290 350.0 1750.0 10.0 0.02672626681478093 0.028653295128939826 0.004718823078214832 0.3631633714880333 0.0492749200356828 0.0028395890557402614
291 350.0 1750.0 10.0 0.02672626681478093 0.017191977077363897 0.0018031029698286393 0.3339712918660287 0.02526096587585945 0.0018772811517240315
292 350.0 1750.0 10.0 0.02672626681478093 0.017191977077363897 0.001425957020819182 0.3448616600790514 0.03585216006468082 0.0017943378370854452
293 350.0 1750.0 10.0 0.02672626681478093 0.022922636103151862 0.0028465116256993802 0.349 0.04053060736464345 0.00233692453851722
294 350.0 1750.0 10.0 0.02672626681478093 0.03724928366762178 0.00833658942299938 0.3826754385964912 0.06929728603676835 0.0036171017139161833
295 350.0 1750.0 10.0 0.02672626681478093 0.017191977077363897 0.001694659216559646 0.343503937007874 0.031234047050485103 0.001825377216746187
296 350.0 1750.0 10.0 0.02672626681478093 0.040114613180515755 0.00973346192330944 0.37366167023554603 0.060493124729344996 0.003947876879374409
297 350.0 1750.0 10.0 0.02672626681478093 0.03151862464183381 0.0057141847271955926 0.37127659574468086 0.057741345446516434 0.0031215957194966623
298 350.0 1750.0 10.0 0.02672626681478093 0.022922636103151862 0.001979678965438328 0.35794871794871796 0.044440479223424485 0.00229845526569574
299 350.0 1750.0 10.0 0.02672626681478093 0.028653295128939826 0.004455269090308237 0.3564862104187947 0.04593017736940679 0.0028721983953797527
3 350.0 1750.0 10.0 0.02672626681478093 0.008595988538681949 0.000342072303548211 0.299057412167952 0.011110530587501607 0.0010849028230443263
30 350.0 1750.0 10.0 0.02672626681478093 0.022922636103151862 0.003042260604281548 0.35612244897959183 0.043384364991530665 0.002345414290590743
300 350.0 1750.0 10.0 0.02672626681478093 0.03724928366762178 0.007345173984796568 0.3732620320855615 0.05983915558793023 0.0036472908899418347
301 350.0 1750.0 10.0 0.02672626681478093 0.025787965616045846 0.0033904233779208605 0.35905349794238683 0.046759037762600444 0.002568288871669569
302 350.0 1750.0 10.0 0.02672626681478093 0.03151862464183381 0.0056436377111795475 0.3689217758985201 0.05531314154022103 0.0030994710758469775
303 350.0 1750.0 10.0 0.02672626681478093 0.028653295128939826 0.0044383505716816705 0.36392075078206465 0.05137912871173107 0.0028284525063221712
304 350.0 1750.0 10.0 0.02672626681478093 0.028653295128939826 0.0045015878397815 0.36016511867905054 0.04771140133296454 0.002884748734642146
305 350.0 1750.0 10.0 0.02672626681478093 0.022922636103151862 0.00269918736815496 0.3564862104187947 0.04319295102621671 0.002328320259726775
306 350.0 1750.0 10.0 0.02672626681478093 0.022922636103151862 0.0029938433508295633 0.3525252525252525 0.03744559269272376 0.002339950387171899
307 350.0 1750.0 10.0 0.02672626681478093 0.03151862464183381 0.0057133896874131335 0.3797606093579978 0.06452267907084833 0.0030644801774362363
308 350.0 1750.0 10.0 0.02672626681478093 0.020057306590257878 0.0024845218237806097 0.3455445544554455 0.03201509166507036 0.0021058867047168734
309 350.0 1750.0 10.0 0.02672626681478093 0.022922636103151862 0.002991096040074489 0.3411534701857282 0.031153752121390127 0.002394772058965996
31 350.0 1750.0 10.0 0.02672626681478093 0.03151862464183381 0.005607978761477294 0.37009544008483564 0.05309124538820462 0.003102922042045887
310 350.0 1750.0 10.0 0.02672626681478093 0.020057306590257878 0.0022114080854048284 0.34934934934934936 0.036283441051057894 0.0020723723601423364
311 350.0 1750.0 10.0 0.02672626681478093 0.017191977077363897 0.0015973790264353796 0.332697807435653 0.0283657773435297 0.0018359063065051617
312 350.0 1750.0 10.0 0.02672626681478093 0.025787965616045846 0.0034046154962122026 0.36430062630480164 0.051296242559335126 0.0025492129041057576
313 350.0 1750.0 10.0 0.02672626681478093 0.025787965616045846 0.005234019730139237 0.35181451612903225 0.03757279649589364 0.0026791864951327205
314 350.0 1750.0 10.0 0.02672626681478093 0.014326647564469913 0.0011363204390440254 0.32831608654750705 0.021419493947541852 0.0015817618837822714
315 350.0 1750.0 10.0 0.02672626681478093 0.020057306590257878 0.0034465187606279625 0.33080568720379144 0.022571746520888874 0.00221580154302505
316 350.0 1750.0 10.0 0.02672626681478093 0.022922636103151862 0.0031294067467193434 0.3528816986855409 0.038932834243424856 0.0023581013108265325
317 350.0 1750.0 10.0 0.02672626681478093 0.025787965616045846 0.0034530273408261286 0.351460221550856 0.039630119364831705 0.002633156898327906
318 350.0 1750.0 10.0 0.02672626681478093 0.022922636103151862 0.002110273555802014 0.34520276953511375 0.03729971921463618 0.0023358184259081403
319 350.0 1750.0 10.0 0.02672626681478093 0.025787965616045846 0.004067481852367922 0.3539553752535497 0.03962442627568344 0.0026412321725144657
32 350.0 1750.0 10.0 0.02672626681478093 0.014326647564469913 0.0012803679859502146 0.3301797540208136 0.022698861018806075 0.001582732215749638
320 350.0 1750.0 10.0 0.02672626681478093 0.011461318051575931 0.0008985151287414052 0.3006029285099053 0.011618768495358757 0.001409676869801811
321 350.0 1750.0 10.0 0.02672626681478093 0.025787965616045846 0.0043122363655808986 0.35685071574642124 0.04188050522466006 0.0026222450213197962
322 350.0 1750.0 10.0 0.02672626681478093 0.03724928366762178 0.009947582809541259 0.3822562979189485 0.06781507477623973 0.0036391249879805434
323 350.0 1750.0 10.0 0.02672626681478093 0.014326647564469913 0.0014854410053084617 0.33143399810066476 0.022767336742097483 0.0015883504580615792
324 350.0 1750.0 10.0 0.02672626681478093 0.014326647564469913 0.000983692600810263 0.3408203125 0.03141259712791441 0.0015484200590246472
325 350.0 1750.0 10.0 0.02672626681478093 0.034383954154727794 0.006955520398650653 0.37246531483457845 0.059310976730730734 0.003354919083215592
326 350.0 1750.0 10.0 0.02672626681478093 0.03724928366762178 0.00672418251761905 0.36392075078206465 0.05831277260751908 0.0036430734619833415
327 350.0 1750.0 10.0 0.02672626681478093 0.04297994269340974 0.010675369208724297 0.38351648351648354 0.07650003312719621 0.004150665127711742
328 350.0 1750.0 10.0 0.02672626681478093 0.011461318051575931 0.0005875953325554473 0.33049242424242425 0.024798985561534977 0.0012945863982498844
329 350.0 1750.0 10.0 0.02672626681478093 0.028653295128939826 0.004335406774221729 0.37048832271762205 0.057253539117614584 0.0028161392550018795
33 350.0 1750.0 10.0 0.02672626681478093 0.03151862464183381 0.005390319576403704 0.3658280922431866 0.055182323649801086 0.0030955438885703684
330 350.0 1750.0 10.0 0.02672626681478093 0.04871060171919771 0.012578309700174053 0.3947963800904977 0.09033981185571151 0.004618422373120113
331 350.0 1750.0 10.0 0.02672626681478093 0.04297994269340974 0.012348825537468208 0.37852494577006507 0.06842919698286207 0.004261462171705683
332 350.0 1750.0 10.0 0.02672626681478093 0.028653295128939826 0.0044892889060903 0.35868448098663924 0.04581277159857044 0.002877614222731171
333 350.0 1750.0 10.0 0.02672626681478093 0.025787965616045846 0.004266133549756384 0.36392075078206465 0.04289921594158405 0.0025975772215782325
334 350.0 1750.0 10.0 0.02672626681478093 0.03724928366762178 0.008943678874990027 0.3772972972972973 0.06065336395942186 0.0036351339764716254
335 350.0 1750.0 10.0 0.02672626681478093 0.028653295128939826 0.004343744331317685 0.3612836438923395 0.05052375187043678 0.0028390927094397063
336 350.0 1750.0 10.0 0.02672626681478093 0.034383954154727794 0.006709157286744633 0.3697033898305085 0.05283082537314275 0.0033812892348112304
337 350.0 1750.0 10.0 0.02672626681478093 0.03151862464183381 0.005880020025411788 0.36354166666666665 0.052423365843391447 0.0031470274693021546
338 350.0 1750.0 10.0 0.02672626681478093 0.034383954154727794 0.0075188488412567195 0.3693121693121693 0.05693498075924375 0.0034131658357962925
339 350.0 1750.0 10.0 0.02672626681478093 0.020057306590257878 0.0024347579744889514 0.349 0.03244682405476846 0.002090409483504936
34 350.0 1750.0 10.0 0.02672626681478093 0.022922636103151862 0.0028641113435965483 0.3472636815920398 0.03540130092739613 0.0023485036233723243
340 350.0 1750.0 10.0 0.02672626681478093 0.017191977077363897 0.0016850239436246037 0.33174904942965777 0.02435570019406858 0.0018399683147861503
341 350.0 1750.0 10.0 0.02672626681478093 0.028653295128939826 0.00461299065734107 0.37167199148029817 0.058936971988910875 0.0028144422540936293
342 350.0 1750.0 10.0 0.02672626681478093 0.011461318051575931 0.0007042967055841598 0.32255083179297594 0.018858560140216543 0.0013189675867884146
343 350.0 1750.0 10.0 0.02672626681478093 0.022922636103151862 0.002714025154249542 0.3631633714880333 0.046208545632077234 0.0022980550940622383
344 350.0 1750.0 10.0 0.02672626681478093 0.022922636103151862 0.003745374289159475 0.35794871794871796 0.043599038207075544 0.0023579335516835317
345 350.0 1750.0 10.0 0.02672626681478093 0.034383954154727794 0.008118858585938157 0.3693121693121693 0.05120079135165536 0.003427877382599251
346 350.0 1750.0 10.0 0.02672626681478093 0.022922636103151862 0.0029206765799675584 0.3428290766208251 0.03328819258921602 0.0023894713444632017
347 350.0 1750.0 10.0 0.02672626681478093 0.020057306590257878 0.0019336701118067782 0.343503937007874 0.03525440726257168 0.0020990334532992494
348 350.0 1750.0 10.0 0.02672626681478093 0.028653295128939826 0.0050176055529062335 0.37048832271762205 0.05698629315383474 0.002828818105910855
349 350.0 1750.0 10.0 0.02672626681478093 0.04871060171919771 0.012632094736438174 0.3890746934225195 0.08379981566453383 0.004660024608307736
35 350.0 1750.0 10.0 0.02672626681478093 0.03151862464183381 0.005162169564017626 0.3789359391965255 0.06935971857199674 0.003044987868084584
36 350.0 1750.0 10.0 0.02672626681478093 0.034383954154727794 0.007341475667384415 0.37127659574468086 0.054105055974553735 0.00339847318704695
37 350.0 1750.0 10.0 0.02672626681478093 0.04297994269340974 0.010275627959936955 0.3877777777777778 0.07253044035376877 0.004138421487261415
38 350.0 1750.0 10.0 0.02672626681478093 0.025787965616045846 0.003490853168727846 0.35431472081218274 0.04070765107083627 0.0026043269418721286
39 350.0 1750.0 10.0 0.02672626681478093 0.03151862464183381 0.004487415824900629 0.3732620320855615 0.06697531808952935 0.003040240166246328
4 350.0 1750.0 10.0 0.02672626681478093 0.022922636103151862 0.0032463490842708303 0.34148727984344424 0.030355222151380715 0.002397821213338552
40 350.0 1750.0 10.0 0.02672626681478093 0.017191977077363897 0.0014749510012217663 0.33206470028544244 0.02554206745494819 0.0018590061127331124
41 350.0 1750.0 10.0 0.02672626681478093 0.022922636103151862 0.002952140592076252 0.36659663865546216 0.05063510500770748 0.002295425544575242
42 350.0 1750.0 10.0 0.02672626681478093 0.022922636103151862 0.0034869458167481808 0.3455445544554455 0.03497702166735818 0.002404983271468079
43 350.0 1750.0 10.0 0.02672626681478093 0.020057306590257878 0.0034954906992062493 0.33622350674373797 0.025669786098920424 0.0022026612529470737
44 350.0 1750.0 10.0 0.02672626681478093 0.03151862464183381 0.005365788243023879 0.37048832271762205 0.05960048401965699 0.003091946463320017
45 350.0 1750.0 10.0 0.02672626681478093 0.034383954154727794 0.007561350791153556 0.36736842105263157 0.050141081900191904 0.003421503029824827
46 350.0 1750.0 10.0 0.02672626681478093 0.040114613180515755 0.009129433428088274 0.3890746934225195 0.07861165199187269 0.0038361601424634264
47 350.0 1750.0 10.0 0.02672626681478093 0.022922636103151862 0.00258236383936651 0.35575942915392456 0.042767238595568066 0.002339667486607181
48 350.0 1750.0 10.0 0.02672626681478093 0.022922636103151862 0.0030081255520167964 0.351460221550856 0.035488571271142605 0.0023428158434434018
49 350.0 1750.0 10.0 0.02672626681478093 0.028653295128939826 0.004791892651882112 0.3627858627858628 0.04752612582753381 0.0028457173511379245
5 350.0 1750.0 10.0 0.02672626681478093 0.008595988538681949 0.0003719475955813327 0.2870065789473684 0.008166059123520775 0.0011203776290757753
50 350.0 1750.0 10.0 0.02672626681478093 0.028653295128939826 0.004713859752993816 0.36736842105263157 0.055336260386905846 0.0028264480231708095
51 350.0 1750.0 10.0 0.02672626681478093 0.025787965616045846 0.00349282679056004 0.3612836438923395 0.04764088653048304 0.0025713312509029716
52 350.0 1750.0 10.0 0.02672626681478093 0.025787965616045846 0.0033818833817106852 0.3616580310880829 0.0479884222777137 0.0025666995954788177
53 350.0 1750.0 10.0 0.02672626681478093 0.017191977077363897 0.0017118209623376243 0.33719806763285026 0.02833552903934845 0.0018425937300727644
54 350.0 1750.0 10.0 0.02672626681478093 0.017191977077363897 0.0015682770181734537 0.3428290766208251 0.031552573349752436 0.0018146051805851028
55 350.0 1750.0 10.0 0.02672626681478093 0.020057306590257878 0.002124937617573015 0.33949416342412453 0.029922790967246933 0.0021149736316794458
56 350.0 1750.0 10.0 0.02672626681478093 0.020057306590257878 0.00210496993834426 0.3445212240868707 0.034734839559045064 0.0020809377290912944
57 350.0 1750.0 10.0 0.02672626681478093 0.022922636103151862 0.0031759145843680264 0.35539714867617106 0.03680105253614115 0.0023379302162490007
58 350.0 1750.0 10.0 0.02672626681478093 0.04297994269340974 0.010959190383741468 0.3777056277056277 0.06642573855740179 0.004200471501567149
59 350.0 1750.0 10.0 0.02672626681478093 0.034383954154727794 0.007235344319343218 0.38058887677208286 0.06684951173841454 0.0033333114554873642
6 350.0 1750.0 10.0 0.02672626681478093 0.034383954154727794 0.005456036556009195 0.3732620320855615 0.06799901078959611 0.0033006012150870586
60 350.0 1750.0 10.0 0.02672626681478093 0.03724928366762178 0.009308681016128417 0.3814207650273224 0.06479012989184225 0.0036418805605361922
61 350.0 1750.0 10.0 0.02672626681478093 0.020057306590257878 0.0016363930330027267 0.33493282149712095 0.03203845869309772 0.002094842939815908
62 350.0 1750.0 10.0 0.02672626681478093 0.020057306590257878 0.0021241446832428157 0.35040160642570284 0.036266749548506734 0.0020658044418978587
63 350.0 1750.0 10.0 0.02672626681478093 0.025787965616045846 0.0032354414514837834 0.36736842105263157 0.052765139415510844 0.0025465037401265975
64 350.0 1750.0 10.0 0.02672626681478093 0.03151862464183381 0.004858343498361417 0.3740621650589496 0.06438880206159607 0.0030549706403405433
65 350.0 1750.0 10.0 0.02672626681478093 0.034383954154727794 0.007347785441169854 0.36544502617801045 0.05340454733968039 0.00342156001073487
66 350.0 1750.0 10.0 0.02672626681478093 0.03724928366762178 0.007622557912384542 0.38950892857142855 0.08990569090246098 0.0035410026428895677
67 350.0 1750.0 10.0 0.02672626681478093 0.034383954154727794 0.00788988089592389 0.36659663865546216 0.04749734653087751 0.0034333525984183745
68 350.0 1750.0 10.0 0.02672626681478093 0.03151862464183381 0.005036674447256731 0.35942327497425336 0.05092968578597685 0.0031175273525753076
69 350.0 1750.0 10.0 0.02672626681478093 0.034383954154727794 0.006949228814438414 0.36736842105263157 0.056150272000458926 0.003432414073623849
7 350.0 1750.0 10.0 0.02672626681478093 0.045845272206303724 0.01183671452718333 0.3826754385964912 0.0746917467005875 0.004445419715345617
70 350.0 1750.0 10.0 0.02672626681478093 0.014326647564469913 0.0012991274719488977 0.3401559454191033 0.031301832520207525 0.0015686927076899312
71 350.0 1750.0 10.0 0.02672626681478093 0.034383954154727794 0.005682425690700061 0.3748657357679914 0.06908059327504028 0.0033074476399340977
72 350.0 1750.0 10.0 0.02672626681478093 0.034383954154727794 0.006108528651832065 0.37167199148029817 0.05869487826247415 0.0033635306423356673
73 350.0 1750.0 10.0 0.02672626681478093 0.034383954154727794 0.006768081514585068 0.3708820403825717 0.06083041146653021 0.0033781732262087747
74 350.0 1750.0 10.0 0.02672626681478093 0.034383954154727794 0.006686509814246093 0.3756727664155005 0.05788930689445252 0.0033516481585937515
75 350.0 1750.0 10.0 0.02672626681478093 0.025787965616045846 0.00444831225052365 0.35431472081218274 0.04259526900822178 0.0026500091090047454
76 350.0 1750.0 10.0 0.02672626681478093 0.022922636103151862 0.003081261154049977 0.35612244897959183 0.037795263615598124 0.002340337654156835
77 350.0 1750.0 10.0 0.02672626681478093 0.04871060171919771 0.011576422232296638 0.3908174692049272 0.09228398432405548 0.0046084549197127015
78 350.0 1750.0 10.0 0.02672626681478093 0.028653295128939826 0.004510276846449771 0.36354166666666665 0.04767136974554755 0.0028425805413978683
79 350.0 1750.0 10.0 0.02672626681478093 0.03724928366762178 0.009086049508206481 0.3616580310880829 0.0448833853666628 0.003746251569341528
8 350.0 1750.0 10.0 0.02672626681478093 0.025787965616045846 0.003697626988419725 0.35942327497425336 0.04402609040644127 0.0025963848718296312
80 350.0 1750.0 10.0 0.02672626681478093 0.034383954154727794 0.00708671233118809 0.3693121693121693 0.05325288430213168 0.0034084813327557714
81 350.0 1750.0 10.0 0.02672626681478093 0.028653295128939826 0.004279734993495484 0.3756727664155005 0.05829281435166158 0.0028036155140813103
82 350.0 1750.0 10.0 0.02672626681478093 0.014326647564469913 0.0007221088384674109 0.32800751879699247 0.028187805887244767 0.0015505295788462705
83 350.0 1750.0 10.0 0.02672626681478093 0.03151862464183381 0.005471838033017061 0.3756727664155005 0.06526144812699806 0.0030542483935731366
84 350.0 1750.0 10.0 0.02672626681478093 0.034383954154727794 0.007526460969208843 0.37366167023554603 0.05499990047410013 0.0033728914814706353
85 350.0 1750.0 10.0 0.02672626681478093 0.025787965616045846 0.0039062963079152906 0.35794871794871796 0.04467125687364878 0.0026078407238991942
86 350.0 1750.0 10.0 0.02672626681478093 0.05157593123209169 0.01274800076086492 0.3943502824858757 0.10192861593472377 0.004854743148823673
87 350.0 1750.0 10.0 0.02672626681478093 0.045845272206303724 0.011236992164240529 0.38058887677208286 0.07030307232327022 0.0044505038486484854
88 350.0 1750.0 10.0 0.02672626681478093 0.022922636103151862 0.002304650060578485 0.35431472081218274 0.04545099297171989 0.00231422901097006
89 350.0 1750.0 10.0 0.02672626681478093 0.045845272206303724 0.012776615546952655 0.3890746934225195 0.08292774051935262 0.00439428026780639
9 350.0 1750.0 10.0 0.02672626681478093 0.014326647564469913 0.0011504559644114167 0.33622350674373797 0.027655699603409908 0.0015599131534518717
90 350.0 1750.0 10.0 0.02672626681478093 0.028653295128939826 0.004603714783490065 0.3525252525252525 0.03999216943908852 0.002888173656637125
91 350.0 1750.0 10.0 0.02672626681478093 0.020057306590257878 0.00213778083035404 0.3378509196515005 0.028285334495322684 0.0021100671346324087
92 350.0 1750.0 10.0 0.02672626681478093 0.017191977077363897 0.0019899200403187527 0.3445212240868707 0.027789046252342374 0.001828509411344902
93 350.0 1750.0 10.0 0.02672626681478093 0.028653295128939826 0.005197615068185078 0.35612244897959183 0.039636949049995436 0.0029097864980522237
94 350.0 1750.0 10.0 0.02672626681478093 0.022922636103151862 0.0026539119605329567 0.34691848906560635 0.036803698008682564 0.0023594489891025456
95 350.0 1750.0 10.0 0.02672626681478093 0.028653295128939826 0.004169528354548762 0.3681434599156118 0.06115544200950522 0.0028125758161554673
96 350.0 1750.0 10.0 0.02672626681478093 0.025787965616045846 0.0037433372186997096 0.35685071574642124 0.042070455075742315 0.0026115530702081726
97 350.0 1750.0 10.0 0.02672626681478093 0.03151862464183381 0.006406713580905857 0.3616580310880829 0.046867791169890684 0.0031710562357176366
98 350.0 1750.0 10.0 0.02672626681478093 0.022922636103151862 0.004678404766049746 0.3597938144329897 0.043723041528510836 0.0023794499246637636
99 350.0 1750.0 10.0 0.02672626681478093 0.03724928366762178 0.00694530776008003 0.36659663865546216 0.055651183708787105 0.0036512345004787875