0 1
0 2
0 3
0 647
0 4
0 643
0 641
0 639
0 638
0 13
0 636
0 635
0 560
0 610
0 239
0 553
0 255
0 411
0 342
0 321
0 599
0 240
0 156
0 286
0 393
0 479
0 493
0 43
0 438
0 350
0 469
1 2
1 3
1 5
1 646
1 7
1 645
1 9
1 642
1 641
1 13
1 16
1 636
1 131
1 237
1 557
1 156
1 619
1 108
1 494
1 617
1 446
1 165
1 377
1 70
1 543
1 359
1 372
1 46
1 159
1 374
2 4
2 6
2 8
2 646
2 644
2 11
2 12
2 642
2 13
2 641
2 14
2 640
2 15
2 638
2 17
2 637
2 294
2 487
2 344
2 126
2 577
2 47
2 438
2 248
2 412
2 402
2 31
3 5
3 6
3 7
3 8
3 9
3 12
3 13
3 643
3 640
3 18
3 638
3 187
3 265
3 492
3 587
3 398
3 202
3 549
3 137
3 354
3 98
3 386
3 500
3 567
3 321
4 8
4 9
4 10
4 648
4 11
4 647
4 12
4 645
4 15
4 643
4 19
4 639
4 433
4 192
4 75
4 296
4 216
4 288
4 344
4 54
4 612
4 14
4 623
4 66
4 285
4 453
4 457
4 531
5 7
5 9
5 648
5 13
5 14
5 16
5 17
5 20
5 640
5 305
5 87
5 238
5 529
5 594
5 32
5 193
5 419
5 492
5 247
5 287
5 447
5 524
5 409
5 621
5 612
5 56
5 358
6 9
6 10
6 649
6 14
6 646
6 644
6 21
6 124
6 135
6 565
6 68
6 240
6 571
6 78
6 373
6 443
6 294
6 444
6 72
6 282
6 569
6 466
6 583
6 640
6 370
7 8
7 11
7 649
7 16
7 648
7 17
7 647
7 18
7 646
7 19
7 20
7 644
7 21
7 22
7 279
7 373
7 430
7 506
7 159
7 471
7 542
7 137
7 89
7 233
7 356
7 432
8 10
8 11
8 15
8 649
8 18
8 19
8 646
8 22
8 644
8 643
8 350
8 232
8 557
8 297
8 387
8 301
8 494
8 333
8 281
8 636
8 260
8 216
8 274
8 235
8 39
8 125
8 572
8 579
9 10
9 11
9 12
9 14
9 17
9 19
9 20
9 648
9 23
9 644
9 516
9 166
9 309
9 474
9 205
9 592
9 83
9 249
9 362
9 629
9 527
9 548
9 301
9 307
9 531
9 611
10 11
10 12
10 13
10 16
10 19
10 21
10 22
10 23
10 646
10 25
10 371
10 376
10 535
10 432
10 452
10 369
10 206
10 361
10 550
10 133
10 124
10 342
10 153
10 296
10 455
10 381
10 290
11 13
11 14
11 19
11 21
11 22
11 23
11 649
11 24
11 25
11 26
11 325
11 443
11 36
11 154
11 404
11 232
11 267
11 457
11 539
11 642
11 495
11 568
12 14
12 16
12 17
12 20
12 21
12 22
12 24
12 649
12 648
12 27
12 93
12 298
12 164
12 197
12 317
12 30
12 646
12 37
12 434
12 181
12 504
12 306
12 94
12 558
12 233
12 606
13 14
13 15
13 17
13 18
13 21
13 22
13 23
13 25
13 26
13 27
13 649
13 28
13 648
13 199
13 225
13 429
13 127
13 607
13 551
13 477
13 508
13 288
13 160
13 94
14 15
14 17
14 18
14 19
14 25
14 27
14 649
14 70
14 433
14 112
14 445
14 487
14 543
14 251
14 103
14 282
14 554
14 580
14 38
14 275
15 16
15 18
15 19
15 20
15 24
15 25
15 26
15 27
15 29
15 30
15 630
15 477
15 34
15 586
15 248
15 580
15 125
15 550
15 130
15 633
15 429
15 81
15 407
15 546
16 17
16 19
16 20
16 21
16 23
16 24
16 26
16 30
16 338
16 378
16 430
16 308
16 165
16 371
16 158
16 622
16 87
16 394
16 218
16 446
16 90
16 296
16 162
16 499
17 19
17 21
17 22
17 23
17 25
17 26
17 27
17 29
17 32
17 513
17 395
17 115
17 625
17 80
17 241
17 280
18 20
18 21
18 22
18 25
18 28
18 30
18 31
18 32
18 616
18 371
18 147
18 278
18 569
18 458
18 443
18 580
18 426
18 355
18 303
19 22
19 26
19 27
19 30
19 31
19 32
19 307
19 268
19 84
19 641
19 229
19 362
19 498
19 443
19 276
19 330
19 203
19 368
19 439
20 21
20 24
20 25
20 26
20 28
20 29
20 31
20 35
20 232
20 473
20 287
20 209
20 180
20 457
20 550
20 195
20 235
20 586
20 478
20 272
20 354
20 545
20 539
20 223
21 25
21 26
21 29
21 33
21 35
21 41
21 257
21 349
21 506
21 78
21 86
21 529
21 110
21 649
21 631
21 517
21 254
21 133
21 166
21 425
21 325
21 249
21 630
21 599
21 62
21 591
21 588
21 80
22 25
22 27
22 28
22 29
22 30
22 31
22 32
22 35
22 523
22 512
22 477
22 132
22 583
22 172
22 313
22 75
22 403
22 267
22 469
23 26
23 29
23 30
23 33
23 293
23 111
23 45
23 597
23 587
23 633
23 554
23 592
23 511
23 223
23 364
23 502
23 508
23 216
23 374
23 629
23 472
23 230
24 29
24 31
24 32
24 33
24 35
24 38
24 39
24 426
24 184
24 573
24 175
24 445
24 151
24 454
24 488
24 376
24 181
24 390
24 231
24 95
25 26
25 28
25 30
25 32
25 33
25 34
25 35
25 37
25 39
25 110
25 648
25 388
25 206
25 534
25 424
25 253
25 385
25 41
25 559
25 440
25 356
25 317
26 27
26 28
26 29
26 30
26 32
26 35
26 37
26 39
26 40
26 41
26 317
26 350
26 499
26 377
26 56
26 103
26 526
26 290
26 529
27 29
27 32
27 34
27 36
27 38
27 40
27 41
27 42
27 228
27 270
27 290
27 635
27 302
27 315
27 266
27 75
27 362
27 518
27 397
27 576
27 557
27 146
27 385
27 481
27 569
28 33
28 34
28 35
28 36
28 38
28 41
28 51
28 602
28 217
28 147
28 591
28 373
28 509
28 121
28 142
28 586
28 181
28 235
28 71
28 269
28 487
28 243
28 215
28 381
28 408
28 31
28 445
29 30
29 32
29 35
29 41
29 43
29 44
29 494
29 276
29 446
29 329
29 416
29 478
29 307
29 149
29 56
29 419
29 531
29 577
29 181
29 601
30 37
30 39
30 41
30 42
30 43
30 45
30 542
30 448
30 644
30 404
30 106
30 54
30 34
30 534
30 521
30 368
30 405
30 311
30 345
30 511
30 603
30 648
30 169
30 252
30 332
30 151
31 33
31 35
31 36
31 37
31 38
31 39
31 40
31 43
31 45
31 544
31 67
31 622
31 220
31 83
31 179
31 561
31 184
31 627
31 148
31 93
31 228
31 402
32 33
32 34
32 37
32 39
32 42
32 493
32 341
32 261
32 176
32 495
32 314
32 49
32 201
32 444
32 244
32 627
32 114
32 267
32 403
32 415
33 34
33 35
33 36
33 39
33 40
33 42
33 43
33 44
33 45
33 47
33 48
33 130
33 359
33 405
33 436
33 315
33 102
33 424
33 449
33 59
33 610
34 35
34 36
34 37
34 40
34 41
34 42
34 44
34 45
34 47
34 48
34 158
34 178
34 642
34 317
34 59
34 372
34 633
34 206
35 38
35 39
35 41
35 42
35 44
35 47
35 48
35 56
35 511
35 419
35 561
35 461
35 302
35 437
35 566
35 313
35 480
35 220
35 385
35 378
36 37
36 38
36 39
36 40
36 41
36 43
36 47
36 48
36 50
36 51
36 211
36 284
36 155
36 314
36 502
36 478
36 292
36 225
36 306
36 92
36 445
36 371
36 278
36 122
36 458
36 467
36 560
36 111
37 38
37 41
37 42
37 45
37 47
37 48
37 51
37 52
37 226
37 179
37 180
37 392
37 331
37 583
37 579
37 199
37 341
37 546
37 83
37 448
37 493
38 42
38 43
38 44
38 46
38 47
38 53
38 406
38 147
38 355
38 62
38 611
38 347
38 557
38 180
38 55
38 419
38 327
38 496
38 216
38 106
38 351
38 193
38 512
39 40
39 44
39 48
39 50
39 589
39 575
39 417
39 352
39 280
39 496
39 90
39 236
39 487
39 195
39 230
39 279
39 215
39 134
39 222
39 451
39 410
39 500
39 82
39 527
39 549
39 79
39 315
40 41
40 42
40 43
40 47
40 48
40 49
40 51
40 52
40 54
40 55
40 100
40 611
40 290
40 103
40 96
40 81
40 467
40 262
40 141
40 580
40 144
40 105
40 239
40 482
41 42
41 45
41 47
41 49
41 54
41 208
41 464
41 567
41 413
41 274
41 164
41 285
41 178
41 65
41 409
41 401
41 71
41 324
41 605
42 43
42 44
42 45
42 46
42 50
42 51
42 52
42 55
42 56
42 517
42 561
42 522
42 648
42 425
42 282
42 173
42 504
42 467
42 268
42 424
42 185
42 515
42 116
43 47
43 48
43 49
43 50
43 52
43 54
43 55
43 58
43 520
43 412
43 263
43 503
43 447
43 567
43 142
43 201
43 188
43 180
43 608
43 645
44 49
44 51
44 53
44 54
44 55
44 58
44 218
44 323
44 551
44 128
44 516
44 307
44 144
44 254
44 87
44 449
44 309
44 85
44 370
44 286
44 416
45 46
45 47
45 48
45 49
45 50
45 52
45 53
45 54
45 55
45 56
45 57
45 59
45 264
45 483
45 541
45 362
45 357
45 453
45 186
45 267
45 509
45 310
45 99
46 48
46 50
46 52
46 56
46 615
46 583
46 558
46 141
46 197
46 283
46 556
46 398
46 402
46 236
46 151
46 152
46 333
46 419
46 503
47 48
47 50
47 51
47 56
47 58
47 60
47 61
47 67
47 642
47 110
47 201
47 198
47 299
47 582
47 630
47 312
47 157
47 422
47 143
47 569
47 533
47 428
47 193
48 50
48 51
48 53
48 57
48 58
48 60
48 62
48 590
48 154
48 253
48 557
48 632
48 129
48 293
48 328
48 480
48 166
48 596
48 474
48 554
48 528
48 105
48 231
49 51
49 52
49 53
49 55
49 57
49 58
49 60
49 61
49 62
49 111
49 469
49 295
49 514
49 541
49 99
49 292
49 571
49 275
49 221
49 428
49 606
49 263
49 177
50 54
50 55
50 56
50 58
50 61
50 236
50 229
50 372
50 330
50 569
50 84
50 538
50 639
50 191
50 280
50 335
50 278
50 388
50 532
50 539
50 326
50 381
50 551
50 116
50 461
50 75
51 54
51 55
51 56
51 57
51 59
51 60
51 61
51 62
51 63
51 64
51 65
51 236
51 75
51 279
51 593
51 384
51 283
51 447
51 107
51 403
51 327
52 54
52 55
52 56
52 58
52 64
52 65
52 67
52 262
52 490
52 84
52 199
52 238
52 437
52 498
52 291
52 260
52 215
52 217
52 623
52 330
52 118
52 176
52 587
52 161
52 398
52 645
52 584
52 434
53 55
53 57
53 61
53 63
53 64
53 65
53 66
53 264
53 416
53 509
53 155
53 280
53 273
53 266
53 429
53 383
53 578
53 410
53 504
53 69
54 55
54 57
54 64
54 65
54 66
54 68
54 167
54 335
54 304
54 512
54 245
54 478
54 298
54 214
54 475
54 632
54 317
54 376
54 622
54 505
55 56
55 59
55 61
55 62
55 64
55 65
55 69
55 379
55 128
55 157
55 396
55 287
55 592
55 207
55 145
55 292
55 166
55 349
55 612
56 58
56 60
56 63
56 64
56 65
56 68
56 601
56 447
56 312
56 504
56 537
56 76
56 130
56 171
56 141
56 57
56 218
56 227
56 408
56 209
56 233
56 385
56 308
56 220
56 244
56 634
56 240
57 58
57 59
57 60
57 62
57 64
57 65
57 66
57 67
57 68
57 69
57 70
57 72
57 521
57 537
57 645
57 357
57 191
57 588
57 363
57 408
57 185
57 306
57 78
57 264
57 401
57 346
58 60
58 61
58 62
58 64
58 66
58 67
58 68
58 70
58 481
58 331
58 611
58 83
58 558
58 329
58 177
58 304
58 111
58 242
58 600
58 274
58 556
58 647
59 60
59 62
59 64
59 65
59 66
59 67
59 68
59 71
59 72
59 73
59 568
59 320
59 213
59 637
59 319
59 222
59 206
59 414
59 435
59 159
60 61
60 62
60 66
60 67
60 68
60 73
60 638
60 253
60 216
60 351
60 476
60 97
60 563
60 474
60 103
60 459
60 450
60 350
60 200
60 573
61 64
61 65
61 66
61 67
61 71
61 316
61 598
61 217
61 62
61 143
61 256
61 290
61 112
61 531
61 384
61 377
61 416
61 79
61 88
61 210
61 544
61 605
62 63
62 71
62 72
62 75
62 77
62 142
62 412
62 647
62 170
62 430
62 370
62 540
62 372
62 397
62 570
62 376
62 535
62 191
62 466
62 338
62 91
62 76
63 66
63 69
63 70
63 72
63 73
63 78
63 559
63 115
63 564
63 498
63 173
63 281
63 305
63 348
63 212
63 131
63 113
63 516
63 222
63 533
64 65
64 67
64 68
64 69
64 72
64 73
64 75
64 76
64 77
64 78
64 513
64 405
64 355
64 331
64 622
64 170
64 228
64 311
64 441
65 67
65 68
65 69
65 71
65 73
65 74
65 289
65 162
65 343
65 145
65 333
65 447
65 341
65 486
65 199
65 595
65 265
65 93
65 156
65 441
65 407
66 67
66 69
66 70
66 71
66 72
66 73
66 76
66 77
66 80
66 81
66 490
66 234
66 271
66 524
66 400
66 262
66 231
66 222
66 371
66 281
66 367
66 389
67 71
67 76
67 77
67 82
67 168
67 94
67 567
67 122
67 120
67 445
67 125
67 354
67 451
67 462
67 579
67 582
67 477
67 508
67 437
68 70
68 72
68 73
68 75
68 77
68 78
68 80
68 82
68 373
68 325
68 218
68 413
68 608
68 449
68 69
68 289
68 376
68 612
68 85
69 70
69 72
69 77
69 79
69 549
69 266
69 205
69 267
69 314
69 531
69 214
69 210
69 444
69 365
69 71
69 578
69 345
69 399
70 71
70 72
70 73
70 75
70 76
70 81
70 82
70 85
70 395
70 550
70 522
70 385
70 400
70 141
70 439
70 611
70 344
70 281
70 375
70 227
70 256
70 435
70 447
70 337
70 131
71 73
71 74
71 75
71 77
71 78
71 80
71 81
71 83
71 85
71 86
71 266
71 397
71 147
71 390
71 423
71 433
71 344
72 74
72 75
72 77
72 78
72 79
72 80
72 83
72 84
72 495
72 353
72 471
72 254
72 482
72 632
72 457
72 547
72 599
72 400
73 75
73 80
73 81
73 87
73 88
73 131
73 262
73 445
73 526
73 541
73 355
73 508
73 645
73 352
73 440
73 439
74 75
74 76
74 77
74 79
74 81
74 83
74 85
74 86
74 88
74 268
74 598
74 578
74 136
74 425
74 122
74 315
74 446
74 271
74 625
74 431
74 554
74 207
74 284
75 77
75 78
75 79
75 83
75 85
75 86
75 88
75 579
75 227
75 246
75 354
75 616
75 435
75 502
75 247
76 77
76 79
76 84
76 85
76 86
76 87
76 89
76 494
76 647
76 450
76 564
76 394
76 239
76 267
76 455
76 330
77 79
77 80
77 81
77 84
77 85
77 86
77 167
77 436
77 102
77 362
77 563
77 142
77 391
77 634
77 173
77 271
77 161
77 543
77 247
77 413
77 121
77 244
77 123
78 79
78 81
78 82
78 83
78 84
78 86
78 88
78 90
78 93
78 505
78 546
78 444
78 232
78 178
78 198
78 238
78 302
78 540
78 243
78 245
78 438
79 80
79 82
79 84
79 85
79 86
79 88
79 92
79 94
79 107
79 372
79 130
79 540
79 366
79 402
79 170
79 141
79 516
79 217
79 241
79 99
79 494
79 431
80 81
80 82
80 84
80 88
80 89
80 93
80 347
80 240
80 371
80 118
80 319
80 477
80 229
80 277
80 307
80 338
81 82
81 86
81 90
81 91
81 510
81 240
81 318
81 142
81 631
81 295
81 262
81 173
81 640
81 243
81 155
81 413
81 169
82 83
82 85
82 86
82 90
82 91
82 92
82 94
82 96
82 97
82 633
82 225
82 609
82 648
82 546
82 622
82 395
82 554
82 207
82 471
83 84
83 87
83 91
83 92
83 94
83 98
83 418
83 511
83 410
83 574
83 500
83 110
83 245
83 467
83 322
83 232
83 225
83 236
83 121
83 406
83 399
84 88
84 90
84 91
84 94
84 95
84 96
84 97
84 387
84 249
84 297
84 620
84 516
84 121
84 401
84 515
84 476
84 224
85 90
85 94
85 96
85 97
85 98
85 100
85 334
85 315
85 258
85 314
85 190
85 549
85 446
85 463
85 385
85 613
85 147
85 643
85 362
85 401
85 551
86 90
86 92
86 95
86 98
86 100
86 101
86 643
86 308
86 412
86 187
86 618
86 313
86 615
86 121
86 200
86 518
86 478
86 577
86 621
86 473
87 91
87 96
87 639
87 626
87 258
87 277
87 239
87 578
87 194
87 641
87 105
87 263
87 131
87 261
87 387
87 594
87 406
87 496
88 96
88 97
88 99
88 100
88 101
88 592
88 313
88 323
88 206
88 281
88 273
88 590
88 626
88 473
88 616
88 497
88 400
88 185
88 354
89 90
89 96
89 98
89 103
89 104
89 363
89 184
89 264
89 618
89 536
89 119
89 208
89 141
89 248
89 281
89 108
89 360
89 392
90 91
90 93
90 95
90 96
90 98
90 101
90 102
90 103
90 104
90 105
90 156
90 439
90 485
90 386
90 331
90 543
90 115
90 363
90 414
90 487
90 614
90 538
91 92
91 93
91 94
91 95
91 98
91 99
91 101
91 102
91 103
91 104
91 105
91 106
91 246
91 566
91 541
91 574
91 178
91 182
91 313
91 111
91 637
91 133
92 93
92 94
92 99
92 100
92 101
92 103
92 106
92 511
92 195
92 402
92 575
92 625
92 381
92 605
92 452
92 190
92 565
92 493
93 95
93 99
93 100
93 102
93 103
93 108
93 505
93 429
93 136
93 292
93 174
93 327
93 451
93 285
93 158
93 298
93 516
93 529
93 398
94 97
94 98
94 99
94 101
94 106
94 109
94 541
94 136
94 475
94 643
94 402
94 128
94 560
94 185
94 221
94 587
95 96
95 98
95 101
95 103
95 104
95 105
95 107
95 108
95 110
95 251
95 379
95 164
95 391
95 614
95 364
95 241
95 381
95 618
95 607
95 535
95 361
95 353
95 646
96 100
96 103
96 104
96 106
96 107
96 108
96 111
96 437
96 415
96 504
96 589
96 534
96 151
96 423
96 432
96 270
96 339
96 446
96 280
96 258
96 164
96 180
96 533
97 98
97 100
97 101
97 102
97 103
97 104
97 105
97 106
97 109
97 494
97 251
97 128
97 177
97 324
97 370
97 366
97 492
97 608
97 333
97 165
97 269
97 501
97 298
97 414
98 99
98 100
98 104
98 106
98 108
98 109
98 110
98 462
98 622
98 219
98 293
98 536
98 162
98 270
98 557
98 116
98 118
98 539
98 516
98 564
98 434
98 558
98 475
99 100
99 103
99 111
99 112
99 621
99 176
99 269
99 468
99 137
99 292
99 430
99 104
99 273
99 381
99 505
99 174
99 452
99 330
99 427
99 205
99 336
99 386
100 101
100 104
100 105
100 106
100 108
100 109
100 110
100 112
100 113
100 114
100 405
100 541
100 327
100 242
100 379
100 594
100 222
100 450
100 346
100 537
100 107
101 105
101 106
101 109
101 110
101 113
101 115
101 116
101 302
101 176
101 164
101 551
101 552
101 624
101 354
101 537
101 619
101 145
101 457
101 565
101 224
101 535
101 547
101 607
102 103
102 104
102 105
102 108
102 112
102 115
102 116
102 374
102 124
102 218
102 621
102 125
102 395
102 168
102 245
102 444
102 443
102 200
102 550
102 635
103 105
103 109
103 110
103 114
103 116
103 118
103 465
103 224
103 309
103 614
103 644
103 419
103 424
103 592
103 494
103 423
103 381
103 456
104 105
104 106
104 108
104 109
104 113
104 115
104 116
104 119
104 254
104 342
104 499
104 413
104 334
104 532
104 143
104 135
104 385
104 439
104 458
105 107
105 108
105 109
105 111
105 115
105 116
105 117
105 119
105 120
105 290
105 349
105 233
105 216
105 494
105 330
105 461
105 251
105 319
105 542
105 361
105 583
106 107
106 109
106 110
106 111
106 112
106 114
106 117
106 121
106 526
106 577
106 134
106 203
106 531
106 625
106 560
106 389
106 546
107 109
107 113
107 114
107 117
107 269
107 194
107 377
107 563
107 159
107 206
107 293
107 185
107 531
107 457
107 286
107 513
107 576
107 244
108 110
108 111
108 115
108 117
108 121
108 123
108 387
108 192
108 199
108 533
108 176
108 526
108 512
108 381
108 491
108 580
108 470
108 587
108 541
108 191
108 261
109 110
109 113
109 114
109 116
109 117
109 119
109 121
109 312
109 582
109 586
109 165
109 540
109 272
109 454
109 282
109 430
109 410
109 521
109 195
109 570
109 370
109 211
109 494
110 111
110 115
110 116
110 118
110 120
110 121
110 122
110 123
110 125
110 211
110 335
110 644
110 550
110 597
110 248
110 162
110 345
110 595
110 384
110 639
110 552
111 113
111 114
111 115
111 116
111 118
111 119
111 120
111 477
111 600
111 145
111 180
111 313
111 639
111 437
111 635
111 405
112 113
112 115
112 116
112 120
112 121
112 122
112 123
112 124
112 126
112 127
112 321
112 453
112 176
112 421
112 462
112 345
112 414
112 184
112 339
113 118
113 120
113 123
113 514
113 404
113 601
113 571
113 600
113 578
113 155
113 380
113 198
113 580
113 384
113 485
113 638
113 205
113 243
113 494
113 156
113 363
113 240
113 119
113 349
114 115
114 116
114 117
114 118
114 120
114 122
114 123
114 124
114 125
114 126
114 128
114 129
114 318
114 310
114 392
114 248
114 594
114 491
114 419
114 537
115 117
115 119
115 120
115 122
115 126
115 127
115 168
115 232
115 522
115 493
115 531
115 343
115 263
115 433
115 182
115 592
115 478
115 177
115 442
116 117
116 118
116 119
116 121
116 125
116 127
116 128
116 129
116 623
116 568
116 528
116 477
116 636
116 440
116 195
116 386
116 343
116 321
116 161
116 509
117 121
117 122
117 123
117 124
117 125
117 126
117 128
117 129
117 191
117 553
117 182
117 164
117 311
117 492
117 516
117 536
117 298
117 335
117 464
117 627
117 600
117 228
117 608
118 120
118 121
118 122
118 123
118 125
118 126
118 127
118 130
118 131
118 133
118 417
118 587
118 397
118 481
118 521
118 336
118 385
118 550
118 259
118 393
118 210
118 457
118 598
118 421
118 192
118 366
119 120
119 121
119 122
119 123
119 124
119 125
119 126
119 129
119 130
119 131
119 132
119 133
119 387
119 159
119 578
119 307
119 167
119 360
119 372
120 128
120 130
120 131
120 133
120 135
120 424
120 569
120 335
120 283
120 420
120 164
120 276
120 537
120 346
120 240
120 297
120 559
120 513
120 139
120 304
120 315
120 337
120 338
121 122
121 125
121 126
121 131
121 132
121 133
121 135
121 136
121 637
121 362
121 544
121 505
121 548
121 603
121 563
121 262
121 582
121 553
122 123
122 124
122 126
122 127
122 128
122 131
122 134
122 136
122 137
122 348
122 239
122 621
122 298
122 567
122 432
122 550
122 260
122 467
122 386
123 124
123 126
123 127
123 128
123 130
123 132
123 133
123 134
123 136
123 201
123 380
123 160
123 289
123 383
123 242
123 480
124 125
124 126
124 128
124 129
124 130
124 133
124 136
124 137
124 138
124 139
124 386
124 295
124 296
124 415
124 246
124 417
124 560
124 437
124 270
124 647
124 507
125 126
125 127
125 129
125 131
125 134
125 137
125 205
125 152
125 280
125 412
125 178
125 274
125 588
125 551
125 564
125 543
125 183
126 129
126 131
126 132
126 133
126 138
126 139
126 140
126 344
126 439
126 460
126 235
126 153
126 501
126 416
126 262
126 533
126 530
126 137
126 365
126 216
127 128
127 129
127 131
127 133
127 134
127 136
127 140
127 141
127 615
127 550
127 540
127 185
127 405
127 642
127 271
127 419
127 373
128 129
128 133
128 134
128 135
128 136
128 138
128 141
128 143
128 420
128 297
128 497
128 145
128 520
128 303
128 373
128 502
128 234
128 243
129 130
129 131
129 132
129 137
129 138
129 139
129 140
129 144
129 246
129 641
129 145
129 228
129 489
129 183
129 395
129 404
129 299
129 610
129 624
129 550
129 330
130 139
130 143
130 145
130 272
130 524
130 637
130 577
130 255
130 482
130 576
130 196
130 394
130 160
130 490
130 433
130 335
130 147
131 139
131 141
131 142
131 219
131 504
131 480
131 516
131 149
131 324
131 649
131 620
131 647
131 423
131 421
131 437
131 315
131 467
131 354
132 133
132 135
132 138
132 139
132 140
132 141
132 142
132 143
132 144
132 145
132 202
132 267
132 333
132 555
132 641
132 391
132 283
132 638
132 191
132 361
132 640
132 585
133 134
133 139
133 141
133 142
133 144
133 147
133 148
133 310
133 614
133 474
133 639
133 292
133 514
133 548
133 320
133 576
133 578
133 406
133 638
133 234
134 136
134 138
134 139
134 142
134 143
134 144
134 145
134 147
134 148
134 194
134 358
134 281
134 536
134 518
134 360
134 558
134 398
134 617
134 517
134 596
135 136
135 137
135 139
135 140
135 142
135 143
135 145
135 146
135 149
135 150
135 230
135 221
135 583
135 369
135 374
135 282
135 213
135 287
135 423
135 426
135 609
136 142
136 146
136 147
136 150
136 643
136 604
136 356
136 546
136 224
136 351
136 633
136 601
136 232
136 517
136 380
136 493
136 564
136 402
136 204
136 576
136 177
137 139
137 142
137 143
137 144
137 145
137 146
137 148
137 151
137 437
137 211
137 430
137 179
137 212
137 616
137 283
137 330
138 140
138 142
138 144
138 146
138 148
138 149
138 152
138 242
138 579
138 325
138 513
138 649
138 547
138 598
138 340
138 267
138 255
138 207
138 324
138 360
138 307
139 140
139 142
139 143
139 144
139 145
139 146
139 152
139 153
139 154
139 168
139 406
139 414
139 357
139 525
139 234
139 484
139 249
139 592
139 320
139 577
139 517
139 354
140 144
140 147
140 148
140 149
140 151
140 152
140 154
140 162
140 324
140 605
140 553
140 260
140 317
140 626
140 333
140 566
140 381
140 645
140 612
140 634
140 416
140 212
140 320
140 484
141 144
141 145
141 149
141 151
141 154
141 156
141 375
141 331
141 391
141 460
141 392
141 248
141 194
141 196
141 174
141 365
141 584
142 144
142 146
142 148
142 150
142 153
142 154
142 156
142 157
142 361
142 612
142 527
142 467
142 319
142 614
142 221
142 286
142 595
143 144
143 146
143 150
143 152
143 153
143 154
143 157
143 253
143 477
143 210
143 213
143 221
143 208
143 278
143 347
143 466
144 146
144 148
144 149
144 152
144 153
144 154
144 155
144 158
144 159
144 279
144 286
144 479
144 501
144 203
144 438
144 255
144 290
144 587
144 576
144 179
144 425
144 610
144 276
144 294
145 147
145 148
145 155
145 157
145 159
145 160
145 480
145 583
145 316
145 321
145 454
145 153
145 241
146 147
146 151
146 152
146 153
146 155
146 157
146 158
146 159
146 160
146 161
146 599
146 338
146 529
146 548
146 261
146 466
146 450
146 454
147 153
147 154
147 156
147 158
147 159
147 160
147 162
147 397
147 521
147 396
147 341
147 171
147 309
147 389
147 546
147 600
147 398
147 289
148 150
148 151
148 153
148 154
148 158
148 160
148 162
148 641
148 254
148 256
148 460
148 461
148 570
148 168
148 498
148 515
148 319
148 413
148 338
148 345
149 150
149 154
149 160
149 161
149 162
149 164
149 623
149 638
149 279
149 417
149 216
149 591
149 151
149 554
149 453
149 438
149 167
149 256
149 290
149 230
149 468
150 151
150 152
150 154
150 160
150 162
150 164
150 165
150 511
150 467
150 404
150 237
150 411
150 409
150 602
150 581
150 437
150 628
150 547
150 548
151 153
151 154
151 158
151 161
151 163
151 165
151 618
151 436
151 262
151 427
151 316
151 293
151 338
151 340
151 566
151 545
151 629
151 604
151 424
151 298
152 153
152 156
152 158
152 159
152 160
152 161
152 164
152 166
152 367
152 329
152 528
152 523
152 432
152 561
153 154
153 158
153 161
153 168
153 288
153 217
153 558
153 344
153 347
153 642
153 195
153 589
153 594
153 232
153 201
153 555
153 291
153 164
154 156
154 162
154 166
154 569
154 201
154 613
154 446
154 238
154 589
154 394
154 575
154 299
154 415
154 478
154 428
154 223
154 564
154 437
154 637
154 527
155 157
155 158
155 160
155 162
155 163
155 164
155 167
155 168
155 170
155 192
155 260
155 494
155 264
155 384
155 256
155 598
155 226
155 351
156 158
156 161
156 162
156 165
156 166
156 168
156 169
156 505
156 175
156 628
156 285
156 573
156 393
156 351
156 234
156 307
156 246
156 529
156 647
156 642
156 478
156 362
156 511
157 158
157 159
157 160
157 161
157 164
157 169
157 259
157 329
157 578
157 457
157 346
157 400
157 288
157 477
157 235
157 544
157 557
157 181
157 421
157 443
157 367
158 160
158 161
158 162
158 163
158 166
158 167
158 170
158 173
158 391
158 417
158 561
158 598
158 318
158 434
158 489
159 161
159 167
159 168
159 169
159 170
159 550
159 256
159 189
159 560
159 547
159 252
159 587
159 279
159 407
159 412
159 625
159 585
159 298
159 164
159 548
159 371
159 583
159 227
159 453
160 161
160 162
160 163
160 165
160 166
160 167
160 171
160 172
160 530
160 606
160 644
160 615
160 364
160 381
160 636
160 486
160 228
160 440
160 220
160 279
161 165
161 168
161 169
161 170
161 174
161 176
161 309
161 562
161 366
161 477
161 241
161 522
161 480
161 613
161 235
161 302
161 209
161 234
161 459
162 163
162 164
162 168
162 170
162 171
162 173
162 175
162 176
162 477
162 338
162 335
162 304
162 201
162 641
162 639
162 191
162 571
162 508
162 505
163 164
163 165
163 166
163 168
163 169
163 172
163 173
163 174
163 176
163 178
163 535
163 548
163 216
163 510
163 440
163 412
163 460
163 397
163 519
163 254
163 361
164 165
164 170
164 172
164 174
164 175
164 178
164 509
164 434
164 312
164 622
164 269
164 190
164 445
164 279
164 257
164 327
164 187
164 404
164 239
165 166
165 169
165 172
165 173
165 177
165 179
165 496
165 602
165 230
165 417
165 265
165 500
165 531
165 506
165 288
166 167
166 169
166 170
166 171
166 174
166 176
166 178
166 179
166 181
166 370
166 583
166 208
166 295
166 515
166 359
166 342
166 371
166 287
167 169
167 171
167 172
167 174
167 176
167 178
167 179
167 180
167 182
167 270
167 475
167 203
167 451
167 507
167 240
167 637
168 170
168 171
168 173
168 178
168 181
168 182
168 492
168 440
168 495
168 197
168 380
168 439
168 235
168 239
168 576
168 542
168 203
169 171
169 173
169 174
169 176
169 177
169 179
169 181
169 184
169 485
169 319
169 424
169 289
169 263
169 513
169 234
169 593
169 202
169 450
169 238
169 643
170 172
170 176
170 178
170 180
170 181
170 183
170 184
170 185
170 437
170 283
170 455
170 388
170 645
170 376
170 433
170 243
170 636
170 460
170 265
171 174
171 175
171 176
171 177
171 180
171 181
171 182
171 184
171 185
171 186
171 529
171 401
171 611
171 220
171 414
171 646
171 204
171 284
171 410
171 202
171 525
171 475
171 291
171 589
172 173
172 176
172 177
172 179
172 180
172 181
172 182
172 184
172 185
172 186
172 187
172 349
172 435
172 189
172 264
172 447
172 420
172 541
173 174
173 175
173 176
173 177
173 182
173 186
173 187
173 188
173 599
173 643
173 275
173 488
173 490
173 386
173 515
174 176
174 177
174 178
174 179
174 180
174 181
174 183
174 184
174 188
174 301
174 459
174 622
174 416
174 239
174 525
174 474
174 614
174 506
174 559
175 177
175 178
175 180
175 183
175 185
175 187
175 416
175 274
175 337
175 584
175 390
175 330
175 418
175 521
175 611
175 479
175 249
175 455
176 179
176 185
176 186
176 187
176 188
176 189
176 190
176 191
176 529
176 549
176 646
176 585
176 639
176 481
176 430
176 284
176 206
177 178
177 181
177 183
177 184
177 185
177 490
177 562
177 471
177 356
177 468
177 521
177 377
177 480
177 508
177 409
177 597
177 581
177 635
177 415
178 182
178 186
178 187
178 291
178 237
178 221
178 541
178 499
178 553
178 608
178 199
178 275
178 496
178 466
178 590
179 180
179 182
179 183
179 186
179 188
179 189
179 190
179 193
179 603
179 471
179 285
179 260
179 467
179 500
179 577
179 273
180 181
180 184
180 185
180 186
180 187
180 190
180 192
180 445
180 645
180 444
180 289
180 588
181 184
181 185
181 187
181 191
181 192
181 195
181 196
181 332
181 535
181 428
181 600
181 529
181 224
181 354
181 470
181 232
181 452
181 294
181 419
181 429
181 253
182 185
182 187
182 189
182 190
182 191
182 192
182 193
182 194
182 391
182 425
182 233
182 594
182 315
182 506
182 355
182 304
182 204
182 517
182 477
182 241
182 400
182 587
182 188
182 579
183 188
183 191
183 196
183 198
183 416
183 226
183 296
183 431
183 551
183 240
183 576
183 215
183 249
183 427
183 636
183 209
183 388
183 605
183 563
184 185
184 187
184 189
184 190
184 191
184 193
184 194
184 195
184 199
184 557
184 233
184 452
184 589
184 632
184 420
184 232
184 387
184 203
184 371
185 187
185 190
185 191
185 193
185 194
185 198
185 549
185 469
185 649
185 263
185 627
185 545
185 408
185 515
185 302
185 603
185 467
185 483
185 348
185 291
186 188
186 189
186 190
186 192
186 193
186 194
186 195
186 201
186 532
186 307
186 288
186 305
186 606
186 387
186 315
186 639
186 576
186 423
187 188
187 189
187 193
187 194
187 195
187 198
187 201
187 386
187 414
187 559
187 440
187 522
187 262
187 640
187 569
187 415
187 322
187 590
188 189
188 191
188 192
188 195
188 196
188 197
188 198
188 200
188 201
188 569
188 214
188 356
188 463
188 436
188 291
188 531
188 623
188 574
188 282
188 418
188 424
188 468
188 358
189 190
189 191
189 194
189 198
189 199
189 200
189 201
189 203
189 249
189 611
189 573
189 508
189 474
189 575
189 583
189 227
189 193
189 430
189 434
189 266
189 412
189 222
189 307
189 207
190 191
190 192
190 195
190 198
190 200
190 202
190 203
190 204
190 205
190 351
190 288
190 269
190 533
190 296
190 619
190 280
190 240
190 275
190 568
191 193
191 194
191 195
191 197
191 204
191 206
191 366
191 535
191 408
191 503
191 389
191 304
191 531
191 289
191 558
192 195
192 196
192 197
192 199
192 201
192 203
192 204
192 205
192 206
192 207
192 211
192 304
192 627
192 389
192 368
193 194
193 195
193 196
193 197
193 198
193 199
193 201
193 202
193 203
193 204
193 205
193 206
193 380
193 445
193 642
193 497
193 371
193 241
193 330
193 466
193 520
193 552
193 532
193 584
194 196
194 198
194 199
194 203
194 207
194 208
194 448
194 354
194 480
194 304
194 460
194 622
194 446
194 544
194 642
194 300
194 628
194 534
194 249
194 528
194 420
194 376
195 196
195 199
195 200
195 201
195 204
195 206
195 207
195 208
195 209
195 458
195 564
195 392
195 337
195 574
195 361
195 432
195 344
196 198
196 199
196 201
196 203
196 205
196 206
196 207
196 208
196 209
196 210
196 211
196 354
196 571
196 589
196 552
196 367
196 327
196 520
196 297
196 438
197 199
197 200
197 204
197 207
197 208
197 209
197 211
197 212
197 275
197 516
197 375
197 591
197 622
197 218
197 336
197 266
198 202
198 203
198 204
198 205
198 208
198 209
198 211
198 212
198 213
198 292
198 270
198 327
198 352
198 492
198 587
198 518
198 491
198 450
198 300
198 532
198 499
198 335
199 203
199 205
199 206
199 207
199 208
199 210
199 211
199 212
199 648
199 598
199 472
199 471
199 271
199 268
199 573
199 578
199 253
199 283
199 402
199 611
199 387
200 202
200 204
200 205
200 208
200 209
200 211
200 213
200 214
200 270
200 463
200 353
200 458
200 275
200 525
200 406
200 616
200 282
200 555
200 249
200 454
200 383
200 240
200 355
201 207
201 208
201 209
201 210
201 212
201 215
201 216
201 523
201 285
201 500
201 355
201 356
201 249
201 229
201 428
201 453
201 437
202 204
202 205
202 206
202 208
202 209
202 213
202 215
202 216
202 556
202 531
202 612
202 485
202 649
202 552
202 439
202 306
202 443
202 476
202 499
202 483
203 204
203 205
203 206
203 207
203 208
203 209
203 212
203 216
203 217
203 591
203 433
203 629
203 557
203 383
203 570
203 491
203 514
204 208
204 209
204 212
204 214
204 216
204 218
204 219
204 292
204 510
204 294
204 624
204 296
204 453
204 588
204 411
204 415
204 534
204 398
205 210
205 213
205 214
205 219
205 220
205 381
205 410
205 615
205 631
205 358
205 363
205 299
205 637
205 260
205 433
205 248
205 441
205 264
205 360
205 285
205 239
206 207
206 208
206 209
206 213
206 216
206 217
206 218
206 435
206 473
206 600
206 498
206 497
206 402
207 208
207 209
207 210
207 211
207 212
207 213
207 214
207 215
207 218
207 219
207 221
207 306
207 631
207 347
207 552
207 564
207 492
207 416
207 573
207 607
207 411
207 621
207 619
208 212
208 213
208 215
208 218
208 219
208 222
208 263
208 627
208 536
208 511
208 319
208 332
208 542
208 288
208 463
208 361
208 459
208 354
208 470
208 337
209 210
209 214
209 215
209 217
209 218
209 219
209 220
209 221
209 224
209 528
209 325
209 514
209 564
209 482
209 590
209 485
209 583
209 309
209 293
210 213
210 216
210 219
210 224
210 225
210 311
210 430
210 353
210 443
210 434
210 347
210 614
210 372
210 499
210 620
210 337
210 574
211 213
211 216
211 219
211 220
211 221
211 223
211 224
211 226
211 582
211 528
211 641
211 477
211 544
211 510
211 486
211 611
211 316
211 586
212 213
212 214
212 215
212 219
212 224
212 225
212 227
212 317
212 353
212 577
212 458
212 490
212 439
212 279
212 242
212 614
212 596
213 214
213 219
213 220
213 221
213 225
213 226
213 380
213 472
213 508
213 275
213 295
213 641
213 296
213 267
213 385
213 562
213 510
213 344
214 215
214 216
214 217
214 218
214 219
214 221
214 224
214 225
214 530
214 416
214 534
214 582
214 603
214 419
214 242
214 460
215 219
215 221
215 222
215 223
215 225
215 226
215 228
215 230
215 570
215 393
215 285
215 400
215 531
215 348
215 642
215 272
215 331
215 503
215 532
216 217
216 219
216 223
216 226
216 515
216 468
216 463
216 625
216 274
216 572
216 586
216 233
216 559
216 641
217 220
217 225
217 226
217 228
217 229
217 230
217 231
217 373
217 240
217 386
217 534
217 283
217 615
217 561
217 379
217 401
217 535
218 219
218 220
218 221
218 224
218 227
218 229
218 230
218 233
218 266
218 538
218 610
218 613
218 236
218 567
218 396
218 591
218 633
218 444
218 565
218 629
218 474
218 228
219 222
219 223
219 224
219 227
219 229
219 230
219 510
219 300
219 364
219 367
219 289
219 593
219 614
219 627
219 308
219 370
219 437
219 435
219 378
219 319
219 649
220 221
220 222
220 224
220 227
220 229
220 230
220 235
220 413
220 350
220 546
220 282
220 262
220 427
220 315
220 358
220 586
220 461
220 509
220 620
221 223
221 224
221 225
221 226
221 227
221 228
221 229
221 230
221 231
221 235
221 387
221 563
221 641
221 251
222 223
222 226
222 227
222 228
222 229
222 231
222 237
222 503
222 384
222 366
222 424
222 520
222 538
222 627
222 526
223 225
223 226
223 233
223 234
223 236
223 237
223 238
223 624
223 602
223 611
223 606
223 290
223 406
223 530
224 226
224 231
224 235
224 236
224 237
224 238
224 239
224 450
224 548
224 247
224 403
224 621
224 413
224 318
224 307
224 418
224 486
225 229
225 230
225 233
225 238
225 239
225 240
225 477
225 627
225 417
225 524
225 379
225 271
225 317
225 424
225 581
225 522
226 227
226 228
226 230
226 231
226 232
226 233
226 235
226 238
226 240
226 639
226 548
226 550
226 587
226 378
226 370
226 303
227 229
227 230
227 233
227 235
227 237
227 238
227 240
227 241
227 242
227 540
227 415
227 339
227 527
227 602
227 631
227 407
227 311
227 567
228 230
228 233
228 234
228 235
228 237
228 238
228 241
228 592
228 440
228 269
228 268
228 472
228 553
228 648
229 232
229 233
229 234
229 235
229 238
229 239
229 240
229 241
229 243
229 318
229 529
229 399
229 329
229 281
229 315
230 231
230 233
230 234
230 235
230 237
230 243
230 244
230 245
230 564
230 540
230 281
230 558
230 568
230 624
230 634
230 246
230 436
231 233
231 235
231 236
231 238
231 243
231 245
231 246
231 260
231 435
231 271
231 426
231 333
231 452
231 575
231 273
231 364
231 417
231 309
231 400
231 248
231 254
231 259
231 516
232 237
232 243
232 245
232 246
232 247
232 601
232 365
232 366
232 425
232 618
232 434
232 637
232 370
232 276
233 236
233 240
233 247
233 248
233 307
233 344
233 433
233 321
233 453
233 284
233 403
233 376
233 416
233 251
233 580
233 259
234 235
234 236
234 237
234 239
234 240
234 241
234 243
234 245
234 248
234 628
234 558
234 435
235 236
235 239
235 240
235 250
235 596
235 479
235 453
235 500
235 571
235 641
235 625
235 418
235 532
235 633
235 638
235 445
235 374
235 573
236 238
236 239
236 244
236 245
236 246
236 247
236 249
236 250
236 294
236 252
236 336
236 265
236 521
236 339
236 432
236 501
236 615
236 359
236 620
236 425
237 238
237 242
237 247
237 249
237 250
237 251
237 252
237 422
237 509
237 460
237 542
237 549
237 301
237 639
237 335
237 568
237 295
237 534
238 239
238 240
238 242
238 244
238 245
238 246
238 248
238 249
238 250
238 253
238 470
238 494
238 327
238 506
238 370
238 444
238 276
238 306
239 241
239 242
239 243
239 245
239 254
239 580
239 539
239 344
239 376
239 632
239 458
239 505
240 241
240 246
240 249
240 252
240 254
240 255
240 344
240 261
240 269
240 400
241 242
241 243
241 244
241 245
241 247
241 254
241 255
241 256
241 334
241 622
241 449
241 512
241 294
241 443
241 331
241 506
241 322
241 296
241 300
242 243
242 244
242 246
242 247
242 250
242 251
242 253
242 254
242 255
242 257
242 285
242 281
242 458
242 249
242 431
242 588
242 304
242 400
242 547
242 624
243 244
243 245
243 246
243 247
243 249
243 251
243 252
243 253
243 256
243 257
243 506
243 388
243 358
243 441
243 507
243 566
243 398
243 447
243 399
243 383
243 314
244 246
244 247
244 248
244 255
244 257
244 259
244 515
244 583
244 482
244 293
244 286
244 425
244 263
244 647
244 421
244 519
244 570
245 247
245 249
245 251
245 258
245 259
245 375
245 459
245 550
245 635
245 272
245 505
245 393
245 482
245 416
245 262
245 612
245 252
246 252
246 253
246 254
246 257
246 259
246 476
246 625
246 589
246 303
246 358
246 371
246 563
246 475
246 270
246 403
246 498
246 489
246 571
247 248
247 250
247 252
247 253
247 254
247 256
247 259
247 261
247 297
247 479
247 463
247 281
247 473
247 364
247 274
247 534
248 249
248 250
248 252
248 253
248 255
248 257
248 258
248 259
248 260
248 262
248 263
248 521
248 335
248 347
248 495
248 588
248 328
248 425
249 251
249 252
249 254
249 261
249 263
249 330
249 268
249 561
249 354
249 506
249 525
250 254
250 255
250 257
250 258
250 259
250 261
250 262
250 263
250 265
250 540
250 484
250 441
250 645
250 251
250 495
250 393
250 572
250 555
250 489
251 252
251 254
251 255
251 257
251 258
251 259
251 260
251 262
251 263
251 264
251 265
251 266
251 611
251 619
251 639
251 573
252 253
252 255
252 256
252 258
252 259
252 261
252 264
252 265
252 363
252 620
252 522
252 445
252 472
252 496
252 447
252 438
253 257
253 258
253 259
253 260
253 262
253 263
253 264
253 266
253 301
253 594
253 283
253 359
253 627
253 644
253 642
253 465
253 475
253 332
253 573
253 579
253 333
253 403
253 412
253 432
253 423
254 256
254 260
254 263
254 265
254 268
254 269
254 578
254 390
254 357
254 570
254 402
254 588
254 490
255 257
255 260
255 263
255 264
255 268
255 269
255 270
255 351
255 371
255 640
255 519
255 625
255 297
255 616
256 257
256 259
256 260
256 263
256 265
256 266
256 267
256 271
256 398
256 417
256 392
256 561
257 259
257 260
257 261
257 262
257 266
257 268
257 269
257 271
257 528
257 559
257 401
257 626
257 448
257 324
257 533
258 259
258 260
258 264
258 265
258 266
258 269
258 270
258 272
258 273
258 362
258 417
258 479
258 360
258 509
258 383
258 582
258 354
258 440
258 450
258 320
258 405
258 484
259 261
259 263
259 264
259 265
259 266
259 270
259 271
259 272
259 274
259 303
259 372
259 320
259 401
259 608
259 292
259 612
260 264
260 265
260 267
260 269
260 275
260 498
260 548
260 589
260 620
260 377
260 617
260 360
260 334
261 264
261 267
261 268
261 271
261 272
261 273
261 276
261 363
261 348
261 435
261 517
261 421
261 360
261 493
261 309
261 328
261 550
262 263
262 266
262 268
262 275
262 277
262 586
262 445
262 543
262 643
262 312
263 265
263 266
263 270
263 274
263 276
263 278
263 304
263 319
263 411
263 503
263 294
263 370
263 460
263 538
263 333
263 345
263 376
263 600
264 267
264 268
264 269
264 271
264 275
264 276
264 278
264 279
264 350
264 449
264 522
264 647
264 525
264 373
265 268
265 269
265 272
265 274
265 275
265 276
265 406
265 564
265 571
265 403
265 267
265 329
265 479
265 577
265 481
266 269
266 270
266 271
266 274
266 276
266 277
266 279
266 280
266 281
266 587
266 470
266 409
266 403
266 296
266 488
266 423
266 510
267 269
267 270
267 272
267 278
267 280
267 531
267 575
267 348
267 325
267 429
267 417
267 446
267 405
267 402
267 498
268 271
268 272
268 275
268 276
268 278
268 280
268 350
268 510
268 303
268 598
268 472
268 518
268 423
268 461
268 592
268 382
268 361
269 270
269 282
269 385
269 299
269 592
269 472
269 380
269 583
269 489
269 542
269 418
269 423
269 529
269 527
269 477
269 564
269 528
270 271
270 273
270 274
270 276
270 278
270 280
270 281
270 284
270 405
270 361
270 382
270 606
270 532
270 496
270 353
270 350
270 594
271 272
271 273
271 278
271 279
271 280
271 281
271 282
271 283
271 284
271 285
271 286
271 575
271 317
271 440
271 297
271 414
271 641
271 591
272 273
272 274
272 276
272 277
272 279
272 281
272 282
272 283
272 287
272 347
272 328
272 491
272 617
272 376
272 599
272 432
272 308
273 275
273 276
273 277
273 280
273 282
273 284
273 285
273 287
273 288
273 371
273 615
273 550
273 393
273 530
273 357
273 578
274 277
274 278
274 280
274 282
274 285
274 287
274 475
274 347
274 371
274 608
274 369
274 457
275 277
275 283
275 284
275 579
275 581
275 556
275 368
275 500
275 616
275 566
275 620
275 427
275 639
275 452
275 447
275 540
275 530
276 279
276 280
276 281
276 284
276 286
276 287
276 365
276 631
276 647
276 494
276 416
276 576
276 320
276 586
277 278
277 282
277 283
277 284
277 287
277 289
277 291
277 418
277 385
277 412
277 391
277 545
277 455
277 524
277 537
277 375
277 617
278 279
278 283
278 284
278 290
278 291
278 293
278 425
278 372
278 573
278 593
278 332
278 528
278 383
278 506
278 378
278 482
278 440
279 281
279 284
279 285
279 293
279 496
279 538
279 606
279 639
279 594
279 541
279 485
279 458
279 615
279 307
279 608
279 374
279 337
280 281
280 282
280 284
280 292
280 293
280 333
280 638
280 304
280 325
280 498
280 535
280 598
280 416
280 445
280 452
281 284
281 285
281 287
281 289
281 291
281 292
281 294
281 557
281 334
281 336
281 342
281 379
281 520
282 284
282 285
282 288
282 289
282 293
282 295
282 297
282 475
282 588
282 409
282 338
282 503
282 591
282 552
282 477
282 329
283 285
283 293
283 295
283 297
283 545
283 488
283 518
283 392
283 419
283 458
283 312
283 300
283 636
283 343
284 286
284 288
284 289
284 291
284 292
284 293
284 294
284 295
284 297
284 298
284 299
284 565
284 600
284 319
284 306
284 632
285 286
285 289
285 292
285 293
285 295
285 296
285 298
285 300
285 325
285 332
285 624
285 357
285 416
285 574
286 289
286 292
286 293
286 298
286 301
286 579
286 587
286 373
286 560
286 432
286 458
286 465
286 356
286 302
286 313
286 294
286 358
286 490
286 430
286 452
286 607
287 288
287 289
287 291
287 292
287 293
287 294
287 296
287 298
287 301
287 321
287 459
287 448
287 485
287 641
287 336
287 625
288 291
288 294
288 299
288 300
288 301
288 302
288 644
288 567
288 320
288 335
288 583
288 309
288 391
289 290
289 291
289 295
289 296
289 299
289 301
289 302
289 304
289 519
289 515
289 608
289 362
289 351
289 484
289 569
290 291
290 293
290 297
290 298
290 301
290 302
290 371
290 590
290 466
290 492
290 533
290 481
290 591
290 318
290 469
291 293
291 294
291 297
291 303
291 305
291 312
291 405
291 321
291 382
291 581
291 349
291 612
291 574
291 307
291 495
291 398
292 295
292 300
292 302
292 303
292 307
292 523
292 605
292 355
292 388
292 461
292 318
292 327
292 328
292 585
292 375
292 422
292 480
292 562
292 565
292 601
293 294
293 296
293 299
293 301
293 302
293 303
293 304
293 305
293 306
293 307
293 308
293 558
293 390
293 485
293 438
293 564
293 631
294 295
294 296
294 297
294 299
294 308
294 371
294 360
294 378
294 496
294 590
294 602
294 524
294 490
294 476
294 588
294 629
295 296
295 298
295 301
295 302
295 304
295 305
295 306
295 308
295 309
295 375
295 482
295 486
295 334
295 518
295 395
295 526
296 297
296 299
296 310
296 534
296 322
296 581
296 348
296 555
297 300
297 301
297 305
297 307
297 310
297 312
297 607
297 648
297 413
297 410
297 470
297 404
298 299
298 301
298 303
298 304
298 307
298 308
298 310
298 312
298 313
298 504
298 510
298 562
298 460
298 394
298 640
298 346
298 377
298 339
298 404
299 301
299 304
299 305
299 306
299 307
299 308
299 309
299 313
299 628
299 610
299 582
299 429
299 603
299 580
299 583
300 301
300 302
300 305
300 306
300 308
300 402
300 511
300 507
300 406
300 633
300 594
300 534
300 648
300 372
300 649
300 386
300 430
301 302
301 303
301 304
301 305
301 307
301 310
301 311
301 314
301 315
301 316
301 541
301 488
301 479
301 602
301 489
301 565
301 418
301 406
301 482
302 303
302 304
302 305
302 306
302 308
302 311
302 317
302 486
302 568
302 637
302 479
302 632
302 470
302 523
302 613
302 564
302 579
303 304
303 305
303 306
303 307
303 308
303 309
303 310
303 311
303 312
303 315
303 316
303 409
303 344
303 617
303 513
303 347
304 307
304 309
304 311
304 312
304 313
304 316
304 318
304 492
304 391
304 474
305 308
305 309
305 310
305 311
305 313
305 315
305 316
305 317
305 318
305 320
305 393
305 420
305 532
305 547
305 494
306 312
306 314
306 316
306 317
306 319
306 396
306 361
306 449
306 438
306 532
306 625
306 524
306 566
306 482
307 309
307 313
307 314
307 318
307 320
307 322
307 421
307 551
307 426
307 565
307 570
307 476
307 404
307 576
307 536
307 489
307 562
307 312
308 311
308 312
308 313
308 315
308 316
308 317
308 318
308 320
308 322
308 430
308 554
308 445
308 339
308 423
308 469
308 371
308 437
308 555
308 620
308 335
308 465
309 315
309 316
309 317
309 319
309 322
309 355
309 463
309 382
309 545
309 552
309 550
309 526
309 565
309 345
310 313
310 316
310 319
310 320
310 321
310 322
310 323
310 325
310 400
310 372
310 631
310 479
310 488
310 634
310 577
310 647
310 390
310 419
310 336
310 350
310 330
310 501
310 410
310 363
310 541
310 581
311 314
311 316
311 319
311 320
311 321
311 324
311 614
311 525
311 616
311 408
311 594
311 446
311 636
311 642
311 331
312 313
312 314
312 316
312 318
312 319
312 320
312 322
312 323
312 327
312 540
312 626
312 440
312 625
312 592
312 475
312 344
313 314
313 317
313 318
313 319
313 320
313 321
313 322
313 324
313 325
313 326
313 327
313 328
313 430
313 481
313 425
313 345
314 315
314 316
314 317
314 319
314 322
314 323
314 324
314 325
314 326
314 327
314 328
314 533
314 597
314 355
314 600
314 576
315 317
315 318
315 319
315 322
315 323
315 325
315 326
315 329
315 330
315 417
315 598
315 455
315 335
315 457
316 317
316 322
316 323
316 324
316 325
316 326
316 327
316 329
316 331
316 606
316 367
316 593
316 453
316 528
316 351
316 435
316 542
316 379
316 341
316 523
317 322
317 326
317 328
317 329
317 332
317 425
317 577
317 582
317 633
317 570
317 590
317 351
317 375
317 613
317 621
317 535
318 319
318 321
318 322
318 323
318 328
318 332
318 333
318 408
318 582
318 351
318 632
318 365
318 433
318 326
318 465
318 483
319 323
319 326
319 330
319 331
319 373
319 406
319 499
319 429
319 630
319 606
319 416
319 558
319 403
319 374
320 321
320 322
320 323
320 326
320 329
320 330
320 331
320 332
320 333
320 428
320 610
320 350
320 630
321 323
321 328
321 329
321 330
321 331
321 332
321 334
321 335
321 336
321 467
321 613
321 491
321 557
321 501
321 373
321 434
321 445
322 323
322 324
322 325
322 326
322 327
322 329
322 333
322 604
322 436
322 629
322 543
322 448
322 483
322 570
322 643
322 382
322 338
323 324
323 326
323 327
323 328
323 330
323 332
323 333
323 334
323 335
323 336
323 338
323 442
323 618
323 389
323 397
323 583
324 326
324 327
324 329
324 332
324 333
324 335
324 338
324 339
324 438
324 522
324 578
324 617
324 498
324 448
324 644
324 454
324 596
324 458
325 327
325 329
325 331
325 335
325 338
325 339
325 415
325 381
325 412
325 377
325 495
325 380
325 552
325 479
325 539
326 327
326 328
326 329
326 330
326 331
326 333
326 334
326 335
326 337
326 339
326 340
326 432
326 588
326 350
326 638
327 328
327 331
327 334
327 337
327 341
327 342
327 385
327 493
327 412
327 375
327 513
327 488
327 347
327 446
327 472
327 542
327 617
327 403
327 514
327 610
328 329
328 331
328 336
328 339
328 341
328 342
328 343
328 382
328 438
328 598
328 563
328 458
328 613
328 470
328 536
329 330
329 336
329 338
329 339
329 342
329 344
329 414
329 526
329 645
329 564
329 480
329 353
329 569
330 331
330 335
330 341
330 345
330 590
330 408
330 613
330 646
330 375
330 558
330 507
330 405
330 605
330 379
330 624
331 335
331 339
331 340
331 342
331 345
331 414
331 588
331 388
331 584
331 593
331 407
331 639
332 333
332 334
332 338
332 339
332 340
332 342
332 409
332 382
332 566
332 579
332 363
332 565
332 616
332 547
333 335
333 336
333 337
333 343
333 346
333 348
333 523
333 533
333 334
333 609
333 534
333 548
333 627
333 540
333 373
334 336
334 345
334 348
334 349
334 436
334 634
334 400
334 506
334 562
334 538
334 505
334 453
334 467
334 543
334 395
335 336
335 337
335 340
335 341
335 342
335 343
335 345
335 347
335 349
335 450
335 394
335 523
335 361
336 338
336 340
336 342
336 346
336 348
336 349
336 640
336 371
336 558
336 526
336 435
336 556
336 560
336 524
337 341
337 342
337 343
337 344
337 346
337 347
337 348
337 352
337 399
337 505
337 364
337 486
338 343
338 346
338 348
338 392
338 423
338 367
338 629
338 480
338 497
338 459
338 464
338 501
338 377
338 570
338 386
339 342
339 346
339 349
339 350
339 351
339 352
339 470
339 510
339 385
339 535
339 477
339 361
339 570
339 497
340 342
340 343
340 344
340 345
340 348
340 349
340 350
340 351
340 352
340 355
340 585
340 449
340 593
340 506
340 580
340 545
340 346
341 342
341 344
341 345
341 346
341 347
341 348
341 350
341 353
341 354
341 356
341 613
341 436
341 498
341 455
341 632
342 343
342 346
342 348
342 349
342 350
342 354
342 356
342 357
342 599
342 623
342 569
342 559
342 609
343 344
343 345
343 346
343 347
343 350
343 352
343 354
343 356
343 357
343 358
343 376
343 613
343 390
343 414
343 600
343 396
344 345
344 347
344 348
344 349
344 353
344 356
344 359
344 417
344 396
344 497
344 589
344 552
344 346
344 384
344 629
344 503
345 346
345 347
345 348
345 349
345 350
345 351
345 354
345 360
345 471
345 429
345 642
345 641
346 347
346 348
346 353
346 354
346 355
346 356
346 357
346 358
346 360
346 361
346 646
346 573
346 461
346 648
346 535
346 544
346 491
346 582
347 350
347 356
347 360
347 361
347 634
347 481
347 498
347 595
347 565
347 382
348 354
348 355
348 356
348 358
348 360
348 361
348 484
348 613
348 546
348 518
348 569
348 384
348 520
348 375
348 406
348 523
348 357
348 628
348 643
349 352
349 355
349 356
349 357
349 360
349 361
349 546
349 452
349 485
349 551
349 585
349 584
350 351
350 352
350 353
350 356
350 358
350 360
350 361
350 362
350 365
350 391
350 388
350 612
350 558
351 352
351 353
351 354
351 356
351 359
351 360
351 365
351 506
351 574
351 620
351 378
352 353
352 355
352 357
352 361
352 362
352 363
352 364
352 365
352 445
352 492
352 462
352 626
352 407
352 600
353 358
353 359
353 361
353 362
353 363
353 365
353 366
353 525
353 608
353 517
353 626
353 410
353 491
354 358
354 359
354 360
354 364
354 367
354 369
354 477
354 631
354 641
354 420
354 533
354 441
354 551
355 356
355 358
355 359
355 361
355 362
355 363
355 364
355 365
355 366
355 367
355 368
355 369
355 357
356 357
356 360
356 362
356 363
356 364
356 367
356 368
356 370
356 456
356 480
356 464
356 409
356 534
356 629
356 596
357 358
357 359
357 360
357 362
357 363
357 370
357 641
357 615
357 529
357 466
358 360
358 362
358 367
358 370
358 371
358 373
358 464
358 563
358 616
358 555
358 473
358 531
359 360
359 364
359 365
359 367
359 368
359 369
359 372
359 374
359 407
359 386
359 598
359 498
359 497
359 446
359 528
360 361
360 364
360 366
360 367
360 371
360 373
360 375
360 536
360 417
360 625
360 622
361 363
361 364
361 366
361 367
361 368
361 372
361 375
361 505
361 589
362 363
362 367
362 369
362 371
362 372
362 373
362 375
362 508
362 567
362 446
362 487
362 590
362 580
362 388
363 365
363 366
363 367
363 368
363 369
363 372
363 374
363 375
363 377
363 378
363 499
363 599
364 367
364 368
364 369
364 371
364 373
364 375
364 377
364 378
364 379
364 479
364 521
364 554
365 366
365 368
365 369
365 370
365 371
365 372
365 374
365 379
365 380
365 477
365 639
365 426
365 595
365 621
365 486
365 601
366 367
366 368
366 369
366 370
366 372
366 373
366 374
366 377
366 378
366 583
366 531
366 595
366 437
366 395
366 613
366 523
366 578
367 370
367 371
367 374
367 375
367 378
367 381
367 569
367 383
367 464
367 558
367 627
367 528
367 493
367 491
367 644
367 484
368 370
368 371
368 373
368 374
368 376
368 377
368 378
368 380
368 381
368 610
368 437
368 637
368 635
368 618
368 569
368 516
369 371
369 372
369 374
369 375
369 379
369 383
369 384
369 404
369 609
369 498
369 452
369 627
369 623
369 429
370 371
370 373
370 375
370 376
370 383
370 384
370 385
370 501
370 519
370 646
370 377
370 516
370 623
370 483
370 426
371 378
371 379
371 382
371 383
371 385
371 386
371 625
371 637
371 423
371 616
371 508
371 561
371 610
371 618
372 374
372 375
372 379
372 381
372 382
372 385
372 387
372 589
372 611
372 450
372 475
372 464
372 570
373 374
373 376
373 378
373 379
373 381
373 382
373 587
373 589
373 426
373 592
373 570
373 563
373 577
374 375
374 377
374 379
374 380
374 383
374 384
374 385
374 388
374 487
374 616
374 400
374 610
374 549
375 384
375 386
375 387
375 389
375 390
375 547
375 623
375 487
375 530
375 552
376 377
376 379
376 380
376 381
376 439
376 508
376 459
376 608
376 633
376 637
377 378
377 381
377 384
377 389
377 390
377 392
377 482
377 555
377 398
377 615
377 442
377 604
377 488
378 379
378 383
378 384
378 385
378 387
378 388
378 390
378 391
378 392
378 393
378 602
378 577
378 401
378 538
378 425
378 456
378 513
378 412
379 383
379 385
379 386
379 387
379 388
379 390
379 392
379 393
379 635
379 457
379 421
379 606
379 506
379 412
379 431
380 382
380 383
380 384
380 385
380 387
380 389
380 390
380 393
380 394
380 395
380 409
380 529
380 614
380 645
380 474
381 382
381 383
381 384
381 385
381 386
381 391
381 392
381 394
381 543
381 548
381 415
381 475
381 505
381 489
381 642
381 472
382 383
382 386
382 387
382 388
382 390
382 391
382 392
382 393
382 395
382 396
382 397
382 588
382 557
382 409
383 385
383 388
383 389
383 392
383 394
383 411
383 487
383 519
383 606
383 399
383 585
383 604
384 385
384 387
384 388
384 390
384 391
384 392
384 395
384 398
384 399
384 458
384 464
384 513
385 387
385 390
385 392
385 398
385 399
385 400
385 468
386 391
386 393
386 395
386 397
386 399
386 426
386 596
386 517
386 431
386 551
386 637
386 480
386 570
387 389
387 394
387 395
387 396
387 397
387 400
387 401
387 402
387 555
387 624
387 445
387 560
387 554
387 443
388 389
388 391
388 399
388 400
388 402
388 498
388 427
388 457
388 456
388 603
388 586
389 390
389 391
389 392
389 394
389 396
389 397
389 399
389 400
389 545
389 646
389 576
389 590
389 428
389 611
389 468
390 392
390 394
390 396
390 397
390 399
390 400
390 401
390 403
390 404
390 565
390 511
390 612
390 483
390 439
390 610
391 392
391 393
391 397
391 398
391 399
391 400
391 401
391 404
391 625
391 640
391 550
391 457
391 551
391 540
391 645
392 393
392 395
392 396
392 397
392 398
392 399
392 400
392 403
392 405
392 406
392 460
392 582
392 560
392 626
392 447
392 471
392 464
393 395
393 396
393 399
393 401
393 402
393 404
393 405
393 408
393 523
393 478
393 551
393 483
393 649
393 598
393 463
394 395
394 396
394 397
394 398
394 399
394 400
394 401
394 404
394 405
394 406
394 407
394 408
394 409
395 396
395 398
395 399
395 401
395 404
395 406
395 407
395 409
395 577
395 468
396 397
396 399
396 400
396 401
396 403
396 408
396 410
396 507
396 497
396 532
396 501
396 432
396 595
396 592
397 398
397 401
397 402
397 403
397 408
397 411
397 567
397 601
397 448
397 446
397 503
397 445
397 571
398 399
398 401
398 402
398 403
398 405
398 408
398 409
398 618
398 608
398 522
398 503
398 647
398 479
399 400
399 401
399 402
399 403
399 404
399 405
399 406
399 408
399 409
399 411
399 412
399 414
399 624
399 527
399 590
399 575
400 401
400 404
400 407
400 408
400 409
400 412
400 468
400 419
400 439
400 486
400 570
400 561
400 479
400 456
401 403
401 404
401 405
401 406
401 408
401 409
401 411
401 415
401 416
401 610
401 469
401 449
401 564
402 403
402 405
402 406
402 408
402 411
402 413
402 414
402 620
402 604
402 445
402 553
402 612
403 405
403 406
403 407
403 410
403 412
403 417
403 418
403 585
403 637
403 581
404 406
404 407
404 409
404 410
404 414
404 416
404 417
404 446
404 440
404 638
404 611
404 514
404 577
405 407
405 408
405 410
405 411
405 414
405 416
405 419
405 425
405 495
405 580
405 630
405 456
405 524
405 640
405 509
405 521
406 411
406 412
406 413
406 414
406 416
406 421
406 580
406 624
406 461
407 408
407 409
407 412
407 414
407 416
407 419
407 421
407 422
407 480
407 632
407 642
407 551
407 595
407 425
407 440
407 602
408 409
408 411
408 412
408 416
408 419
408 420
408 421
408 422
408 423
408 539
408 496
408 467
408 626
409 412
409 413
409 415
409 420
409 422
409 423
409 576
409 430
409 514
409 469
409 623
409 526
409 558
409 614
409 487
410 411
410 413
410 414
410 416
410 417
410 418
410 419
410 423
410 425
410 631
410 473
410 597
410 435
410 474
410 618
411 413
411 414
411 415
411 416
411 418
411 419
411 420
411 421
411 422
411 423
411 424
411 426
411 501
411 642
411 526
411 647
411 473
412 415
412 416
412 418
412 423
412 601
412 578
412 498
412 586
412 603
412 604
413 416
413 417
413 419
413 420
413 421
413 424
413 425
413 427
413 545
413 502
413 457
413 529
413 586
413 609
413 476
413 497
413 579
414 417
414 419
414 420
414 421
414 423
414 427
414 428
414 623
414 451
414 436
415 416
415 417
415 419
415 420
415 421
415 422
415 426
415 427
415 428
415 473
415 610
415 593
415 624
415 483
415 546
415 566
415 425
416 417
416 418
416 419
416 421
416 425
416 426
416 428
416 429
416 431
416 486
416 610
416 467
416 532
417 419
417 421
417 423
417 424
417 426
417 430
417 431
417 432
417 528
417 437
417 552
417 586
417 595
417 590
418 421
418 423
418 424
418 425
418 426
418 427
418 431
418 433
418 527
418 596
418 487
418 474
418 518
418 450
418 637
419 420
419 421
419 422
419 423
419 424
419 430
419 433
419 550
419 591
420 422
420 426
420 427
420 433
420 471
420 510
420 469
420 639
420 590
420 430
420 563
420 529
421 423
421 425
421 429
421 431
421 432
421 434
421 435
421 436
421 558
421 548
421 446
421 487
421 502
421 569
422 424
422 425
422 426
422 428
422 430
422 431
422 432
422 433
422 434
422 435
422 436
422 539
422 569
422 457
422 502
422 496
422 609
422 440
422 533
423 424
423 428
423 429
423 433
423 453
423 598
423 440
423 427
423 594
423 597
424 426
424 429
424 430
424 432
424 439
424 547
424 440
424 556
424 606
424 514
424 435
425 427
425 429
425 436
425 438
425 439
425 598
425 585
425 490
425 466
425 604
425 612
425 493
426 427
426 428
426 429
426 431
426 433
426 434
426 435
426 436
426 438
426 440
426 496
426 471
426 483
426 587
427 428
427 429
427 430
427 431
427 432
427 434
427 435
427 436
427 437
427 438
427 439
427 609
427 463
427 570
427 515
428 430
428 431
428 433
428 435
428 437
428 438
428 439
428 440
428 442
428 622
428 457
428 478
428 620
428 640
428 446
428 564
428 498
428 551
429 430
429 431
429 433
429 437
429 439
429 440
429 443
429 444
429 596
429 460
429 584
429 618
429 625
429 527
429 509
429 520
430 431
430 434
430 435
430 436
430 439
430 445
430 541
430 486
430 574
430 481
430 560
431 432
431 433
431 434
431 435
431 436
431 437
431 438
431 439
431 441
431 444
431 645
431 605
431 472
431 563
432 433
432 434
432 436
432 439
432 442
432 444
432 445
432 446
432 471
432 485
432 467
432 547
433 435
433 437
433 438
433 443
433 444
433 445
433 446
433 447
433 448
433 496
433 548
433 536
433 538
434 435
434 436
434 437
434 438
434 441
434 444
434 446
434 447
434 448
434 548
434 649
435 438
435 440
435 441
435 442
435 445
435 446
435 449
435 616
435 543
435 553
436 441
436 443
436 446
436 447
436 450
436 528
436 538
436 477
436 549
436 635
437 439
437 441
437 444
437 449
437 450
437 451
437 495
437 579
437 598
438 439
438 441
438 443
438 445
438 447
438 448
438 449
438 564
438 487
438 466
438 454
438 633
438 518
438 476
439 443
439 448
439 449
439 451
439 452
439 453
439 454
439 607
439 567
439 629
439 643
439 604
440 441
440 442
440 445
440 446
440 448
440 451
440 453
440 486
440 558
441 442
441 445
441 449
441 451
441 452
441 453
441 456
441 531
441 557
441 641
441 471
442 443
442 444
442 445
442 446
442 448
442 449
442 450
442 452
442 453
442 454
442 455
442 457
442 581
442 512
442 529
442 602
443 444
443 445
443 447
443 448
443 450
443 451
443 452
443 456
443 458
443 633
443 620
443 472
443 488
443 621
444 446
444 447
444 448
444 449
444 450
444 451
444 456
444 459
444 507
444 491
444 518
444 550
444 501
444 469
445 449
445 452
445 454
445 455
445 456
445 458
445 459
445 607
445 537
445 466
445 506
445 499
445 514
446 453
446 455
446 456
446 458
446 461
446 611
446 532
446 516
446 550
446 518
446 640
447 450
447 451
447 452
447 453
447 455
447 460
447 461
447 634
447 577
447 490
448 451
448 453
448 457
448 458
448 459
448 460
448 462
448 463
448 524
448 601
448 520
448 484
448 636
448 606
448 570
449 452
449 453
449 455
449 456
449 458
449 460
449 463
449 464
449 451
449 497
449 510
449 478
449 600
449 523
450 451
450 453
450 454
450 456
450 457
450 458
450 460
450 465
450 551
450 562
450 636
450 626
450 504
450 515
451 452
451 453
451 455
451 456
451 457
451 459
451 460
451 462
451 464
451 466
451 549
451 575
451 507
451 547
451 555
452 453
452 455
452 456
452 460
452 461
452 465
452 467
452 640
452 607
453 454
453 455
453 456
453 457
453 458
453 460
453 461
453 464
453 466
453 467
453 468
453 565
453 633
453 475
453 579
453 599
453 551
453 639
453 552
453 540
454 457
454 458
454 459
454 461
454 466
454 468
454 615
454 543
454 547
454 548
454 641
454 574
455 456
455 457
455 458
455 459
455 460
455 461
455 462
455 463
455 465
455 466
455 467
455 470
455 640
455 489
455 645
455 479
455 527
456 457
456 458
456 460
456 461
456 462
456 465
456 467
456 468
456 469
456 522
456 603
456 556
456 473
456 629
456 459
457 458
457 460
457 461
457 462
457 463
457 465
457 467
457 469
457 470
457 471
457 494
457 561
458 459
458 461
458 464
458 466
458 470
458 471
458 473
458 512
458 563
458 649
459 464
459 466
459 472
459 494
459 588
459 627
459 533
459 598
459 495
459 626
459 646
460 462
460 467
460 472
460 473
460 474
460 475
460 500
460 634
460 469
461 462
461 464
461 466
461 467
461 469
461 470
461 471
461 473
461 474
461 476
461 630
461 631
461 593
461 647
461 546
461 628
461 560
462 464
462 465
462 466
462 469
462 470
462 471
462 473
462 474
462 475
462 476
462 477
462 570
462 498
462 500
462 509
462 532
463 465
463 466
463 468
463 471
463 472
463 473
463 475
463 476
463 478
463 605
464 465
464 467
464 468
464 475
464 478
464 479
464 486
464 622
464 506
464 505
465 466
465 467
465 468
465 469
465 472
465 476
465 478
465 479
465 602
465 634
465 615
466 467
466 468
466 469
466 470
466 471
466 477
466 478
466 481
466 633
466 532
466 506
466 515
466 645
467 469
467 473
467 516
467 568
467 483
467 513
467 510
468 470
468 472
468 474
468 475
468 477
468 478
468 479
468 480
468 481
468 523
468 576
468 605
468 572
469 474
469 475
469 479
469 480
469 482
469 484
469 500
469 523
469 630
470 471
470 472
470 473
470 475
470 476
470 478
470 479
470 482
470 484
470 524
470 574
470 525
471 472
471 478
471 479
471 480
471 481
471 482
471 483
471 484
471 486
471 575
471 622
471 632
471 504
471 501
472 473
472 474
472 475
472 477
472 478
472 479
472 482
472 484
472 487
472 627
473 476
473 477
473 479
473 482
473 485
473 486
473 502
473 597
473 607
473 520
473 562
473 638
474 476
474 478
474 480
474 481
474 483
474 484
474 485
474 488
474 616
474 587
474 609
474 493
474 586
474 510
475 476
475 477
475 479
475 481
475 482
475 484
475 486
475 487
475 488
475 489
475 649
475 620
475 523
475 603
475 604
476 480
476 483
476 484
476 485
476 488
476 489
476 491
476 550
476 511
476 607
476 613
476 591
476 578
476 518
477 481
477 486
477 487
477 488
477 492
477 583
477 478
477 632
477 622
477 595
478 479
478 481
478 482
478 484
478 485
478 487
478 492
478 493
478 585
478 588
478 593
479 484
479 489
479 490
479 494
479 550
479 529
479 596
479 563
479 556
479 528
479 568
480 482
480 487
480 488
480 490
480 491
480 492
480 494
480 495
480 581
480 506
481 482
481 484
481 485
481 487
481 488
481 490
481 492
481 494
481 618
481 538
482 483
482 484
482 486
482 487
482 489
482 490
482 494
482 496
482 607
482 532
482 596
482 613
483 485
483 487
483 488
483 489
483 491
483 493
483 498
483 511
483 600
483 640
483 559
484 485
484 487
484 488
484 490
484 493
484 494
484 495
484 498
484 595
484 501
484 563
484 594
484 538
484 576
484 617
484 608
485 486
485 487
485 488
485 489
485 492
485 493
485 495
485 497
485 499
485 509
485 574
485 555
485 519
486 487
486 488
486 491
486 493
486 494
486 500
486 645
486 575
487 488
487 492
487 495
487 496
487 497
487 499
487 501
487 502
487 522
487 590
488 489
488 492
488 494
488 496
488 498
488 500
488 638
488 614
488 509
488 611
488 615
489 491
489 494
489 495
489 500
489 501
489 584
489 585
489 623
489 519
489 619
489 627
490 494
490 497
490 498
490 499
490 505
490 521
490 591
490 626
490 519
490 614
491 492
491 493
491 495
491 496
491 499
491 501
491 503
491 506
491 595
491 564
491 596
491 497
491 588
491 512
492 493
492 496
492 497
492 499
492 504
492 505
492 506
492 507
492 623
492 508
492 513
492 602
492 611
492 621
493 497
493 498
493 500
493 504
493 506
493 556
493 576
493 495
494 495
494 498
494 504
494 505
494 508
494 628
494 594
494 525
494 550
495 498
495 502
495 503
495 505
495 506
495 510
495 573
495 647
495 584
495 571
496 500
496 503
496 504
496 508
496 509
496 510
496 528
496 631
496 613
497 498
497 499
497 500
497 502
497 504
497 509
497 512
497 599
497 546
497 598
498 500
498 507
498 508
498 511
498 513
498 609
498 556
499 500
499 506
499 509
499 512
499 514
499 523
499 544
499 588
499 527
499 599
500 501
500 502
500 505
500 506
500 508
500 509
500 510
500 512
500 513
500 514
500 515
500 539
501 502
501 504
501 508
501 509
501 512
501 513
501 625
501 637
501 571
502 505
502 506
502 509
502 511
502 512
502 514
502 515
502 516
502 612
502 563
502 541
502 555
503 504
503 505
503 506
503 508
503 509
503 511
503 512
503 513
503 515
503 516
503 595
503 583
503 530
503 519
503 645
503 579
503 547
504 506
504 508
504 509
504 510
504 511
504 515
504 517
504 518
504 519
504 617
504 531
504 585
505 510
505 514
505 515
505 516
505 517
505 518
505 519
505 567
505 613
505 577
505 560
505 606
506 509
506 515
506 516
506 518
506 520
506 521
507 508
507 509
507 510
507 512
507 514
507 515
507 517
507 520
507 521
507 554
507 532
507 635
507 638
507 581
508 509
508 511
508 514
508 518
508 520
508 523
508 599
508 555
508 628
509 512
509 515
509 516
509 519
509 522
509 524
509 540
510 512
510 513
510 515
510 518
510 520
510 522
510 523
510 525
510 534
510 530
511 517
511 518
511 519
511 520
511 522
511 523
511 574
511 638
511 535
511 602
512 514
512 515
512 516
512 517
512 520
512 521
512 522
512 523
512 526
512 537
512 597
512 613
512 634
513 514
513 515
513 516
513 519
513 520
513 521
513 523
513 524
513 527
513 528
514 515
514 517
514 520
514 522
514 524
514 527
514 528
514 529
514 618
514 596
514 561
515 516
515 518
515 519
515 520
515 523
515 524
515 525
515 527
515 529
515 530
515 597
515 580
515 555
516 519
516 521
516 528
516 529
516 530
516 596
516 640
517 520
517 521
517 526
517 527
517 528
517 530
517 531
517 532
517 611
517 586
518 519
518 522
518 524
518 527
518 528
518 531
518 591
518 571
518 603
519 520
519 526
519 528
519 529
519 531
519 533
519 534
519 558
519 607
519 522
520 521
520 522
520 523
520 527
520 531
520 533
520 534
520 560
521 524
521 526
521 532
521 534
521 535
521 536
521 640
521 624
521 541
521 571
521 600
521 638
522 525
522 530
522 531
522 532
522 534
522 535
522 536
522 595
522 638
523 525
523 526
523 527
523 529
523 530
523 531
523 532
523 535
523 563
524 525
524 528
524 530
524 533
524 534
524 536
524 555
524 601
524 567
524 630
525 527
525 528
525 532
525 533
525 535
525 537
525 538
525 539
525 561
525 636
526 527
526 528
526 530
526 533
526 536
526 538
526 541
526 564
526 600
526 625
526 595
526 644
526 616
527 528
527 530
527 531
527 536
527 537
527 539
527 542
527 598
527 613
527 602
527 557
528 529
528 530
528 531
528 533
528 535
528 536
528 538
528 539
528 540
528 541
529 530
529 532
529 534
529 536
529 537
529 538
529 539
529 541
529 542
529 543
529 544
529 617
529 580
529 555
530 531
530 533
530 536
530 537
530 540
530 541
530 545
530 590
530 556
530 575
530 580
530 611
530 567
530 586
531 539
531 540
531 542
531 543
531 545
531 564
531 561
532 533
532 535
532 542
532 544
532 571
532 569
532 641
533 534
533 535
533 536
533 537
533 542
533 543
533 545
533 546
533 597
533 640
533 572
533 630
534 535
534 537
534 538
534 541
534 542
534 544
534 545
534 546
534 614
534 589
534 639
534 607
535 538
535 539
535 541
535 544
535 546
535 549
535 610
535 612
535 599
536 537
536 538
536 539
536 540
536 541
536 545
536 547
536 548
536 550
536 551
536 623
537 542
537 546
537 547
537 548
537 551
537 599
537 618
537 614
538 541
538 543
538 546
538 547
538 548
538 552
538 634
538 637
539 540
539 543
539 544
539 546
539 548
539 549
539 550
539 553
539 554
539 637
539 625
540 541
540 543
540 547
540 548
540 549
540 550
540 551
540 572
540 576
540 616
540 629
541 543
541 547
541 550
541 551
541 555
541 605
541 590
541 548
542 543
542 544
542 545
542 546
542 547
542 550
542 551
542 553
542 554
542 556
542 557
542 560
542 630
542 573
543 545
543 546
543 547
543 548
543 550
543 552
543 554
543 556
543 558
543 567
544 545
544 546
544 547
544 548
544 549
544 550
544 551
544 552
544 555
544 557
544 558
544 559
544 615
544 612
544 569
544 560
545 546
545 547
545 549
545 551
545 553
545 554
545 555
545 556
545 559
545 560
545 601
545 568
546 547
546 551
546 553
546 557
546 559
546 561
546 565
546 603
547 548
547 549
547 550
547 551
547 553
547 554
547 556
547 557
547 558
547 559
547 643
548 551
548 554
548 556
548 558
548 561
548 635
548 552
549 553
549 555
549 556
549 559
549 560
549 561
549 562
549 563
549 644
549 578
550 553
550 556
550 560
550 565
550 645
550 572
550 600
550 566
551 552
551 554
551 556
551 559
551 560
551 561
551 563
551 564
551 647
551 594
551 619
551 590
552 553
552 554
552 556
552 557
552 558
552 559
552 560
552 566
552 626
552 642
553 555
553 556
553 557
553 559
553 560
553 561
553 562
553 563
553 564
553 567
554 555
554 557
554 559
554 565
554 567
554 568
554 569
554 601
554 636
555 560
555 561
555 562
555 563
555 564
555 567
555 569
555 616
555 627
555 581
556 557
556 560
556 566
556 567
556 568
556 569
556 570
556 571
557 559
557 563
557 565
557 567
557 568
557 571
557 572
557 646
557 575
558 562
558 564
558 565
558 573
558 615
558 599
559 560
559 561
559 562
559 564
559 565
559 568
559 569
559 570
559 621
559 631
559 602
559 609
560 564
560 566
560 567
560 571
560 627
561 562
561 564
561 565
561 569
561 570
561 572
561 618
562 563
562 566
562 567
562 568
562 569
562 570
562 571
562 572
562 574
562 576
562 603
563 565
563 567
563 568
563 570
563 573
563 574
563 576
563 578
563 621
564 569
564 571
564 574
564 576
564 579
564 592
564 591
564 629
564 618
565 569
565 570
565 572
565 574
565 575
565 579
565 580
565 620
565 608
565 647
565 586
566 567
566 568
566 570
566 571
566 575
566 576
566 577
566 578
566 581
567 569
567 571
567 572
567 573
567 574
567 576
567 577
567 578
567 626
567 649
568 570
568 573
568 574
568 576
568 578
568 580
568 581
568 582
568 621
569 571
569 572
569 576
569 649
570 571
570 572
570 573
570 574
570 576
570 580
570 637
571 573
571 574
571 579
571 581
571 582
571 583
571 585
572 575
572 576
572 577
572 578
572 579
572 580
572 582
572 584
572 587
572 638
572 593
573 574
573 578
573 580
573 581
573 582
573 583
573 588
573 577
574 576
574 577
574 578
574 582
574 586
574 587
574 588
574 612
575 579
575 583
575 584
575 585
575 587
575 588
575 590
575 611
575 615
575 594
575 618
576 577
576 579
576 580
576 581
576 582
576 590
576 591
576 618
577 582
577 583
577 586
577 588
577 589
577 590
577 625
578 579
578 580
578 581
578 583
578 584
578 586
578 590
578 591
578 592
578 604
578 624
579 580
579 582
579 585
579 586
579 587
579 588
579 589
579 591
579 592
579 635
579 593
580 581
580 582
580 584
580 585
580 586
580 587
580 589
580 590
580 595
580 606
580 599
581 583
581 584
581 585
581 586
581 587
581 588
581 589
581 591
581 592
581 593
581 594
581 617
582 586
582 587
582 590
582 592
582 593
582 597
582 647
583 584
583 589
583 590
583 591
583 592
583 593
583 595
583 598
584 586
584 587
584 589
584 590
584 592
584 593
584 594
584 597
584 599
584 605
584 638
585 587
585 589
585 590
585 593
585 597
585 598
585 599
585 624
585 617
586 587
586 591
586 593
586 594
586 595
586 612
587 592
587 593
587 594
587 598
587 601
587 602
587 614
587 640
588 589
588 590
588 592
588 595
588 599
588 602
588 603
589 590
589 591
589 596
589 597
589 598
589 600
589 601
589 603
589 604
590 591
590 592
590 593
590 594
590 597
590 598
590 601
590 602
590 603
591 596
591 597
591 600
591 601
591 604
591 648
591 598
591 616
592 593
592 594
592 596
592 597
592 600
592 603
592 604
592 605
592 606
592 607
593 595
593 596
593 599
593 602
593 603
593 604
593 606
593 607
594 596
594 598
594 599
594 601
594 602
594 605
594 606
595 598
595 600
595 601
595 604
595 605
595 608
595 643
596 597
596 598
596 601
596 602
596 604
596 605
596 607
596 609
596 600
597 598
597 599
597 604
597 605
597 606
597 608
597 611
597 617
597 646
598 600
598 605
598 606
598 608
598 610
598 613
598 648
599 600
599 601
599 605
599 606
599 607
599 609
599 610
599 614
599 643
600 601
600 602
600 606
600 611
600 614
600 615
600 644
601 602
601 603
601 604
601 605
601 606
601 607
601 609
601 610
601 611
601 612
601 613
601 614
601 626
602 604
602 605
602 606
602 612
602 613
602 631
602 630
603 604
603 605
603 606
603 609
603 611
603 614
603 618
604 606
604 607
604 608
604 610
604 612
604 614
604 615
604 616
604 618
604 619
604 617
605 606
605 608
605 609
605 610
605 611
605 612
605 617
605 618
605 619
605 620
605 634
606 608
606 614
606 615
606 616
606 617
606 618
606 642
607 610
607 612
607 614
607 615
607 617
607 618
607 619
607 647
607 628
608 609
608 610
608 612
608 614
608 617
608 620
608 621
608 641
609 611
609 612
609 614
609 616
609 617
609 618
609 622
609 647
609 635
610 612
610 616
610 617
610 618
610 620
610 625
611 612
611 616
611 619
611 623
611 624
611 626
612 614
612 616
612 617
612 620
612 622
612 623
612 625
612 627
613 615
613 616
613 621
613 622
613 623
613 626
613 627
614 616
614 617
614 619
614 620
614 621
614 626
614 627
614 629
614 644
615 619
615 620
615 624
615 625
615 626
615 627
615 628
615 629
615 630
616 617
616 618
616 621
616 626
616 628
616 629
616 630
616 631
617 618
617 620
617 621
617 622
617 625
617 629
618 621
618 623
618 628
618 629
618 632
619 620
619 621
619 622
619 624
619 625
619 627
619 629
619 630
619 631
619 633
620 623
620 624
620 625
620 626
620 629
620 631
620 621
620 646
621 624
621 625
621 627
621 628
621 629
621 630
621 632
622 626
622 627
622 631
622 633
622 634
622 635
622 636
622 637
622 643
622 648
623 624
623 626
623 627
623 628
623 632
623 634
623 636
623 637
623 638
624 625
624 629
624 631
624 632
624 633
624 635
624 636
624 637
625 626
625 630
625 633
625 638
625 640
626 627
626 628
626 629
626 632
626 634
626 635
626 639
626 640
626 641
627 629
627 631
627 634
627 637
627 638
627 641
628 630
628 631
628 634
628 636
628 638
628 642
629 630
629 631
629 632
629 633
629 634
629 638
629 640
629 642
629 643
629 644
630 632
630 633
630 634
630 635
630 637
630 638
630 639
630 641
630 642
630 644
631 634
631 638
631 639
631 640
631 643
631 644
631 645
631 646
632 633
632 637
632 638
632 643
632 645
632 646
633 634
633 639
633 640
633 643
633 647
633 648
634 636
634 638
634 640
634 642
634 644
634 645
634 646
634 647
635 636
635 637
635 642
635 644
635 646
635 648
636 637
636 638
636 639
636 641
636 642
636 643
636 644
636 646
636 647
637 638
637 640
637 643
637 646
637 648
638 639
638 642
638 643
638 644
638 646
638 648
638 649
638 640
639 640
639 641
639 645
639 646
640 645
640 646
640 647
640 643
641 648
642 643
642 646
642 647
642 649
643 645
643 647
643 648
643 649
644 645
644 649
645 648
645 649
646 647
646 648
647 649
648 649