0 0.4765625
1 0.0703125
10 0.1640625
100 0.09375
101 0.0390625
102 0.0859375
103 0.296875
104 0.1015625
105 0.0703125
106 0.03125
107 0.046875
108 0.0390625
109 0.0625
11 0.3828125
110 0.125
111 0.0546875
112 0.0703125
113 0.0390625
114 0.015625
115 0.0625
116 0.0625
117 0.0703125
118 0.0234375
119 0.0625
12 0.7734375
120 0.0546875
121 0.09375
122 0.0703125
123 0.046875
124 0.0859375
125 0.046875
126 0.0390625
127 0.0625
128 0.046875
129 0.0625
13 0.7578125
130 0.109375
131 0.078125
132 0.03125
133 0.046875
134 0.078125
135 0.0703125
136 0.0703125
137 0.0546875
138 0.0703125
139 0.125
14 0.1875
140 0.1171875
141 0.0546875
142 0.125
143 0.0703125
144 0.0625
145 0.03125
146 0.125
147 0.0546875
148 0.0390625
149 0.1171875
15 0.0703125
150 0.03125
151 0.109375
152 0.0703125
153 0.0625
154 0.0703125
155 0.0390625
156 0.09375
157 0.0859375
158 0.046875
159 0.03125
16 0.109375
160 0.0859375
161 0.078125
162 0.0390625
163 0.0390625
164 0.0703125
165 0.1171875
166 0.03125
167 0.046875
168 0.0703125
169 0.046875
17 0.0390625
170 0.1015625
171 0.03125
172 0.09375
173 0.0625
174 0.03125
175 0.0625
176 0.078125
177 0.046875
178 0.1171875
179 0.0546875
18 0.15625
180 0.0625
181 0.0546875
182 0.0859375
183 0.0703125
184 0.046875
185 0.0703125
186 0.0859375
187 0.078125
188 0.0234375
189 0.0703125
19 0.0703125
190 0.0546875
191 0.0625
192 0.078125
193 0.0390625
194 0.1328125
195 0.0546875
196 0.03125
197 0.078125
198 0.046875
199 0.0390625
2 0.1328125
20 0.234375
200 0.046875
201 0.0859375
202 0.078125
203 0.125
204 0.0390625
205 0.046875
206 0.0859375
207 0.046875
208 0.078125
209 0.046875
21 0.2265625
210 0.0546875
211 0.0625
212 0.0703125
213 0.0625
214 0.046875
215 0.03125
216 0.0390625
217 0.0390625
218 0.0546875
219 0.0390625
22 0.1484375
220 0.0390625
221 0.125
222 0.046875
223 0.046875
224 0.0546875
225 0.0234375
226 0.0546875
227 0.0625
228 0.0546875
229 0.09375
23 0.109375
230 0.0390625
231 0.0625
232 0.0859375
233 0.0546875
234 0.03125
235 0.0625
236 0.0234375
237 0.0390625
238 0.0859375
239 0.046875
24 0.109375
240 0.046875
241 0.078125
242 0.09375
243 0.0625
244 0.046875
245 0.0390625
246 0.0234375
247 0.0546875
248 0.0546875
249 0.046875
25 0.015625
250 0.0546875
251 0.0703125
252 0.0234375
253 0.03125
254 0.03125
255 0.0390625
256 0.0390625
257 0.046875
258 0.0703125
259 0.078125
26 0.140625
260 0.0546875
261 0.078125
262 0.0625
263 0.0703125
264 0.046875
265 0.046875
266 0.09375
267 0.0546875
268 0.03125
269 0.0390625
27 0.125
270 0.03125
271 0.0078125
272 0.0546875
273 0.109375
274 0.0234375
275 0.0859375
276 0.0625
277 0.1015625
278 0.078125
279 0.0546875
28 0.1015625
280 0.03125
281 0.09375
282 0.09375
283 0.046875
284 0.0625
285 0.0234375
286 0.015625
287 0.0390625
288 0.0390625
289 0.078125
29 0.0625
290 0.109375
291 0.0625
292 0.046875
293 0.0546875
294 0.0625
295 0.0546875
296 0.0625
297 0.109375
298 0.0625
299 0.046875
3 0.140625
30 0.2109375
300 0.0234375
301 0.0234375
302 0.0625
303 0.046875
304 0.0703125
305 0.03125
306 0.0625
307 0.03125
308 0.078125
309 0.09375
31 0.3046875
310 0.046875
311 0.0703125
312 0.046875
313 0.0390625
314 0.0390625
315 0.046875
316 0.046875
317 0.03125
318 0.0390625
319 0.046875
32 0.2578125
320 0.1171875
321 0.0234375
322 0.0546875
323 0.0546875
324 0.0546875
325 0.0390625
326 0.078125
327 0.0546875
328 0.03125
329 0.0859375
33 0.1328125
330 0.046875
331 0.046875
332 0.0234375
333 0.046875
334 0.0546875
335 0.0234375
336 0.046875
337 0.0546875
338 0.0546875
339 0.0546875
34 0.4609375
340 0.03125
341 0.0234375
342 0.0546875
343 0.03125
344 0.015625
345 0.078125
346 0.0390625
347 0.0625
348 0.03125
349 0.046875
35 0.0859375
350 0.0390625
351 0.0703125
352 0.0234375
353 0.0234375
354 0.0625
355 0.03125
356 0.03125
357 0.0703125
358 0.0390625
359 0.0390625
36 0.2265625
360 0.0390625
361 0.046875
362 0.078125
363 0.0546875
364 0.0390625
365 0.0625
366 0.0625
367 0.046875
368 0.0546875
369 0.0390625
37 0.15625
370 0.0390625
371 0.046875
372 0.0234375
373 0.046875
374 0.078125
375 0.0546875
376 0.0390625
377 0.078125
378 0.0625
379 0.0390625
38 0.0546875
380 0.0703125
381 0.0703125
382 0.0546875
383 0.0
384 0.03125
385 0.0390625
386 0.0078125
387 0.046875
388 0.0390625
389 0.0546875
39 0.125
390 0.0390625
391 0.0625
392 0.03125
393 0.0390625
394 0.0234375
395 0.0546875
396 0.0390625
397 0.0625
398 0.0078125
399 0.046875
4 0.09375
40 0.03125
400 0.0234375
401 0.0625
402 0.0390625
403 0.046875
404 0.0390625
405 0.0546875
406 0.0625
407 0.046875
408 0.0390625
409 0.046875
41 0.1171875
410 0.0234375
411 0.0625
412 0.03125
413 0.0390625
414 0.0625
415 0.046875
416 0.046875
417 0.078125
418 0.03125
419 0.0546875
42 0.171875
420 0.0390625
421 0.0390625
422 0.015625
423 0.0390625
424 0.0546875
425 0.0546875
426 0.03125
427 0.0234375
428 0.046875
429 0.046875
43 0.1015625
430 0.0546875
431 0.046875
432 0.0390625
433 0.0390625
434 0.0859375
435 0.0546875
436 0.046875
437 0.0390625
438 0.0546875
439 0.0078125
44 0.0390625
440 0.03125
441 0.0234375
442 0.0625
443 0.015625
444 0.046875
445 0.03125
446 0.046875
447 0.046875
448 0.0625
449 0.046875
45 0.1484375
450 0.0546875
451 0.046875
452 0.03125
453 0.078125
454 0.046875
455 0.0546875
456 0.03125
457 0.0625
458 0.015625
459 0.046875
46 0.0390625
460 0.0546875
461 0.015625
462 0.046875
463 0.0390625
464 0.0390625
465 0.046875
466 0.03125
467 0.0625
468 0.03125
469 0.0546875
47 0.1171875
470 0.0390625
471 0.0390625
472 0.046875
473 0.0625
474 0.046875
475 0.046875
476 0.0390625
477 0.0625
478 0.046875
479 0.0546875
48 0.0390625
480 0.0390625
481 0.0234375
482 0.0390625
483 0.0390625
484 0.0390625
485 0.0546875
486 0.0625
487 0.046875
488 0.0625
489 0.03125
49 0.1171875
490 0.0390625
491 0.0390625
492 0.03125
493 0.0234375
494 0.03125
495 0.046875
496 0.0078125
497 0.046875
498 0.046875
499 0.0234375
5 0.1953125
50 0.0703125
500 0.03125
501 0.0390625
502 0.046875
503 0.0546875
504 0.03125
505 0.0625
506 0.0390625
507 0.046875
508 0.0390625
509 0.015625
51 0.1015625
510 0.0625
511 0.046875
512 0.015625
513 0.0390625
514 0.03125
515 0.046875
516 0.046875
517 0.078125
518 0.015625
519 0.0234375
52 0.0546875
520 0.0390625
521 0.0390625
522 0.046875
523 0.0390625
524 0.0390625
525 0.0390625
526 0.0390625
527 0.015625
528 0.0390625
529 0.0390625
53 0.0625
530 0.03125
531 0.0546875
532 0.0234375
533 0.046875
534 0.0390625
535 0.046875
536 0.03125
537 0.046875
538 0.046875
539 0.046875
54 0.0625
540 0.046875
541 0.0390625
542 0.0390625
543 0.0234375
544 0.0234375
545 0.0625
546 0.046875
547 0.0390625
548 0.046875
549 0.046875
55 0.03125
550 0.046875
551 0.0390625
552 0.046875
553 0.0546875
554 0.0390625
555 0.0390625
556 0.046875
557 0.046875
558 0.03125
559 0.03125
56 0.046875
560 0.046875
561 0.0390625
562 0.0234375
563 0.0390625
564 0.0546875
565 0.03125
566 0.0546875
567 0.0390625
568 0.046875
569 0.046875
57 0.0859375
570 0.03125
571 0.0390625
572 0.015625
573 0.0390625
574 0.03125
575 0.0234375
576 0.046875
577 0.0234375
578 0.03125
579 0.0390625
58 0.1015625
580 0.0390625
581 0.03125
582 0.0234375
583 0.046875
584 0.046875
585 0.0546875
586 0.03125
587 0.0390625
588 0.0546875
589 0.0390625
59 0.0234375
590 0.0546875
591 0.0390625
592 0.0390625
593 0.046875
594 0.015625
595 0.0546875
596 0.03125
597 0.0234375
598 0.0390625
599 0.046875
6 0.2265625
60 0.09375
600 0.0390625
601 0.03125
602 0.0234375
603 0.0234375
604 0.046875
605 0.0390625
606 0.046875
607 0.0546875
608 0.046875
609 0.03125
61 0.109375
610 0.0390625
611 0.0390625
612 0.03125
613 0.015625
614 0.046875
615 0.0234375
616 0.0234375
617 0.046875
618 0.0390625
619 0.03125
62 0.1015625
620 0.03125
621 0.0234375
622 0.03125
623 0.0234375
624 0.046875
625 0.03125
626 0.046875
627 0.0390625
628 0.0390625
629 0.0234375
63 0.0859375
630 0.0390625
631 0.046875
632 0.0390625
633 0.046875
634 0.0390625
635 0.03125
636 0.03125
637 0.0390625
638 0.046875
639 0.0390625
64 0.09375
640 0.046875
641 0.0234375
642 0.046875
643 0.0390625
644 0.046875
645 0.046875
646 0.046875
647 0.046875
648 0.046875
649 0.046875
65 0.09375
66 0.1875
67 0.15625
68 0.0703125
69 0.078125
7 0.1328125
70 0.0859375
71 0.0703125
72 0.171875
73 0.09375
74 0.0078125
75 0.1484375
76 0.0703125
77 0.171875
78 0.1015625
79 0.2265625
8 0.1171875
80 0.0546875
81 0.0703125
82 0.09375
83 0.1171875
84 0.1875
85 0.0546875
86 0.1171875
87 0.1640625
88 0.0390625
89 0.1015625
9 1.0
90 0.03125
91 0.1015625
92 0.109375
93 0.09375
94 0.109375
95 0.046875
96 0.046875
97 0.078125
98 0.0390625
99 0.078125